This fits B3 to B11 into the virial expansion since maxPower is set to 9.
Number of particles: 108
dryVolFracMax: 0.007
dryVolFracIncrement: 1.0E-4
Initial configuration: FCC
Dry microgel radius [nm]: 50.0
Box length [units of dry radius]: 40.130210850472906
Number of monomers: 2916666.666666667
Number of chains: 175.00000000000003
Flory interaction parameter (chi): 0.0
Young's calibration factor: 1.0
x-link fraction: 6.0E-5
MC steps: 100000
Equilibration steps: 10000.0
Snapshot interval: 100
Displacement tolerance: 0.1
Particle radius change tolerance: 0.0
Particle radius bin width: 0.001
g(r) bin width: 0.005
phi0, phi, rho, mu/kT, Z_measured, Z_virial_Fit, <F_total>/V, QMelting, <F_id>/V, <F_ex>/V, <F_FR>/V, <alpha>, Zeta, B2_rho, B2_phi0, B2_HS, B2*
2.0E-4, 0.04432937994206234, 4.774648292756861E-5, -8.458413558423524, 1.8455424415673258, 1.9611976985219064, -4.974997909916466E-4, 1.5005139366881584, -5.213638970822166E-4, 2.3864106090569964E-5, 0.0, 6.103, 0.04547867738247849, 2925.2283389042814, 698.3468247136657, 3808.7170537245784, 0.7680350883622805
3.0E-4, 0.06628284682471296, 7.161972439135293E-5, -6.176479426965784, 2.5608050012600843, 3.2260517891792015, -6.734066942813962E-4, 1.5007262277517126, -7.530065463303081E-4, 7.95998520489119E-5, 0.0, 6.103, 0.06821801607371773, 2925.2283389042814, 698.3468247136657, 3808.7170537245784, 0.7680350883622805
4.0E-4, 0.08731470965037727, 9.549296585513724E-5, -3.3124439821386975, 7.818222068457616, 4.936584012581525, -7.877241486378891E-4, 1.50131042145025, -9.765371141186377E-4, 1.8881296548074866E-4, 0.0, 6.103, 0.09095735476495698, 2925.2283389042814, 698.3468247136657, 3808.7170537245784, 0.7680350883622805
5.0E-4, 0.10904269040286411, 1.1936620731892148E-4, -0.014039318120619981, 6.200949715226205, 6.923368417782438, -8.280920500596941E-4, 1.5016634558163031, -0.0011940355932402447, 3.659435431805506E-4, 0.0, 6.103, 0.11369669345619622, 2925.2283389042814, 698.3468247136657, 3808.7170537245784, 0.7680350883622805
6.0E-4, 0.1286882924553462, 1.4323944878270585E-4, 3.505053154686337, 10.14165876272226, 8.99682690415988, -7.866386447139232E-4, 1.5019482071003887, -0.001406727072591923, 6.200884278779997E-4, 0.0, 6.103, 0.13643603214743547, 2925.2283389042814, 698.3468247136657, 3808.7170537245784, 0.7680350883622805
7.0E-4, 0.1475194435762723, 1.6711269024649017E-4, 7.02934206989087, 9.567702277776752, 10.982997079798942, -6.607059250122514E-4, 1.5016348257028482, -0.0016154210498813184, 9.54715124869067E-4, 0.0, 6.103, 0.15917537083867472, 2925.2283389042814, 698.3468247136657, 3808.7170537245784, 0.7680350883622805
8.0E-4, 0.16646831916845897, 1.9098593171027449E-4, 10.376051491712312, 7.785308169237986, 12.745017225797167, -4.5243912791390994E-4, 1.5014618704734524, -0.0018206928681456847, 0.0013682537402317748, 0.0, 6.103, 0.18191470952991398, 2925.2283389042814, 698.3468247136657, 3808.7170537245784, 0.7680350883622805
9.0E-4, 0.18447014976613751, 2.148591731740588E-4, 13.412775474830609, 16.4633800373821, 14.193603308357558, -1.67768022702886E-4, 1.5034746541404116, -0.0020229727110088343, 0.0018552046883059483, 0.0, 6.103, 0.20465404822115324, 2925.2283389042814, 698.3468247136657, 3808.7170537245784, 0.7680350883622805
0.001, 0.20484489901358094, 2.38732414637843E-4, 16.06378354170081, 14.399124626630739, 15.289320178230785, 1.8488950880974752E-4, 1.503492077015394, -0.0022225944863660013, 0.002407483995175749, 0.0, 6.103, 0.22739338691239247, 2925.2283389042814, 698.3468247136657, 3808.7170537245784, 0.7680350883622805
0.0011, 0.21918259735616796, 2.626056561016274E-4, 18.308484194519266, 21.845145197412553, 16.039016992684925, 5.959749235388292E-4, 1.50550823425142, -0.0024198249427019227, 0.003015799866240752, 0.0, 6.103, 0.25013272560363176, 2925.2283389042814, 698.3468247136657, 3808.7170537245784, 0.7680350883622805
0.0012, 0.23542237322873188, 2.864788975654117E-4, 20.174653552018366, 11.607533829058816, 16.488403868064736, 0.001056032745609897, 1.502798343664884, -0.00261488210504646, 0.003670914850656357, 0.0, 6.103, 0.272872064294871, 2925.2283389042814, 698.3468247136657, 3808.7170537245784, 0.7680350883622805
0.0013, 0.2535315720883239, 3.10352139029196E-4, 21.728470436323775, 18.549296194772264, 16.712391200507632, 0.0015567509203754434, 1.503619233999782, -0.002807947521593494, 0.004364698441968937, 0.0, 6.103, 0.2956114029861102, 2925.2283389042814, 698.3468247136657, 3808.7170537245784, 0.7680350883622805
0.0014, 0.27425901345347053, 3.342253804929803E-4, 23.06296946735363, 14.532913012918046, 16.80449335785108, 0.002091741559004684, 1.5022487307658785, -0.002999174719602353, 0.005090916278607037, 0.0, 6.103, 0.3183507416773495, 2925.2283389042814, 698.3468247136657, 3808.7170537245784, 0.7680350883622805
0.0015, 0.2860806535506024, 3.580986219567647E-4, 24.286168204962394, 22.2421508903497, 16.86631292655467, 0.0026570399503164786, 1.5053421932852167, -0.003188695233083918, 0.005845735183400397, 0.0, 6.103, 0.34109008036858873, 2925.2283389042814, 698.3468247136657, 3808.7170537245784, 0.7680350883622805
0.0016, 0.3000762958340733, 3.8197186342054886E-4, 25.509820290972698, 12.900087360426895, 16.997868772911815, 0.003251325982699105, 1.5009841700019915, -0.0033766230161081877, 0.006627948998807293, 0.0, 6.103, 0.363829419059828, 2925.2283389042814, 698.3468247136657, 3808.7170537245784, 0.7680350883622805
0.0017, 0.3110055159484283, 4.0584510488433315E-4, 26.83948388023308, 18.02201914708883, 17.289309227291767, 0.003875891633686613, 1.503086763315934, -0.0035630577486152858, 0.007438949382301899, 0.0, 6.103, 0.38656875775106725, 2925.2283389042814, 698.3468247136657, 3808.7170537245784, 0.7680350883622805
0.0018, 0.32734186921120534, 4.297183463481176E-4, 28.36636812665154, 17.98032775245029, 17.814359102984092, 0.004534391868300964, 1.5013222846748124, -0.003748087361811589, 0.008282479230112553, 0.0, 6.103, 0.40930809644230653, 2925.2283389042814, 698.3468247136657, 3808.7170537245784, 0.7680350883622805
0.0019, 0.3377164644324095, 4.535915878119019E-4, 30.16122672211636, 20.95536689000306, 18.62568439675442, 0.005232424959632076, 1.5047904794239029, -0.003931790000723226, 0.009164214960355303, 0.0, 6.103, 0.43204743513354577, 2925.2283389042814, 698.3468247136657, 3808.7170537245784, 0.7680350883622805
0.002, 0.35743824136518754, 4.7746482927568624E-4, 32.27040391299173, 24.517134540098418, 19.752219765849922, 0.005976992656656908, 1.5087109671346246, -0.004114235572503025, 0.010091228229159933, 0.0, 6.103, 0.45478677382478494, 2925.2283389042814, 698.3468247136657, 3808.7170537245784, 0.7680350883622805
0.0021, 0.36517000124861493, 5.013380707394704E-4, 34.71400286057148, 25.506826098158903, 21.198389615152053, 0.006775891469319515, 1.5061411238069304, -0.0042954869843524115, 0.011071378453671926, 0.0, 6.103, 0.47752611251602417, 2925.2283389042814, 698.3468247136657, 3808.7170537245784, 0.7680350883622805
0.0022, 0.3884965209933588, 5.252113122032547E-4, 37.486036673839095, 10.65318102907313, 22.945062238050674, 0.007637084264134803, 1.496651254044454, -0.0044756011451519695, 0.012112685409286773, 0.0, 6.103, 0.5002654512072634, 2925.2283389042814, 698.3468247136657, 3808.7170537245784, 0.7680350883622805
0.0023, 0.39418636150725006, 5.490845536670391E-4, 40.55633702484023, 23.189157638217804, 24.952006314358457, 0.00856809696343857, 1.5004726777534996, -0.004654629784629776, 0.013222726748068346, 0.0, 6.103, 0.5230047898985026, 2925.2283389042814, 698.3468247136657, 3808.7170537245784, 0.7680350883622805
0.0024, 0.3976241049117633, 5.729577951308231E-4, 43.873932108932095, 21.222821920700493, 27.161568558088124, 0.009575478971517056, 1.4999745506415203, -0.004832620129818146, 0.014408099101335203, 0.0, 6.103, 0.5457441285897418, 2925.2283389042814, 698.3468247136657, 3808.7170537245784, 0.7680350883622805
0.0025, 0.4067215255763038, 5.968310365946075E-4, 47.37156301136193, 30.015484668623863, 29.503258805945187, 0.01066435852110692, 1.5053968269097844, -0.005009615468588517, 0.015673973989695437, 0.0, 6.103, 0.568483467280981, 2925.2283389042814, 698.3468247136657, 3808.7170537245784, 0.7680350883622805
0.0026, 0.4132368876711069, 6.207042780583919E-4, 50.970983481357216, 30.097655771444984, 31.898912723737325, 0.011838115910687091, 1.5047361216025688, -0.005185655622889315, 0.017023771533576405, 0.0, 6.103, 0.5912228059722202, 2925.2283389042814, 698.3468247136657, 3808.7170537245784, 0.7680350883622805
0.0027, 0.4231298416362658, 6.445775195221761E-4, 54.588680897318746, 46.611092750539164, 34.26810096172832, 0.013098189010135318, 1.5182047042891578, -0.005360777349080229, 0.018458966359215546, 0.0, 6.103, 0.6139621446634594, 2925.2283389042814, 698.3468247136657, 3808.7170537245784, 0.7680350883622805
0.0028, 0.4322594244488004, 6.684507609859605E-4, 58.14166403956038, 29.85446970636476, 36.5334653906998, 0.01444401683037047, 1.5029773275158946, -0.005535014678884134, 0.019979031509254605, 0.0, 6.103, 0.6367014833546986, 2925.2283389042814, 698.3468247136657, 3808.7170537245784, 0.7680350883622805
0.0029, 0.4451448304920287, 6.923240024497446E-4, 61.552984381135744, 46.22483877905065, 38.62568637707713, 0.015873118719528276, 1.5151377056865123, -0.005708399211575585, 0.021581517931103862, 0.0, 6.103, 0.6594408220459378, 2925.2283389042814, 698.3468247136657, 3808.7170537245784, 0.7680350883622805
0.003, 0.450019219147264, 7.161972439135289E-4, 64.75669017662968, 40.275279434391784, 40.48781828846842, 0.017381299159191736, 1.514696361124188, -0.005880960365824366, 0.0232622595250161, 0.0, 6.103, 0.682180160737177, 2925.2283389042814, 698.3468247136657, 3808.7170537245784, 0.7680350883622805
0.0031, 0.46121265698246666, 7.400704853773128E-4, 67.70195488654149, 40.382006145066555, 42.07877193749471, 0.01896296144201617, 1.5097266540491274, -0.0060527255979264645, 0.025015687039942634, 0.0, 6.103, 0.7049194994284163, 2925.2283389042814, 698.3468247136657, 3808.7170537245784, 0.7680350883622805
0.0032, 0.4566956389053738, 7.639437268410973E-4, 70.35617163811604, 44.07146135427532, 43.37577085427665, 0.0206115079264816, 1.5146625595736811, -0.006223720591850007, 0.02683522851833161, 0.0, 6.103, 0.7276588381196554, 2925.2283389042814, 698.3468247136657, 3808.7170537245784, 0.7680350883622805
0.0033, 0.46767467386483025, 7.878169683048817E-4, 72.70686170644277, 47.54895829477182, 44.375661502278376, 0.022319800253281608, 1.5156593439475112, -0.006393969425504765, 0.028713769678786374, 0.0, 6.103, 0.7503981768108946, 2925.2283389042814, 698.3468247136657, 3808.7170537245784, 0.7680350883622805
0.0034, 0.48982019628568446, 8.116902097686655E-4, 74.76230562031338, 40.253981870078356, 45.095014201041636, 0.024080649995363877, 1.5039842007084574, -0.006563494716841305, 0.030644144712205182, 0.0, 6.103, 0.7731375155021338, 2925.2283389042814, 698.3468247136657, 3808.7170537245784, 0.7680350883622805
0.0035, 0.485591678632071, 8.355634512324502E-4, 76.55086867118021, 53.21011097382877, 45.56900996922627, 0.025887308782609666, 1.5202493428536668, -0.006732317752748799, 0.032619626535358465, 0.0, 6.103, 0.7958768541933731, 2925.2283389042814, 698.3468247136657, 3808.7170537245784, 0.7680350883622805
0.0036, 0.48151071663099726, 8.594366926962345E-4, 78.11905654815831, 39.585349685166285, 45.84916713391431, 0.027733927031856752, 1.5022408024290765, -0.006900458603211013, 0.034634385635067766, 0.0, 6.103, 0.8186161928846122, 2925.2283389042814, 698.3468247136657, 3808.7170537245784, 0.7680350883622805
0.0037, 0.47854148438063693, 8.833099341600185E-4, 79.5283997528417, 44.64225098095447, 46.00001874476493, 0.029615952020758198, 1.5130669032469835, -0.007067936222769608, 0.03668388824352781, 0.0, 6.103, 0.8413555315758514, 2925.2283389042814, 698.3468247136657, 3808.7170537245784, 0.7680350883622805
0.0038, 0.5069424235119282, 9.071831756238029E-4, 80.8513255857621, 38.08797352072455, 46.09490596547175, 0.03153043912446475, 1.494189838548392, -0.007234768541011389, 0.03876520766547614, 0.0, 6.103, 0.8640948702670906, 2925.2283389042814, 698.3468247136657, 3808.7170537245784, 0.7680350883622805
0.0039, 0.5024468959928454, 9.310564170875872E-4, 82.16623205176545, 39.90760991902712, 46.21110206791627, 0.033476254498705095, 1.4962777158142633, -0.007400972543524751, 0.04087722704222985, 0.0, 6.103, 0.8868342089583299, 2925.2283389042814, 698.3468247136657, 3808.7170537245784, 0.7680350883622805
0.004, 0.48685179254118455, 9.549296585513715E-4, 83.55202722955045, 60.82885041424601, 46.42452480599877, 0.0354541532121961, 1.5246422088506657, -0.007566564344548088, 0.04302071755674419, 0.0, 6.103, 0.9095735476495691, 2925.2283389042814, 698.3468247136657, 3808.7170537245784, 0.7680350883622805
0.0041, 0.509521207355081, 9.788029000151557E-4, 85.08243870244948, 53.59917741449304, 46.80433017843734, 0.03746672363038837, 1.507203890000347, -0.007731559252349385, 0.04519828288273775, 0.0, 6.103, 0.9323128863408084, 2925.2283389042814, 698.3468247136657, 3808.7170537245784, 0.7680350883622805
0.0042, 0.5179582269727405, 0.0010026761414789404, 86.82042877155443, 48.99536906606153, 47.40770627526126, 0.03951819651784785, 1.5063841139363698, -0.007895971828223965, 0.04741416834607182, 0.0, 6.103, 0.9550522250320478, 2925.2283389042814, 698.3468247136657, 3808.7170537245784, 0.7680350883622805
0.0043, 0.5115782899790453, 0.0010265493829427243, 88.8130705906969, 44.61306280991767, 48.27520043146069, 0.04161412559776986, 1.4982386196640411, -0.008059815939870624, 0.04967394153764049, 0.0, 6.103, 0.977791563723287, 2925.2283389042814, 698.3468247136657, 3808.7170537245784, 0.7680350883622805
0.0044, 0.5047394223748645, 0.0010504226244065088, 91.08724628108664, 46.51547123367448, 49.42691465040298, 0.04376095488510087, 1.5085466650537789, -0.008223104809800184, 0.05198405969490105, 0.0, 6.103, 1.0005309024145264, 2925.2283389042814, 698.3468247136657, 3808.7170537245784, 0.7680350883622805
0.0045, 0.520527527365558, 0.001074295865870293, 93.64651873700463, 43.74652828072589, 50.859891598322065, 0.04596549664948492, 1.4974221083679187, -0.008385851059341297, 0.054351347708826214, 0.0, 6.103, 1.0232702411057657, 2925.2283389042814, 698.3468247136657, 3808.7170537245784, 0.7680350883622805
0.0046, 0.4724756868598442, 0.001098169107334078, 96.46950241816988, 36.32215056479571, 52.54698478421051, 0.04823435198184364, 1.4841199098113287, -0.0085480667487329, 0.056782418730576545, 0.0, 6.103, 1.046009579797005, 2925.2283389042814, 698.3468247136657, 3808.7170537245784, 0.7680350883622805
0.0047, 0.5146831660361114, 0.001122042348797862, 99.51001317798048, 68.90469719553761, 54.437460206765536, 0.050573313202257664, 1.5260025356718272, -0.008709763413728974, 0.05928307661598664, 0.0, 6.103, 1.0687489184882442, 2925.2283389042814, 698.3468247136657, 3808.7170537245784, 0.7680350883622805
0.0048, 0.4676053432783366, 0.0011459155902616468, 102.69921129887177, 67.98018287656926, 56.459511149205355, 0.05298679329062126, 1.5258790533808275, -0.008870952099086745, 0.06185774538970801, 0.0, 6.103, 1.0914882571794835, 2925.2283389042814, 698.3468247136657, 3808.7170537245784, 0.7680350883622805
0.0049, 0.5238214820483035, 0.0011697888317254304, 105.94986362721623, 53.965222854047454, 58.52478132137912, 0.05547733162527352, 1.5039243249012588, -0.009031643389263154, 0.06450897501453667, 0.0, 6.103, 1.1142275958707228, 2925.2283389042814, 698.3468247136657, 3808.7170537245784, 0.7680350883622805
0.005, 0.46657081146792134, 0.0011936620731892152, 109.16273823143082, 67.46037525186965, 60.53488254873082, 0.05804522702906148, 1.5155601290716165, -0.009191847436604592, 0.06723707446566607, 0.0, 6.103, 1.1369669345619622, 2925.2283389042814, 698.3468247136657, 3808.7170537245784, 0.7680350883622805
0.0051, 0.5030039524195972, 0.0012175353146529997, 112.23500656371704, 58.28941867800566, 62.38976009502221, 0.06068834784327118, 1.5073813387797657, -0.009351573987280676, 0.07003992183055185, 0.0, 6.103, 1.1597062732532015, 2925.2283389042814, 698.3468247136657, 3808.7170537245784, 0.7680350883622805
0.0052, 0.4777236846651679, 0.0012414085561167842, 115.07036191160259, 72.08084660190114, 63.99759982636169, 0.06340216383769744, 1.5261534788242193, -0.009510832405183292, 0.07291299624288072, 0.0, 6.103, 1.1824456119444409, 2925.2283389042814, 698.3468247136657, 3808.7170537245784, 0.7680350883622805
0.0053, 0.5119346923385502, 0.0012652817975805685, 117.59036719456527, 58.75230115553415, 65.28578519266739, 0.0661800355378438, 1.5090265034871386, -0.009669631693986708, 0.07584966723183051, 0.0, 6.103, 1.20518495063568, 2925.2283389042814, 698.3468247136657, 3808.7170537245784, 0.7680350883622805
0.0054, 0.4715692873745252, 0.0012891550390443521, 119.74631810145075, 44.20665247866714, 66.21219676648616, 0.06901378227978591, 1.4848251321883226, -0.009827980517542224, 0.07884176279732813, 0.0, 6.103, 1.2279242893269193, 2925.2283389042814, 698.3468247136657, 3808.7170537245784, 0.7680350883622805
0.0055, 0.4894638999397965, 0.0013130282805081366, 121.53064742127223, 79.47439236935287, 66.77590124816925, 0.07189453021804519, 1.5311925666493544, -0.009985887218761662, 0.08188041743680685, 0.0, 6.103, 1.2506636280181587, 2925.2283389042814, 698.3468247136657, 3808.7170537245784, 0.7680350883622805
0.0056, 0.4769332981518818, 0.0013369015219719213, 122.98660136927857, 81.7231108631103, 67.0259987549216, 0.07481381480632918, 1.5334465686800187, -0.010143359837127136, 0.08495717464345631, 0.0, 6.103, 1.273402966709398, 2925.2283389042814, 698.3468247136657, 3808.7170537245784, 0.7680350883622805
0.0057, 0.4503190883187616, 0.0013607747634357059, 124.21458700905444, 62.431198814387415, 67.06708532501943, 0.07776487808600928, 1.5135167208572617, -0.010300406124949774, 0.08806528421095905, 0.0, 6.103, 1.2961423054006374, 2925.2283389042814, 698.3468247136657, 3808.7170537245784, 0.7680350883622805
0.0058, 0.4387659929817801, 0.00138464800489949, 125.3732197030222, 48.1536286295449, 67.05944011791144, 0.08074405856063074, 1.4787179301649702, -0.010457033562487143, 0.09120109212311789, 0.0, 6.103, 1.3188816440918767, 2925.2283389042814, 698.3468247136657, 3808.7170537245784, 0.7680350883622805
0.0059, 0.4474215783577661, 0.0014085212463632744, 126.67268914232847, 70.46935104434804, 67.21166235746932, 0.0837521195572282, 1.5175643565538541, -0.010613249372017875, 0.09436536892924607, 0.0, 6.103, 1.3416209827831158, 2925.2283389042814, 698.3468247136657, 3808.7170537245784, 0.7680350883622805
0.006, 0.43075534956102546, 0.0014323944878270583, 128.35761010674383, 91.92199899700583, 67.76305982994381, 0.08679529980953717, 1.5518001743817706, -0.010769060530961808, 0.09756436034049898, 0.0, 6.103, 1.3643603214743552, 2925.2283389042814, 698.3468247136657, 3808.7170537245784, 0.7680350883622805
0.0061, 0.4305696944824176, 0.0014562677292908432, 130.67602785688126, 52.91111954969107, 68.95262720156461, 0.08988579651793732, 1.484803926227612, -0.010924473784125253, 0.10081027030206258, 0.0, 6.103, 1.3870996601655945, 2925.2283389042814, 698.3468247136657, 3808.7170537245784, 0.7680350883622805
0.0062, 0.4050399820621338, 0.0014801409707546273, 133.83070632771128, 75.6619584608611, 70.9709469609661, 0.09304130525144949, 1.5178337190228819, -0.011079495655143108, 0.10412080090659259, 0.0, 6.103, 1.4098389988568338, 2925.2283389042814, 698.3468247136657, 3808.7170537245784, 0.7680350883622805
0.0063, 0.4149949359389432, 0.0015040142122184116, 137.908238101671, 78.15159660687112, 73.89079669961939, 0.09628314170067434, 1.5245924890240914, -0.011234132457182605, 0.10751727415785695, 0.0, 6.103, 1.4325783375480732, 2925.2283389042814, 698.3468247136657, 3808.7170537245784, 0.7680350883622805
0.0064, 0.4033857124853704, 0.0015278874536821963, 142.78087685304973, 66.93799375494403, 77.57165216444992, 0.09963235626703841, 1.5059445168752357, -0.011388390302967297, 0.11102074657000571, 0.0, 6.103, 1.4553176762393125, 2925.2283389042814, 698.3468247136657, 3808.7170537245784, 0.7680350883622805
0.0065, 0.38707286167860605, 0.0015517606951459808, 147.9753037189774, 79.68855976611763, 81.53263447782956, 0.10310312261071092, 1.5332743357915832, -0.011542275114174438, 0.11464539772488536, 0.0, 6.103, 1.4780570149305516, 2925.2283389042814, 698.3468247136657, 3808.7170537245784, 0.7680350883622805
0.0066, 0.39964439509574035, 0.0015756339366097647, 152.501797130138, 84.28650107397623, 84.78776034864131, 0.10669253433982326, 1.5195628292414394, -0.011695792630253918, 0.11838832697007717, 0.0, 6.103, 1.500796353621791, 2925.2283389042814, 698.3468247136657, 3808.7170537245784, 0.7680350883622805
0.0067, 0.3682124468493134, 0.0015995071780735492, 154.63647915729118, 99.96114517874497, 85.63661454780959, 0.11036577872971538, 1.558730257438504, -0.011848948416712617, 0.122214727146428, 0.0, 6.103, 1.5235356923130303, 2925.2283389042814, 698.3468247136657, 3808.7170537245784, 0.7680350883622805
0.0068, 0.3553553106278448, 0.0016233804195373337, 151.64845875175342, 71.51055678501326, 81.40277265757322, 0.11403547136550839, 1.486901972307871, -0.012001747872904098, 0.1260372192384125, 0.0, 6.103, 1.5462750310042697, 2925.2283389042814, 698.3468247136657, 3808.7170537245784, 0.7680350883622805
