This fits B3 to B8 into the virial expansion since maxPower is set to 6.
Number of particles: 108
dryVolFracMax: 0.007
dryVolFracIncrement: 1.0E-4
Initial configuration: FCC
Dry microgel radius [nm]: 50.0
Box length [units of dry radius]: 40.130210850472906
Number of monomers: 2916666.666666667
Number of chains: 175.00000000000003
Flory interaction parameter (chi): 0.0
Young's calibration factor: 1.0
x-link fraction: 6.0E-5
MC steps: 100000
Equilibration steps: 10000.0
Snapshot interval: 100
Displacement tolerance: 0.1
Particle radius change tolerance: 0.0
Particle radius bin width: 0.001
g(r) bin width: 0.005
phi0, phi, rho, mu/kT, Z_measured, Z_virial_Fit, <F_total>/V, QMelting, <F_id>/V, <F_ex>/V, <F_FR>/V, <alpha>, Zeta, B2_rho, B2_phi0, B2_HS, B2*
2.0E-4, 0.04432937994206234, 4.774648292756861E-5, -7.69880241568319, 1.8455424415673258, 2.399650641733124, -4.8216561650078093E-4, 1.5004986025136675, -5.213638970822166E-4, 3.919828058143569E-5, 0.0, 6.103, 0.04547867738247849, 2925.2283389042814, 698.3468247136657, 3808.7170537245784, 0.7680350883622805
3.0E-4, 0.06628284682471296, 7.161972439135293E-5, -5.1499194612451715, 2.5608050012600843, 3.7326994342370257, -6.361707171678587E-4, 1.5006889917745991, -7.530065463303081E-4, 1.168358291624495E-4, 0.0, 6.103, 0.06821801607371773, 2925.2283389042814, 698.3468247136657, 3808.7170537245784, 0.7680350883622805
4.0E-4, 0.08731470965037727, 9.549296585513724E-5, -2.334424783075903, 7.818222068457616, 5.267440826641095, -7.259246931040466E-4, 1.501248621994716, -9.765371141186377E-4, 2.5061242101459113E-4, 0.0, 6.103, 0.09095735476495698, 2925.2283389042814, 698.3468247136657, 3808.7170537245784, 0.7680350883622805
5.0E-4, 0.10904269040286411, 1.1936620731892148E-4, 0.6314632863352365, 6.200949715226205, 6.884811034072111, -7.464384036936705E-4, 1.501581802169937, -0.0011940355932402447, 4.475971895465742E-4, 0.0, 6.103, 0.11369669345619622, 2925.2283389042814, 698.3468247136657, 3808.7170537245784, 0.7680350883622805
6.0E-4, 0.1286882924553462, 1.4323944878270585E-4, 3.6416928818445626, 10.14165876272226, 8.496696722612507, -6.9542807398952E-4, 1.5018569965296642, -0.001406727072591923, 7.112989986024029E-4, 0.0, 6.103, 0.13643603214743547, 2925.2283389042814, 698.3468247136657, 3808.7170537245784, 0.7680350883622805
7.0E-4, 0.1475194435762723, 1.6711269024649017E-4, 6.613271259673004, 9.567702277776752, 10.041343486934586, -5.728743722569606E-4, 1.501546994150093, -0.0016154210498813184, 0.0010425466776243578, 0.0, 6.103, 0.15917537083867472, 2925.2283389042814, 698.3468247136657, 3808.7170537245784, 0.7680350883622805
8.0E-4, 0.16646831916845897, 1.9098593171027449E-4, 9.487111943971824, 7.785308169237986, 11.479149585081931, -3.804511648893491E-4, 1.5013898825104277, -0.0018206928681456847, 0.0014402417032563356, 0.0, 6.103, 0.18191470952991398, 2925.2283389042814, 698.3468247136657, 3808.7170537245784, 0.7680350883622805
9.0E-4, 0.18447014976613751, 2.148591731740588E-4, 12.225769505473297, 16.4633800373821, 12.788830453512846, -1.2097880974238002E-4, 1.503427864927451, -0.0020229727110088343, 0.0019019939012664543, 0.0, 6.103, 0.20465404822115324, 2925.2283389042814, 698.3468247136657, 3808.7170537245784, 0.7680350883622805
0.001, 0.20484489901358094, 2.38732414637843E-4, 14.810309138233034, 14.399124626630739, 13.963939525521194, 2.020558613187915E-4, 1.5034749106628849, -0.0022225944863660013, 0.002424650347684793, 0.0, 6.103, 0.22739338691239247, 2925.2283389042814, 698.3468247136657, 3808.7170537245784, 0.7680350883622805
0.0011, 0.21918259735616796, 2.626056561016274E-4, 17.237033665625027, 21.845145197412553, 15.009730876149543, 5.849023103671937E-4, 1.5055193068645918, -0.0024198249427019227, 0.0030047272530691164, 0.0, 6.103, 0.25013272560363176, 2925.2283389042814, 698.3468247136657, 3808.7170537245784, 0.7680350883622805
0.0012, 0.23542237322873188, 2.864788975654117E-4, 19.514337117679165, 11.607533829058816, 15.940349216709748, 0.0010238721137818371, 1.502830504296712, -0.00261488210504646, 0.003638754218828297, 0.0, 6.103, 0.272872064294871, 2925.2283389042814, 698.3468247136657, 3808.7170537245784, 0.7680350883622805
0.0013, 0.2535315720883239, 3.10352139029196E-4, 21.659793023320432, 18.549296194772264, 16.77633276202616, 0.0015155923379567508, 1.5036603925822007, -0.002807947521593494, 0.004323539859550245, 0.0, 6.103, 0.2956114029861102, 2925.2283389042814, 698.3468247136657, 3808.7170537245784, 0.7680350883622805
0.0014, 0.27425901345347053, 3.342253804929803E-4, 23.697520570922098, 14.532913012918046, 17.54241449351636, 0.0020571926706955818, 1.5022832796541876, -0.002999174719602353, 0.005056367390297935, 0.0, 6.103, 0.3183507416773495, 2925.2283389042814, 698.3468247136657, 3808.7170537245784, 0.7680350883622805
0.0015, 0.2860806535506024, 3.580986219567647E-4, 25.65584284481143, 22.2421508903497, 18.265607341224918, 0.0026464331497702853, 1.5053528000857628, -0.003188695233083918, 0.005835128382854203, 0.0, 6.103, 0.34109008036858873, 2925.2283389042814, 698.3468247136657, 3808.7170537245784, 0.7680350883622805
0.0016, 0.3000762958340733, 3.8197186342054886E-4, 27.565237405443284, 12.900087360426895, 18.973558807924597, 0.0032817794838046603, 1.500953716500886, -0.0033766230161081877, 0.006658402499912848, 0.0, 6.103, 0.363829419059828, 2925.2283389042814, 698.3468247136657, 3808.7170537245784, 0.7680350883622805
0.0017, 0.3110055159484283, 4.0584510488433315E-4, 29.456572325421416, 18.02201914708883, 19.69316055840094, 0.00396243287261534, 1.5030002220770053, -0.0035630577486152858, 0.007525490621230626, 0.0, 6.103, 0.38656875775106725, 2925.2283389042814, 698.3468247136657, 3808.7170537245784, 0.7680350883622805
0.0018, 0.32734186921120534, 4.297183463481176E-4, 31.359616919875304, 17.98032775245029, 20.44939849703447, 0.004688321018959925, 1.5011683555241535, -0.003748087361811589, 0.008436408380771514, 0.0, 6.103, 0.40930809644230653, 2925.2283389042814, 698.3468247136657, 3808.7170537245784, 0.7680350883622805
0.0019, 0.3377164644324095, 4.535915878119019E-4, 33.301814215963816, 20.95536689000306, 21.26442885679637, 0.005460056738168491, 1.5045628476453665, -0.003931790000723226, 0.009391846738891717, 0.0, 6.103, 0.43204743513354577, 2925.2283389042814, 698.3468247136657, 3808.7170537245784, 0.7680350883622805
0.002, 0.35743824136518754, 4.7746482927568624E-4, 35.30730091482462, 24.517134540098418, 22.15686582277219, 0.0062788702461278045, 1.5084090895451536, -0.004114235572503025, 0.01039310581863083, 0.0, 6.103, 0.45478677382478494, 2925.2283389042814, 698.3468247136657, 3808.7170537245784, 0.7680350883622805
0.0021, 0.36517000124861493, 5.013380707394704E-4, 37.39615981296722, 25.506826098158903, 23.14126621332914, 0.007146520855838995, 1.5057704944204109, -0.0042954869843524115, 0.011442007840191407, 0.0, 6.103, 0.47752611251602417, 2925.2283389042814, 698.3468247136657, 3808.7170537245784, 0.7680350883622805
0.0022, 0.3884965209933588, 5.252113122032547E-4, 39.583889156960694, 10.65318102907313, 24.22779674204132, 0.008065193447554228, 1.4962231448610346, -0.0044756011451519695, 0.012540794592706198, 0.0, 6.103, 0.5002654512072634, 2925.2283389042814, 698.3468247136657, 3808.7170537245784, 0.7680350883622805
0.0023, 0.39418636150725006, 5.490845536670391E-4, 41.88107308778876, 23.189157638217804, 25.422069383488875, 0.009037384702779594, 1.5000033900141585, -0.004654629784629776, 0.013692014487409369, 0.0, 6.103, 0.5230047898985026, 2925.2283389042814, 698.3468247136657, 3808.7170537245784, 0.7680350883622805
0.0024, 0.3976241049117633, 5.729577951308231E-4, 44.293237122021594, 21.222821920700493, 26.72513036604616, 0.010065783711526537, 1.499484245901511, -0.004832620129818146, 0.014898403841344682, 0.0, 6.103, 0.5457441285897418, 2925.2283389042814, 698.3468247136657, 3808.7170537245784, 0.7680350883622805
0.0025, 0.4067215255763038, 5.968310365946075E-4, 46.82087247614948, 30.015484668623863, 28.133588314772144, 0.011153151177172721, 1.5049080342537187, -0.005009615468588517, 0.016162766645761238, 0.0, 6.103, 0.568483467280981, 2925.2283389042814, 698.3468247136657, 3808.7170537245784, 0.7680350883622805
0.0026, 0.4132368876711069, 6.207042780583919E-4, 49.45961294386054, 30.097655771444984, 29.639867067521656, 0.012302201055473604, 1.5042720364577822, -0.005185655622889315, 0.017487856678362917, 0.0, 6.103, 0.5912228059722202, 2925.2283389042814, 698.3468247136657, 3808.7170537245784, 0.7680350883622805
0.0027, 0.4231298416362658, 6.445775195221761E-4, 52.200547968664324, 46.611092750539164, 31.232568687389215, 0.013515488074516491, 1.5177874052247766, -0.005360777349080229, 0.01887626542359672, 0.0, 6.103, 0.6139621446634594, 2925.2283389042814, 698.3468247136657, 3808.7170537245784, 0.7680350883622805
0.0028, 0.4322594244488004, 6.684507609859605E-4, 55.030655506506776, 29.85446970636476, 32.89693219460095, 0.014795304191295884, 1.5026260401549691, -0.005535014678884134, 0.02033031887018002, 0.0, 6.103, 0.6367014833546986, 2925.2283389042814, 698.3468247136657, 3808.7170537245784, 0.7680350883622805
0.0029, 0.4451448304920287, 6.923240024497446E-4, 57.93333823869692, 46.22483877905065, 34.6153735409738, 0.016143586648509414, 1.5148672377575312, -0.005708399211575585, 0.021851985860084997, 0.0, 6.103, 0.6594408220459378, 2925.2283389042814, 698.3468247136657, 3808.7170537245784, 0.7680350883622805
0.003, 0.450019219147264, 7.161972439135289E-4, 60.88904667043839, 40.275279434391784, 36.36809235005061, 0.017561839902391144, 1.5145158203809885, -0.005880960365824366, 0.02344280026821551, 0.0, 6.103, 0.682180160737177, 2925.2283389042814, 698.3468247136657, 3808.7170537245784, 0.7680350883622805
0.0031, 0.46121265698246666, 7.400704853773128E-4, 63.875972631818684, 40.382006145066555, 38.13373094603155, 0.0190510732991006, 1.509638542192043, -0.0060527255979264645, 0.025103798897027064, 0.0, 6.103, 0.7049194994284163, 2925.2283389042814, 698.3468247136657, 3808.7170537245784, 0.7680350883622805
0.0032, 0.4566956389053738, 7.639437268410973E-4, 66.87079668435737, 44.07146135427532, 39.89007119461462, 0.02061175598351045, 1.5146623115166522, -0.006223720591850007, 0.026835476575360458, 0.0, 6.103, 0.7276588381196554, 2925.2283389042814, 698.3468247136657, 3808.7170537245784, 0.7680350883622805
0.0033, 0.46767467386483025, 7.878169683048817E-4, 69.84947292582419, 47.54895829477182, 41.6147546788567, 0.0222437901302684, 1.5157353540705243, -0.006393969425504765, 0.028637759555773166, 0.0, 6.103, 0.7503981768108946, 2925.2283389042814, 698.3468247136657, 3808.7170537245784, 0.7680350883622805
0.0034, 0.48982019628568446, 8.116902097686655E-4, 72.78803467818801, 40.253981870078356, 43.28601173318387, 0.023946503192830083, 1.5041183475109912, -0.006563494716841305, 0.030509997909671387, 0.0, 6.103, 0.7731375155021338, 2925.2283389042814, 698.3468247136657, 3808.7170537245784, 0.7680350883622805
0.0035, 0.485591678632071, 8.355634512324502E-4, 75.66340453743956, 53.21011097382877, 44.883384858645826, 0.02571865947181509, 1.5204179921644612, -0.006732317752748799, 0.03245097722456389, 0.0, 6.103, 0.7958768541933731, 2925.2283389042814, 698.3468247136657, 3808.7170537245784, 0.7680350883622805
0.0036, 0.48151071663099726, 8.594366926962345E-4, 78.45419225939537, 39.585349685166285, 46.38843204254499, 0.02755849090956055, 1.5024162385513726, -0.006900458603211013, 0.034458949512771564, 0.0, 6.103, 0.8186161928846122, 2925.2283389042814, 698.3468247136657, 3808.7170537245784, 0.7680350883622805
0.0037, 0.47854148438063693, 8.833099341600185E-4, 81.14146395189769, 44.64225098095447, 47.78539550555047, 0.02946374662317976, 1.5132191086445619, -0.007067936222769608, 0.03653168284594937, 0.0, 6.103, 0.8413555315758514, 2925.2283389042814, 698.3468247136657, 3808.7170537245784, 0.7680350883622805
0.0038, 0.5069424235119282, 9.071831756238029E-4, 83.70946604093145, 38.08797352072455, 49.06182139941285, 0.031431760293776534, 1.4942885173790803, -0.007234768541011389, 0.038666528834787925, 0.0, 6.103, 0.8640948702670906, 2925.2283389042814, 698.3468247136657, 3808.7170537245784, 0.7680350883622805
0.0039, 0.5024468959928454, 9.310564170875872E-4, 86.1462874759308, 39.90760991902712, 50.209115978392504, 0.0334595341347604, 1.496294436178208, -0.007400972543524751, 0.040860506678285155, 0.0, 6.103, 0.8868342089583299, 2925.2283389042814, 698.3468247136657, 3808.7170537245784, 0.7680350883622805
0.004, 0.48685179254118455, 9.549296585513715E-4, 88.44444363770828, 60.82885041424601, 51.22302376751344, 0.03554383776744135, 1.5245525242954205, -0.007566564344548088, 0.04311040211198944, 0.0, 6.103, 0.9095735476495691, 2925.2283389042814, 698.3468247136657, 3808.7170537245784, 0.7680350883622805
0.0041, 0.509521207355081, 9.788029000151557E-4, 90.6013654109565, 53.59917741449304, 52.10401325077589, 0.03768131993728863, 1.5069892936934468, -0.007731559252349385, 0.04541287918963802, 0.0, 6.103, 0.9323128863408084, 2925.2283389042814, 698.3468247136657, 3808.7170537245784, 0.7680350883622805
0.0042, 0.5179582269727405, 0.0010026761414789404, 92.6197768821631, 48.99536906606153, 52.85755560241705, 0.039868630609403696, 1.506033679844814, -0.007895971828223965, 0.04776460243762766, 0.0, 6.103, 0.9550522250320478, 2925.2283389042814, 698.3468247136657, 3808.7170537245784, 0.7680350883622805
0.0043, 0.5115782899790453, 0.0010265493829427243, 94.50794512270517, 44.61306280991767, 53.494281984343274, 0.04210255058690378, 1.4977501946749072, -0.008059815939870624, 0.0501623665267744, 0.0, 6.103, 0.977791563723287, 2925.2283389042814, 698.3468247136657, 3808.7170537245784, 0.7680350883622805
0.0044, 0.5047394223748645, 0.0010504226244065088, 96.27978551628732, 46.51547123367448, 54.03000493287004, 0.04438012540103084, 1.507927494537849, -0.008223104809800184, 0.05260323021083102, 0.0, 6.103, 1.0005309024145264, 2925.2283389042814, 698.3468247136657, 3808.7170537245784, 0.7680350883622805
0.0045, 0.520527527365558, 0.001074295865870293, 97.95480608902643, 43.74652828072589, 54.48558935786036, 0.04669879982691118, 1.4966888051904923, -0.008385851059341297, 0.05508465088625247, 0.0, 6.103, 1.0232702411057657, 2925.2283389042814, 698.3468247136657, 3808.7170537245784, 0.7680350883622805
0.0046, 0.4724756868598442, 0.001098169107334078, 99.55787430014264, 36.32215056479571, 54.88665867736722, 0.04905654898399006, 1.4832977128091822, -0.0085480667487329, 0.057604615732722964, 0.0, 6.103, 1.046009579797005, 2925.2283389042814, 698.3468247136657, 3808.7170537245784, 0.7680350883622805
0.0047, 0.5146831660361114, 0.001122042348797862, 101.11878975069592, 68.90469719553761, 55.26312161093779, 0.05145200158522498, 1.52512384728886, -0.008709763413728974, 0.060161764998953954, 0.0, 6.103, 1.0687489184882442, 2925.2283389042814, 698.3468247136657, 3808.7170537245784, 0.7680350883622805
0.0048, 0.4676053432783366, 0.0011459155902616468, 102.67164626745227, 67.98018287656926, 55.64850515466128, 0.05388455050421596, 1.5249812961672327, -0.008870952099086745, 0.0627555026033027, 0.0, 6.103, 1.0914882571794835, 2925.2283389042814, 698.3468247136657, 3808.7170537245784, 0.7680350883622805
0.0049, 0.5238214820483035, 0.0011697888317254304, 104.25396681866071, 53.965222854047454, 56.07907926105895, 0.05635444543450657, 1.5030472110920259, -0.009031643389263154, 0.06538608882376973, 0.0, 6.103, 1.1142275958707228, 2925.2283389042814, 698.3468247136657, 3808.7170537245784, 0.7680350883622805
0.005, 0.46657081146792134, 0.0011936620731892152, 105.90559471829182, 67.46037525186965, 56.5927587469987, 0.05886286202033034, 1.5147424940803476, -0.009191847436604592, 0.06805470945693493, 0.0, 6.103, 1.1369669345619622, 2925.2283389042814, 698.3468247136657, 3808.7170537245784, 0.7680350883622805
0.0051, 0.5030039524195972, 0.0012175353146529997, 107.66732457502582, 58.28941867800566, 57.22776795266145, 0.061411941443165946, 1.506657745179871, -0.009351573987280676, 0.07076351543044662, 0.0, 6.103, 1.1597062732532015, 2925.2283389042814, 698.3468247136657, 3808.7170537245784, 0.7680350883622805
0.0052, 0.4777236846651679, 0.0012414085561167842, 109.57925644216456, 72.08084660190114, 58.021053674749965, 0.06400479405346655, 1.5255508486084501, -0.009510832405183292, 0.07351562645864984, 0.0, 6.103, 1.1824456119444409, 2925.2283389042814, 698.3468247136657, 3808.7170537245784, 0.7680350883622805
0.0053, 0.5119346923385502, 0.0012652817975805685, 111.67885662441542, 58.75230115553415, 59.00643189701941, 0.06664546024200058, 1.508561078782982, -0.009669631693986708, 0.07631509193598729, 0.0, 6.103, 1.20518495063568, 2925.2283389042814, 698.3468247136657, 3808.7170537245784, 0.7680350883622805
0.0054, 0.4715692873745252, 0.0012891550390443521, 113.99870859743515, 44.20665247866714, 60.21245384123131, 0.06933882135026989, 1.4845000931178387, -0.009827980517542224, 0.07916680186781211, 0.0, 6.103, 1.2279242893269193, 2925.2283389042814, 698.3468247136657, 3808.7170537245784, 0.7680350883622805
0.0055, 0.4894638999397965, 0.0013130282805081366, 116.56393749580927, 79.47439236935287, 61.65997686166975, 0.0720904530245277, 1.530996643842872, -0.009985887218761662, 0.08207634024328936, 0.0, 6.103, 1.2506636280181587, 2925.2283389042814, 698.3468247136657, 3808.7170537245784, 0.7680350883622805
0.0056, 0.4769332981518818, 0.0013369015219719213, 119.38929162527576, 81.7231108631103, 63.35942570635325, 0.07490641302288445, 1.5333539704634636, -0.010143359837127136, 0.08504977286001159, 0.0, 6.103, 1.273402966709398, 2925.2283389042814, 698.3468247136657, 3808.7170537245784, 0.7680350883622805
0.0057, 0.4503190883187616, 0.0013607747634357059, 122.4758644545291, 62.431198814387415, 65.30772966803488, 0.0777929550901456, 1.5134886438531254, -0.010300406124949774, 0.08809336121509537, 0.0, 6.103, 1.2961423054006374, 2925.2283389042814, 698.3468247136657, 3808.7170537245784, 0.7680350883622805
0.0058, 0.4387659929817801, 0.00138464800489949, 125.80744054222761, 48.1536286295449, 67.48492114801502, 0.08075616011991318, 1.4787058286056878, -0.010457033562487143, 0.09121319368240033, 0.0, 6.103, 1.3188816440918767, 2925.2283389042814, 698.3468247136657, 3808.7170537245784, 0.7680350883622805
0.0059, 0.4474215783577661, 0.0014085212463632744, 129.34644885476501, 70.46935104434804, 69.85038115611587, 0.08380147542860586, 1.5175150006824765, -0.010613249372017875, 0.09441472480062374, 0.0, 6.103, 1.3416209827831158, 2925.2283389042814, 698.3468247136657, 3808.7170537245784, 0.7680350883622805
0.006, 0.43075534956102546, 0.0014323944878270583, 133.02950692986366, 91.92199899700583, 72.33871726969574, 0.08693315257107927, 1.5516623216202285, -0.010769060530961808, 0.09770221310204108, 0.0, 6.103, 1.3643603214743552, 2925.2283389042814, 698.3468247136657, 3808.7170537245784, 0.7680350883622805
0.0061, 0.4305696944824176, 0.0014562677292908432, 136.76253934161417, 52.91111954969107, 74.85525957486607, 0.09015357373247984, 1.4845361490130695, -0.010924473784125253, 0.1010780475166051, 0.0, 6.103, 1.3870996601655945, 2925.2283389042814, 698.3468247136657, 3808.7170537245784, 0.7680350883622805
0.0062, 0.4050399820621338, 0.0014801409707546273, 140.41545392223784, 75.6619584608611, 77.27116011324142, 0.09346245633604122, 1.5174125679382902, -0.011079495655143108, 0.10454195199118432, 0.0, 6.103, 1.4098389988568338, 2925.2283389042814, 698.3468247136657, 3808.7170537245784, 0.7680350883622805
0.0063, 0.4149949359389432, 0.0015040142122184116, 143.81635919558036, 78.15159660687112, 79.41808135698193, 0.09685592511163091, 1.5240197056131348, -0.011234132457182605, 0.10809005756881351, 0.0, 6.103, 1.4325783375480732, 2925.2283389042814, 698.3468247136657, 3808.7170537245784, 0.7680350883622805
0.0064, 0.4033857124853704, 0.0015278874536821963, 146.74530647787952, 66.93799375494403, 81.08245923548566, 0.10032544047466911, 1.505251432667605, -0.011388390302967297, 0.11171383077763641, 0.0, 6.103, 1.4553176762393125, 2925.2283389042814, 698.3468247136657, 3808.7170537245784, 0.7680350883622805
0.0065, 0.38707286167860605, 0.0015517606951459808, 148.9275401008279, 79.68855976611763, 81.99932623691166, 0.10385657167030665, 1.5325208867319875, -0.011542275114174438, 0.11539884678448109, 0.0, 6.103, 1.4780570149305516, 2925.2283389042814, 698.3468247136657, 3808.7170537245784, 0.7680350883622805
0.0066, 0.39964439509574035, 0.0015756339366097647, 150.0262392121834, 84.28650107397623, 81.84568010734074, 0.10742760274261218, 1.5188277608386505, -0.011695792630253918, 0.11912339537286609, 0.0, 6.103, 1.500796353621791, 2925.2283389042814, 698.3468247136657, 3808.7170537245784, 0.7680350883622805
0.0067, 0.3682124468493134, 0.0015995071780735492, 149.63473460907582, 99.96114517874497, 80.23338367090037, 0.11100795899358636, 1.558088077174633, -0.011848948416712617, 0.12285690741029898, 0.0, 6.103, 1.5235356923130303, 2925.2283389042814, 698.3468247136657, 3808.7170537245784, 0.7680350883622805
0.0068, 0.3553553106278448, 0.0016233804195373337, 147.26818405913036, 71.51055678501326, 76.70158129418269, 0.11455644120184215, 1.4863810024715371, -0.012001747872904098, 0.12655818907474625, 0.0, 6.103, 1.5462750310042697, 2925.2283389042814, 698.3468247136657, 3808.7170537245784, 0.7680350883622805
