This fits B3 to B12 into the virial expansion since maxPower is set to 10.
Number of particles: 108
dryVolFracMax: 0.007
dryVolFracIncrement: 1.0E-4
Initial configuration: FCC
Dry microgel radius [nm]: 50.0
Box length [units of dry radius]: 40.130210850472906
Number of monomers: 2916666.666666667
Number of chains: 175.00000000000003
Flory interaction parameter (chi): 0.0
Young's calibration factor: 1.0
x-link fraction: 6.0E-5
MC steps: 100000
Equilibration steps: 10000.0
Snapshot interval: 100
Displacement tolerance: 0.1
Particle radius change tolerance: 0.0
Particle radius bin width: 0.001
g(r) bin width: 0.005
phi0, phi, rho, mu/kT, Z_measured, Z_virial_Fit, <F_total>/V, QMelting, <F_id>/V, <F_ex>/V, <F_FR>/V, <alpha>, Zeta, B2_rho, B2_phi0, B2_HS, B2*
2.0E-4, 0.04432937994206234, 4.774648292756861E-5, -8.418446258195306, 1.8455424415673258, 1.982996208171805, -4.966322951424843E-4, 1.5005130691923092, -5.213638970822166E-4, 2.4731601939732326E-5, 0.0, 6.103, 0.04547867738247849, 2925.2283389042814, 698.3468247136657, 3808.7170537245784, 0.7680350883622805
3.0E-4, 0.06628284682471296, 7.161972439135293E-5, -6.131052261453883, 2.5608050012600843, 3.244565211673103, -6.714791394241073E-4, 1.5007243001968553, -7.530065463303081E-4, 8.152740690620072E-5, 0.0, 6.103, 0.06821801607371773, 2925.2283389042814, 698.3468247136657, 3808.7170537245784, 0.7680350883622805
4.0E-4, 0.08731470965037727, 9.549296585513724E-5, -3.2805321882964025, 7.818222068457616, 4.938303829924987, -7.848410272569869E-4, 1.5013075383288692, -9.765371141186377E-4, 1.9169608686165073E-4, 0.0, 6.103, 0.09095735476495698, 2925.2283389042814, 698.3468247136657, 3808.7170537245784, 0.7680350883622805
5.0E-4, 0.10904269040286411, 1.1936620731892148E-4, -0.0072864348766294995, 6.200949715226205, 6.9019897283709195, -8.247340909258892E-4, 1.5016600978571693, -0.0011940355932402447, 3.693015023143554E-4, 0.0, 6.103, 0.11369669345619622, 2925.2283389042814, 698.3468247136657, 3808.7170537245784, 0.7680350883622805
6.0E-4, 0.1286882924553462, 1.4323944878270585E-4, 3.4849846678910588, 10.14165876272226, 8.954469074772819, -7.83445931567347E-4, 1.5019450143872421, -0.001406727072591923, 6.232811410245759E-4, 0.0, 6.103, 0.13643603214743547, 2925.2283389042814, 698.3468247136657, 3808.7170537245784, 0.7680350883622805
7.0E-4, 0.1475194435762723, 1.6711269024649017E-4, 6.98951864156216, 9.567702277776752, 10.928471777194655, -6.58249055250392E-4, 1.5016323688330864, -0.0016154210498813184, 9.571719946309264E-4, 0.0, 6.103, 0.15917537083867472, 2925.2283389042814, 698.3468247136657, 3808.7170537245784, 0.7680350883622805
8.0E-4, 0.16646831916845897, 1.9098593171027449E-4, 10.329121483160618, 7.785308169237986, 12.690793814542355, -4.5104619060331403E-4, 1.5014604775361418, -0.0018206928681456847, 0.0013696466775423707, 0.0, 6.103, 0.18191470952991398, 2925.2283389042814, 698.3468247136657, 3808.7170537245784, 0.7680350883622805
9.0E-4, 0.18447014976613751, 2.148591731740588E-4, 13.373299757649955, 16.4633800373821, 14.152578231907983, -1.674351286514203E-4, 1.5034743212463602, -0.0020229727110088343, 0.001855537582357414, 0.0, 6.103, 0.20465404822115324, 2925.2283389042814, 698.3468247136657, 3808.7170537245784, 0.7680350883622805
0.001, 0.20484489901358094, 2.38732414637843E-4, 16.04491629898745, 14.399124626630739, 15.27207210309805, 1.8450296102351382E-4, 1.5034924635631801, -0.0022225944863660013, 0.002407097447389515, 0.0, 6.103, 0.22739338691239247, 2925.2283389042814, 698.3468247136657, 3808.7170537245784, 0.7680350883622805
0.0011, 0.21918259735616796, 2.626056561016274E-4, 18.31949279002219, 21.845145197412553, 16.051906058090655, 5.954811015062406E-4, 1.5055087280734527, -0.0024198249427019227, 0.0030153060442081633, 0.0, 6.103, 0.25013272560363176, 2925.2283389042814, 698.3468247136657, 3808.7170537245784, 0.7680350883622805
0.0012, 0.23542237322873188, 2.864788975654117E-4, 20.21948073898218, 11.607533829058816, 16.532635724243814, 0.0010562032953168052, 1.5027981731151772, -0.00261488210504646, 0.0036710854003632653, 0.0, 6.103, 0.272872064294871, 2925.2283389042814, 698.3468247136657, 3808.7170537245784, 0.7680350883622805
0.0013, 0.2535315720883239, 3.10352139029196E-4, 21.80533899432247, 18.549296194772264, 16.78400046497006, 0.0015583831533742577, 1.5036176017667833, -0.002807947521593494, 0.004366330674967752, 0.0, 6.103, 0.2956114029861102, 2925.2283389042814, 698.3468247136657, 3808.7170537245784, 0.7680350883622805
0.0014, 0.27425901345347053, 3.342253804929803E-4, 23.16489420550912, 14.532913012918046, 16.895093884004925, 0.0020955263980698222, 1.5022449459268135, -0.002999174719602353, 0.005094701117672175, 0.0, 6.103, 0.3183507416773495, 2925.2283389042814, 698.3468247136657, 3808.7170537245784, 0.7680350883622805
0.0015, 0.2860806535506024, 3.580986219567647E-4, 24.40216026021939, 22.2421508903497, 16.964402400672725, 0.0026634508399518554, 1.5053357823955813, -0.003188695233083918, 0.0058521460730357735, 0.0, 6.103, 0.34109008036858873, 2925.2283389042814, 698.3468247136657, 3808.7170537245784, 0.7680350883622805
0.0016, 0.3000762958340733, 3.8197186342054886E-4, 25.62653228119342, 12.900087360426895, 17.090452432623525, 0.0032605423260649914, 1.5009749536586257, -0.0033766230161081877, 0.006637165342173179, 0.0, 6.103, 0.363829419059828, 2925.2283389042814, 698.3468247136657, 3808.7170537245784, 0.7680350883622805
0.0017, 0.3110055159484283, 4.0584510488433315E-4, 26.943041570359927, 18.02201914708883, 17.36361292595906, 0.003887764222919029, 1.5030748907267015, -0.0035630577486152858, 0.007450821971534315, 0.0, 6.103, 0.38656875775106725, 2925.2283389042814, 698.3468247136657, 3808.7170537245784, 0.7680350883622805
0.0018, 0.32734186921120534, 4.297183463481176E-4, 28.444155916493354, 17.98032775245029, 17.859427664646322, 0.004548451920928021, 1.5013082246221854, -0.003748087361811589, 0.00829653928273961, 0.0, 6.103, 0.40930809644230653, 2925.2283389042814, 698.3468247136657, 3808.7170537245784, 0.7680350883622805
0.0019, 0.3377164644324095, 4.535915878119019E-4, 30.203432740761244, 20.95536689000306, 18.63370042544475, 0.005247933251463468, 1.5047749711320715, -0.003931790000723226, 0.009179723252186694, 0.0, 6.103, 0.43204743513354577, 2925.2283389042814, 698.3468247136657, 3808.7170537245784, 0.7680350883622805
0.002, 0.35743824136518754, 4.7746482927568624E-4, 32.27117920348135, 24.517134540098418, 19.719425012654423, 0.00599302117183368, 1.5086949386194477, -0.004114235572503025, 0.010107256744336705, 0.0, 6.103, 0.45478677382478494, 2925.2283389042814, 698.3468247136657, 3808.7170537245784, 0.7680350883622805
0.0021, 0.36517000124861493, 5.013380707394704E-4, 34.672142509053955, 25.506826098158903, 21.125540837841722, 0.006791427146922416, 1.5061255881293276, -0.0042954869843524115, 0.011086914131274828, 0.0, 6.103, 0.47752611251602417, 2925.2283389042814, 698.3468247136657, 3808.7170537245784, 0.7680350883622805
0.0022, 0.3884965209933588, 5.252113122032547E-4, 37.40514421545441, 10.65318102907313, 22.83740226999693, 0.007651142863013355, 1.4966371954455755, -0.0044756011451519695, 0.012126744008165324, 0.0, 6.103, 0.5002654512072634, 2925.2283389042814, 698.3468247136657, 3808.7170537245784, 0.7680350883622805
0.0023, 0.39418636150725006, 5.490845536670391E-4, 40.44448339707882, 23.189157638217804, 24.81877567553462, 0.008579834750016814, 1.5004609399669213, -0.004654629784629776, 0.013234464534646589, 0.0, 6.103, 0.5230047898985026, 2925.2283389042814, 698.3468247136657, 3808.7170537245784, 0.7680350883622805
0.0024, 0.3976241049117633, 5.729577951308231E-4, 43.74286402480796, 21.222821920700493, 27.015121037115776, 0.009584290739744164, 1.4999657388732932, -0.004832620129818146, 0.01441691086956231, 0.0, 6.103, 0.5457441285897418, 2925.2283389042814, 698.3468247136657, 3808.7170537245784, 0.7680350883622805
0.0025, 0.4067215255763038, 5.968310365946075E-4, 47.23555087352784, 30.015484668623863, 29.357874364802374, 0.010669952202608406, 1.5053912332282828, -0.005009615468588517, 0.015679567671196923, 0.0, 6.103, 0.568483467280981, 2925.2283389042814, 698.3468247136657, 3808.7170537245784, 0.7680350883622805
0.0026, 0.4132368876711069, 6.207042780583919E-4, 50.84542455195691, 30.097655771444984, 31.769421809902447, 0.011840556510249504, 1.5047336810030063, -0.005185655622889315, 0.01702621213313882, 0.0, 6.103, 0.5912228059722202, 2925.2283389042814, 698.3468247136657, 3808.7170537245784, 0.7680350883622805
0.0027, 0.4231298416362658, 6.445775195221761E-4, 54.48858871961284, 46.611092750539164, 34.168445415448375, 0.013097907567335797, 1.5182049857319573, -0.005360777349080229, 0.018458684916416026, 0.0, 6.103, 0.6139621446634594, 2925.2283389042814, 698.3468247136657, 3808.7170537245784, 0.7680350883622805
0.0028, 0.4322594244488004, 6.684507609859605E-4, 58.08017999677594, 29.85446970636476, 36.475322680207825, 0.014441783314255517, 1.5029795610320096, -0.005535014678884134, 0.01997679799313965, 0.0, 6.103, 0.6367014833546986, 2925.2283389042814, 698.3468247136657, 3808.7170537245784, 0.7680350883622805
0.0029, 0.4451448304920287, 6.923240024497446E-4, 61.54004220502509, 46.22483877905065, 38.61727640512417, 0.015869980965810798, 1.5151408434402298, -0.005708399211575585, 0.021578380177386385, 0.0, 6.103, 0.6594408220459378, 2925.2283389042814, 698.3468247136657, 3808.7170537245784, 0.7680350883622805
0.003, 0.450019219147264, 7.161972439135289E-4, 64.79795005353647, 40.275279434391784, 40.53299640014349, 0.017378492930256017, 1.5146991673531238, -0.005880960365824366, 0.023259453296080382, 0.0, 6.103, 0.682180160737177, 2925.2283389042814, 698.3468247136657, 3808.7170537245784, 0.7680350883622805
0.0031, 0.46121265698246666, 7.400704853773128E-4, 67.79810179662962, 40.382006145066555, 42.17648925993098, 0.01896179922618822, 1.5097278162649554, -0.0060527255979264645, 0.025014524824114683, 0.0, 6.103, 0.7049194994284163, 2925.2283389042814, 698.3468247136657, 3808.7170537245784, 0.7680350883622805
0.0032, 0.4566956389053738, 7.639437268410973E-4, 70.50264425259232, 44.07146135427532, 43.51995521288476, 0.020613256025204044, 1.5146608114749587, -0.006223720591850007, 0.02683697661705405, 0.0, 6.103, 0.7276588381196554, 2925.2283389042814, 698.3468247136657, 3808.7170537245784, 0.7680350883622805
0.0033, 0.46767467386483025, 7.878169683048817E-4, 72.8940453447712, 47.54895829477182, 44.55554058840275, 0.022325554903464395, 1.5156535892973284, -0.006393969425504765, 0.02871952432896916, 0.0, 6.103, 0.7503981768108946, 2925.2283389042814, 698.3468247136657, 3808.7170537245784, 0.7680350883622805
0.0034, 0.48982019628568446, 8.116902097686655E-4, 74.9761873888508, 40.253981870078356, 45.29586925171283, 0.024091223654759505, 1.5039736270490618, -0.006563494716841305, 0.03065471837160081, 0.0, 6.103, 0.7731375155021338, 2925.2283389042814, 698.3468247136657, 3808.7170537245784, 0.7680350883622805
0.0035, 0.485591678632071, 8.355634512324502E-4, 76.77411702354502, 53.21011097382877, 45.77331487788891, 0.025903137231841355, 1.520233514404435, -0.006732317752748799, 0.032635454984590154, 0.0, 6.103, 0.7958768541933731, 2925.2283389042814, 698.3468247136657, 3808.7170537245784, 0.7680350883622805
0.0036, 0.48151071663099726, 8.594366926962345E-4, 78.33245321401103, 39.585349685166285, 46.03803657287611, 0.02775500663063382, 1.5022197228302994, -0.006900458603211013, 0.034655465233844836, 0.0, 6.103, 0.8186161928846122, 2925.2283389042814, 698.3468247136657, 3808.7170537245784, 0.7680350883622805
0.0037, 0.47854148438063693, 8.833099341600185E-4, 79.71252133059014, 44.64225098095447, 46.15486142624184, 0.029641814360703424, 1.5130410409070383, -0.007067936222769608, 0.03670975058347303, 0.0, 6.103, 0.8413555315758514, 2925.2283389042814, 698.3468247136657, 3808.7170537245784, 0.7680350883622805
0.0038, 0.5069424235119282, 9.071831756238029E-4, 80.98834703499865, 38.08797352072455, 46.19915737102065, 0.031560167556781815, 1.4941601101160749, -0.007234768541011389, 0.038794936097793206, 0.0, 6.103, 0.8640948702670906, 2925.2283389042814, 698.3468247136657, 3808.7170537245784, 0.7680350883622805
0.0039, 0.5024468959928454, 9.310564170875872E-4, 82.24170663427849, 39.90760991902712, 46.25189643311421, 0.033508543737575135, 1.4962454265753933, -0.007400972543524751, 0.040909516281099886, 0.0, 6.103, 0.8868342089583299, 2925.2283389042814, 698.3468247136657, 3808.7170537245784, 0.7680350883622805
0.004, 0.48685179254118455, 9.549296585513715E-4, 83.5564886721765, 60.82885041424601, 46.394160221553534, 0.03548740961840029, 1.5246089524444615, -0.007566564344548088, 0.043053973962948376, 0.0, 6.103, 0.9095735476495691, 2925.2283389042814, 698.3468247136657, 3808.7170537245784, 0.7680350883622805
0.0041, 0.509521207355081, 9.788029000151557E-4, 85.0126727243397, 53.59917741449304, 46.70138442274845, 0.03749920009297968, 1.5071714135377556, -0.007731559252349385, 0.045230759345329066, 0.0, 6.103, 0.9323128863408084, 2925.2283389042814, 698.3468247136657, 3808.7170537245784, 0.7680350883622805
0.0042, 0.5179582269727405, 0.0010026761414789404, 86.68027348889866, 48.99536906606153, 47.23767513476423, 0.03954815232770928, 1.5063541581265083, -0.007895971828223965, 0.04744412415593324, 0.0, 6.103, 0.9550522250320478, 2925.2283389042814, 698.3468247136657, 3808.7170537245784, 0.7680350883622805
0.0043, 0.5115782899790453, 0.0010265493829427243, 88.61362909889311, 44.61306280991767, 48.050555070480414, 0.04163999861416823, 1.4982127466476427, -0.008059815939870624, 0.04969981455403885, 0.0, 6.103, 0.977791563723287, 2925.2283389042814, 698.3468247136657, 3808.7170537245784, 0.7680350883622805
0.0044, 0.5047394223748645, 0.0010504226244065088, 90.84642981861836, 46.51547123367448, 49.16650986096192, 0.043781530907106514, 1.5085260890317733, -0.008223104809800184, 0.052004635716906694, 0.0, 6.103, 1.0005309024145264, 2925.2283389042814, 698.3468247136657, 3808.7170537245784, 0.7680350883622805
0.0045, 0.520527527365558, 0.001074295865870293, 93.38788457996056, 43.74652828072589, 50.58770174106621, 0.04598005948241961, 1.497407545534984, -0.008385851059341297, 0.0543659105417609, 0.0, 6.103, 1.0232702411057657, 2925.2283389042814, 698.3468247136657, 3808.7170537245784, 0.7680350883622805
0.0046, 0.4724756868598442, 0.001098169107334078, 96.22040571435512, 36.32215056479571, 52.29019756073558, 0.048242797473124405, 1.484111464320048, -0.0085480667487329, 0.05679086422185731, 0.0, 6.103, 1.046009579797005, 2925.2283389042814, 698.3468247136657, 3808.7170537245784, 0.7680350883622805
0.0047, 0.5146831660361114, 0.001122042348797862, 99.2991542642117, 68.90469719553761, 54.22401804846322, 0.050576211712148766, 1.525999637161936, -0.008709763413728974, 0.05928597512587774, 0.0, 6.103, 1.0687489184882442, 2925.2283389042814, 698.3468247136657, 3808.7170537245784, 0.7680350883622805
0.0048, 0.4676053432783366, 0.0011459155902616468, 102.553726830767, 67.98018287656926, 56.31525320206947, 0.0529853878012557, 1.525880458870193, -0.008870952099086745, 0.06185633990034245, 0.0, 6.103, 1.0914882571794835, 2925.2283389042814, 698.3468247136657, 3808.7170537245784, 0.7680350883622805
0.0049, 0.5238214820483035, 0.0011697888317254304, 105.89217740971957, 53.965222854047454, 58.47040218224902, 0.05547346304196682, 1.5039281934845656, -0.009031643389263154, 0.06450510643122997, 0.0, 6.103, 1.1142275958707228, 2925.2283389042814, 698.3468247136657, 3808.7170537245784, 0.7680350883622805
0.005, 0.46657081146792134, 0.0011936620731892152, 109.20745137271105, 67.46037525186965, 60.58298264004952, 0.058041184155379316, 1.5155641719452986, -0.009191847436604592, 0.0672330315919839, 0.0, 6.103, 1.1369669345619622, 2925.2283389042814, 698.3468247136657, 3808.7170537245784, 0.7680350883622805
0.0051, 0.5030039524195972, 0.0012175353146529997, 112.38616090980264, 58.28941867800566, 62.54231151231943, 0.060686646859786225, 1.5073830397632506, -0.009351573987280676, 0.0700382208470669, 0.0, 6.103, 1.1597062732532015, 2925.2283389042814, 698.3468247136657, 3808.7170537245784, 0.7680350883622805
0.0052, 0.4777236846651679, 0.0012414085561167842, 115.31944899674781, 72.08084660190114, 64.24418431363483, 0.06340527058385244, 1.5261503720780643, -0.009510832405183292, 0.07291610298903572, 0.0, 6.103, 1.1824456119444409, 2925.2283389042814, 698.3468247136657, 3808.7170537245784, 0.7680350883622805
0.0053, 0.5119346923385502, 0.0012652817975805685, 117.91546942080096, 58.75230115553415, 65.60297023076964, 0.06619005301153524, 1.5090164860134472, -0.009669631693986708, 0.07585968470552196, 0.0, 6.103, 1.20518495063568, 2925.2283389042814, 698.3468247136657, 3808.7170537245784, 0.7680350883622805
0.0054, 0.4715692873745252, 0.0012891550390443521, 120.11275056564483, 44.20665247866714, 66.56439310237329, 0.06903213485676982, 1.4848067796113387, -0.009827980517542224, 0.07886011537431203, 0.0, 6.103, 1.2279242893269193, 2925.2283389042814, 698.3468247136657, 3808.7170537245784, 0.7680350883622805
0.0055, 0.4894638999397965, 0.0013130282805081366, 121.89340752896003, 79.47439236935287, 67.11798088973956, 0.07192168425457428, 1.5311654126128253, -0.009985887218761662, 0.08190757147333594, 0.0, 6.103, 1.2506636280181587, 2925.2283389042814, 698.3468247136657, 3808.7170537245784, 0.7680350883622805
0.0056, 0.4769332981518818, 0.0013369015219719213, 123.294817571737, 81.7231108631103, 67.30783563735895, 0.0748490813593928, 1.533411302126955, -0.010143359837127136, 0.08499244119651994, 0.0, 6.103, 1.273402966709398, 2925.2283389042814, 698.3468247136657, 3808.7170537245784, 0.7680350883622805
0.0057, 0.4503190883187616, 0.0013607747634357059, 124.41797472718557, 62.431198814387415, 67.23999927952173, 0.07780634601429957, 1.5134752529289714, -0.010300406124949774, 0.08810675213924934, 0.0, 6.103, 1.2961423054006374, 2925.2283389042814, 698.3468247136657, 3808.7170537245784, 0.7680350883622805
0.0058, 0.4387659929817801, 0.00138464800489949, 125.43028735547342, 48.1536286295449, 67.0842649836195, 0.08078870347210867, 1.4786732852534923, -0.010457033562487143, 0.09124573703459582, 0.0, 6.103, 1.3188816440918767, 2925.2283389042814, 698.3468247136657, 3808.7170537245784, 0.7680350883622805
0.0059, 0.4474215783577661, 0.0014085212463632744, 126.56007423904231, 70.46935104434804, 67.06780599729245, 0.08379612381431703, 1.5175203522967653, -0.010613249372017875, 0.09440937318633491, 0.0, 6.103, 1.3416209827831158, 2925.2283389042814, 698.3468247136657, 3808.7170537245784, 0.7680350883622805
0.006, 0.43075534956102546, 0.0014323944878270583, 128.07944704900643, 91.92199899700583, 67.4574610833588, 0.08683459853914723, 1.5517608756521606, -0.010769060530961808, 0.09760365907010904, 0.0, 6.103, 1.3643603214743552, 2925.2283389042814, 698.3468247136657, 3808.7170537245784, 0.7680350883622805
0.0061, 0.4305696944824176, 0.0014562677292908432, 130.2716362478654, 52.91111954969107, 68.52692440050305, 0.08991683131960276, 1.4847728914259466, -0.010924473784125253, 0.10084130510372802, 0.0, 6.103, 1.3870996601655945, 2925.2283389042814, 698.3468247136657, 3808.7170537245784, 0.7680350883622805
0.0062, 0.4050399820621338, 0.0014801409707546273, 133.37812021598225, 75.6619584608611, 70.50443490606267, 0.0930619176116344, 1.517813106662697, -0.011079495655143108, 0.1041414132667775, 0.0, 6.103, 1.4098389988568338, 2925.2283389042814, 698.3468247136657, 3808.7170537245784, 0.7680350883622805
0.0063, 0.4149949359389432, 0.0015040142122184116, 137.52014997922421, 78.15159660687112, 73.49584275102825, 0.0962934680004345, 1.5245821627243312, -0.011234132457182605, 0.10752760045761711, 0.0, 6.103, 1.4325783375480732, 2925.2283389042814, 698.3468247136657, 3808.7170537245784, 0.7680350883622805
0.0064, 0.4033857124853704, 0.0015278874536821963, 142.58842076318734, 66.93799375494403, 77.3771442751895, 0.09963549118476116, 1.505941381957513, -0.011388390302967297, 0.11102388148772846, 0.0, 6.103, 1.4553176762393125, 2925.2283389042814, 698.3468247136657, 3808.7170537245784, 0.7680350883622805
0.0065, 0.38707286167860605, 0.0015517606951459808, 148.0937229225645, 79.68855976611763, 81.6497197766148, 0.10310519251254663, 1.5332722658897475, -0.011542275114174438, 0.11464746762672107, 0.0, 6.103, 1.4780570149305516, 2925.2283389042814, 698.3468247136657, 3808.7170537245784, 0.7680350883622805
0.0066, 0.39964439509574035, 0.0015756339366097647, 152.9704048894449, 84.28650107397623, 85.25057566948817, 0.10670166110227305, 1.5195537024789896, -0.011695792630253918, 0.11839745373252697, 0.0, 6.103, 1.500796353621791, 2925.2283389042814, 698.3468247136657, 3808.7170537245784, 0.7680350883622805
0.0067, 0.3682124468493134, 0.0015995071780735492, 155.32339565404138, 99.96114517874497, 86.30888147765654, 0.11038921081944171, 1.5587068253487777, -0.011848948416712617, 0.12223815923615433, 0.0, 6.103, 1.5235356923130303, 2925.2283389042814, 698.3468247136657, 3808.7170537245784, 0.7680350883622805
0.0068, 0.3553553106278448, 0.0016233804195373337, 152.10836019852104, 71.51055678501326, 81.83899863282568, 0.11407390566273233, 1.486863538010647, -0.012001747872904098, 0.12607565353563643, 0.0, 6.103, 1.5462750310042697, 2925.2283389042814, 698.3468247136657, 3808.7170537245784, 0.7680350883622805
