This fits B3 to B3 into the virial expansion since maxPower is set to 1.
Number of particles: 108
dryVolFracMax: 0.007
dryVolFracIncrement: 1.0E-4
Initial configuration: FCC
Dry microgel radius [nm]: 50.0
Box length [units of dry radius]: 40.130210850472906
Number of monomers: 2916666.666666667
Number of chains: 175.00000000000003
Flory interaction parameter (chi): 0.0
Young's calibration factor: 1.0
x-link fraction: 6.0E-5
MC steps: 100000
Equilibration steps: 10000.0
Snapshot interval: 100
Displacement tolerance: 0.1
Particle radius change tolerance: 0.0
Particle radius bin width: 0.001
g(r) bin width: 0.005
phi0, phi, rho, mu/kT, Z_measured, Z_virial_Fit, <F_total>/V, QMelting, <F_id>/V, <F_ex>/V, <F_FR>/V, <alpha>, Zeta, B2_rho, B2_phi0, B2_HS, B2*
2.0E-4, 0.04432937994206234, 4.774648292756861E-5, -9.497779751796086, 1.8455424415673258, 1.234536994579195, -5.124303783040659E-4, 1.5005288672754709, -5.213638970822166E-4, 8.933518778150672E-6, 0.0, 6.103, 0.04547867738247849, 2925.2283389042814, 698.3468247136657, 3808.7170537245784, 0.7680350883622805
3.0E-4, 0.06628284682471296, 7.161972439135293E-5, -8.77476847317682, 2.5608050012600843, 1.422956214096139, -7.303582315213849E-4, 1.5007831792889526, -7.530065463303081E-4, 2.264831480892315E-5, 0.0, 6.103, 0.06821801607371773, 2925.2283389042814, 698.3468247136657, 3808.7170537245784, 0.7680350883622805
4.0E-4, 0.08731470965037727, 9.549296585513724E-5, -8.098389507986596, 7.818222068457616, 1.658809248431314, -9.317438476884025E-4, 1.5014544411493005, -9.765371141186377E-4, 4.479326643023518E-5, 0.0, 6.103, 0.09095735476495698, 2925.2283389042814, 698.3468247136657, 3808.7170537245784, 0.7680350883622805
5.0E-4, 0.10904269040286411, 1.1936620731892148E-4, -7.415398341706593, 6.200949715226205, 1.9420960975847188, -0.001116968621226102, 1.5019523323874695, -0.0011940355932402447, 7.70669720141427E-5, 0.0, 6.103, 0.11369669345619622, 2925.2283389042814, 698.3468247136657, 3808.7170537245784, 0.7680350883622805
6.0E-4, 0.1286882924553462, 1.4323944878270585E-4, -6.702078447719499, 10.14165876272226, 2.272816761556357, -0.0012855590426592207, 1.502447127498334, -0.001406727072591923, 1.2116802993270215E-4, 0.0, 6.103, 0.13643603214743547, 2925.2283389042814, 698.3468247136657, 3808.7170537245784, 0.7680350883622805
7.0E-4, 0.1475194435762723, 1.6711269024649017E-4, -5.945778708471757, 9.567702277776752, 2.6509712403462244, -0.001436626011323349, 1.5024107457891593, -0.0016154210498813184, 1.7879503855796933E-4, 0.0, 6.103, 0.15917537083867472, 2925.2283389042814, 698.3468247136657, 3808.7170537245784, 0.7680350883622805
8.0E-4, 0.16646831916845897, 1.9098593171027449E-4, -5.138947534199403, 7.785308169237986, 3.076559533954323, -0.0015690462718836843, 1.502578477617422, -0.0018206928681456847, 2.516465962620004E-4, 0.0, 6.103, 0.18191470952991398, 2925.2283389042814, 698.3468247136657, 3808.7170537245784, 0.7680350883622805
9.0E-4, 0.18447014976613751, 2.148591731740588E-4, -4.2767139946678405, 16.4633800373821, 3.5495816423806534, -0.0016815514095919828, 1.5049884375273008, -0.0020229727110088343, 3.414213014168515E-4, 0.0, 6.103, 0.20465404822115324, 2925.2283389042814, 698.3468247136657, 3808.7170537245784, 0.7680350883622805
0.001, 0.20484489901358094, 2.38732414637843E-4, -3.355752252907493, 14.399124626630739, 4.070037565625212, -0.0017727767339714233, 1.5054497432581753, -0.0022225944863660013, 4.498177523945781E-4, 0.0, 6.103, 0.22739338691239247, 2925.2283389042814, 698.3468247136657, 3808.7170537245784, 0.7680350883622805
0.0011, 0.21918259735616796, 2.626056561016274E-4, -2.3736901247732947, 21.845145197412553, 4.637927303688006, -0.001841290395134685, 1.5079454995700936, -0.0024198249427019227, 5.785345475672378E-4, 0.0, 6.103, 0.25013272560363176, 2925.2283389042814, 698.3468247136657, 3808.7170537245784, 0.7680350883622805
0.0012, 0.23542237322873188, 2.864788975654117E-4, -1.328776077226447, 11.607533829058816, 5.253250856569028, -0.001885611819739575, 1.5057399882302336, -0.00261488210504646, 7.292702853068851E-4, 0.0, 6.103, 0.272872064294871, 2925.2283389042814, 698.3468247136657, 3808.7170537245784, 0.7680350883622805
0.0013, 0.2535315720883239, 3.10352139029196E-4, -0.21967997676834727, 18.549296194772264, 5.91600822426828, -0.0019042239576079173, 1.5070802088777655, -0.002807947521593494, 9.037235639855767E-4, 0.0, 6.103, 0.2956114029861102, 2925.2283389042814, 698.3468247136657, 3808.7170537245784, 0.7680350883622805
0.0014, 0.27425901345347053, 3.342253804929803E-4, 0.9546321103972799, 14.532913012918046, 6.626199406785765, -0.0018955817376269841, 1.5062360540625102, -0.002999174719602353, 0.0011035929819753687, 0.0, 6.103, 0.3183507416773495, 2925.2283389042814, 698.3468247136657, 3808.7170537245784, 0.7680350883622805
0.0015, 0.2860806535506024, 3.580986219567647E-4, 2.1949798191234926, 22.2421508903497, 7.383824404121482, -0.0018581180954355997, 1.5098573513309688, -0.003188695233083918, 0.0013305771376483184, 0.0, 6.103, 0.34109008036858873, 2925.2283389042814, 698.3468247136657, 3808.7170537245784, 0.7680350883622805
0.0016, 0.3000762958340733, 3.8197186342054886E-4, 3.50202389972766, 12.900087360426895, 8.188883216275425, -0.0017902483867317095, 1.5060257443714222, -0.0033766230161081877, 0.0015863746293764782, 0.0, 6.103, 0.363829419059828, 2925.2283389042814, 698.3468247136657, 3808.7170537245784, 0.7680350883622805
0.0017, 0.3110055159484283, 4.0584510488433315E-4, 4.876304803238043, 18.02201914708883, 9.0413758432476, -0.001690373693083378, 1.508653028642704, -0.0035630577486152858, 0.0018726840555319077, 0.0, 6.103, 0.38656875775106725, 2925.2283389042814, 698.3468247136657, 3808.7170537245784, 0.7680350883622805
0.0018, 0.32734186921120534, 4.297183463481176E-4, 6.318270220999296, 17.98032775245029, 9.941302285038017, -0.0015568833473249247, 1.5074135598904383, -0.003748087361811589, 0.0021912040144866645, 0.0, 6.103, 0.40930809644230653, 2925.2283389042814, 698.3468247136657, 3808.7170537245784, 0.7680350883622805
0.0019, 0.3377164644324095, 4.535915878119019E-4, 7.828295168418213, 20.95536689000306, 10.888662541646653, -0.001388156896110427, 1.5114110612796454, -0.003931790000723226, 0.0025436331046127993, 0.0, 6.103, 0.43204743513354577, 2925.2283389042814, 698.3468247136657, 3808.7170537245784, 0.7680350883622805
0.002, 0.35743824136518754, 4.7746482927568624E-4, 9.406696911181754, 24.517134540098418, 11.883456613073525, -0.001182565648220652, 1.5158705254395022, -0.004114235572503025, 0.002931669924282373, 0.0, 6.103, 0.45478677382478494, 2925.2283389042814, 698.3468247136657, 3808.7170537245784, 0.7680350883622805
0.0021, 0.36517000124861493, 5.013380707394704E-4, 11.053746245954514, 25.506826098158903, 12.92568449931862, -9.384739124849756E-4, 1.513855489188735, -0.0042954869843524115, 0.003357013071867436, 0.0, 6.103, 0.47752611251602417, 2925.2283389042814, 698.3468247136657, 3808.7170537245784, 0.7680350883622805
0.0022, 0.3884965209933588, 5.252113122032547E-4, 12.769676154420083, 10.65318102907313, 14.015346200381952, -6.542399994119196E-4, 1.5049425783080008, -0.0044756011451519695, 0.00382136114574005, 0.0, 6.103, 0.5002654512072634, 2925.2283389042814, 698.3468247136657, 3808.7170537245784, 0.7680350883622805
0.0023, 0.39418636150725006, 5.490845536670391E-4, 14.55468853204895, 23.189157638217804, 15.152441716263517, -3.2821704035750424E-4, 1.5093689917572957, -0.004654629784629776, 0.004326412744272271, 0.0, 6.103, 0.5230047898985026, 2925.2283389042814, 698.3468247136657, 3808.7170537245784, 0.7680350883622805
0.0024, 0.3976241049117633, 5.729577951308231E-4, 16.408959483753097, 21.222821920700493, 16.3369710469633, 4.124633601799814E-5, 1.5095087832770195, -0.004832620129818146, 0.004873866465836144, 0.0, 6.103, 0.5457441285897418, 2925.2283389042814, 698.3468247136657, 3808.7170537245784, 0.7680350883622805
0.0025, 0.4067215255763038, 5.968310365946075E-4, 18.332643537786076, 30.015484668623863, 17.568934192481322, 4.558054402152272E-4, 1.5156053799906761, -0.005009615468588517, 0.005465420908803744, 0.0, 6.103, 0.568483467280981, 2925.2283389042814, 698.3468247136657, 3808.7170537245784, 0.7680350883622805
0.0026, 0.4132368876711069, 6.207042780583919E-4, 20.325877032679436, 30.097655771444984, 18.848331152817586, 9.171190486578036E-4, 1.5156571184645982, -0.005185655622889315, 0.006102774671547118, 0.0, 6.103, 0.5912228059722202, 2925.2283389042814, 698.3468247136657, 3808.7170537245784, 0.7680350883622805
0.0027, 0.4231298416362658, 6.445775195221761E-4, 22.388780864629684, 46.611092750539164, 20.175161927972063, 0.0014268490033580864, 1.529876044295935, -0.005360777349080229, 0.006787626352438315, 0.0, 6.103, 0.6139621446634594, 2925.2283389042814, 698.3468247136657, 3808.7170537245784, 0.7680350883622805
0.0028, 0.4322594244488004, 6.684507609859605E-4, 24.521462734995325, 29.85446970636476, 21.549426517944788, 0.0019866598709652704, 1.5154346844752997, -0.005535014678884134, 0.007521674549849405, 0.0, 6.103, 0.6367014833546986, 2925.2283389042814, 698.3468247136657, 3808.7170537245784, 0.7680350883622805
0.0029, 0.4451448304920287, 6.923240024497446E-4, 26.72401900322869, 46.22483877905065, 22.97112492273573, 0.0025982186505768435, 1.5284126057554637, -0.005708399211575585, 0.008306617862152428, 0.0, 6.103, 0.6594408220459378, 2925.2283389042814, 698.3468247136657, 3808.7170537245784, 0.7680350883622805
0.003, 0.450019219147264, 7.161972439135289E-4, 28.99653622555382, 40.275279434391784, 24.440257142344905, 0.0032631945218950876, 1.5288144657614846, -0.005880960365824366, 0.009144154887719453, 0.0, 6.103, 0.682180160737177, 2925.2283389042814, 698.3468247136657, 3808.7170537245784, 0.7680350883622805
0.0031, 0.46121265698246666, 7.400704853773128E-4, 31.33909244125356, 40.382006145066555, 25.956823176772286, 0.003983258626996051, 1.5247063568641475, -0.0060527255979264645, 0.010035984224922516, 0.0, 6.103, 0.7049194994284163, 2925.2283389042814, 698.3468247136657, 3808.7170537245784, 0.7680350883622805
0.0032, 0.4566956389053738, 7.639437268410973E-4, 33.75175825467232, 44.07146135427532, 27.520823026017936, 0.004760083880283705, 1.530513983619879, -0.006223720591850007, 0.010983804472133712, 0.0, 6.103, 0.7276588381196554, 2925.2283389042814, 698.3468247136657, 3808.7170537245784, 0.7680350883622805
0.0033, 0.46767467386483025, 7.878169683048817E-4, 36.23459775067057, 47.54895829477182, 29.132256690081817, 0.005595344802220305, 1.5323837993985725, -0.006393969425504765, 0.01198931422772507, 0.0, 6.103, 0.7503981768108946, 2925.2283389042814, 698.3468247136657, 3808.7170537245784, 0.7680350883622805
0.0034, 0.48982019628568446, 8.116902097686655E-4, 38.78766927337903, 40.253981870078356, 30.79112416896389, 0.006490717373227322, 1.521574133330594, -0.006563494716841305, 0.013054212090068627, 0.0, 6.103, 0.7731375155021338, 2925.2283389042814, 698.3468247136657, 3808.7170537245784, 0.7680350883622805
0.0035, 0.485591678632071, 8.355634512324502E-4, 41.4110260920385, 53.21011097382877, 32.49742546266424, 0.007447878904787699, 1.5386887727314886, -0.006732317752748799, 0.014180196657536498, 0.0, 6.103, 0.7958768541933731, 2925.2283389042814, 698.3468247136657, 3808.7170537245784, 0.7680350883622805
0.0036, 0.48151071663099726, 8.594366926962345E-4, 44.10471697301872, 39.585349685166285, 34.2511605711828, 0.008468507925289671, 1.5215062215356436, -0.006900458603211013, 0.015368966528500685, 0.0, 6.103, 0.8186161928846122, 2925.2283389042814, 698.3468247136657, 3808.7170537245784, 0.7680350883622805
0.0037, 0.47854148438063693, 8.833099341600185E-4, 46.86878667344769, 44.64225098095447, 36.05232949451958, 0.009554284078563645, 1.533128571189178, -0.007067936222769608, 0.016622220301333254, 0.0, 6.103, 0.8413555315758514, 2925.2283389042814, 698.3468247136657, 3808.7170537245784, 0.7680350883622805
0.0038, 0.5069424235119282, 9.071831756238029E-4, 49.703276368998075, 38.08797352072455, 37.90093223267461, 0.010706888033394894, 1.515013389639462, -0.007234768541011389, 0.017941656574406283, 0.0, 6.103, 0.8640948702670906, 2925.2283389042814, 698.3468247136657, 3808.7170537245784, 0.7680350883622805
0.0039, 0.5024468959928454, 9.310564170875872E-4, 52.608224026096906, 39.90760991902712, 39.79696878564787, 0.011928001402567057, 1.5178259689104014, -0.007400972543524751, 0.01932897394609181, 0.0, 6.103, 0.8868342089583299, 2925.2283389042814, 698.3468247136657, 3808.7170537245784, 0.7680350883622805
0.004, 0.48685179254118455, 9.549296585513715E-4, 55.58366472700411, 60.82885041424601, 41.740439153439354, 0.013219306670213805, 1.546877055392648, -0.007566564344548088, 0.020785871014761894, 0.0, 6.103, 0.9095735476495691, 2925.2283389042814, 698.3468247136657, 3808.7170537245784, 0.7680350883622805
0.0041, 0.509521207355081, 9.788029000151557E-4, 58.62963095474472, 53.59917741449304, 43.73134333604906, 0.014582487126439206, 1.5300881265042963, -0.007731559252349385, 0.02231404637878859, 0.0, 6.103, 0.9323128863408084, 2925.2283389042814, 698.3468247136657, 3808.7170537245784, 0.7680350883622805
0.0042, 0.5179582269727405, 0.0010026761414789404, 61.746152843701445, 48.99536906606153, 45.769681333477045, 0.01601922680832002, 1.5298830836458976, -0.007895971828223965, 0.023915198636543986, 0.0, 6.103, 0.9550522250320478, 2925.2283389042814, 698.3468247136657, 3808.7170537245784, 0.7680350883622805
0.0043, 0.5115782899790453, 0.0010265493829427243, 64.93325840071654, 44.61306280991767, 47.85545314572319, 0.01753121044652943, 1.5223215348152817, -0.008059815939870624, 0.025591026386400054, 0.0, 6.103, 0.977791563723287, 2925.2283389042814, 698.3468247136657, 3808.7170537245784, 0.7680350883622805
0.0044, 0.5047394223748645, 0.0010504226244065088, 68.19097370077357, 46.51547123367448, 49.988658772787616, 0.01912012341692877, 1.533187496521951, -0.008223104809800184, 0.027343228226728952, 0.0, 6.103, 1.0005309024145264, 2925.2283389042814, 698.3468247136657, 3808.7170537245784, 0.7680350883622805
0.0045, 0.520527527365558, 0.001074295865870293, 71.51932306068527, 43.74652828072589, 52.169298214670256, 0.020787651696561375, 1.522599953320842, -0.008385851059341297, 0.02917350275590267, 0.0, 6.103, 1.0232702411057657, 2925.2283389042814, 698.3468247136657, 3808.7170537245784, 0.7680350883622805
0.0046, 0.4724756868598442, 0.001098169107334078, 74.91832919369112, 36.32215056479571, 54.39737147137119, 0.022535481823560438, 1.509818779969612, -0.0085480667487329, 0.03108354857229334, 0.0, 6.103, 1.046009579797005, 2925.2283389042814, 698.3468247136657, 3808.7170537245784, 0.7680350883622805
0.0047, 0.5146831660361114, 0.001122042348797862, 78.3880133474264, 68.90469719553761, 56.672878542890274, 0.024365300860543917, 1.5522105480135409, -0.008709763413728974, 0.03307506427427289, 0.0, 6.103, 1.0687489184882442, 2925.2283389042814, 698.3468247136657, 3808.7170537245784, 0.7680350883622805
0.0048, 0.4676053432783366, 0.0011459155902616468, 81.92839542736598, 67.98018287656926, 58.99581942922765, 0.026278796361126754, 1.552587050310322, -0.008870952099086745, 0.0351497484602135, 0.0, 6.103, 1.0914882571794835, 2925.2283389042814, 698.3468247136657, 3808.7170537245784, 0.7680350883622805
0.0049, 0.5238214820483035, 0.0011697888317254304, 85.53949410753765, 53.965222854047454, 61.36619413038315, 0.028277656339223925, 1.5311240001873085, -0.009031643389263154, 0.03730929972848708, 0.0, 6.103, 1.1142275958707228, 2925.2283389042814, 698.3468247136657, 3808.7170537245784, 0.7680350883622805
0.005, 0.46657081146792134, 0.0011936620731892152, 89.2213269300516, 67.46037525186965, 63.784002646356996, 0.030363569240861286, 1.5432417868598167, -0.009191847436604592, 0.03955541667746588, 0.0, 6.103, 1.1369669345619622, 2925.2283389042814, 698.3468247136657, 3808.7170537245784, 0.7680350883622805
0.0051, 0.5030039524195972, 0.0012175353146529997, 92.97391039477154, 58.28941867800566, 66.24924497714905, 0.032538223918241155, 1.5355314627047958, -0.009351573987280676, 0.04188979790552183, 0.0, 6.103, 1.1597062732532015, 2925.2283389042814, 698.3468247136657, 3808.7170537245784, 0.7680350883622805
0.0052, 0.4777236846651679, 0.0012414085561167842, 96.79726004027975, 72.08084660190114, 68.76192112275933, 0.034803309605843734, 1.5547523330560729, -0.009510832405183292, 0.04431414201102703, 0.0, 6.103, 1.1824456119444409, 2925.2283389042814, 698.3468247136657, 3808.7170537245784, 0.7680350883622805
0.0053, 0.5119346923385502, 0.0012652817975805685, 100.69139051712887, 58.75230115553415, 71.32203108318782, 0.03716051589836677, 1.5380460231266158, -0.009669631693986708, 0.046830147592353474, 0.0, 6.103, 1.20518495063568, 2925.2283389042814, 698.3468247136657, 3808.7170537245784, 0.7680350883622805
0.0054, 0.4715692873745252, 0.0012891550390443521, 104.65631565424667, 44.20665247866714, 73.92957485843445, 0.039611532730330974, 1.5142273817377776, -0.009827980517542224, 0.0494395132478732, 0.0, 6.103, 1.2279242893269193, 2925.2283389042814, 698.3468247136657, 3808.7170537245784, 0.7680350883622805
0.0055, 0.4894638999397965, 0.0013130282805081366, 108.69204851924802, 79.47439236935287, 76.58455244849944, 0.042158050357196754, 1.5609290465102028, -0.009985887218761662, 0.052143937575958414, 0.0, 6.103, 1.2506636280181587, 2925.2283389042814, 698.3468247136657, 3808.7170537245784, 0.7680350883622805
0.0056, 0.4769332981518818, 0.0013369015219719213, 112.79860147331122, 81.7231108631103, 79.28696385338267, 0.044801759337853984, 1.563458624148494, -0.010143359837127136, 0.05494511917498112, 0.0, 6.103, 1.273402966709398, 2925.2283389042814, 698.3468247136657, 3808.7170537245784, 0.7680350883622805
0.0057, 0.4503190883187616, 0.0013607747634357059, 116.97598622119847, 62.431198814387415, 82.03680907308411, 0.047544350518363546, 1.5437372484249074, -0.010300406124949774, 0.057844756643313316, 0.0, 6.103, 1.2961423054006374, 2925.2283389042814, 698.3468247136657, 3808.7170537245784, 0.7680350883622805
0.0058, 0.4387659929817801, 0.00138464800489949, 121.22421385692545, 48.1536286295449, 84.83408810760372, 0.05038751501683988, 1.5090744737087611, -0.010457033562487143, 0.06084454857932702, 0.0, 6.103, 1.3188816440918767, 2925.2283389042814, 698.3468247136657, 3808.7170537245784, 0.7680350883622805
0.0059, 0.4474215783577661, 0.0014085212463632744, 125.54329490552729, 70.46935104434804, 87.67880095694163, 0.053332944209376544, 1.5479835319017057, -0.010613249372017875, 0.06394619358139442, 0.0, 6.103, 1.3416209827831158, 2925.2283389042814, 698.3468247136657, 3808.7170537245784, 0.7680350883622805
0.006, 0.43075534956102546, 0.0014323944878270583, 129.9332393613134, 91.92199899700583, 90.57094762109767, 0.056382329716925576, 1.5822131444743823, -0.010769060530961808, 0.06715139024788738, 0.0, 6.103, 1.3643603214743552, 2925.2283389042814, 698.3468247136657, 3808.7170537245784, 0.7680350883622805
0.0061, 0.4305696944824176, 0.0014562677292908432, 134.39405672296195, 52.91111954969107, 93.5105281000721, 0.059537363393053, 1.5151523593524963, -0.010924473784125253, 0.07046183717717826, 0.0, 6.103, 1.3870996601655945, 2925.2283389042814, 698.3468247136657, 3808.7170537245784, 0.7680350883622805
0.0062, 0.4050399820621338, 0.0014801409707546273, 138.9257560257582, 75.6619584608611, 96.49754239386465, 0.06279973731249569, 1.5480752869618357, -0.011079495655143108, 0.07387923296763879, 0.0, 6.103, 1.4098389988568338, 2925.2283389042814, 698.3468247136657, 3808.7170537245784, 0.7680350883622805
0.0063, 0.4149949359389432, 0.0015040142122184116, 143.52834587125656, 78.15159660687112, 99.53199050247542, 0.06617114376045861, 1.5547044869643072, -0.011234132457182605, 0.07740527621764122, 0.0, 6.103, 1.4325783375480732, 2925.2283389042814, 698.3468247136657, 3808.7170537245784, 0.7680350883622805
0.0064, 0.4033857124853704, 0.0015278874536821963, 148.20183445460404, 66.93799375494403, 102.61387242590453, 0.0696532752225903, 1.5359235979196837, -0.011388390302967297, 0.0810416655255576, 0.0, 6.103, 1.4553176762393125, 2925.2283389042814, 698.3468247136657, 3808.7170537245784, 0.7680350883622805
0.0065, 0.38707286167860605, 0.0015517606951459808, 152.9462295897466, 79.68855976611763, 105.74318816415182, 0.07324782437558547, 1.5631296340267087, -0.011542275114174438, 0.08479009948975991, 0.0, 6.103, 1.4780570149305516, 2925.2283389042814, 698.3468247136657, 3808.7170537245784, 0.7680350883622805
0.0066, 0.39964439509574035, 0.0015756339366097647, 157.76153873271122, 84.28650107397623, 108.91993771721727, 0.07695648407836622, 1.5492988795028966, -0.011695792630253918, 0.08865227670862014, 0.0, 6.103, 1.500796353621791, 2925.2283389042814, 698.3468247136657, 3808.7170537245784, 0.7680350883622805
0.0067, 0.3682124468493134, 0.0015995071780735492, 162.64776900313706, 99.96114517874497, 112.144121085101, 0.08078094736379794, 1.5883150888044213, -0.011848948416712617, 0.09262989578051056, 0.0, 6.103, 1.5235356923130303, 2925.2283389042814, 698.3468247136657, 3808.7170537245784, 0.7680350883622805
0.0068, 0.3553553106278448, 0.0016233804195373337, 167.6049272042109, 71.51055678501326, 115.415738267803, 0.08472290743089898, 1.5162145362424804, -0.012001747872904098, 0.09672465530380309, 0.0, 6.103, 1.5462750310042697, 2925.2283389042814, 698.3468247136657, 3808.7170537245784, 0.7680350883622805
