This fits B3 to B10 into the virial expansion since maxPower is set to 8.
Number of particles: 108
dryVolFracMax: 0.007
dryVolFracIncrement: 1.0E-4
Initial configuration: FCC
Dry microgel radius [nm]: 50.0
Box length [units of dry radius]: 40.130210850472906
Number of monomers: 2916666.666666667
Number of chains: 175.00000000000003
Flory interaction parameter (chi): 0.0
Young's calibration factor: 1.0
x-link fraction: 6.0E-5
MC steps: 100000
Equilibration steps: 10000.0
Snapshot interval: 100
Displacement tolerance: 0.1
Particle radius change tolerance: 0.0
Particle radius bin width: 0.001
g(r) bin width: 0.005
phi0, phi, rho, mu/kT, Z_measured, Z_virial_Fit, <F_total>/V, QMelting, <F_id>/V, <F_ex>/V, <F_FR>/V, <alpha>, Zeta, B2_rho, B2_phi0, B2_HS, B2*
2.0E-4, 0.04432937994206234, 4.774648292756861E-5, -7.815056211955226, 1.8455424415673258, 2.3324527338698573, -4.8450786263918704E-4, 1.5005009447598059, -5.213638970822166E-4, 3.6856034443029586E-5, 0.0, 6.103, 0.04547867738247849, 2925.2283389042814, 698.3468247136657, 3808.7170537245784, 0.7680350883622805
3.0E-4, 0.06628284682471296, 7.161972439135293E-5, -5.305393981647063, 2.5608050012600843, 3.6565595883263957, -6.418526446896005E-4, 1.5006946737021207, -7.530065463303081E-4, 1.1115390164070762E-4, 0.0, 6.103, 0.06821801607371773, 2925.2283389042814, 698.3468247136657, 3808.7170537245784, 0.7680350883622805
4.0E-4, 0.08731470965037727, 9.549296585513724E-5, -2.4753947136857395, 7.818222068457616, 5.224193738275478, -7.352565371417411E-4, 1.5012579538387538, -9.765371141186377E-4, 2.412805769768966E-4, 0.0, 6.103, 0.09095735476495698, 2925.2283389042814, 698.3468247136657, 3808.7170537245784, 0.7680350883622805
5.0E-4, 0.10904269040286411, 1.1936620731892148E-4, 0.5565405943661066, 6.200949715226205, 6.910410955950581, -7.584374068584428E-4, 1.5015938011731018, -0.0011940355932402447, 4.3559818638180185E-4, 0.0, 6.103, 0.11369669345619622, 2925.2283389042814, 698.3468247136657, 3808.7170537245784, 0.7680350883622805
6.0E-4, 0.1286882924553462, 1.4323944878270585E-4, 3.668390151109868, 10.14165876272226, 8.611529480710841, -7.080525528281564E-4, 1.501869621008503, -0.001406727072591923, 6.986745197637665E-4, 0.0, 6.103, 0.13643603214743547, 2925.2283389042814, 698.3468247136657, 3808.7170537245784, 0.7680350883622805
7.0E-4, 0.1475194435762723, 1.6711269024649017E-4, 6.75498068992605, 9.567702277776752, 10.246588445857736, -5.834919653792542E-4, 1.5015576117432152, -0.0016154210498813184, 0.0010319290845020642, 0.0, 6.103, 0.15917537083867472, 2925.2283389042814, 698.3468247136657, 3808.7170537245784, 0.7680350883622805
8.0E-4, 0.16646831916845897, 1.9098593171027449E-4, 9.734318856687105, 7.785308169237986, 11.757431617569374, -3.8638607559204744E-4, 1.5013958174211304, -0.0018206928681456847, 0.0014343067925536373, 0.0, 6.103, 0.18191470952991398, 2925.2283389042814, 698.3468247136657, 3808.7170537245784, 0.7680350883622805
9.0E-4, 0.18447014976613751, 2.148591731740588E-4, 12.549061034095898, 16.4633800373821, 13.107699719834606, -1.2002864612086286E-4, 1.5034269147638297, -0.0020229727110088343, 0.0019029440648879715, 0.0, 6.103, 0.20465404822115324, 2925.2283389042814, 698.3468247136657, 3808.7170537245784, 0.7680350883622805
0.001, 0.20484489901358094, 2.38732414637843E-4, 15.1656796191637, 14.399124626630739, 14.280985931119137, 2.1120506036173678E-4, 1.503465761463842, -0.0022225944863660013, 0.002433799546727738, 0.0, 6.103, 0.22739338691239247, 2925.2283389042814, 698.3468247136657, 3808.7170537245784, 0.7680350883622805
0.0011, 0.21918259735616796, 2.626056561016274E-4, 17.572328235527777, 21.845145197412553, 15.278381690108986, 6.024033376217618E-4, 1.5055018058373373, -0.0024198249427019227, 0.0030222282803236845, 0.0, 6.103, 0.25013272560363176, 2925.2283389042814, 698.3468247136657, 3808.7170537245784, 0.7680350883622805
0.0012, 0.23542237322873188, 2.864788975654117E-4, 19.77592525078573, 11.607533829058816, 16.115613739253586, 0.0010486020065697136, 1.5028057744039243, -0.00261488210504646, 0.0036634841116161736, 0.0, 6.103, 0.272872064294871, 2925.2283389042814, 698.3468247136657, 3808.7170537245784, 0.7680350883622805
0.0013, 0.2535315720883239, 3.10352139029196E-4, 21.798785725555575, 18.549296194772264, 16.81994836597184, 0.0015451928244252858, 1.5036307920957321, -0.002807947521593494, 0.00435314034601878, 0.0, 6.103, 0.2956114029861102, 2925.2283389042814, 698.3468247136657, 3808.7170537245784, 0.7680350883622805
0.0014, 0.27425901345347053, 3.342253804929803E-4, 23.67504006340185, 14.532913012918046, 17.427015072288523, 0.0020882485299845, 1.5022522237948988, -0.002999174719602353, 0.005087423249586853, 0.0, 6.103, 0.3183507416773495, 2925.2283389042814, 698.3468247136657, 3808.7170537245784, 0.7680350883622805
0.0015, 0.2860806535506024, 3.580986219567647E-4, 25.447023195087674, 22.2421508903497, 17.977679414337157, 0.002674761714808091, 1.505324471520725, -0.003188695233083918, 0.005863456947892009, 0.0, 6.103, 0.34109008036858873, 2925.2283389042814, 698.3468247136657, 3808.7170537245784, 0.7680350883622805
0.0016, 0.3000762958340733, 3.8197186342054886E-4, 27.161780078298634, 12.900087360426895, 18.51507350359698, 0.0033027986227895097, 1.500932697361901, -0.0033766230161081877, 0.006679421638897697, 0.0, 6.103, 0.363829419059828, 2925.2283389042814, 698.3468247136657, 3808.7170537245784, 0.7680350883622805
0.0017, 0.3110055159484283, 4.0584510488433315E-4, 28.867803403571646, 18.02201914708883, 19.081872651927448, 0.003971572092291862, 1.5029910828573287, -0.0035630577486152858, 0.007534629840907148, 0.0, 6.103, 0.38656875775106725, 2925.2283389042814, 698.3468247136657, 3808.7170537245784, 0.7680350883622805
0.0018, 0.32734186921120534, 4.297183463481176E-4, 30.612094166130586, 17.98032775245029, 19.71788787242328, 0.004681440313307154, 1.5011752362298063, -0.003748087361811589, 0.008429527675118743, 0.0, 6.103, 0.40930809644230653, 2925.2283389042814, 698.3468247136657, 3808.7170537245784, 0.7680350883622805
0.0019, 0.3377164644324095, 4.535915878119019E-4, 32.43761358974631, 20.95536689000306, 20.458026417835754, 0.005433839966637974, 1.504589064416897, -0.003931790000723226, 0.0093656299673612, 0.0, 6.103, 0.43204743513354577, 2925.2283389042814, 698.3468247136657, 3808.7170537245784, 0.7680350883622805
0.002, 0.35743824136518754, 4.7746482927568624E-4, 34.381174994958855, 24.517134540098418, 21.330656247793577, 0.0062311637055744214, 1.508456796085707, -0.004114235572503025, 0.010345399278077446, 0.0, 6.103, 0.45478677382478494, 2925.2283389042814, 698.3468247136657, 3808.7170537245784, 0.7680350883622805
0.0021, 0.36517000124861493, 5.013380707394704E-4, 36.47180619285971, 25.506826098158903, 22.35639526530554, 0.007076592882114863, 1.505840422394135, -0.0042954869843524115, 0.011372079866467275, 0.0, 6.103, 0.47752611251602417, 2925.2283389042814, 698.3468247136657, 3808.7170537245784, 0.7680350883622805
0.0022, 0.3884965209933588, 5.252113122032547E-4, 38.729596645190014, 10.65318102907313, 23.547332352044766, 0.00797389695161943, 1.4963144413569696, -0.0044756011451519695, 0.0124494980967714, 0.0, 6.103, 0.5002654512072634, 2925.2283389042814, 698.3468247136657, 3808.7170537245784, 0.7680350883622805
0.0023, 0.39418636150725006, 5.490845536670391E-4, 41.16502884424165, 23.189157638217804, 24.90667466068706, 0.00892721115023774, 1.5001135635667004, -0.004654629784629776, 0.013581840934867516, 0.0, 6.103, 0.5230047898985026, 2925.2283389042814, 698.3468247136657, 3808.7170537245784, 0.7680350883622805
0.0024, 0.3976241049117633, 5.729577951308231E-4, 43.77878006456261, 21.222821920700493, 26.428804291124493, 0.009940803864722285, 1.4996092257483151, -0.004832620129818146, 0.014773423994540432, 0.0, 6.103, 0.5457441285897418, 2925.2283389042814, 698.3468247136657, 3808.7170537245784, 0.7680350883622805
0.0025, 0.4067215255763038, 5.968310365946075E-4, 46.561968782902575, 30.015484668623863, 28.09971738567401, 0.011018844639278116, 1.5050423407916131, -0.005009615468588517, 0.016028460107866634, 0.0, 6.103, 0.568483467280981, 2925.2283389042814, 698.3468247136657, 3808.7170537245784, 0.7680350883622805
0.0026, 0.4132368876711069, 6.207042780583919E-4, 49.49680962903856, 30.097655771444984, 29.897809826475054, 0.01216518302311689, 1.504409054490139, -0.005185655622889315, 0.017350838646006204, 0.0, 6.103, 0.5912228059722202, 2925.2283389042814, 698.3468247136657, 3808.7170537245784, 0.7680350883622805
0.0027, 0.4231298416362658, 6.445775195221761E-4, 52.557631703012355, 46.611092750539164, 31.794966106098855, 0.013383147489127072, 1.517919745810166, -0.005360777349080229, 0.0187439248382073, 0.0, 6.103, 0.6139621446634594, 2925.2283389042814, 698.3468247136657, 3808.7170537245784, 0.7680350883622805
0.0028, 0.4322594244488004, 6.684507609859605E-4, 55.7122074643537, 29.85446970636476, 33.7579015699978, 0.014675372482001077, 1.502745971864264, -0.005535014678884134, 0.02021038716088521, 0.0, 6.103, 0.6367014833546986, 2925.2283389042814, 698.3468247136657, 3808.7170537245784, 0.7680350883622805
0.0029, 0.4451448304920287, 6.923240024497446E-4, 58.92333315982599, 46.22483877905065, 35.74970309676163, 0.016043660316550898, 1.5149671640894897, -0.005708399211575585, 0.021752059528126484, 0.0, 6.103, 0.6594408220459378, 2925.2283389042814, 698.3468247136657, 3808.7170537245784, 0.7680350883622805
0.003, 0.450019219147264, 7.161972439135289E-4, 62.15059690406312, 40.275279434391784, 37.73150938931195, 0.017488883176948553, 1.5145887771064312, -0.005880960365824366, 0.023369843542772918, 0.0, 6.103, 0.682180160737177, 2925.2283389042814, 698.3468247136657, 3808.7170537245784, 0.7680350883622805
0.0031, 0.46121265698246666, 7.400704853773128E-4, 65.35226705931566, 40.382006145066555, 39.664269396998094, 0.01901092889832272, 1.509678686592821, -0.0060527255979264645, 0.025063654496249185, 0.0, 6.103, 0.7049194994284163, 2925.2283389042814, 698.3468247136657, 3808.7170537245784, 0.7680350883622805
0.0032, 0.4566956389053738, 7.639437268410973E-4, 68.48723147466298, 44.07146135427532, 41.51051597526563, 0.02060869257654177, 1.514665374923621, -0.006223720591850007, 0.02683241316839178, 0.0, 6.103, 0.7276588381196554, 2925.2283389042814, 698.3468247136657, 3808.7170537245784, 0.7680350883622805
0.0033, 0.46767467386483025, 7.878169683048817E-4, 71.51691744002409, 47.54895829477182, 43.2360917159462, 0.022280114383102113, 1.5156990298176907, -0.006393969425504765, 0.02867408380860688, 0.0, 6.103, 0.7503981768108946, 2925.2283389042814, 698.3468247136657, 3808.7170537245784, 0.7680350883622805
0.0034, 0.48982019628568446, 8.116902097686655E-4, 74.40712288528428, 40.253981870078356, 44.81176494740828, 0.02402226229277344, 1.504042588411048, -0.006563494716841305, 0.030585757009614745, 0.0, 6.103, 0.7731375155021338, 2925.2283389042814, 698.3468247136657, 3808.7170537245784, 0.7680350883622805
0.0035, 0.485591678632071, 8.355634512324502E-4, 77.12969140922107, 53.21011097382877, 46.21467620975693, 0.025831456794967993, 1.5203051948413082, -0.006732317752748799, 0.03256377454771679, 0.0, 6.103, 0.7958768541933731, 2925.2283389042814, 698.3468247136657, 3808.7170537245784, 0.7680350883622805
0.0036, 0.48151071663099726, 8.594366926962345E-4, 79.66396715610011, 39.585349685166285, 47.429559055961704, 0.027703433088604734, 1.5022712963723286, -0.006900458603211013, 0.03460389169181575, 0.0, 6.103, 0.8186161928846122, 2925.2283389042814, 698.3468247136657, 3808.7170537245784, 0.7680350883622805
0.0037, 0.47854148438063693, 8.833099341600185E-4, 81.99797036962056, 44.64225098095447, 48.449683815290484, 0.029633534787489365, 1.5130493204802524, -0.007067936222769608, 0.036701471010258974, 0.0, 6.103, 0.8413555315758514, 2925.2283389042814, 698.3468247136657, 3808.7170537245784, 0.7680350883622805
0.0038, 0.5069424235119282, 9.071831756238029E-4, 84.12924064389667, 38.08797352072455, 49.27747898061705, 0.03161693182177984, 1.4941033458510768, -0.007234768541011389, 0.03885170036279123, 0.0, 6.103, 0.8640948702670906, 2925.2283389042814, 698.3468247136657, 3808.7170537245784, 0.7680350883622805
0.0039, 0.5024468959928454, 9.310564170875872E-4, 86.06530245937192, 39.90760991902712, 49.92479214621039, 0.03364885404388807, 1.4961051162690804, -0.007400972543524751, 0.041049826587412824, 0.0, 6.103, 0.8868342089583299, 2925.2283389042814, 698.3468247136657, 3808.7170537245784, 0.7680350883622805
0.004, 0.48685179254118455, 9.549296585513715E-4, 87.8237165377364, 60.82885041424601, 50.41276092736473, 0.03572483106709461, 1.5243715309957673, -0.007566564344548088, 0.0432913954116427, 0.0, 6.103, 0.9095735476495691, 2925.2283389042814, 698.3468247136657, 3808.7170537245784, 0.7680350883622805
0.0041, 0.509521207355081, 9.788029000151557E-4, 89.43169087391217, 53.59917741449304, 50.771274037704416, 0.03784092811507623, 1.506829685515659, -0.007731559252349385, 0.04557248736742561, 0.0, 6.103, 0.9323128863408084, 2925.2283389042814, 698.3468247136657, 3808.7170537245784, 0.7680350883622805
0.0042, 0.5179582269727405, 0.0010026761414789404, 90.92523700498312, 48.99536906606153, 51.03801368441009, 0.03999396717338455, 1.5059083432808331, -0.007895971828223965, 0.04788993900160851, 0.0, 6.103, 0.9550522250320478, 2925.2283389042814, 698.3468247136657, 3808.7170537245784, 0.7680350883622805
0.0043, 0.5115782899790453, 0.0010265493829427243, 92.34787015558135, 44.61306280991767, 51.25708266548395, 0.042181722542590866, 1.4976710227192203, -0.008059815939870624, 0.05024153848246149, 0.0, 6.103, 0.977791563723287, 2925.2283389042814, 698.3468247136657, 3808.7170537245784, 0.7680350883622805
0.0044, 0.5047394223748645, 0.0010504226244065088, 93.74886635640584, 46.51547123367448, 51.47723301718497, 0.04440308003013557, 1.5079045399087443, -0.008223104809800184, 0.05262618483993575, 0.0, 6.103, 1.0005309024145264, 2925.2283389042814, 698.3468247136657, 3808.7170537245784, 0.7680350883622805
0.0045, 0.520527527365558, 0.001074295865870293, 95.1811054675651, 43.74652828072589, 51.74972776318009, 0.04665814951687665, 1.4967294555005268, -0.008385851059341297, 0.055044000576217944, 0.0, 6.103, 1.0232702411057657, 2925.2283389042814, 698.3468247136657, 3808.7170537245784, 0.7680350883622805
0.0046, 0.4724756868598442, 0.001098169107334078, 96.69854625080482, 36.32215056479571, 52.125883260354385, 0.04894832152773168, 1.4834059402654405, -0.0085480667487329, 0.05749638827646458, 0.0, 6.103, 1.046009579797005, 2925.2283389042814, 698.3468247136657, 3808.7170537245784, 0.7680350883622805
0.0047, 0.5146831660361114, 0.001122042348797862, 98.35339822513427, 68.90469719553761, 52.654356819522945, 0.0512762597565703, 1.5252995891175145, -0.008709763413728974, 0.059986023170299274, 0.0, 6.103, 1.0687489184882442, 2925.2283389042814, 698.3468247136657, 3808.7170537245784, 0.7680350883622805
0.0048, 0.4676053432783366, 0.0011459155902616468, 100.19307500761249, 67.98018287656926, 53.37826270163805, 0.05364582327658227, 1.5252200233948665, -0.008870952099086745, 0.06251677537566902, 0.0, 6.103, 1.0914882571794835, 2925.2283389042814, 698.3468247136657, 3808.7170537245784, 0.7680350883622805
0.0049, 0.5238214820483035, 0.0011697888317254304, 102.25703518694421, 53.965222854047454, 54.33221925349335, 0.056061914441457306, 1.5033397420850751, -0.009031643389263154, 0.06509355783072046, 0.0, 6.103, 1.1142275958707228, 2925.2283389042814, 698.3468247136657, 3808.7170537245784, 0.7680350883622805
0.005, 0.46657081146792134, 0.0011936620731892152, 104.57363949997752, 67.46037525186965, 55.53945084845509, 0.05853025128292025, 1.5150751048177578, -0.009191847436604592, 0.06772209871952484, 0.0, 6.103, 1.1369669345619622, 2925.2283389042814, 698.3468247136657, 3808.7170537245784, 0.7680350883622805
0.0051, 0.5030039524195972, 0.0012175353146529997, 107.15717718158572, 58.28941867800566, 57.00909044072705, 0.061057066569273594, 1.5070126200537632, -0.009351573987280676, 0.07040864055655427, 0.0, 6.103, 1.1597062732532015, 2925.2283389042814, 698.3468247136657, 3808.7170537245784, 0.7680350883622805
0.0052, 0.4777236846651679, 0.0012414085561167842, 110.00523983706589, 72.08084660190114, 58.73385192301248, 0.06364873964050395, 1.5259069030214127, -0.009510832405183292, 0.07315957204568724, 0.0, 6.103, 1.1824456119444409, 2925.2283389042814, 698.3468247136657, 3808.7170537245784, 0.7680350883622805
0.0053, 0.5119346923385502, 0.0012652817975805685, 113.09664804066416, 58.75230115553415, 60.68826609934149, 0.06631137171104295, 1.5088951673139395, -0.009669631693986708, 0.07598100340502967, 0.0, 6.103, 1.20518495063568, 2925.2283389042814, 698.3468247136657, 3808.7170537245784, 0.7680350883622805
0.0054, 0.4715692873745252, 0.0012891550390443521, 116.3901640976681, 44.20665247866714, 62.827699946159555, 0.06905032056455193, 1.4847885939035566, -0.009827980517542224, 0.07887830108209415, 0.0, 6.103, 1.2279242893269193, 2925.2283389042814, 698.3468247136657, 3808.7170537245784, 0.7680350883622805
0.0055, 0.4894638999397965, 0.0013130282805081366, 119.82425401804555, 79.47439236935287, 65.0884059366399, 0.07186971648848255, 1.531217380378917, -0.009985887218761662, 0.0818556037072442, 0.0, 6.103, 1.2506636280181587, 2925.2283389042814, 698.3468247136657, 3808.7170537245784, 0.7680350883622805
0.0056, 0.4769332981518818, 0.0013369015219719213, 123.31819273715656, 81.7231108631103, 67.38887654259452, 0.07477198794340487, 1.533488395542943, -0.010143359837127136, 0.084915347780532, 0.0, 6.103, 1.273402966709398, 2925.2283389042814, 698.3468247136657, 3808.7170537245784, 0.7680350883622805
0.0057, 0.4503190883187616, 0.0013607747634357059, 126.77483898565427, 62.431198814387415, 69.63280861119347, 0.0777574328650744, 1.5135241660781966, -0.010300406124949774, 0.08805783899002417, 0.0, 6.103, 1.2961423054006374, 2925.2283389042814, 698.3468247136657, 3808.7170537245784, 0.7680350883622805
0.0058, 0.4387659929817801, 0.00138464800489949, 130.08543995271248, 48.1536286295449, 71.71401313261958, 0.08082387968960172, 1.4786381090359992, -0.010457033562487143, 0.09128091325208887, 0.0, 6.103, 1.3188816440918767, 2925.2283389042814, 698.3468247136657, 3808.7170537245784, 0.7680350883622805
0.0059, 0.4474215783577661, 0.0014085212463632744, 133.13686100840715, 70.46935104434804, 73.52363797535509, 0.0839664912063394, 1.517349984904743, -0.010613249372017875, 0.09457974057835727, 0.0, 6.103, 1.3416209827831158, 2925.2283389042814, 698.3468247136657, 3808.7170537245784, 0.7680350883622805
0.006, 0.43075534956102546, 0.0014323944878270583, 135.8216722494172, 91.92199899700583, 74.96010446683067, 0.08717777421235297, 1.5514176999789548, -0.010769060530961808, 0.09794683474331478, 0.0, 6.103, 1.3643603214743552, 2925.2283389042814, 698.3468247136657, 3808.7170537245784, 0.7680350883622805
0.0061, 0.4305696944824176, 0.0014562677292908432, 138.0515615061426, 52.91111954969107, 75.94219323546713, 0.09044786869931948, 1.4842418540462299, -0.010924473784125253, 0.10137234248344473, 0.0, 6.103, 1.3870996601655945, 2925.2283389042814, 698.3468247136657, 3808.7170537245784, 0.7680350883622805
0.0062, 0.4050399820621338, 0.0014801409707546273, 139.77458270522916, 75.6619584608611, 76.42575051035965, 0.09376520198121796, 1.5171098222931134, -0.011079495655143108, 0.10484469763636106, 0.0, 6.103, 1.4098389988568338, 2925.2283389042814, 698.3468247136657, 3808.7170537245784, 0.7680350883622805
0.0063, 0.4149949359389432, 0.0015040142122184116, 140.9967891107958, 78.15159660687112, 76.42452309540386, 0.09711760580242448, 1.5237580249223412, -0.011234132457182605, 0.10835173825960709, 0.0, 6.103, 1.4325783375480732, 2925.2283389042814, 698.3468247136657, 3808.7170537245784, 0.7680350883622805
0.0064, 0.4033857124853704, 0.0015278874536821963, 141.80884297526546, 66.93799375494403, 76.03566849097842, 0.10049400808343172, 1.5050828650588424, -0.011388390302967297, 0.11188239838639902, 0.0, 6.103, 1.4553176762393125, 2925.2283389042814, 698.3468247136657, 3808.7170537245784, 0.7680350883622805
0.0065, 0.38707286167860605, 0.0015517606951459808, 142.41823651859596, 79.68855976611763, 75.47052613817505, 0.1038868255985444, 1.5324906328037498, -0.011542275114174438, 0.11542910071271884, 0.0, 6.103, 1.4780570149305516, 2925.2283389042814, 698.3468247136657, 3808.7170537245784, 0.7680350883622805
0.0066, 0.39964439509574035, 0.0015756339366097647, 143.18780391648338, 84.28650107397623, 75.09127649659058, 0.10729519956813546, 1.5189601640131272, -0.011695792630253918, 0.11899099219838938, 0.0, 6.103, 1.500796353621791, 2925.2283389042814, 698.3468247136657, 3808.7170537245784, 0.7680350883622805
0.0067, 0.3682124468493134, 0.0015995071780735492, 144.681250118904, 99.96114517874497, 75.45415664800385, 0.11072923292397281, 1.5583668032442466, -0.011848948416712617, 0.12257818134068543, 0.0, 6.103, 1.5235356923130303, 2925.2283389042814, 698.3468247136657, 3808.7170537245784, 0.7680350883622805
0.0068, 0.3553553106278448, 0.0016233804195373337, 147.7164698397155, 71.51055678501326, 77.35994433195447, 0.11421540589623246, 1.4867220377771468, -0.012001747872904098, 0.12621715376913656, 0.0, 6.103, 1.5462750310042697, 2925.2283389042814, 698.3468247136657, 3808.7170537245784, 0.7680350883622805
