This fits B3 to B6 into the virial expansion since maxPower is set to 4.
Number of particles: 108
dryVolFracMax: 0.007
dryVolFracIncrement: 1.0E-4
Initial configuration: FCC
Dry microgel radius [nm]: 50.0
Box length [units of dry radius]: 40.130210850472906
Number of monomers: 2916666.666666667
Number of chains: 175.00000000000003
Flory interaction parameter (chi): 0.0
Young's calibration factor: 1.0
x-link fraction: 6.0E-5
MC steps: 100000
Equilibration steps: 10000.0
Snapshot interval: 100
Displacement tolerance: 0.1
Particle radius change tolerance: 0.0
Particle radius bin width: 0.001
g(r) bin width: 0.005
phi0, phi, rho, mu/kT, Z_measured, Z_virial_Fit, <F_total>/V, QMelting, <F_id>/V, <F_ex>/V, <F_FR>/V, <alpha>, Zeta, B2_rho, B2_phi0, B2_HS, B2*
2.0E-4, 0.04432937994206234, 4.774648292756861E-5, -8.632381928143351, 1.8455424415673258, 1.8038067751403917, -4.982913057502215E-4, 1.500514728202917, -5.213638970822166E-4, 2.3072591331995108E-5, 0.0, 6.103, 0.04547867738247849, 2925.2283389042814, 698.3468247136657, 3808.7170537245784, 0.7680350883622805
3.0E-4, 0.06628284682471296, 7.161972439135293E-5, -6.9276591867180075, 2.5608050012600843, 2.6292582565161715, -6.84463793315345E-4, 1.5007372848507465, -7.530065463303081E-4, 6.854275301496304E-5, 0.0, 6.103, 0.06821801607371773, 2925.2283389042814, 698.3468247136657, 3808.7170537245784, 0.7680350883622805
4.0E-4, 0.08731470965037727, 9.549296585513724E-5, -4.985885525500636, 7.818222068457616, 3.6760674944454172, -8.27155583972511E-4, 1.5013498528855846, -9.765371141186377E-4, 1.4938153014612676E-4, 0.0, 6.103, 0.09095735476495698, 2925.2283389042814, 698.3468247136657, 3808.7170537245784, 0.7680350883622805
5.0E-4, 0.10904269040286411, 1.1936620731892148E-4, -2.8095805674070524, 6.200949715226205, 4.903243522219529, -9.206505592967386E-4, 1.50175601432554, -0.0011940355932402447, 2.7338503394350617E-4, 0.0, 6.103, 0.11369669345619622, 2925.2283389042814, 698.3468247136657, 3808.7170537245784, 0.7680350883622805
6.0E-4, 0.1286882924553462, 1.4323944878270585E-4, -0.4262036608481701, 10.14165876272226, 6.273444259932232, -9.596538752107853E-4, 1.5021212223308855, -0.001406727072591923, 4.470731973811376E-4, 0.0, 6.103, 0.13643603214743547, 2925.2283389042814, 698.3468247136657, 3808.7170537245784, 0.7680350883622805
7.0E-4, 0.1475194435762723, 1.6711269024649017E-4, 2.1301457756867297, 9.567702277776752, 7.752840744962066, -9.396236827510072E-4, 1.5019137434605871, -0.0016154210498813184, 6.757973671303112E-4, 0.0, 6.103, 0.15917537083867472, 2925.2283389042814, 698.3468247136657, 3808.7170537245784, 0.7680350883622805
8.0E-4, 0.16646831916845897, 1.9098593171027449E-4, 4.824531211483233, 7.785308169237986, 9.31098136245496, -8.56848862155036E-4, 1.5018662802076934, -0.0018206928681456847, 9.638440059906488E-4, 0.0, 6.103, 0.18191470952991398, 2925.2283389042814, 698.3468247136657, 3808.7170537245784, 0.7680350883622805
9.0E-4, 0.18447014976613751, 2.148591731740588E-4, 7.623434948441057, 16.4633800373821, 10.920656075806733, -7.084382051978266E-4, 1.5040153243229066, -0.0020229727110088343, 0.0013145345058110077, 0.0, 6.103, 0.20465404822115324, 2925.2283389042814, 698.3468247136657, 3808.7170537245784, 0.7680350883622805
0.001, 0.20484489901358094, 2.38732414637843E-4, 10.495730763917397, 14.399124626630739, 12.557760657145622, -4.92273375465789E-4, 1.5041692398996696, -0.0022225944863660013, 0.0017303211109002123, 0.0, 6.103, 0.22739338691239247, 2925.2283389042814, 698.3468247136657, 3808.7170537245784, 0.7680350883622805
0.0011, 0.21918259735616796, 2.626056561016274E-4, 13.413112427746524, 21.845145197412553, 14.201160917814844, -2.069459907742873E-4, 1.5063111551657333, -0.0024198249427019227, 0.0022128789519276354, 0.0, 6.103, 0.25013272560363176, 2925.2283389042814, 698.3468247136657, 3808.7170537245784, 0.7680350883622805
0.0012, 0.23542237322873188, 2.864788975654117E-4, 16.350263780536995, 11.607533829058816, 15.832556938855065, 1.4831208526711048E-4, 1.503706064325227, -0.00261488210504646, 0.0027631941903135705, 0.0, 6.103, 0.272872064294871, 2925.2283389042814, 698.3468247136657, 3808.7170537245784, 0.7680350883622805
0.0013, 0.2535315720883239, 3.10352139029196E-4, 19.284895061816833, 18.549296194772264, 17.436347301486975, 5.73700751515996E-4, 1.5046022841686415, -0.002807947521593494, 0.00338164827310949, 0.0, 6.103, 0.2956114029861102, 2925.2283389042814, 698.3468247136657, 3808.7170537245784, 0.7680350883622805
0.0014, 0.27425901345347053, 3.342253804929803E-4, 22.197705186450346, 14.532913012918046, 18.999493317593835, 0.0010689235787657344, 1.5032715487461175, -0.002999174719602353, 0.004068098298368087, 0.0, 6.103, 0.3183507416773495, 2925.2283389042814, 698.3468247136657, 3808.7170537245784, 0.7680350883622805
0.0015, 0.2860806535506024, 3.580986219567647E-4, 25.07230072197637, 22.2421508903497, 20.51138326020393, 0.0016332582579192587, 1.506365974977614, -0.003188695233083918, 0.004821953491003177, 0.0, 6.103, 0.34109008036858873, 2925.2283389042814, 698.3468247136657, 3808.7170537245784, 0.7680350883622805
0.0016, 0.3000762958340733, 3.8197186342054886E-4, 27.895088379594746, 12.900087360426895, 21.96369659397315, 0.002265624773031214, 1.5019698712116594, -0.0033766230161081877, 0.005642247789139402, 0.0, 6.103, 0.363829419059828, 2925.2283389042814, 698.3468247136657, 3808.7170537245784, 0.7680350883622805
0.0017, 0.3110055159484283, 4.0584510488433315E-4, 30.65515067599198, 18.02201914708883, 23.350268205667557, 0.0029646507923365376, 1.503998004157284, -0.0035630577486152858, 0.006527708540951823, 0.0, 6.103, 0.38656875775106725, 2925.2283389042814, 698.3468247136657, 3808.7170537245784, 0.7680350883622805
0.0018, 0.32734186921120534, 4.297183463481176E-4, 33.34411054952576, 17.98032775245029, 24.666952634645828, 0.0037287339501836884, 1.5021279425929297, -0.003748087361811589, 0.0074768213119952775, 0.0, 6.103, 0.40930809644230653, 2925.2283389042814, 698.3468247136657, 3808.7170537245784, 0.7680350883622805
0.0019, 0.3377164644324095, 4.535915878119019E-4, 35.955988520549745, 20.95536689000306, 25.911488303341812, 0.004556100802300345, 1.5054668035812346, -0.003931790000723226, 0.008487890803023571, 0.0, 6.103, 0.43204743513354577, 2925.2283389042814, 698.3468247136657, 3808.7170537245784, 0.7680350883622805
0.002, 0.35743824136518754, 4.7746482927568624E-4, 38.48705469421065, 24.517134540098418, 27.083361747747087, 0.005444862305795568, 1.5092430974854858, -0.004114235572503025, 0.009559097878298593, 0.0, 6.103, 0.45478677382478494, 2925.2283389042814, 698.3468247136657, 3808.7170537245784, 0.7680350883622805
0.0021, 0.36517000124861493, 5.013380707394704E-4, 40.93567711772467, 25.506826098158903, 28.183671847893507, 0.006393065720036716, 1.5065239495562133, -0.0042954869843524115, 0.010688552704389127, 0.0, 6.103, 0.47752611251602417, 2925.2283389042814, 698.3468247136657, 3808.7170537245784, 0.7680350883622805
0.0022, 0.3884965209933588, 5.252113122032547E-4, 43.302167510998004, 10.65318102907313, 29.214994058335662, 0.007398742854307645, 1.4968895954542814, -0.0044756011451519695, 0.011874343999459615, 0.0, 6.103, 0.5002654512072634, 2925.2283389042814, 698.3468247136657, 3808.7170537245784, 0.7680350883622805
0.0023, 0.39418636150725006, 5.490845536670391E-4, 45.58862507197369, 23.189157638217804, 30.181244638633437, 0.00845995460841889, 1.5005808201085193, -0.004654629784629776, 0.013114584393048667, 0.0, 6.103, 0.5230047898985026, 2925.2283389042814, 698.3468247136657, 3808.7170537245784, 0.7680350883622805
0.0024, 0.3976241049117633, 5.729577951308231E-4, 47.7987788488652, 21.222821920700493, 31.087544883834553, 0.00957483176651927, 1.4999751978465181, -0.004832620129818146, 0.014407451896337416, 0.0, 6.103, 0.5457441285897418, 2925.2283389042814, 698.3468247136657, 3808.7170537245784, 0.7680350883622805
0.0025, 0.4067215255763038, 5.968310365946075E-4, 49.93782903063565, 30.015484668623863, 31.94008535495709, 0.010741612014319283, 1.505319573416572, -0.005009615468588517, 0.0157512274829078, 0.0, 6.103, 0.568483467280981, 2925.2283389042814, 698.3468247136657, 3808.7170537245784, 0.7680350883622805
0.0026, 0.4132368876711069, 6.207042780583919E-4, 52.0122874105133, 30.097655771444984, 32.745990109472004, 0.011958673157101196, 1.5046155643561547, -0.005185655622889315, 0.01714432877999051, 0.0, 6.103, 0.5912228059722202, 2925.2283389042814, 698.3468247136657, 3808.7170537245784, 0.7680350883622805
0.0027, 0.4231298416362658, 6.445775195221761E-4, 54.029817209957415, 46.611092750539164, 33.51318093178568, 0.013224562521122635, 1.5180783307781704, -0.005360777349080229, 0.018585339870202864, 0.0, 6.103, 0.6139621446634594, 2925.2283389042814, 698.3468247136657, 3808.7170537245784, 0.7680350883622805
0.0028, 0.4322594244488004, 6.684507609859605E-4, 55.99907240273438, 29.85446970636476, 34.2502415637224, 0.014538022524892457, 1.5028833218213726, -0.005535014678884134, 0.02007303720377659, 0.0, 6.103, 0.6367014833546986, 2925.2283389042814, 698.3468247136657, 3808.7170537245784, 0.7680350883622805
0.0029, 0.4451448304920287, 6.923240024497446E-4, 57.92953664442858, 46.22483877905065, 34.96628193500702, 0.015898012409699652, 1.5151128119963408, -0.005708399211575585, 0.02160641162127524, 0.0, 6.103, 0.6594408220459378, 2925.2283389042814, 698.3468247136657, 3808.7170537245784, 0.7680350883622805
0.003, 0.450019219147264, 7.161972439135289E-4, 59.83136188769933, 40.275279434391784, 35.67080239374725, 0.017303726120977282, 1.5147739341624025, -0.005880960365824366, 0.023184686486801647, 0.0, 6.103, 0.682180160737177, 2925.2283389042814, 698.3468247136657, 3808.7170537245784, 0.7680350883622805
0.0031, 0.46121265698246666, 7.400704853773128E-4, 61.71520674514703, 40.382006145066555, 36.3735579369165, 0.018754606333768544, 1.509935009157375, -0.0060527255979264645, 0.024807331931695008, 0.0, 6.103, 0.7049194994284163, 2925.2283389042814, 698.3468247136657, 3808.7170537245784, 0.7680350883622805
0.0032, 0.4566956389053738, 7.639437268410973E-4, 63.59207464789491, 44.07146135427532, 37.084422440836185, 0.02025035461686809, 1.5150237128832946, -0.006223720591850007, 0.026474075208718098, 0.0, 6.103, 0.7276588381196554, 2925.2283389042814, 698.3468247136657, 3808.7170537245784, 0.7680350883622805
0.0033, 0.46767467386483025, 7.878169683048817E-4, 65.4731518376226, 47.54895829477182, 37.813252891658095, 0.021790937731229098, 1.5161882064695635, -0.006393969425504765, 0.028184907156733864, 0.0, 6.103, 0.7503981768108946, 2925.2283389042814, 698.3468247136657, 3808.7170537245784, 0.7680350883622805
0.0034, 0.48982019628568446, 8.116902097686655E-4, 67.36964522189922, 40.253981870078356, 38.56975361584748, 0.023376590059030956, 1.5046882606447904, -0.006563494716841305, 0.02994008477587226, 0.0, 6.103, 0.7731375155021338, 2925.2283389042814, 698.3468247136657, 3808.7170537245784, 0.7680350883622805
0.0035, 0.485591678632071, 8.355634512324502E-4, 69.29262011660234, 53.21011097382877, 39.363340510664955, 0.025007812160438053, 1.5211288394758382, -0.006732317752748799, 0.03174012991318685, 0.0, 6.103, 0.7958768541933731, 2925.2283389042814, 698.3468247136657, 3808.7170537245784, 0.7680350883622805
0.0036, 0.48151071663099726, 8.594366926962345E-4, 71.25283789451633, 39.585349685166285, 40.20300527464951, 0.026685365455589895, 1.5032893640053433, -0.006900458603211013, 0.03358582405880091, 0.0, 6.103, 0.8186161928846122, 2925.2283389042814, 698.3468247136657, 3808.7170537245784, 0.7680350883622805
0.0037, 0.47854148438063693, 8.833099341600185E-4, 73.2605935555394, 44.64225098095447, 41.097179638100684, 0.02841026302977422, 1.5142725922379676, -0.007067936222769608, 0.03547819925254383, 0.0, 6.103, 0.8413555315758514, 2925.2283389042814, 698.3468247136657, 3808.7170537245784, 0.7680350883622805
0.0038, 0.5069424235119282, 9.071831756238029E-4, 75.32555323105082, 38.08797352072455, 42.05359959356129, 0.030183756560065632, 1.4955365211127911, -0.007234768541011389, 0.03741852510107702, 0.0, 6.103, 0.8640948702670906, 2925.2283389042814, 698.3468247136657, 3808.7170537245784, 0.7680350883622805
0.0039, 0.5024468959928454, 9.310564170875872E-4, 77.45659163269804, 39.90760991902712, 43.07916962629983, 0.032007319361985066, 1.4977466509509834, -0.007400972543524751, 0.03940829190550982, 0.0, 6.103, 0.8868342089583299, 2925.2283389042814, 698.3468247136657, 3808.7170537245784, 0.7680350883622805
0.004, 0.48685179254118455, 9.549296585513715E-4, 79.66162945405557, 60.82885041424601, 44.17982694479342, 0.03388262555495682, 1.526213736507905, -0.007566564344548088, 0.04144918989950491, 0.0, 6.103, 0.9095735476495691, 2925.2283389042814, 698.3468247136657, 3808.7170537245784, 0.7680350883622805
0.0041, 0.509521207355081, 9.788029000151557E-4, 81.94747073213492, 53.59917741449304, 45.36040571120947, 0.035811525345524974, 1.5088590882852104, -0.007731559252349385, 0.04354308459787436, 0.0, 6.103, 0.9323128863408084, 2925.2283389042814, 698.3468247136657, 3808.7170537245784, 0.7680350883622805
0.0042, 0.5179582269727405, 0.0010026761414789404, 84.31964017455788, 48.99536906606153, 46.62450127188944, 0.03779601642744032, 1.5081062940267773, -0.007895971828223965, 0.045691988255664284, 0.0, 6.103, 0.9550522250320478, 2925.2283389042814, 698.3468247136657, 3808.7170537245784, 0.7680350883622805
0.0043, 0.5115782899790453, 0.0010265493829427243, 86.78222045723541, 44.61306280991767, 47.97433438782983, 0.03983821149785989, 1.5000145337639512, -0.008059815939870624, 0.047898027437730514, 0.0, 6.103, 0.977791563723287, 2925.2283389042814, 698.3468247136657, 3808.7170537245784, 0.7680350883622805
0.0044, 0.5047394223748645, 0.0010504226244065088, 89.33768949662988, 46.51547123367448, 49.41061546516582, 0.04194030188900344, 1.5103673180498762, -0.008223104809800184, 0.05016340669880363, 0.0, 6.103, 1.0005309024145264, 2925.2283389042814, 698.3468247136657, 3808.7170537245784, 0.7680350883622805
0.0045, 0.520527527365558, 0.001074295865870293, 91.98675770002184, 43.74652828072589, 50.932408785654104, 0.0441045173147018, 1.4992830877027017, -0.008385851059341297, 0.0524903683740431, 0.0, 6.103, 1.0232702411057657, 2925.2283389042814, 698.3468247136657, 3808.7170537245784, 0.7680350883622805
0.0046, 0.4724756868598442, 0.001098169107334078, 94.72820519668606, 36.32215056479571, 52.53699673715431, 0.04633308173134995, 1.4860211800618224, -0.0085480667487329, 0.05488114848008285, 0.0, 6.103, 1.046009579797005, 2925.2283389042814, 698.3468247136657, 3808.7170537245784, 0.7680350883622805
0.0047, 0.5146831660361114, 0.001122042348797862, 97.55871905243995, 68.90469719553761, 54.21974404411179, 0.04862816531283619, 1.5279476835612487, -0.008709763413728974, 0.057337928726565165, 0.0, 6.103, 1.0687489184882442, 2925.2283389042814, 698.3468247136657, 3808.7170537245784, 0.7680350883622805
0.0048, 0.4676053432783366, 0.0011459155902616468, 100.4727304696662, 67.98018287656926, 55.973961998041204, 0.05099183253907844, 1.5278740141323703, -0.008870952099086745, 0.05986278463816519, 0.0, 6.103, 1.0914882571794835, 2925.2283389042814, 698.3468247136657, 3808.7170537245784, 0.7680350883622805
0.0049, 0.5238214820483035, 0.0011697888317254304, 103.46225197460556, 53.965222854047454, 57.79077268800722, 0.05342598639784167, 1.5059756701286908, -0.009031643389263154, 0.062457629787104826, 0.0, 6.103, 1.1142275958707228, 2925.2283389042814, 698.3468247136657, 3808.7170537245784, 0.7680350883622805
0.005, 0.46657081146792134, 0.0011936620731892152, 106.51671459346478, 67.46037525186965, 59.65897323110937, 0.05593230869955303, 1.5176730474011249, -0.009191847436604592, 0.06512415613615762, 0.0, 6.103, 1.1369669345619622, 2925.2283389042814, 698.3468247136657, 3808.7170537245784, 0.7680350883622805
0.0051, 0.5030039524195972, 0.0012175353146529997, 109.62280501866718, 58.28941867800566, 61.56490000296179, 0.05851219650486067, 1.5095574901181763, -0.009351573987280676, 0.06786377049214135, 0.0, 6.103, 1.1597062732532015, 2925.2283389042814, 698.3468247136657, 3808.7170537245784, 0.7680350883622805
0.0052, 0.4777236846651679, 0.0012414085561167842, 112.76430276639687, 72.08084660190114, 63.49229286817865, 0.06116669466471885, 1.5283889479971977, -0.009510832405183292, 0.07067752706990214, 0.0, 6.103, 1.1824456119444409, 2925.2283389042814, 698.3468247136657, 3808.7170537245784, 0.7680350883622805
0.0053, 0.5119346923385502, 0.0012652817975805685, 115.9219173264295, 58.75230115553415, 65.42215941085476, 0.06389642447280153, 1.511310114552181, -0.009669631693986708, 0.07356605616678824, 0.0, 6.103, 1.20518495063568, 2925.2283389042814, 698.3468247136657, 3808.7170537245784, 0.7680350883622805
0.0054, 0.4715692873745252, 0.0012891550390443521, 119.07312530511473, 44.20665247866714, 67.33263916504836, 0.06670150843007114, 1.4871374060380373, -0.009827980517542224, 0.07652948894761336, 0.0, 6.103, 1.2279242893269193, 2925.2283389042814, 698.3468247136657, 3808.7170537245784, 0.7680350883622805
0.0055, 0.4894638999397965, 0.0013130282805081366, 122.19200756226967, 79.47439236935287, 69.19886784526363, 0.06958149112134758, 1.5335056057460519, -0.009985887218761662, 0.07956737834010924, 0.0, 6.103, 1.2506636280181587, 2925.2283389042814, 698.3468247136657, 3808.7170537245784, 0.7680350883622805
0.0056, 0.4769332981518818, 0.0013369015219719213, 125.24908634263183, 81.7231108631103, 70.99284157693421, 0.0725352562037424, 1.5357251272826056, -0.010143359837127136, 0.08267861604086954, 0.0, 6.103, 1.273402966709398, 2925.2283389042814, 698.3468247136657, 3808.7170537245784, 0.7680350883622805
0.0057, 0.4503190883187616, 0.0013607747634357059, 128.21116240246116, 62.431198814387415, 72.68328112690472, 0.07556093950683083, 1.5157206594364403, -0.010300406124949774, 0.0858613456317806, 0.0, 6.103, 1.2961423054006374, 2925.2283389042814, 698.3468247136657, 3808.7170537245784, 0.7680350883622805
0.0058, 0.4387659929817801, 0.00138464800489949, 131.04115213178648, 48.1536286295449, 74.23549613391413, 0.07865583824446001, 1.480806150481141, -0.010457033562487143, 0.08911287180694716, 0.0, 6.103, 1.3188816440918767, 2925.2283389042814, 698.3468247136657, 3808.7170537245784, 0.7680350883622805
0.0059, 0.4474215783577661, 0.0014085212463632744, 133.69792467275118, 70.46935104434804, 75.61124933907672, 0.08181631633808467, 1.5195001597729976, -0.010613249372017875, 0.09242956571010255, 0.0, 6.103, 1.3416209827831158, 2925.2283389042814, 698.3468247136657, 3808.7170537245784, 0.7680350883622805
0.006, 0.43075534956102546, 0.0014323944878270583, 136.1361390344469, 91.92199899700583, 76.76862081636693, 0.08503770585154936, 1.5535577683397586, -0.010769060530961808, 0.09580676638251118, 0.0, 6.103, 1.3643603214743552, 2925.2283389042814, 698.3468247136657, 3808.7170537245784, 0.7680350883622805
0.0061, 0.4305696944824176, 0.0014562677292908432, 138.3060812045871, 52.91111954969107, 77.66187220309837, 0.0883142045372371, 1.4863755182083123, -0.010924473784125253, 0.09923867832136235, 0.0, 6.103, 1.3870996601655945, 2925.2283389042814, 698.3468247136657, 3808.7170537245784, 0.7680350883622805
0.0062, 0.4050399820621338, 0.0014801409707546273, 140.15350125832666, 75.6619584608611, 78.24131093041092, 0.09163876949350636, 1.519236254780825, -0.011079495655143108, 0.10271826514864946, 0.0, 6.103, 1.4098389988568338, 2925.2283389042814, 698.3468247136657, 3808.7170537245784, 0.7680350883622805
0.0063, 0.4149949359389432, 0.0015040142122184116, 141.61945046449907, 78.15159660687112, 78.4531544537499, 0.09500300693336158, 1.5258726237914042, -0.011234132457182605, 0.10623713939054419, 0.0, 6.103, 1.4325783375480732, 2925.2283389042814, 698.3468247136657, 3808.7170537245784, 0.7680350883622805
0.0064, 0.4033857124853704, 0.0015278874536821963, 142.64011838952098, 66.93799375494403, 78.23939448335, 0.09839705806428971, 1.5071798150779843, -0.011388390302967297, 0.10978544836725701, 0.0, 6.103, 1.4553176762393125, 2925.2283389042814, 698.3468247136657, 3808.7170537245784, 0.7680350883622805
0.0065, 0.38707286167860605, 0.0015517606951459808, 143.1466699991782, 79.68855976611763, 77.53766121471654, 0.10180948107921484, 1.5345679773230794, -0.011542275114174438, 0.11335175619338927, 0.0, 6.103, 1.4780570149305516, 2925.2283389042814, 698.3468247136657, 3808.7170537245784, 0.7680350883622805
0.0066, 0.39964439509574035, 0.0015756339366097647, 143.06508275848623, 84.28650107397623, 76.28108755910989, 0.1052271292585191, 1.5210282343227437, -0.011695792630253918, 0.11692292188877301, 0.0, 6.103, 1.500796353621791, 2925.2283389042814, 698.3468247136657, 3808.7170537245784, 0.7680350883622805
0.0067, 0.3682124468493134, 0.0015995071780735492, 142.31598372979553, 99.96114517874497, 74.39817337402542, 0.10863502518309233, 1.560461010985127, -0.011848948416712617, 0.12048397359980495, 0.0, 6.103, 1.5235356923130303, 2925.2283389042814, 698.3468247136657, 3808.7170537245784, 0.7680350883622805
0.0068, 0.3553553106278448, 0.0016233804195373337, 140.81448666931965, 71.51055678501326, 71.81264969368044, 0.11201623105835899, 1.4889212126150204, -0.012001747872904098, 0.1240179789312631, 0.0, 6.103, 1.5462750310042697, 2925.2283389042814, 698.3468247136657, 3808.7170537245784, 0.7680350883622805
