This fits B3 to B9 into the virial expansion since maxPower is set to 7.
Number of particles: 108
dryVolFracMax: 0.007
dryVolFracIncrement: 1.0E-4
Initial configuration: FCC
Dry microgel radius [nm]: 50.0
Box length [units of dry radius]: 40.130210850472906
Number of monomers: 2916666.666666667
Number of chains: 175.00000000000003
Flory interaction parameter (chi): 0.0
Young's calibration factor: 1.0
x-link fraction: 6.0E-5
MC steps: 100000
Equilibration steps: 10000.0
Snapshot interval: 100
Displacement tolerance: 0.1
Particle radius change tolerance: 0.0
Particle radius bin width: 0.001
g(r) bin width: 0.005
phi0, phi, rho, mu/kT, Z_measured, Z_virial_Fit, <F_total>/V, QMelting, <F_id>/V, <F_ex>/V, <F_FR>/V, <alpha>, Zeta, B2_rho, B2_phi0, B2_HS, B2*
2.0E-4, 0.04432937994206234, 4.774648292756861E-5, -7.553463815782446, 1.8455424415673258, 2.4896350898990236, -4.795226504400032E-4, 1.5004959595476066, -5.213638970822166E-4, 4.1841246642213395E-5, 0.0, 6.103, 0.04547867738247849, 2925.2283389042814, 698.3468247136657, 3808.7170537245784, 0.7680350883622805
3.0E-4, 0.06628284682471296, 7.161972439135293E-5, -4.901674955716242, 2.5608050012600843, 3.878081968026775, -6.288037711015475E-4, 1.5006816248285326, -7.530065463303081E-4, 1.2420277522876068E-4, 0.0, 6.103, 0.06821801607371773, 2925.2283389042814, 698.3468247136657, 3808.7170537245784, 0.7680350883622805
4.0E-4, 0.08731470965037727, 9.549296585513724E-5, -2.0079910938139296, 7.818222068457616, 5.444173417236439, -7.11629291200598E-4, 1.5012343265928128, -9.765371141186377E-4, 2.649078229180397E-4, 0.0, 6.103, 0.09095735476495698, 2925.2283389042814, 698.3468247136657, 3808.7170537245784, 0.7680350883622805
5.0E-4, 0.10904269040286411, 1.1936620731892148E-4, 0.9961292105428683, 6.200949715226205, 7.059873218241991, -7.238061243518822E-4, 1.5015591698905952, -0.0011940355932402447, 4.7022946888836245E-4, 0.0, 6.103, 0.11369669345619622, 2925.2283389042814, 698.3468247136657, 3808.7170537245784, 0.7680350883622805
6.0E-4, 0.1286882924553462, 1.4323944878270585E-4, 3.99986012947552, 10.14165876272226, 8.63600680227378, -6.640790938873992E-4, 1.5018256475495622, -0.001406727072591923, 7.426479787045237E-4, 0.0, 6.103, 0.13643603214743547, 2925.2283389042814, 698.3468247136657, 3808.7170537245784, 0.7680350883622805
7.0E-4, 0.1475194435762723, 1.6711269024649017E-4, 6.922954821671567, 9.567702277776752, 10.115269519015795, -5.334762971866045E-4, 1.5015075960750226, -0.0016154210498813184, 0.001081944752694714, 0.0, 6.103, 0.15917537083867472, 2925.2283389042814, 698.3468247136657, 3808.7170537245784, 0.7680350883622805
8.0E-4, 0.16646831916845897, 1.9098593171027449E-4, 9.714117155773577, 7.785308169237986, 11.466019907166164, -3.345887792405083E-4, 1.501344020124779, -0.0018206928681456847, 0.0014861040889051764, 0.0, 6.103, 0.18191470952991398, 2925.2283389042814, 698.3468247136657, 3808.7170537245784, 0.7680350883622805
9.0E-4, 0.18447014976613751, 2.148591731740588E-4, 12.346689486667008, 16.4633800373821, 12.676806386571196, -7.092864416419816E-5, 1.503377814761873, -0.0020229727110088343, 0.0019520440668446362, 0.0, 6.103, 0.20465404822115324, 2925.2283389042814, 698.3468247136657, 3808.7170537245784, 0.7680350883622805
0.001, 0.20484489901358094, 2.38732414637843E-4, 14.813862816240462, 14.399124626630739, 13.751577320244422, 2.5360198149388703E-4, 1.5034233645427098, -0.0022225944863660013, 0.0024761964678598884, 0.0, 6.103, 0.22739338691239247, 2925.2283389042814, 698.3468247136657, 3808.7170537245784, 0.7680350883622805
0.0011, 0.21918259735616796, 2.626056561016274E-4, 17.124092855876604, 21.845145197412553, 14.705525923943386, 6.351293559860244E-4, 1.505469079818973, -0.0024198249427019227, 0.003054954298687947, 0.0, 6.103, 0.25013272560363176, 2925.2283389042814, 698.3468247136657, 3808.7170537245784, 0.7680350883622805
0.0012, 0.23542237322873188, 2.864788975654117E-4, 19.296953739393338, 11.607533829058816, 15.561523030337739, 0.0010701220714622274, 1.5027842543390317, -0.00261488210504646, 0.0036850041765086874, 0.0, 6.103, 0.272872064294871, 2925.2283389042814, 698.3468247136657, 3808.7170537245784, 0.7680350883622805
0.0013, 0.2535315720883239, 3.10352139029196E-4, 21.359501857153525, 18.549296194772264, 16.347092244163573, 0.0015556120450819257, 1.5036203728750757, -0.002807947521593494, 0.00436355956667542, 0.0, 6.103, 0.2956114029861102, 2925.2283389042814, 698.3468247136657, 3808.7170537245784, 0.7680350883622805
0.0014, 0.27425901345347053, 3.342253804929803E-4, 23.343159012447995, 14.532913012918046, 17.09188355411967, 0.0020893349186262055, 1.502251137406257, -0.002999174719602353, 0.005088509638228558, 0.0, 6.103, 0.3183507416773495, 2925.2283389042814, 698.3468247136657, 3808.7170537245784, 0.7680350883622805
0.0015, 0.2860806535506024, 3.580986219567647E-4, 25.281096876012604, 22.2421508903497, 17.82560299662323, 0.0026698020842164257, 1.5053294311513168, -0.003188695233083918, 0.005858497317300344, 0.0, 6.103, 0.34109008036858873, 2925.2283389042814, 698.3468247136657, 3808.7170537245784, 0.7680350883622805
0.0016, 0.3000762958340733, 3.8197186342054886E-4, 27.206092495148447, 12.900087360426895, 18.576357495902286, 0.003296315958487572, 1.500939180026203, -0.0033766230161081877, 0.00667293897459576, 0.0, 6.103, 0.363829419059828, 2925.2283389042814, 698.3468247136657, 3808.7170537245784, 0.7680350883622805
0.0017, 0.3110055159484283, 4.0584510488433315E-4, 29.148819178910347, 18.02201914708883, 19.369375534264925, 0.0039689393316715196, 1.5029937156179491, -0.0035630577486152858, 0.007531997080286805, 0.0, 6.103, 0.38656875775106725, 2925.2283389042814, 698.3468247136657, 3808.7170537245784, 0.7680350883622805
0.0018, 0.32734186921120534, 4.297183463481176E-4, 31.136534927688505, 17.98032775245029, 20.226065835745143, 0.004688428736072155, 1.5011682478070412, -0.003748087361811589, 0.008436516097883744, 0.0, 6.103, 0.40930809644230653, 2925.2283389042814, 698.3468247136657, 3808.7170537245784, 0.7680350883622805
0.0019, 0.3377164644324095, 4.535915878119019E-4, 33.19213010230085, 20.95536689000306, 21.163377775686715, 0.005456140867225016, 1.50456676351631, -0.003931790000723226, 0.009387930867948242, 0.0, 6.103, 0.43204743513354577, 2925.2283389042814, 698.3468247136657, 3808.7170537245784, 0.7680350883622805
0.002, 0.35743824136518754, 4.7746482927568624E-4, 35.33349645679523, 24.517134540098418, 22.193428758187984, 0.006273920180386455, 1.508414039610895, -0.004114235572503025, 0.01038815575288948, 0.0, 6.103, 0.45478677382478494, 2925.2283389042814, 698.3468247136657, 3808.7170537245784, 0.7680350883622805
0.0021, 0.36517000124861493, 5.013380707394704E-4, 37.57318059336835, 25.506826098158903, 23.323365332690845, 0.007143974891181888, 1.5057730403850682, -0.0042954869843524115, 0.0114394618755343, 0.0, 6.103, 0.47752611251602417, 2925.2283389042814, 698.3468247136657, 3808.7170537245784, 0.7680350883622805
0.0022, 0.3884965209933588, 5.252113122032547E-4, 39.918286125194626, 10.65318102907313, 24.555426350358125, 0.008068747741536422, 1.4962195905670526, -0.0044756011451519695, 0.012544348886688391, 0.0, 6.103, 0.5002654512072634, 2925.2283389042814, 698.3468247136657, 3808.7170537245784, 0.7680350883622805
0.0023, 0.39418636150725006, 5.490845536670391E-4, 42.37059023601075, 23.189157638217804, 25.887177990247324, 0.00905078705587484, 1.4999899876610634, -0.004654629784629776, 0.013705416840504617, 0.0, 6.103, 0.5230047898985026, 2925.2283389042814, 698.3468247136657, 3808.7170537245784, 0.7680350883622805
0.0024, 0.3976241049117633, 5.729577951308231E-4, 44.926841836606854, 21.222821920700493, 27.311892014644016, 0.010092622811331841, 1.4994574068017057, -0.004832620129818146, 0.014925242941149986, 0.0, 6.103, 0.5457441285897418, 2925.2283389042814, 698.3468247136657, 3808.7170537245784, 0.7680350883622805
0.0025, 0.4067215255763038, 5.968310365946075E-4, 47.57921009810722, 30.015484668623863, 28.819040142287328, 0.011196651681422792, 1.5048645337494686, -0.005009615468588517, 0.01620626715001131, 0.0, 6.103, 0.568483467280981, 2925.2283389042814, 698.3468247136657, 3808.7170537245784, 0.7680350883622805
0.0026, 0.4132368876711069, 6.207042780583919E-4, 50.31585376588623, 30.097655771444984, 30.39487895757201, 0.01236503428661409, 1.5042092032266419, -0.005185655622889315, 0.017550689909503404, 0.0, 6.103, 0.5912228059722202, 2925.2283389042814, 698.3468247136657, 3808.7170537245784, 0.7680350883622805
0.0027, 0.4231298416362658, 6.445775195221761E-4, 53.12158331112405, 46.611092750539164, 32.02310130318142, 0.013599607198362526, 1.5177032861009305, -0.005360777349080229, 0.018960384547442755, 0.0, 6.103, 0.6139621446634594, 2925.2283389042814, 698.3468247136657, 3808.7170537245784, 0.7680350883622805
0.0028, 0.4322594244488004, 6.684507609859605E-4, 55.97858964976717, 29.85446970636476, 33.68553163295961, 0.014901811596039052, 1.502519532750226, -0.005535014678884134, 0.020436826274923187, 0.0, 6.103, 0.6367014833546986, 2925.2283389042814, 698.3468247136657, 3808.7170537245784, 0.7680350883622805
0.0029, 0.4451448304920287, 6.923240024497446E-4, 58.867214844886846, 46.22483877905065, 35.36284433119821, 0.01627263986909868, 1.5147381845369419, -0.005708399211575585, 0.021981039080674263, 0.0, 6.103, 0.6594408220459378, 2925.2283389042814, 698.3468247136657, 3808.7170537245784, 0.7680350883622805
0.003, 0.450019219147264, 7.161972439135289E-4, 61.76674190390517, 40.275279434391784, 37.03528553386727, 0.017712600890188748, 1.514365059393191, -0.005880960365824366, 0.023593561256013112, 0.0, 6.103, 0.682180160737177, 2925.2283389042814, 698.3468247136657, 3808.7170537245784, 0.7680350883622805
0.0031, 0.46121265698246666, 7.400704853773128E-4, 64.65618248427808, 40.382006145066555, 38.68338051668907, 0.01922170415876199, 1.5094679113323817, -0.0060527255979264645, 0.025274429756688453, 0.0, 6.103, 0.7049194994284163, 2925.2283389042814, 698.3468247136657, 3808.7170537245784, 0.7680350883622805
0.0032, 0.4566956389053738, 7.639437268410973E-4, 67.51504302797905, 44.07146135427532, 40.28861024430953, 0.020799462529344843, 1.5144746049708178, -0.006223720591850007, 0.027023183121194852, 0.0, 6.103, 0.7276588381196554, 2925.2283389042814, 698.3468247136657, 3808.7170537245784, 0.7680350883622805
0.0033, 0.46767467386483025, 7.878169683048817E-4, 70.32405155528889, 47.54895829477182, 41.83404220417525, 0.022444912793972146, 1.5155342314068205, -0.006393969425504765, 0.028838882219476912, 0.0, 6.103, 0.7503981768108946, 2925.2283389042814, 698.3468247136657, 3808.7170537245784, 0.7680350883622805
0.0034, 0.48982019628568446, 8.116902097686655E-4, 73.06582906106112, 40.253981870078356, 43.30490217811726, 0.02415665298452597, 1.5039081977192954, -0.006563494716841305, 0.030720147701367273, 0.0, 6.103, 0.7731375155021338, 2925.2283389042814, 698.3468247136657, 3808.7170537245784, 0.7680350883622805
0.0035, 0.485591678632071, 8.355634512324502E-4, 75.72549117105687, 53.21011097382877, 44.689075133954844, 0.025932894897846625, 1.5202037567384297, -0.006732317752748799, 0.032665212650595424, 0.0, 6.103, 0.7958768541933731, 2925.2283389042814, 698.3468247136657, 3808.7170537245784, 0.7680350883622805
0.0036, 0.48151071663099726, 8.594366926962345E-4, 78.29116743183718, 39.585349685166285, 45.97752494882522, 0.02777153002456701, 1.5022031994363663, -0.006900458603211013, 0.034671988627778025, 0.0, 6.103, 0.8186161928846122, 2925.2283389042814, 698.3468247136657, 3808.7170537245784, 0.7680350883622805
0.0037, 0.47854148438063693, 8.833099341600185E-4, 80.75442732452552, 44.64225098095447, 47.164624205317864, 0.0296702067816741, 1.5130126484860675, -0.007067936222769608, 0.03673814300444371, 0.0, 6.103, 0.8413555315758514, 2925.2283389042814, 698.3468247136657, 3808.7170537245784, 0.7680350883622805
0.0038, 0.5069424235119282, 9.071831756238029E-4, 83.11060381043417, 38.08797352072455, 48.24838683081927, 0.03162641670885155, 1.4940938609640053, -0.007234768541011389, 0.03886118524986294, 0.0, 6.103, 0.8640948702670906, 2925.2283389042814, 698.3468247136657, 3808.7170537245784, 0.7680350883622805
0.0039, 0.5024468959928454, 9.310564170875872E-4, 85.35900693475092, 39.90760991902712, 49.230597879845305, 0.033637587089733224, 1.4961163832232351, -0.007400972543524751, 0.041038559633257976, 0.0, 6.103, 0.8868342089583299, 2925.2283389042814, 698.3468247136657, 3808.7170537245784, 0.7680350883622805
0.004, 0.48685179254118455, 9.549296585513715E-4, 87.50302173326543, 60.82885041424601, 50.11683628853393, 0.03570117730127526, 1.5243951847615866, -0.007566564344548088, 0.04326774164582335, 0.0, 6.103, 0.9095735476495691, 2925.2283389042814, 698.3468247136657, 3808.7170537245784, 0.7680350883622805
0.0041, 0.509521207355081, 9.788029000151557E-4, 89.55008640611058, 53.59917741449304, 50.916387959766325, 0.03781477607759299, 1.5068558375531425, -0.007731559252349385, 0.04554633532994237, 0.0, 6.103, 0.9323128863408084, 2925.2283389042814, 698.3468247136657, 3808.7170537245784, 0.7680350883622805
0.0042, 0.5179582269727405, 0.0010026761414789404, 91.51154844189968, 48.99536906606153, 51.642048066827556, 0.03997619679876675, 1.505926113655451, -0.007895971828223965, 0.047872168626990716, 0.0, 6.103, 0.9550522250320478, 2925.2283389042814, 698.3468247136657, 3808.7170537245784, 0.7680350883622805
0.0043, 0.5115782899790453, 0.0010265493829427243, 93.40239809514685, 44.61306280991767, 52.30981299277073, 0.0421835678803654, 1.4976691773814457, -0.008059815939870624, 0.05024338382023602, 0.0, 6.103, 0.977791563723287, 2925.2283389042814, 698.3468247136657, 3808.7170537245784, 0.7680350883622805
0.0044, 0.5047394223748645, 0.0010504226244065088, 95.24088033978657, 46.51547123367448, 52.93846385215306, 0.04443541534567408, 1.5078722045932058, -0.008223104809800184, 0.05265852015547426, 0.0, 6.103, 1.0005309024145264, 2925.2283389042814, 698.3468247136657, 3808.7170537245784, 0.7680350883622805
0.0045, 0.520527527365558, 0.001074295865870293, 97.0479881411783, 43.74652828072589, 53.54904507104072, 0.046730734709973326, 1.4966568703074303, -0.008385851059341297, 0.05511658576931462, 0.0, 6.103, 1.0232702411057657, 2925.2283389042814, 698.3468247136657, 3808.7170537245784, 0.7680350883622805
0.0046, 0.4724756868598442, 0.001098169107334078, 98.84684160935943, 36.32215056479571, 54.16424303059591, 0.04906904939460073, 1.4832852123985716, -0.0085480667487329, 0.05761711614333363, 0.0, 6.103, 1.046009579797005, 2925.2283389042814, 698.3468247136657, 3808.7170537245784, 0.7680350883622805
0.0047, 0.5146831660361114, 0.001122042348797862, 100.66195931606913, 68.90469719553761, 54.80767130893037, 0.051450453017979986, 1.5251253958561048, -0.008709763413728974, 0.06016021643170896, 0.0, 6.103, 1.0687489184882442, 2925.2283389042814, 698.3468247136657, 3808.7170537245784, 0.7680350883622805
0.0048, 0.4676053432783366, 0.0011459155902616468, 102.51842977853846, 67.98018287656926, 55.5030705852696, 0.05387563308131247, 1.5249902135901363, -0.008870952099086745, 0.06274658518039922, 0.0, 6.103, 1.0914882571794835, 2925.2283389042814, 698.3468247136657, 3808.7170537245784, 0.7680350883622805
0.0049, 0.5238214820483035, 0.0011697888317254304, 104.4409928329603, 53.965222854047454, 56.27343279979914, 0.0563458737782509, 1.5030557827482816, -0.009031643389263154, 0.06537751716751405, 0.0, 6.103, 1.1142275958707228, 2925.2283389042814, 698.3468247136657, 3808.7170537245784, 0.7680350883622805
0.005, 0.46657081146792134, 0.0011936620731892152, 106.45304234112827, 67.46037525186965, 57.14006069197967, 0.05886303591046252, 1.5147423201902155, -0.009191847436604592, 0.06805488334706711, 0.0, 6.103, 1.1369669345619622, 2925.2283389042814, 698.3468247136657, 3808.7170537245784, 0.7680350883622805
0.0051, 0.5030039524195972, 0.0012175353146529997, 108.57556339379272, 58.28941867800566, 58.12157536936979, 0.06142951218480444, 1.5066401744382325, -0.009351573987280676, 0.07078108617208512, 0.0, 6.103, 1.1597062732532015, 2925.2283389042814, 698.3468247136657, 3808.7170537245784, 0.7680350883622805
0.0052, 0.4777236846651679, 0.0012414085561167842, 110.82601889482848, 72.08084660190114, 59.232886088582745, 0.06404815650253877, 1.5255074861593778, -0.009510832405183292, 0.07355898890772206, 0.0, 6.103, 1.1824456119444409, 2925.2283389042814, 698.3468247136657, 3808.7170537245784, 0.7680350883622805
0.0053, 0.5119346923385502, 0.0012652817975805685, 113.21720213063192, 58.75230115553415, 60.48413795905299, 0.0667221862269376, 1.508484352798045, -0.009669631693986708, 0.07639181792092431, 0.0, 6.103, 1.20518495063568, 2925.2283389042814, 698.3468247136657, 3808.7170537245784, 0.7680350883622805
0.0054, 0.4715692873745252, 0.0012891550390443521, 115.75607364935541, 44.20665247866714, 61.879654809881686, 0.06945505683255396, 1.4843838576355546, -0.009827980517542224, 0.07928303735009617, 0.0, 6.103, 1.2279242893269193, 2925.2283389042814, 698.3468247136657, 3808.7170537245784, 0.7680350883622805
0.0055, 0.4894638999397965, 0.0013130282805081366, 118.44260249545293, 79.47439236935287, 63.41689598936091, 0.07225030879743237, 1.5308367880699671, -0.009985887218761662, 0.08223619601619403, 0.0, 6.103, 1.2506636280181587, 2925.2283389042814, 698.3468247136657, 3808.7170537245784, 0.7680350883622805
0.0056, 0.4769332981518818, 0.0013369015219719213, 121.26863356509558, 81.7231108631103, 65.0854473960926, 0.07511138709856255, 1.5331489963877853, -0.010143359837127136, 0.08525474693568968, 0.0, 6.103, 1.273402966709398, 2925.2283389042814, 698.3468247136657, 3808.7170537245784, 0.7680350883622805
0.0057, 0.4503190883187616, 0.0013607747634357059, 124.21680456839024, 62.431198814387415, 66.86606856987964, 0.07804143421123143, 1.5132401647320397, -0.010300406124949774, 0.0883418403361812, 0.0, 6.103, 1.2961423054006374, 2925.2283389042814, 698.3468247136657, 3808.7170537245784, 0.7680350883622805
0.0058, 0.4387659929817801, 0.00138464800489949, 127.2595378051674, 48.1536286295449, 68.72981920010534, 0.0810430580938333, 1.4784189306317677, -0.010457033562487143, 0.09150009165632045, 0.0, 6.103, 1.3188816440918767, 2925.2283389042814, 698.3468247136657, 3808.7170537245784, 0.7680350883622805
0.0059, 0.4474215783577661, 0.0014085212463632744, 130.3581336814148, 70.46935104434804, 70.63728993874702, 0.08411807726228696, 1.5171983988487954, -0.010613249372017875, 0.09473132663430484, 0.0, 6.103, 1.3416209827831158, 2925.2283389042814, 698.3468247136657, 3808.7170537245784, 0.7680350883622805
0.006, 0.43075534956102546, 0.0014323944878270583, 133.4619946135045, 91.92199899700583, 72.53796393405537, 0.08726724572144386, 1.551328228469864, -0.010769060530961808, 0.09803630625240567, 0.0, 6.103, 1.3643603214743552, 2925.2283389042814, 698.3468247136657, 3808.7170537245784, 0.7680350883622805
0.0061, 0.4305696944824176, 0.0014562677292908432, 136.50800968870084, 52.91111954969107, 74.36973703093281, 0.09048996122535419, 1.4841997615201952, -0.010924473784125253, 0.10141443500947944, 0.0, 6.103, 1.3870996601655945, 2925.2283389042814, 698.3468247136657, 3808.7170537245784, 0.7680350883622805
0.0062, 0.4050399820621338, 0.0014801409707546273, 139.42013217014724, 75.6619584608611, 76.05862611313387, 0.09378396108367071, 1.5170910631906607, -0.011079495655143108, 0.10486345673881381, 0.0, 6.103, 1.4098389988568338, 2925.2283389042814, 698.3468247136657, 3808.7170537245784, 0.7680350883622805
0.0063, 0.4149949359389432, 0.0015040142122184116, 142.10918365525364, 78.15159660687112, 77.5186965912635, 0.09714501051831861, 1.5237306202064471, -0.011234132457182605, 0.10837914297550122, 0.0, 6.103, 1.4325783375480732, 2925.2283389042814, 698.3468247136657, 3808.7170537245784, 0.7680350883622805
0.0064, 0.4033857124853704, 0.0015278874536821963, 144.47292041715565, 66.93799375494403, 78.65224157095327, 0.10056658940194134, 1.5050102837403327, -0.011388390302967297, 0.11195497970490864, 0.0, 6.103, 1.4553176762393125, 2925.2283389042814, 698.3468247136657, 3808.7170537245784, 0.7680350883622805
0.0065, 0.38707286167860605, 0.0015517606951459808, 146.3963991792778, 79.68855976611763, 79.35024676418107, 0.10403958407850672, 1.5323378743237874, -0.011542275114174438, 0.11558185919268116, 0.0, 6.103, 1.4780570149305516, 2925.2283389042814, 698.3468247136657, 3808.7170537245784, 0.7680350883622805
0.0066, 0.39964439509574035, 0.0015756339366097647, 147.75268129321498, 84.28650107397623, 79.4931767361195, 0.10755199187633122, 1.5187033717049314, -0.011695792630253918, 0.11924778450658513, 0.0, 6.103, 1.500796353621791, 2925.2283389042814, 698.3468247136657, 3808.7170537245784, 0.7680350883622805
0.0067, 0.3682124468493134, 0.0015995071780735492, 148.4039160111267, 99.96114517874497, 78.95211960945926, 0.11108864687452664, 1.5580073892936928, -0.011848948416712617, 0.12293759529123927, 0.0, 6.103, 1.5235356923130303, 2925.2283389042814, 698.3468247136657, 3808.7170537245784, 0.7680350883622805
0.0068, 0.3553553106278448, 0.0016233804195373337, 148.20284526432988, 71.51055678501326, 77.59032887784633, 0.11463097647598107, 1.4863064671973982, -0.012001747872904098, 0.12663272434888517, 0.0, 6.103, 1.5462750310042697, 2925.2283389042814, 698.3468247136657, 3808.7170537245784, 0.7680350883622805
