This fits B3 to B7 into the virial expansion since maxPower is set to 5.
Number of particles: 108
dryVolFracMax: 0.007
dryVolFracIncrement: 1.0E-4
Initial configuration: FCC
Dry microgel radius [nm]: 50.0
Box length [units of dry radius]: 40.130210850472906
Number of monomers: 2916666.666666667
Number of chains: 175.00000000000003
Flory interaction parameter (chi): 0.0
Young's calibration factor: 1.0
x-link fraction: 6.0E-5
MC steps: 100000
Equilibration steps: 10000.0
Snapshot interval: 100
Displacement tolerance: 0.1
Particle radius change tolerance: 0.0
Particle radius bin width: 0.001
g(r) bin width: 0.005
phi0, phi, rho, mu/kT, Z_measured, Z_virial_Fit, <F_total>/V, QMelting, <F_id>/V, <F_ex>/V, <F_FR>/V, <alpha>, Zeta, B2_rho, B2_phi0, B2_HS, B2*
2.0E-4, 0.04432937994206234, 4.774648292756861E-5, -8.214334811784614, 1.8455424415673258, 2.073160708474967, -4.911917292255125E-4, 1.5005076286263923, -5.213638970822166E-4, 3.0172167856704107E-5, 0.0, 6.103, 0.04547867738247849, 2925.2283389042814, 698.3468247136657, 3808.7170537245784, 0.7680350883622805
3.0E-4, 0.06628284682471296, 7.161972439135293E-5, -6.103739423390527, 2.5608050012600843, 3.1490986631869813, -6.626857135984944E-4, 1.5007155067710296, -7.530065463303081E-4, 9.032083273181371E-5, 0.0, 6.103, 0.06821801607371773, 2925.2283389042814, 698.3468247136657, 3808.7170537245784, 0.7680350883622805
4.0E-4, 0.08731470965037727, 9.549296585513724E-5, -3.710830757984536, 7.818222068457616, 4.461076948490922, -7.803597035857934E-4, 1.501303057005198, -9.765371141186377E-4, 1.961774105328443E-4, 0.0, 6.103, 0.09095735476495698, 2925.2283389042814, 698.3468247136657, 3808.7170537245784, 0.7680350883622805
5.0E-4, 0.10904269040286411, 1.1936620731892148E-4, -1.0874450812305598, 6.200949715226205, 5.933203676857915, -8.380282151713176E-4, 1.5016733919814147, -0.0011940355932402447, 3.5600737806892706E-4, 0.0, 6.103, 0.11369669345619622, 2925.2283389042814, 698.3468247136657, 3808.7170537245784, 0.7680350883622805
6.0E-4, 0.1286882924553462, 1.4323944878270585E-4, 1.7004036783839336, 10.14165876272226, 7.501694628595477, -8.309737179364008E-4, 1.5019925421736111, -0.001406727072591923, 5.757533546555221E-4, 0.0, 6.103, 0.13643603214743547, 2925.2283389042814, 698.3468247136657, 3808.7170537245784, 0.7680350883622805
7.0E-4, 0.1475194435762723, 1.6711269024649017E-4, 4.589737178617414, 9.567702277776752, 9.11383697712802, -7.560344882727112E-4, 1.5017301542661088, -0.0016154210498813184, 8.593865616086072E-4, 0.0, 6.103, 0.15917537083867472, 2925.2283389042814, 698.3468247136657, 3808.7170537245784, 0.7680350883622805
8.0E-4, 0.16646831916845897, 1.9098593171027449E-4, 7.525374326906823, 7.785308169237986, 10.726991681643003, -6.114638734740728E-4, 1.5016208952190124, -0.0018206928681456847, 0.001209228994671612, 0.0, 6.103, 0.18191470952991398, 2925.2283389042814, 698.3468247136657, 3808.7170537245784, 0.7680350883622805
9.0E-4, 0.18447014976613751, 2.148591731740588E-4, 10.461191042712608, 16.4633800373821, 12.307634547102595, -3.967253246658449E-4, 1.5037036114423745, -0.0020229727110088343, 0.0016262473863429894, 0.0, 6.103, 0.20465404822115324, 2925.2283389042814, 698.3468247136657, 3808.7170537245784, 0.7680350883622805
0.001, 0.20484489901358094, 2.38732414637843E-4, 13.360141829794333, 14.399124626630739, 13.830435951620938, -1.122744512936499E-4, 1.5037892409754974, -0.0022225944863660013, 0.0021103200350723514, 0.0, 6.103, 0.22739338691239247, 2925.2283389042814, 698.3468247136657, 3808.7170537245784, 0.7680350883622805
0.0011, 0.21918259735616796, 2.626056561016274E-4, 16.193782334589145, 21.845145197412553, 15.277379241207019, 2.406526355911748E-4, 1.5058635565393679, -0.0024198249427019227, 0.0026604775782930975, 0.0, 6.103, 0.25013272560363176, 2925.2283389042814, 698.3468247136657, 3808.7170537245784, 0.7680350883622805
0.0012, 0.23542237322873188, 2.864788975654117E-4, 18.941578577794225, 11.607533829058816, 16.63691779187306, 6.602366812129305E-4, 1.503194139729281, -0.00261488210504646, 0.0032751187862593905, 0.0, 6.103, 0.272872064294871, 2925.2283389042814, 698.3468247136657, 3808.7170537245784, 0.7680350883622805
0.0013, 0.2535315720883239, 3.10352139029196E-4, 21.590127547723817, 18.549296194772264, 17.903170739108564, 0.0011442549320620022, 1.5040317299880954, -0.002807947521593494, 0.003952202453655496, 0.0, 6.103, 0.2956114029861102, 2925.2283389042814, 698.3468247136657, 3808.7170537245784, 0.7680350883622805
0.0014, 0.27425901345347053, 3.342253804929803E-4, 24.13234885386439, 14.532913012918046, 19.075157374719844, 0.0016902417463429418, 1.5026502305785403, -0.002999174719602353, 0.004689416465945295, 0.0, 6.103, 0.3183507416773495, 2925.2283389042814, 698.3468247136657, 3808.7170537245784, 0.7680350883622805
0.0015, 0.2860806535506024, 3.580986219567647E-4, 26.56667819327764, 22.2421508903497, 20.156070211035242, 0.002295629884346041, 1.505703603351187, -0.003188695233083918, 0.005484325117429959, 0.0, 6.103, 0.34109008036858873, 2925.2283389042814, 698.3468247136657, 3808.7170537245784, 0.7680350883622805
0.0016, 0.3000762958340733, 3.8197186342054886E-4, 28.89627944257841, 12.900087360426895, 21.152586712475806, 0.0029578727418734453, 1.501277623242817, -0.0033766230161081877, 0.006334495757981633, 0.0, 6.103, 0.363829419059828, 2925.2283389042814, 698.3468247136657, 3808.7170537245784, 0.7680350883622805
0.0017, 0.3110055159484283, 4.0584510488433315E-4, 31.128285032678132, 18.02201914708883, 22.074219694491685, 0.0036745480968058807, 1.5032881068528148, -0.0035630577486152858, 0.0072376058454211665, 0.0, 6.103, 0.38656875775106725, 2925.2283389042814, 698.3468247136657, 3808.7170537245784, 0.7680350883622805
0.0018, 0.32734186921120534, 4.297183463481176E-4, 33.273070389813746, 17.98032775245029, 22.932706389863913, 0.004443444118696034, 1.5014132324244174, -0.003748087361811589, 0.008191531480507623, 0.0, 6.103, 0.40930809644230653, 2925.2283389042814, 698.3468247136657, 3808.7170537245784, 0.7680350883622805
0.0019, 0.3377164644324095, 4.535915878119019E-4, 35.343566032643245, 20.95536689000306, 23.741436182372038, 0.005262628500784383, 1.5047602758827505, -0.003931790000723226, 0.009194418501507609, 0.0, 6.103, 0.43204743513354577, 2925.2283389042814, 698.3468247136657, 3808.7170537245784, 0.7680350883622805
0.002, 0.35743824136518754, 4.7746482927568624E-4, 37.35460962374033, 24.517134540098418, 24.514917007826984, 0.00613050164280936, 1.508557458148472, -0.004114235572503025, 0.010244737215312385, 0.0, 6.103, 0.45478677382478494, 2925.2283389042814, 698.3468247136657, 3808.7170537245784, 0.7680350883622805
0.0021, 0.36517000124861493, 5.013380707394704E-4, 39.32233948749466, 25.506826098158903, 25.268280422469857, 0.007045834857718062, 1.5058711804185319, -0.0042954869843524115, 0.011341321842070474, 0.0, 6.103, 0.47752611251602417, 2925.2283389042814, 698.3468247136657, 3808.7170537245784, 0.7680350883622805
0.0022, 0.3884965209933588, 5.252113122032547E-4, 41.26363061328243, 10.65318102907313, 26.016825338736155, 0.00800779460515195, 1.496280543703437, -0.0044756011451519695, 0.01248339575030392, 0.0, 6.103, 0.5002654512072634, 2925.2283389042814, 698.3468247136657, 3808.7170537245784, 0.7680350883622805
0.0023, 0.39418636150725006, 5.490845536670391E-4, 43.19557384529063, 23.189157638217804, 26.77560042838527, 0.009015953774846139, 1.500024820942092, -0.004654629784629776, 0.013670583559475915, 0.0, 6.103, 0.5230047898985026, 2925.2283389042814, 698.3468247136657, 3808.7170537245784, 0.7680350883622805
0.0024, 0.3976241049117633, 5.729577951308231E-4, 45.13499875115397, 21.222821920700493, 27.55902519299627, 0.01007029105715965, 1.4994797385558778, -0.004832620129818146, 0.014902911186977797, 0.0, 6.103, 0.5457441285897418, 2925.2283389042814, 698.3468247136657, 3808.7170537245784, 0.7680350883622805
0.0025, 0.4067215255763038, 5.968310365946075E-4, 47.098040520763384, 30.015484668623863, 28.380549701828514, 0.011171179447914913, 1.5048900059829764, -0.005009615468588517, 0.01618079491650343, 0.0, 6.103, 0.568483467280981, 2925.2283389042814, 698.3468247136657, 3808.7170537245784, 0.7680350883622805
0.0026, 0.4132368876711069, 6.207042780583919E-4, 49.099751150038806, 30.097655771444984, 29.252352997048444, 0.01231936494188932, 1.5042548725713665, -0.005185655622889315, 0.017505020564778633, 0.0, 6.103, 0.5912228059722202, 2925.2283389042814, 698.3468247136657, 3808.7170537245784, 0.7680350883622805
0.0027, 0.4231298416362658, 6.445775195221761E-4, 51.153755097077386, 46.611092750539164, 30.18508016632146, 0.013515936474533473, 1.5177869568247597, -0.005360777349080229, 0.0188767138236137, 0.0, 6.103, 0.6139621446634594, 2925.2283389042814, 698.3468247136657, 3808.7170537245784, 0.7680350883622805
0.0028, 0.4322594244488004, 6.684507609859605E-4, 53.27194955033946, 29.85446970636476, 31.187618082769717, 0.01476228817536309, 1.502659056170902, -0.005535014678884134, 0.020297302854247225, 0.0, 6.103, 0.6367014833546986, 2925.2283389042814, 698.3468247136657, 3808.7170537245784, 0.7680350883622805
0.0029, 0.4451448304920287, 6.923240024497446E-4, 55.46424941419475, 46.22483877905065, 32.2669098122954, 0.016060074999372904, 1.5149507494066676, -0.005708399211575585, 0.02176847421094849, 0.0, 6.103, 0.6594408220459378, 2925.2283389042814, 698.3468247136657, 3808.7170537245784, 0.7680350883622805
0.003, 0.450019219147264, 7.161972439135289E-4, 57.73837709214256, 40.275279434391784, 33.4278076882694, 0.01741116280502256, 1.5146664974783572, -0.005880960365824366, 0.023292123170846925, 0.0, 6.103, 0.682180160737177, 2925.2283389042814, 698.3468247136657, 3808.7170537245784, 0.7680350883622805
0.0031, 0.46121265698246666, 7.400704853773128E-4, 60.09969712956645, 40.382006145066555, 34.672965053585855, 0.018817573949029786, 1.5098720415421139, -0.0060527255979264645, 0.02487029954695625, 0.0, 6.103, 0.7049194994284163, 2925.2283389042814, 698.3468247136657, 3808.7170537245784, 0.7680350883622805
0.0032, 0.4566956389053738, 7.639437268410973E-4, 62.55109576413141, 44.07146135427532, 36.00276667008263, 0.020281429469511433, 1.5149926380306513, -0.006223720591850007, 0.02650515006136144, 0.0, 6.103, 0.7276588381196554, 2925.2283389042814, 698.3468247136657, 3808.7170537245784, 0.7680350883622805
0.0033, 0.46767467386483025, 7.878169683048817E-4, 65.09290542155895, 47.54895829477182, 37.41529779532557, 0.021804888930031307, 1.5161742552707613, -0.006393969425504765, 0.028198858355536073, 0.0, 6.103, 0.7503981768108946, 2925.2283389042814, 698.3468247136657, 3808.7170537245784, 0.7680350883622805
0.0034, 0.48982019628568446, 8.116902097686655E-4, 67.72287418663079, 40.253981870078356, 38.906351926761204, 0.023390088997916787, 1.5046747617059046, -0.006563494716841305, 0.029953583714758092, 0.0, 6.103, 0.7731375155021338, 2925.2283389042814, 698.3468247136657, 3808.7170537245784, 0.7680350883622805
0.0035, 0.485591678632071, 8.355634512324502E-4, 70.43618027319938, 53.21011097382877, 40.46947721323224, 0.025039081830843943, 1.5210975698054323, -0.006732317752748799, 0.03177139958359274, 0.0, 6.103, 0.7958768541933731, 2925.2283389042814, 698.3468247136657, 3808.7170537245784, 0.7680350883622805
0.0036, 0.48151071663099726, 8.594366926962345E-4, 73.22549151231092, 39.585349685166285, 42.0960615338612, 0.026753774346197613, 1.5032209551147357, -0.006900458603211013, 0.03365423294940863, 0.0, 6.103, 0.8186161928846122, 2925.2283389042814, 698.3468247136657, 3808.7170537245784, 0.7680350883622805
0.0037, 0.47854148438063693, 8.833099341600185E-4, 76.08106987385841, 44.64225098095447, 43.775456244296436, 0.028535869448127537, 1.5141469858196142, -0.007067936222769608, 0.035603805670897146, 0.0, 6.103, 0.8413555315758514, 2925.2283389042814, 698.3468247136657, 3808.7170537245784, 0.7680350883622805
0.0038, 0.5069424235119282, 9.071831756238029E-4, 78.99092103432518, 38.08797352072455, 45.495138590327514, 0.0303868102875499, 1.495333467385307, -0.007234768541011389, 0.03762157882856129, 0.0, 6.103, 0.8640948702670906, 2925.2283389042814, 698.3468247136657, 3808.7170537245784, 0.7680350883622805
0.0039, 0.5024468959928454, 9.310564170875872E-4, 81.94098900087089, 39.90760991902712, 47.24091278886266, 0.0323077286306187, 1.4974462416823497, -0.007400972543524751, 0.03970870117414345, 0.0, 6.103, 0.8868342089583299, 2925.2283389042814, 698.3468247136657, 3808.7170537245784, 0.7680350883622805
0.004, 0.48685179254118455, 9.549296585513715E-4, 84.91539580021947, 60.82885041424601, 48.99714977627494, 0.034299398411409304, 1.5257969636514526, -0.007566564344548088, 0.041865962755957394, 0.0, 6.103, 0.9095735476495691, 2925.2283389042814, 698.3468247136657, 3808.7170537245784, 0.7680350883622805
0.0041, 0.509521207355081, 9.788029000151557E-4, 87.89672623932248, 53.59917741449304, 50.747065624110974, 0.03636219554474777, 1.5083084180859876, -0.007731559252349385, 0.04409375479709715, 0.0, 6.103, 0.9323128863408084, 2925.2283389042814, 698.3468247136657, 3808.7170537245784, 0.7680350883622805
0.0042, 0.5179582269727405, 0.0010026761414789404, 90.86635774361436, 48.99536906606153, 52.47303862216921, 0.03849606507525988, 1.5074062453789578, -0.007895971828223965, 0.04639203690348384, 0.0, 6.103, 0.9550522250320478, 2925.2283389042814, 698.3468247136657, 3808.7170537245784, 0.7680350883622805
0.0043, 0.5115782899790453, 0.0010265493829427243, 93.80483527769496, 44.61306280991767, 54.1569650289361, 0.04070049673885628, 1.4991522485229547, -0.008059815939870624, 0.0487603126787269, 0.0, 6.103, 0.977791563723287, 2925.2283389042814, 698.3468247136657, 3808.7170537245784, 0.7680350883622805
0.0044, 0.5047394223748645, 0.0010504226244065088, 96.69229135252803, 46.51547123367448, 55.78065348939873, 0.04297451001295752, 1.5093331099259222, -0.008223104809800184, 0.0511976148227577, 0.0, 6.103, 1.0005309024145264, 2925.2283389042814, 698.3468247136657, 3808.7170537245784, 0.7680350883622805
0.0045, 0.520527527365558, 0.001074295865870293, 99.5089111225707, 43.74652828072589, 57.326258120214845, 0.045316649731872105, 1.4980709552855314, -0.008385851059341297, 0.0537025007912134, 0.0, 6.103, 1.0232702411057657, 2925.2283389042814, 698.3468247136657, 3808.7170537245784, 0.7680350883622805
0.0046, 0.4724756868598442, 0.001098169107334078, 102.23544257573006, 36.32215056479571, 58.77675026225154, 0.04772499334379894, 1.4846292684493734, -0.0085480667487329, 0.05627306009253184, 0.0, 6.103, 1.046009579797005, 2925.2283389042814, 698.3468247136657, 3808.7170537245784, 0.7680350883622805
0.0047, 0.5146831660361114, 0.001122042348797862, 104.85375181862779, 68.90469719553761, 60.11642890048722, 0.050197170885998385, 1.5263786779880864, -0.008709763413728974, 0.05890693429972736, 0.0, 6.103, 1.0687489184882442, 2925.2283389042814, 698.3468247136657, 3808.7170537245784, 0.7680350883622805
0.0048, 0.4676053432783366, 0.0011459155902616468, 107.34742345926281, 67.98018287656926, 61.331469751283066, 0.05273039875473191, 1.5261354479167168, -0.008870952099086745, 0.061601350853818654, 0.0, 6.103, 1.0914882571794835, 2925.2283389042814, 698.3468247136657, 3808.7170537245784, 0.7680350883622805
0.0049, 0.5238214820483035, 0.0011697888317254304, 109.70240608886955, 53.965222854047454, 62.41051301701543, 0.05532152834660706, 1.5040801281799254, -0.009031643389263154, 0.06435317173587021, 0.0, 6.103, 1.1142275958707228, 2925.2283389042814, 698.3468247136657, 3808.7170537245784, 0.7680350883622805
0.005, 0.46657081146792134, 0.0011936620731892152, 111.90770286451927, 67.46037525186965, 63.34528980808136, 0.057967110648017905, 1.51563824545266, -0.009191847436604592, 0.0671589580846225, 0.0, 6.103, 1.1369669345619622, 2925.2283389042814, 698.3468247136657, 3808.7170537245784, 0.7680350883622805
0.0051, 0.5030039524195972, 0.0012175353146529997, 113.95610719378789, 58.28941867800566, 64.13128723225691, 0.060663477849391356, 1.5074062087736455, -0.009351573987280676, 0.07001505183667203, 0.0, 6.103, 1.1597062732532015, 2925.2283389042814, 698.3468247136657, 3808.7170537245784, 0.7680350883622805
0.0052, 0.4777236846651679, 0.0012414085561167842, 115.8449835226489, 72.08084660190114, 64.7684521514359, 0.06340684306099119, 1.5261487996009255, -0.009510832405183292, 0.07291767546617448, 0.0, 6.103, 1.1824456119444409, 2925.2283389042814, 698.3468247136657, 3808.7170537245784, 0.7680350883622805
0.0053, 0.5119346923385502, 0.0012652817975805685, 117.57709322757206, 58.75230115553415, 65.26193360572074, 0.0661934192070493, 1.5090131198179333, -0.009669631693986708, 0.07586305090103601, 0.0, 6.103, 1.20518495063568, 2925.2283389042814, 698.3468247136657, 3808.7170537245784, 0.7680350883622805
0.0054, 0.4715692873745252, 0.0012891550390443521, 119.16146561270858, 44.20665247866714, 65.62286390489248, 0.06901955817501917, 1.4848193562930894, -0.009827980517542224, 0.07884753869256139, 0.0, 6.103, 1.2279242893269193, 2925.2283389042814, 698.3468247136657, 3808.7170537245784, 0.7680350883622805
0.0055, 0.4894638999397965, 0.0013130282805081366, 120.61431401290763, 79.47439236935287, 65.86917838723093, 0.07188191129676567, 1.531205185570634, -0.009985887218761662, 0.08186779851552733, 0.0, 6.103, 1.2506636280181587, 2925.2283389042814, 698.3468247136657, 3808.7170537245784, 0.7680350883622805
0.0056, 0.4769332981518818, 0.0013369015219719213, 121.9599970032191, 81.7231108631103, 66.02647384571401, 0.07477761223852022, 1.5334827712478276, -0.010143359837127136, 0.08492097207564736, 0.0, 6.103, 1.273402966709398, 2925.2283389042814, 698.3468247136657, 3808.7170537245784, 0.7680350883622805
0.0057, 0.4503190883187616, 0.0013607747634357059, 123.23202471548396, 62.431198814387415, 66.12890562157918, 0.0777044833764469, 1.513577115566824, -0.010300406124949774, 0.08800488950139668, 0.0, 6.103, 1.2961423054006374, 2925.2283389042814, 698.3468247136657, 3808.7170537245784, 0.7680350883622805
0.0058, 0.4387659929817801, 0.00138464800489949, 124.47411026246438, 48.1536286295449, 66.22012336523994, 0.08066126673468269, 1.4788007219909183, -0.010457033562487143, 0.09111830029716983, 0.0, 6.103, 1.3188816440918767, 2925.2283389042814, 698.3468247136657, 3808.7170537245784, 0.7680350883622805
0.0059, 0.4474215783577661, 0.0014085212463632744, 125.74126627004608, 70.46935104434804, 66.35424546458353, 0.08364788056271069, 1.5176685955483715, -0.010613249372017875, 0.09426112993472857, 0.0, 6.103, 1.3416209827831158, 2925.2283389042814, 698.3468247136657, 3808.7170537245784, 0.7680350883622805
0.006, 0.43075534956102546, 0.0014323944878270583, 127.10094651781135, 91.92199899700583, 66.59687214062842, 0.08666570262895558, 1.5519297715623523, -0.010769060530961808, 0.09743476315991739, 0.0, 6.103, 1.3643603214743552, 2925.2283389042814, 698.3468247136657, 3808.7170537245784, 0.7680350883622805
0.0061, 0.4305696944824176, 0.0014562677292908432, 128.6342326884041, 52.91111954969107, 67.02613721053422, 0.0897178813074892, 1.4849718414380602, -0.010924473784125253, 0.10064235509161445, 0.0, 6.103, 1.3870996601655945, 2925.2283389042814, 698.3468247136657, 3808.7170537245784, 0.7680350883622805
0.0062, 0.4050399820621338, 0.0014801409707546273, 130.43706622596042, 75.6619584608611, 67.73379851800883, 0.09280967553473052, 1.5180653487396008, -0.011079495655143108, 0.10388917118987362, 0.0, 6.103, 1.4098389988568338, 2925.2283389042814, 698.3468247136657, 3808.7170537245784, 0.7680350883622805
0.0063, 0.4149949359389432, 0.0015040142122184116, 132.62152530387672, 78.15159660687112, 68.82636703104436, 0.09594882471305946, 1.5249268060117063, -0.011234132457182605, 0.10718295717024207, 0.0, 6.103, 1.4325783375480732, 2925.2283389042814, 698.3468247136657, 3808.7170537245784, 0.7680350883622805
0.0064, 0.4033857124853704, 0.0015278874536821963, 135.3171469021848, 66.93799375494403, 70.4262746070408, 0.09914594963824723, 1.5064309235040267, -0.011388390302967297, 0.11053433994121453, 0.0, 6.103, 1.4553176762393125, 2925.2283389042814, 698.3468247136657, 3808.7170537245784, 0.7680350883622805
0.0065, 0.38707286167860605, 0.0015517606951459808, 138.67229399473746, 79.68855976611763, 72.67308042529294, 0.10241498552760869, 1.5339624728746855, -0.011542275114174438, 0.11395726064178313, 0.0, 6.103, 1.4780570149305516, 2925.2283389042814, 698.3468247136657, 3808.7170537245784, 0.7680350883622805
0.0066, 0.39964439509574035, 0.0015756339366097647, 142.85556784635477, 84.28650107397623, 75.72471608683372, 0.10577364822581511, 1.5204817153554475, -0.011695792630253918, 0.11746944085606903, 0.0, 6.103, 1.500796353621791, 2925.2283389042814, 698.3468247136657, 3808.7170537245784, 0.7680350883622805
0.0067, 0.3682124468493134, 0.0015995071780735492, 148.05726542020213, 99.96114517874497, 79.75876938165766, 0.10924393466527667, 1.5598521015029427, -0.011848948416712617, 0.12109288308198929, 0.0, 6.103, 1.5235356923130303, 2925.2283389042814, 698.3468247136657, 3808.7170537245784, 0.7680350883622805
0.0068, 0.3553553106278448, 0.0016233804195373337, 154.49088189548547, 71.51055678501326, 84.973806723302, 0.11285265865802062, 1.4880847850153587, -0.012001747872904098, 0.12485440653092472, 0.0, 6.103, 1.5462750310042697, 2925.2283389042814, 698.3468247136657, 3808.7170537245784, 0.7680350883622805
