This fits B3 to B12 into the virial expansion since maxPower is set to 10.
===== Virial Coefficients for Hertzian Microgels =====
x-link fraction: 6.0E-5
Young's calibration: 1.0
chi: 0.0
Dry radius [nm]: 50.0
Number of density points: 69
Dry volume fraction range: phi0_min = 1.0E-4, phi0_max = 0.006900000000000005

===== B2 at Each Density Point =====
phi0, B2_rho, B2_phi0, B2_HS, B2*
1.0E-4, 2925.2283389042814, 698.3468247136657, 3808.7170537245784, 0.7680350883622805
2.0E-4, 2925.2283389042814, 698.3468247136657, 3808.7170537245784, 0.7680350883622805
3.0E-4, 2925.2283389042814, 698.3468247136657, 3808.7170537245784, 0.7680350883622805
4.0E-4, 2925.2283389042814, 698.3468247136657, 3808.7170537245784, 0.7680350883622805
5.0E-4, 2925.2283389042814, 698.3468247136657, 3808.7170537245784, 0.7680350883622805
6.0E-4, 2925.2283389042814, 698.3468247136657, 3808.7170537245784, 0.7680350883622805
7.0E-4, 2925.2283389042814, 698.3468247136657, 3808.7170537245784, 0.7680350883622805
8.0E-4, 2925.2283389042814, 698.3468247136657, 3808.7170537245784, 0.7680350883622805
9.0E-4, 2925.2283389042814, 698.3468247136657, 3808.7170537245784, 0.7680350883622805
0.001, 2925.2283389042814, 698.3468247136657, 3808.7170537245784, 0.7680350883622805
0.0011, 2925.2283389042814, 698.3468247136657, 3808.7170537245784, 0.7680350883622805
0.0012, 2925.2283389042814, 698.3468247136657, 3808.7170537245784, 0.7680350883622805
0.0013, 2925.2283389042814, 698.3468247136657, 3808.7170537245784, 0.7680350883622805
0.0014, 2925.2283389042814, 698.3468247136657, 3808.7170537245784, 0.7680350883622805
0.0015, 2925.2283389042814, 698.3468247136657, 3808.7170537245784, 0.7680350883622805
0.0016, 2925.2283389042814, 698.3468247136657, 3808.7170537245784, 0.7680350883622805
0.0017, 2925.2283389042814, 698.3468247136657, 3808.7170537245784, 0.7680350883622805
0.0018, 2925.2283389042814, 698.3468247136657, 3808.7170537245784, 0.7680350883622805
0.0019, 2925.2283389042814, 698.3468247136657, 3808.7170537245784, 0.7680350883622805
0.002, 2925.2283389042814, 698.3468247136657, 3808.7170537245784, 0.7680350883622805
0.0021, 2925.2283389042814, 698.3468247136657, 3808.7170537245784, 0.7680350883622805
0.0022, 2925.2283389042814, 698.3468247136657, 3808.7170537245784, 0.7680350883622805
0.0023, 2925.2283389042814, 698.3468247136657, 3808.7170537245784, 0.7680350883622805
0.0024, 2925.2283389042814, 698.3468247136657, 3808.7170537245784, 0.7680350883622805
0.0025, 2925.2283389042814, 698.3468247136657, 3808.7170537245784, 0.7680350883622805
0.0026, 2925.2283389042814, 698.3468247136657, 3808.7170537245784, 0.7680350883622805
0.0027, 2925.2283389042814, 698.3468247136657, 3808.7170537245784, 0.7680350883622805
0.0028, 2925.2283389042814, 698.3468247136657, 3808.7170537245784, 0.7680350883622805
0.0029, 2925.2283389042814, 698.3468247136657, 3808.7170537245784, 0.7680350883622805
0.003, 2925.2283389042814, 698.3468247136657, 3808.7170537245784, 0.7680350883622805
0.0031, 2925.2283389042814, 698.3468247136657, 3808.7170537245784, 0.7680350883622805
0.0032, 2925.2283389042814, 698.3468247136657, 3808.7170537245784, 0.7680350883622805
0.0033, 2925.2283389042814, 698.3468247136657, 3808.7170537245784, 0.7680350883622805
0.0034, 2925.2283389042814, 698.3468247136657, 3808.7170537245784, 0.7680350883622805
0.0035, 2925.2283389042814, 698.3468247136657, 3808.7170537245784, 0.7680350883622805
0.0036, 2925.2283389042814, 698.3468247136657, 3808.7170537245784, 0.7680350883622805
0.0037, 2925.2283389042814, 698.3468247136657, 3808.7170537245784, 0.7680350883622805
0.0038, 2925.2283389042814, 698.3468247136657, 3808.7170537245784, 0.7680350883622805
0.0039, 2925.2283389042814, 698.3468247136657, 3808.7170537245784, 0.7680350883622805
0.004, 2925.2283389042814, 698.3468247136657, 3808.7170537245784, 0.7680350883622805
0.0041, 2925.2283389042814, 698.3468247136657, 3808.7170537245784, 0.7680350883622805
0.0042, 2925.2283389042814, 698.3468247136657, 3808.7170537245784, 0.7680350883622805
0.0043, 2925.2283389042814, 698.3468247136657, 3808.7170537245784, 0.7680350883622805
0.0044, 2925.2283389042814, 698.3468247136657, 3808.7170537245784, 0.7680350883622805
0.0045, 2925.2283389042814, 698.3468247136657, 3808.7170537245784, 0.7680350883622805
0.0046, 2925.2283389042814, 698.3468247136657, 3808.7170537245784, 0.7680350883622805
0.0047, 2925.2283389042814, 698.3468247136657, 3808.7170537245784, 0.7680350883622805
0.0048, 2925.2283389042814, 698.3468247136657, 3808.7170537245784, 0.7680350883622805
0.0049, 2925.2283389042814, 698.3468247136657, 3808.7170537245784, 0.7680350883622805
0.005, 2925.2283389042814, 698.3468247136657, 3808.7170537245784, 0.7680350883622805
0.0051, 2925.2283389042814, 698.3468247136657, 3808.7170537245784, 0.7680350883622805
0.0052, 2925.2283389042814, 698.3468247136657, 3808.7170537245784, 0.7680350883622805
0.0053, 2925.2283389042814, 698.3468247136657, 3808.7170537245784, 0.7680350883622805
0.0054, 2925.2283389042814, 698.3468247136657, 3808.7170537245784, 0.7680350883622805
0.0055, 2925.2283389042814, 698.3468247136657, 3808.7170537245784, 0.7680350883622805
0.0056, 2925.2283389042814, 698.3468247136657, 3808.7170537245784, 0.7680350883622805
0.0057, 2925.2283389042814, 698.3468247136657, 3808.7170537245784, 0.7680350883622805
0.0058, 2925.2283389042814, 698.3468247136657, 3808.7170537245784, 0.7680350883622805
0.0059, 2925.2283389042814, 698.3468247136657, 3808.7170537245784, 0.7680350883622805
0.006, 2925.2283389042814, 698.3468247136657, 3808.7170537245784, 0.7680350883622805
0.0061, 2925.2283389042814, 698.3468247136657, 3808.7170537245784, 0.7680350883622805
0.0062, 2925.2283389042814, 698.3468247136657, 3808.7170537245784, 0.7680350883622805
0.0063, 2925.2283389042814, 698.3468247136657, 3808.7170537245784, 0.7680350883622805
0.0064, 2925.2283389042814, 698.3468247136657, 3808.7170537245784, 0.7680350883622805
0.0065, 2925.2283389042814, 698.3468247136657, 3808.7170537245784, 0.7680350883622805
0.0066, 2925.2283389042814, 698.3468247136657, 3808.7170537245784, 0.7680350883622805
0.0067, 2925.2283389042814, 698.3468247136657, 3808.7170537245784, 0.7680350883622805
0.0068, 2925.2283389042814, 698.3468247136657, 3808.7170537245784, 0.7680350883622805
0.0069, 2925.2283389042814, 698.3468247136657, 3808.7170537245784, 0.7680350883622805

===== Virial Coefficients in RHO-SPACE (from OLS fit) =====
Coefficient, Value
B3, 2.174377017950661E8
B4, 4.972078269156103E12
B5, -4.3547338325421552E16
B6, 1.4302278455869751E20
B7, -2.4237022847776393E23
B8, 2.2867343726668373E26
B9, -1.1625778153235694E29
B10, 2.492219090188983E31
B11, 1.4993125138383343E33
B12, -1.088653603416123E36

===== Virial Coefficients in PHI0-SPACE =====
Conversion: rho = (0.75/pi) * phi0
B_n_tilde = B_n * (0.75/pi)^(n-1)

Coefficient, Value
B3_tilde, 1.2392462989319496E7
B4_tilde, 6.765067413376212E10
B5_tilde, -1.414513765683146E14
B6_tilde, 1.1090782352414848E17
B7_tilde, -4.486912666008211E19
B8_tilde, 1.010637606804879E22
B9_tilde, -1.2266287990697518E24
B10_tilde, 6.277529100523843E25
B11_tilde, 9.015837444309198E26
B12_tilde, -1.5628417772391261E29
