This fits B3 to B10 into the virial expansion since maxPower is set to 8.
Number of particles: 108
dryVolFracMax: 0.003
dryVolFracIncrement: 1.0E-4
Initial configuration: FCC
Dry microgel radius [nm]: 50.0
Box length [units of dry radius]: 52.64820356309553
Number of monomers: 2916666.666666667
Number of chains: 87.50000000000001
Flory interaction parameter (chi): 0.0
Young's calibration factor: 1.0
x-link fraction: 3.0E-5
MC steps: 100000
Equilibration steps: 10000.0
Snapshot interval: 100
Displacement tolerance: 0.1
Particle radius change tolerance: 0.0
Particle radius bin width: 0.001
g(r) bin width: 0.005
phi0, phi, rho, mu/kT, Z_measured, Z_virial_Fit, <F_total>/V, QMelting, <F_id>/V, <F_ex>/V, <F_FR>/V, <alpha>, Zeta, B2_rho, B2_phi0, B2_HS, B2*
2.0E-4, 0.06873490199105847, 4.774648292756861E-5, -9.812921682395585, 1.0571718529150194, 1.0330408591233122, -5.178565653216806E-4, 1.5005181225761666, -5.213638970822166E-4, 3.5073317605360743E-6, 0.0, 7.005, 0.06875648901040608, 4066.077022346345, 970.7043856481937, 5759.344002722824, 0.7059965545423299
3.0E-4, 0.10308072257461706, 7.161972439135293E-5, -9.3320656426159, 1.0730515133556566, 1.0866045601498329, -7.461822884464827E-4, 1.5007467061634232, -7.530065463303081E-4, 6.824257883825417E-6, 0.0, 7.005, 0.10313473351560913, 4066.077022346345, 970.7043856481937, 5759.344002722824, 0.7059965545423299
4.0E-4, 0.13741971891649665, 9.549296585513724E-5, -8.916299882632662, 1.3281517648856618, 1.177822911553655, -9.639177233227962E-4, 1.5009673318340153, -9.765371141186377E-4, 1.2619390795841507E-5, 0.0, 7.005, 0.13751297802081217, 4066.077022346345, 970.7043856481937, 5759.344002722824, 0.7059965545423299
5.0E-4, 0.1717369656795519, 1.1936620731892148E-4, -8.5450904433601, 1.181754421988968, 1.2755588767627983, -0.0011722536627522154, 1.5011743994674898, -0.0011940355932402447, 2.1781930488029414E-5, 0.0, 7.005, 0.1718912225260152, 4066.077022346345, 970.7043856481937, 5759.344002722824, 0.7059965545423299
6.0E-4, 0.20599916460274395, 1.4323944878270585E-4, -8.224606656818361, 1.311927339179026, 1.356007513492908, -0.0013723218927551661, 1.50137694394273, -0.001406727072591923, 3.440517983675681E-5, 0.0, 7.005, 0.20626946703121826, 4066.077022346345, 970.7043856481937, 5759.344002722824, 0.7059965545423299
7.0E-4, 0.2402500430820151, 1.6711269024649017E-4, -7.954351823295456, 1.3291188588805187, 1.4127003922562804, -0.0015653532954201961, 1.5015709915058402, -0.0016154210498813184, 5.006775446112231E-5, 0.0, 7.005, 0.24064771153642134, 4066.077022346345, 970.7043856481937, 5759.344002722824, 0.7059965545423299
8.0E-4, 0.274482706563232, 1.9098593171027449E-4, -7.72039600162621, 1.3672321174670419, 1.4551783681899977, -0.0017524056199962627, 1.501759585126485, -0.0018206928681456847, 6.828724814942194E-5, 0.0, 7.005, 0.2750259560416244, 4066.077022346345, 970.7043856481937, 5759.344002722824, 0.7059965545423299
9.0E-4, 0.30866990675443684, 2.148591731740588E-4, -7.499620753900271, 1.6592133064375534, 1.5019973232034451, -0.0019340802172751648, 1.5019485771657497, -0.0020229727110088343, 8.88924937336696E-5, 0.0, 7.005, 0.30940420054682743, 4066.077022346345, 970.7043856481937, 5759.344002722824, 0.7059965545423299
0.001, 0.34278696777338735, 2.3873241463784312E-4, -7.267790237701583, 1.6130196613463328, 1.572217143549014, -0.002110396307542307, 1.5021252993405998, -0.0022225944863660013, 1.1219817882369444E-4, 0.0, 7.005, 0.3437824450520305, 4066.077022346345, 970.7043856481937, 5759.344002722824, 0.7059965545423299
0.0011, 0.3768774801667377, 2.626056561016274E-4, -7.007307053748546, 1.566260120378795, 1.678189034527691, -0.002280860398829891, 1.5022956809961618, -0.0024198249427019227, 1.3896454387203188E-4, 0.0, 7.005, 0.3781606895572336, 4066.077022346345, 970.7043856481937, 5759.344002722824, 0.7059965545423299
0.0012, 0.4109193193135308, 2.864788975654117E-4, -6.712285127458042, 2.0818731376276167, 1.8213002991524925, -0.0024446921452956163, 1.502476053907788, -0.00261488210504646, 1.7018995975084383E-4, 0.0, 7.005, 0.41253893406243664, 4066.077022346345, 970.7043856481937, 5759.344002722824, 0.7059965545423299
0.0013, 0.44485299670760003, 3.10352139029196E-4, -6.389854184732133, 1.9075267817919133, 1.9913589212092493, -0.0026011274150884553, 1.5026291990424385, -0.002807947521593494, 2.068201065050388E-4, 0.0, 7.005, 0.4469171785676397, 4066.077022346345, 970.7043856481937, 5759.344002722824, 0.7059965545423299
0.0014, 0.4787018250011982, 3.342253804929803E-4, -6.0575975573227945, 2.2904338789987895, 2.1695026952730334, -0.0027497057122777406, 1.5027933035718433, -0.002999174719602353, 2.4946900732461216E-4, 0.0, 7.005, 0.48129542307284273, 4066.077022346345, 970.7043856481937, 5759.344002722824, 0.7059965545423299
0.0015, 0.5125331505488355, 3.580986219567647E-4, -5.7377770854703165, 2.2943476424258202, 2.3338992368615052, -0.002890456167907959, 1.50293675220275, -0.003188695233083918, 2.982390651759593E-4, 0.0, 7.005, 0.5156736675780458, 4066.077022346345, 970.7043856481937, 5759.344002722824, 0.7059965545423299
0.0016, 0.5460930393022057, 3.8197186342054886E-4, -5.449536813668304, 2.1031022565837265, 2.467063985036461, -0.0030239187590378543, 1.503065529296462, -0.0033766230161081877, 3.5270425707033346E-4, 0.0, 7.005, 0.5500519120832489, 4066.077022346345, 970.7043856481937, 5759.344002722824, 0.7059965545423299
0.0017, 0.5796637940159474, 4.0584510488433315E-4, -5.200609220841161, 2.485233664735408, 2.5633632773960286, -0.003150970232865824, 1.5032108486142, -0.0035630577486152858, 4.120875157494616E-4, 0.0, 7.005, 0.5844301565884519, 4066.077022346345, 970.7043856481937, 5759.344002722824, 0.7059965545423299
0.0018, 0.6131199909080445, 4.297183463481176E-4, -4.980177391433696, 2.885001795615345, 2.635188733531365, -0.0032724625380555856, 1.5033530039951948, -0.003748087361811589, 4.756248237560035E-4, 0.0, 7.005, 0.618808401093655, 4066.077022346345, 970.7043856481937, 5759.344002722824, 0.7059965545423299
0.0019, 0.647694962682275, 4.535915878119019E-4, -4.754475420906639, 2.587647028474003, 2.716387527664722, -0.0033887205871674514, 1.503456424569829, -0.003931790000723226, 5.430694135557749E-4, 0.0, 7.005, 0.6531866455988581, 4066.077022346345, 970.7043856481937, 5759.344002722824, 0.7059965545423299
0.002, 0.6811875142222721, 4.7746482927568624E-4, -4.466438235387321, 3.0162960909084955, 2.8618106643394583, -0.003498981109797782, 1.503583849525436, -0.004114235572503025, 6.15254462705243E-4, 0.0, 7.005, 0.687564890104061, 4066.077022346345, 970.7043856481937, 5759.344002722824, 0.7059965545423299
0.0021, 0.7142969872152206, 5.013380707394704E-4, -4.0402412882107015, 3.2135022972429654, 3.1422980926466835, -0.0036008804362087175, 1.5036966012842206, -0.0042954869843524115, 6.94606548143694E-4, 0.0, 7.005, 0.721943134609264, 4066.077022346345, 970.7043856481937, 5759.344002722824, 0.7059965545423299
0.0022, 0.7470209392244677, 5.252113122032547E-4, -3.3909004872827744, 3.692206207608645, 3.635055404681225, -0.0036901115135013, 1.503811683983313, -0.0044756011451519695, 7.854896316506696E-4, 0.0, 7.005, 0.756321379114467, 4066.077022346345, 970.7043856481937, 5759.344002722824, 0.7059965545423299
0.0023, 0.7788782411637514, 5.490845536670389E-4, -2.4382333247264754, 4.4200019041638665, 4.410191962506474, -0.0037603645421602884, 1.5039206738417332, -0.004654629784629776, 8.942652424694872E-4, 0.0, 7.005, 0.79069962361967, 4066.077022346345, 970.7043856481937, 5759.344002722824, 0.7059965545423299
0.0024, 0.8090780420372122, 5.729577951308231E-4, -1.1234135908138718, 5.441970168866541, 5.515184585118732, -0.0038036365736406697, 1.5040188483905406, -0.004832620129818146, 0.0010289835561774763, 0.0, 7.005, 0.8250778681248729, 4066.077022346345, 970.7043856481937, 5759.344002722824, 0.7059965545423299
0.0025, 0.8365639814290415, 5.968310365946075E-4, 0.5749157016117232, 6.796627899200816, 6.960204402596446, -0.0038109384743646516, 1.5041130690667142, -0.005009615468588517, 0.0011986769942238656, 0.0, 7.005, 0.8594561126300759, 4066.077022346345, 970.7043856481937, 5759.344002722824, 0.7059965545423299
0.0026, 0.8608993331354673, 6.207042780583919E-4, 2.629473454707556, 8.716380724309513, 8.708597148615809, -0.0037733380836519137, 1.504230682029498, -0.005185655622889315, 0.001412317539237401, 0.0, 7.005, 0.8938343571352789, 4066.077022346345, 970.7043856481937, 5759.344002722824, 0.7059965545423299
0.0027, 0.8822435126634101, 6.445775195221761E-4, 4.964283983847969, 10.725500284851613, 10.67833901543554, -0.003683151418671685, 1.5043534455147074, -0.005360777349080229, 0.001677625930408544, 0.0, 7.005, 0.9282126016404819, 4066.077022346345, 970.7043856481937, 5759.344002722824, 0.7059965545423299
0.0028, 0.9009711588545097, 6.684507609859605E-4, 7.473766319032351, 12.807335359918294, 12.762001236494143, -0.0035349246548497942, 1.5044781369759217, -0.005535014678884134, 0.00200009002403434, 0.0, 7.005, 0.9625908461456849, 4066.077022346345, 970.7043856481937, 5759.344002722824, 0.7059965545423299
0.0029, 0.9172803411474463, 6.923240024497446E-4, 10.071067007919922, 14.910619594202512, 14.874646791289706, -0.0033256335816955387, 1.5046079124066527, -0.005708399211575585, 0.002382765629880046, 0.0, 7.005, 0.9969690906508879, 4066.077022346345, 970.7043856481937, 5759.344002722824, 0.7059965545423299
