This fits B3 to B12 into the virial expansion since maxPower is set to 10.
Number of particles: 108
dryVolFracMax: 0.003
dryVolFracIncrement: 1.0E-4
Initial configuration: FCC
Dry microgel radius [nm]: 50.0
Box length [units of dry radius]: 52.64820356309553
Number of monomers: 2916666.666666667
Number of chains: 87.50000000000001
Flory interaction parameter (chi): 0.0
Young's calibration factor: 1.0
x-link fraction: 3.0E-5
MC steps: 100000
Equilibration steps: 10000.0
Snapshot interval: 100
Displacement tolerance: 0.1
Particle radius change tolerance: 0.0
Particle radius bin width: 0.001
g(r) bin width: 0.005
phi0, phi, rho, mu/kT, Z_measured, Z_virial_Fit, <F_total>/V, QMelting, <F_id>/V, <F_ex>/V, <F_FR>/V, <alpha>, Zeta, B2_rho, B2_phi0, B2_HS, B2*
2.0E-4, 0.06873490199105847, 4.774648292756861E-5, -9.840800715758323, 1.0571718529150194, 1.0343806674097784, -5.192516622456477E-4, 1.5005195176730906, -5.213638970822166E-4, 2.1122348365688945E-6, 0.0, 7.005, 0.06875648901040608, 4066.077022346345, 970.7043856481937, 5759.344002722824, 0.7059965545423299
3.0E-4, 0.10308072257461706, 7.161972439135293E-5, -9.310726128973757, 1.0730515133556566, 1.1284217585319263, -7.476488945837309E-4, 1.5007481727695606, -7.530065463303081E-4, 5.357651746577177E-6, 0.0, 7.005, 0.10313473351560913, 4066.077022346345, 970.7043856481937, 5759.344002722824, 0.7059965545423299
4.0E-4, 0.13741971891649665, 9.549296585513724E-5, -8.878594973653627, 1.3281517648856618, 1.222379228042994, -9.64571984546237E-4, 1.5009679860952387, -9.765371141186377E-4, 1.1965129572400686E-5, 0.0, 7.005, 0.13751297802081217, 4066.077022346345, 970.7043856481937, 5759.344002722824, 0.7059965545423299
5.0E-4, 0.1717369656795519, 1.1936620731892148E-4, -8.543372402788512, 1.181754421988968, 1.2780879552650024, -0.0011723504732739838, 1.5011744962780116, -0.0011940355932402447, 2.1685119966260823E-5, 0.0, 7.005, 0.1718912225260152, 4066.077022346345, 970.7043856481937, 5759.344002722824, 0.7059965545423299
6.0E-4, 0.20599916460274395, 1.4323944878270585E-4, -8.281741788692722, 1.311927339179026, 1.3041614216882573, -0.0013730794919393392, 1.5013777015419143, -0.001406727072591923, 3.3647580652583664E-5, 0.0, 7.005, 0.20626946703121826, 4066.077022346345, 970.7043856481937, 5759.344002722824, 0.7059965545423299
7.0E-4, 0.2402500430820151, 1.6711269024649017E-4, -8.049922812823347, 1.3291188588805187, 1.3330300801569859, -0.0015680105004020246, 1.501573648710822, -0.0016154210498813184, 4.74105494792938E-5, 0.0, 7.005, 0.24064771153642134, 4066.077022346345, 970.7043856481937, 5759.344002722824, 0.7059965545423299
8.0E-4, 0.274482706563232, 1.9098593171027449E-4, -7.807619666100445, 1.3672321174670419, 1.3938210360077923, -0.0017573457255689667, 1.5017645252320577, -0.0018206928681456847, 6.334714257671801E-5, 0.0, 7.005, 0.2750259560416244, 4066.077022346345, 970.7043856481937, 5759.344002722824, 0.7059965545423299
9.0E-4, 0.30866990675443684, 2.148591731740588E-4, -7.534715830358731, 1.6592133064375534, 1.4969997271476783, -0.0019405469370291097, 1.5019550438855036, -0.0020229727110088343, 8.242577397972466E-5, 0.0, 7.005, 0.30940420054682743, 4066.077022346345, 970.7043856481937, 5759.344002722824, 0.7059965545423299
0.001, 0.34278696777338735, 2.3873241463784312E-4, -7.233994715142905, 1.6130196613463328, 1.6331567590658325, -0.0021168764823972785, 1.5021317795154547, -0.0022225944863660013, 1.05718003968723E-4, 0.0, 7.005, 0.3437824450520305, 4066.077022346345, 970.7043856481937, 5759.344002722824, 0.7059965545423299
0.0011, 0.3768774801667377, 2.626056561016274E-4, -6.923060778185333, 1.566260120378795, 1.7814846965553564, -0.002285862875460639, 1.5023006834727926, -0.0024198249427019227, 1.339620672412837E-4, 0.0, 7.005, 0.3781606895572336, 4066.077022346345, 970.7043856481937, 5759.344002722824, 0.7059965545423299
0.0012, 0.4109193193135308, 2.864788975654117E-4, -6.6220474453120515, 2.0818731376276167, 1.9213723861000593, -0.0024475094947413083, 1.5024788712572337, -0.00261488210504646, 1.673726103051519E-4, 0.0, 7.005, 0.41253893406243664, 4066.077022346345, 970.7043856481937, 5759.344002722824, 0.7059965545423299
0.0013, 0.44485299670760003, 3.10352139029196E-4, -6.343297521550124, 1.9075267817919133, 2.0414457716209586, -0.0026022230162460348, 1.502630294643596, -0.002807947521593494, 2.0572450534745936E-4, 0.0, 7.005, 0.4469171785676397, 4066.077022346345, 970.7043856481937, 5759.344002722824, 0.7059965545423299
0.0014, 0.4787018250011982, 3.342253804929803E-4, -6.086777542622138, 2.2904338789987895, 2.142877202151194, -0.002750559488396729, 1.5027941573479624, -0.002999174719602353, 2.4861523120562397E-4, 0.0, 7.005, 0.48129542307284273, 4066.077022346345, 970.7043856481937, 5759.344002722824, 0.7059965545423299
0.0015, 0.5125331505488355, 3.580986219567647E-4, -5.8418912396058715, 2.2943476424258202, 2.236718484251689, -0.002892939009439809, 1.5029392350442818, -0.003188695233083918, 2.957562236441094E-4, 0.0, 7.005, 0.5156736675780458, 4066.077022346345, 970.7043856481937, 5759.344002722824, 0.7059965545423299
0.0016, 0.5460930393022057, 3.8197186342054886E-4, -5.593601049231986, 2.1031022565837265, 2.3375105161000107, -0.0030294614636056697, 1.5030710720010299, -0.0033766230161081877, 3.4716155250251804E-4, 0.0, 7.005, 0.5500519120832489, 4066.077022346345, 970.7043856481937, 5759.344002722824, 0.7059965545423299
0.0017, 0.5796637940159474, 4.0584510488433315E-4, -5.329049061011406, 2.485233664735408, 2.4568839063232417, -0.003159882781748601, 1.5032197611630826, -0.0035630577486152858, 4.0317496686668487E-4, 0.0, 7.005, 0.5844301565884519, 4066.077022346345, 970.7043856481937, 5759.344002722824, 0.7059965545423299
0.0018, 0.6131199909080445, 4.297183463481176E-4, -5.040583304695017, 2.885001795615345, 2.6009657217498443, -0.0032837138111803813, 1.5033642552683197, -0.003748087361811589, 4.6437355063120786E-4, 0.0, 7.005, 0.618808401093655, 4066.077022346345, 970.7043856481937, 5759.344002722824, 0.7059965545423299
0.0019, 0.647694962682275, 4.535915878119019E-4, -4.722332712247104, 2.587647028474003, 2.774098156442278, -0.0034003179806450946, 1.5034680219633065, -0.003931790000723226, 5.314720200781317E-4, 0.0, 7.005, 0.6531866455988581, 4066.077022346345, 970.7043856481937, 5759.344002722824, 0.7059965545423299
0.002, 0.6811875142222721, 4.7746482927568624E-4, -4.360023886299692, 3.0162960909084955, 2.988881745269282, -0.003508843972731074, 1.5035937123883691, -0.004114235572503025, 6.053915997719511E-4, 0.0, 7.005, 0.687564890104061, 4066.077022346345, 970.7043856481937, 5759.344002722824, 0.7059965545423299
0.0021, 0.7142969872152206, 5.013380707394704E-4, -3.91708345531854, 3.2135022972429654, 3.27938056987432, -0.00360786139052891, 1.5037035822385407, -0.0042954869843524115, 6.876255938235015E-4, 0.0, 7.005, 0.721943134609264, 4066.077022346345, 970.7043856481937, 5759.344002722824, 0.7059965545423299
0.0022, 0.7470209392244677, 5.252113122032547E-4, -3.323408995497484, 3.692206207608645, 3.7112470818378824, -0.003694680949276441, 1.5038162534190882, -0.0044756011451519695, 7.809201958755285E-4, 0.0, 7.005, 0.756321379114467, 4066.077022346345, 970.7043856481937, 5759.344002722824, 0.7059965545423299
0.0023, 0.7788782411637514, 5.490845536670389E-4, -2.4754062769498617, 4.4200019041638665, 4.380592587806859, -0.0037645230765840964, 1.503924832376157, -0.004654629784629776, 8.901067080456793E-4, 0.0, 7.005, 0.79069962361967, 4066.077022346345, 970.7043856481937, 5759.344002722824, 0.7059965545423299
0.0024, 0.8090780420372122, 5.729577951308231E-4, -1.2555673240530645, 5.441970168866541, 5.39397454380196, -0.003809906847187108, 1.504025118664087, -0.004832620129818146, 0.0010227132826310381, 0.0, 7.005, 0.8250778681248729, 4066.077022346345, 970.7043856481937, 5759.344002722824, 0.7059965545423299
0.0025, 0.8365639814290415, 5.968310365946075E-4, 0.42471176562329394, 6.796627899200816, 6.826497565332829, -0.0038207844548864764, 1.504122915047236, -0.005009615468588517, 0.0011888310137020408, 0.0, 7.005, 0.8594561126300759, 4066.077022346345, 970.7043856481937, 5759.344002722824, 0.7059965545423299
0.0026, 0.8608993331354673, 6.207042780583919E-4, 2.566216962442729, 8.716380724309513, 8.665610990530695, -0.003785919966736059, 1.504243263912582, -0.005185655622889315, 0.001399735656153256, 0.0, 7.005, 0.8938343571352789, 4066.077022346345, 970.7043856481937, 5759.344002722824, 0.7059965545423299
0.0027, 0.8822435126634101, 6.445775195221761E-4, 5.033475354949593, 10.725500284851613, 10.766887000187126, -0.003695628256645803, 1.5043659223526815, -0.005360777349080229, 0.0016651490924344259, 0.0, 7.005, 0.9282126016404819, 4066.077022346345, 970.7043856481937, 5759.344002722824, 0.7059965545423299
0.0028, 0.9009711588545097, 6.684507609859605E-4, 7.573979866134054, 12.807335359918294, 12.877310284071427, -0.0035450152536597584, 1.5044882275747316, -0.005535014678884134, 0.001989999425224376, 0.0, 7.005, 0.9625908461456849, 4066.077022346345, 970.7043856481937, 5759.344002722824, 0.7059965545423299
0.0029, 0.9172803411474463, 6.923240024497446E-4, 10.007011445401261, 14.910619594202512, 14.824109208697337, -0.003334992403486633, 1.5046172712284438, -0.005708399211575585, 0.0023734068080889514, 0.0, 7.005, 0.9969690906508879, 4066.077022346345, 970.7043856481937, 5759.344002722824, 0.7059965545423299
