This fits B3 to B9 into the virial expansion since maxPower is set to 7.
Number of particles: 108
dryVolFracMax: 0.003
dryVolFracIncrement: 1.0E-4
Initial configuration: FCC
Dry microgel radius [nm]: 50.0
Box length [units of dry radius]: 52.64820356309553
Number of monomers: 2916666.666666667
Number of chains: 87.50000000000001
Flory interaction parameter (chi): 0.0
Young's calibration factor: 1.0
x-link fraction: 3.0E-5
MC steps: 100000
Equilibration steps: 10000.0
Snapshot interval: 100
Displacement tolerance: 0.1
Particle radius change tolerance: 0.0
Particle radius bin width: 0.001
g(r) bin width: 0.005
phi0, phi, rho, mu/kT, Z_measured, Z_virial_Fit, <F_total>/V, QMelting, <F_id>/V, <F_ex>/V, <F_FR>/V, <alpha>, Zeta, B2_rho, B2_phi0, B2_HS, B2*
2.0E-4, 0.06873490199105847, 4.774648292756861E-5, -9.773773934302296, 1.0571718529150194, 1.0489485329282955, -5.167469335114386E-4, 1.5005170129443564, -5.213638970822166E-4, 4.616963570778035E-6, 0.0, 7.005, 0.06875648901040608, 4066.077022346345, 970.7043856481937, 5759.344002722824, 0.7059965545423299
3.0E-4, 0.10308072257461706, 7.161972439135293E-5, -9.315437382244976, 1.0730515133556566, 1.0776730443651854, -7.443517043227161E-4, 1.5007448755792996, -7.530065463303081E-4, 8.654842007592018E-6, 0.0, 7.005, 0.10313473351560913, 4066.077022346345, 970.7043856481937, 5759.344002722824, 0.7059965545423299
4.0E-4, 0.13741971891649665, 9.549296585513724E-5, -8.934910041427003, 1.3281517648856618, 1.1403438235178507, -9.621158733070181E-4, 1.5009655299839995, -9.765371141186377E-4, 1.442124081161962E-5, 0.0, 7.005, 0.13751297802081217, 4066.077022346345, 970.7043856481937, 5759.344002722824, 0.7059965545423299
5.0E-4, 0.1717369656795519, 1.1936620731892148E-4, -8.584121350477586, 1.181754421988968, 1.227614720872722, -0.001171189722051341, 1.5011733355267889, -0.0011940355932402447, 2.2845871188903656E-5, 0.0, 7.005, 0.1718912225260152, 4066.077022346345, 970.7043856481937, 5759.344002722824, 0.7059965545423299
6.0E-4, 0.20599916460274395, 1.4323944878270585E-4, -8.255122359121998, 1.311927339179026, 1.3242823229169034, -0.0013721486463217235, 1.5013767706962966, -0.001406727072591923, 3.45784262701995E-5, 0.0, 7.005, 0.20626946703121826, 4066.077022346345, 970.7043856481937, 5759.344002722824, 0.7059965545423299
7.0E-4, 0.2402500430820151, 1.6711269024649017E-4, -7.950162649880431, 1.3291188588805187, 1.4179745989102173, -0.0015655346182437582, 1.5015711728286638, -0.0016154210498813184, 4.9886431637560285E-5, 0.0, 7.005, 0.24064771153642134, 4066.077022346345, 970.7043856481937, 5759.344002722824, 0.7059965545423299
8.0E-4, 0.274482706563232, 1.9098593171027449E-4, -7.670305942749545, 1.3672321174670419, 1.5028414454067982, -0.0017519421006427093, 1.5017591216071315, -0.0018206928681456847, 6.875076750297557E-5, 0.0, 7.005, 0.2750259560416244, 4066.077022346345, 970.7043856481937, 5759.344002722824, 0.7059965545423299
9.0E-4, 0.30866990675443684, 2.148591731740588E-4, -7.411839987596865, 1.6592133064375534, 1.5797993564043893, -0.0019319361949314438, 1.501946433143406, -0.0020229727110088343, 9.103651607739058E-5, 0.0, 7.005, 0.30940420054682743, 4066.077022346345, 970.7043856481937, 5759.344002722824, 0.7059965545423299
0.001, 0.34278696777338735, 2.3873241463784312E-4, -7.166659844010784, 1.6130196613463328, 1.6546713167941554, -0.0021059376883390104, 1.5021208407213964, -0.0022225944863660013, 1.1665679802699095E-4, 0.0, 7.005, 0.3437824450520305, 4066.077022346345, 970.7043856481937, 5759.344002722824, 0.7059965545423299
0.0011, 0.3768774801667377, 2.626056561016274E-4, -6.9245657046761595, 1.566260120378795, 1.7353518865783994, -0.002274143340837425, 1.5022889639381694, -0.0024198249427019227, 1.4568160186449798E-4, 0.0, 7.005, 0.3781606895572336, 4066.077022346345, 970.7043856481937, 5759.344002722824, 0.7059965545423299
0.0012, 0.4109193193135308, 2.864788975654117E-4, -6.676107428896692, 2.0818731376276167, 1.8289163131179889, -0.0024365098253800116, 1.5024678715878723, -0.00261488210504646, 1.783722796664482E-4, 0.0, 7.005, 0.41253893406243664, 4066.077022346345, 970.7043856481937, 5759.344002722824, 0.7059965545423299
0.0013, 0.44485299670760003, 3.10352139029196E-4, -6.41500647289818, 1.9075267817919133, 1.9393813784665808, -0.0025928021399505676, 1.5026208737673006, -0.002807947521593494, 2.1514538164292657E-4, 0.0, 7.005, 0.4469171785676397, 4066.077022346345, 970.7043856481937, 5759.344002722824, 0.7059965545423299
0.0014, 0.4787018250011982, 3.342253804929803E-4, -6.139488415173914, 2.2904338789987895, 2.066614558642036, -0.002742687888788194, 1.5027862857483538, -0.002999174719602353, 2.5648683081415895E-4, 0.0, 7.005, 0.48129542307284273, 4066.077022346345, 970.7043856481937, 5759.344002722824, 0.7059965545423299
0.0015, 0.5125331505488355, 3.580986219567647E-4, -5.8521257423888, 2.2943476424258202, 2.2066769414817156, -0.002885846135715472, 1.5029321421705575, -0.003188695233083918, 3.028490973684462E-4, 0.0, 7.005, 0.5156736675780458, 4066.077022346345, 970.7043856481937, 5759.344002722824, 0.7059965545423299
0.0016, 0.5460930393022057, 3.8197186342054886E-4, -5.558042022762241, 2.1031022565837265, 2.3536742195211673, -0.003022052995919573, 1.5030636635333436, -0.0033766230161081877, 3.545700201886149E-4, 0.0, 7.005, 0.5500519120832489, 4066.077022346345, 970.7043856481937, 5759.344002722824, 0.7059965545423299
0.0017, 0.5796637940159474, 4.0584510488433315E-4, -5.2615732708678875, 2.485233664735408, 2.5029789441321384, -0.0031512055080764783, 1.5032110838894106, -0.0035630577486152858, 4.118522405388077E-4, 0.0, 7.005, 0.5844301565884519, 4066.077022346345, 970.7043856481937, 5759.344002722824, 0.7059965545423299
0.0018, 0.6131199909080445, 4.297183463481176E-4, -4.961723702938653, 2.885001795615345, 2.6554760969491014, -0.003273250501810832, 1.5033537919589501, -0.003748087361811589, 4.74836860000757E-4, 0.0, 7.005, 0.618808401093655, 4066.077022346345, 970.7043856481937, 5759.344002722824, 0.7059965545423299
0.0019, 0.647694962682275, 4.535915878119019E-4, -4.64699279698875, 2.587647028474003, 2.822272904407143, -0.003387996089284824, 1.5034557000719464, -0.003931790000723226, 5.437939114384021E-4, 0.0, 7.005, 0.6531866455988581, 4066.077022346345, 970.7043856481937, 5759.344002722824, 0.7059965545423299
0.002, 0.6811875142222721, 4.7746482927568624E-4, -4.290389384987654, 3.0162960909084955, 3.0291026910130086, -0.003494800034452312, 1.5035796684500904, -0.004114235572503025, 6.194355380507131E-4, 0.0, 7.005, 0.687564890104061, 4066.077022346345, 970.7043856481937, 5759.344002722824, 0.7059965545423299
0.0021, 0.7142969872152206, 5.013380707394704E-4, -3.8456868121395544, 3.2135022972429654, 3.319441436761167, -0.0035921515729042727, 1.5036878724209162, -0.0042954869843524115, 7.033354114481388E-4, 0.0, 7.005, 0.721943134609264, 4066.077022346345, 970.7043856481937, 5759.344002722824, 0.7059965545423299
0.0022, 0.7470209392244677, 5.252113122032547E-4, -3.2462112129224145, 3.692206207608645, 3.7551445739006226, -0.0036771912599987584, 1.5037987637298107, -0.0044756011451519695, 7.984098851532111E-4, 0.0, 7.005, 0.756321379114467, 4066.077022346345, 970.7043856481937, 5759.344002722824, 0.7059965545423299
0.0023, 0.7788782411637514, 5.490845536670389E-4, -2.4076927925424982, 4.4200019041638665, 4.413200428058417, -0.00374524710964409, 1.503905556409217, -0.004654629784629776, 9.093826749856856E-4, 0.0, 7.005, 0.79069962361967, 4066.077022346345, 970.7043856481937, 5759.344002722824, 0.7059965545423299
0.0024, 0.8090780420372122, 5.729577951308231E-4, -1.2369477331156453, 5.441970168866541, 5.376985578518315, -0.0037895046473751396, 1.5040047164642751, -0.004832620129818146, 0.0010431154824430064, 0.0, 7.005, 0.8250778681248729, 4066.077022346345, 970.7043856481937, 5759.344002722824, 0.7059965545423299
0.0025, 0.8365639814290415, 5.968310365946075E-4, 0.35160399379716356, 6.796627899200816, 6.720196282238021, -0.003800973537157755, 1.5041031041295072, -0.005009615468588517, 0.0012086419314307623, 0.0, 7.005, 0.8594561126300759, 4066.077022346345, 970.7043856481937, 5759.344002722824, 0.7059965545423299
0.0026, 0.8608993331354673, 6.207042780583919E-4, 2.409342008621513, 8.716380724309513, 8.48141897600749, -0.0037689641503553745, 1.5042263080962013, -0.005185655622889315, 0.0014166914725339402, 0.0, 7.005, 0.8938343571352789, 4066.077022346345, 970.7043856481937, 5759.344002722824, 0.7059965545423299
0.0027, 0.8822435126634101, 6.445775195221761E-4, 4.914289610660268, 10.725500284851613, 10.627091740905598, -0.00368234382663247, 1.5043526379226682, -0.005360777349080229, 0.0016784335224477587, 0.0, 7.005, 0.9282126016404819, 4066.077022346345, 970.7043856481937, 5759.344002722824, 0.7059965545423299
0.0028, 0.9009711588545097, 6.684507609859605E-4, 7.716680512684165, 12.807335359918294, 13.00039748305744, -0.003531904629679186, 1.504475116950751, -0.005535014678884134, 0.002003110049204948, 0.0, 7.005, 0.9625908461456849, 4066.077022346345, 970.7043856481937, 5759.344002722824, 0.7059965545423299
0.0029, 0.9172803411474463, 6.923240024497446E-4, 10.466292609609084, 14.910619594202512, 15.25341845444018, -0.003314242125119651, 1.504596520950077, -0.005708399211575585, 0.0023941570864559336, 0.0, 7.005, 0.9969690906508879, 4066.077022346345, 970.7043856481937, 5759.344002722824, 0.7059965545423299
