This fits B3 to B3 into the virial expansion since maxPower is set to 1.
Number of particles: 108
dryVolFracMax: 0.003
dryVolFracIncrement: 1.0E-4
Initial configuration: FCC
Dry microgel radius [nm]: 50.0
Box length [units of dry radius]: 52.64820356309553
Number of monomers: 2916666.666666667
Number of chains: 87.50000000000001
Flory interaction parameter (chi): 0.0
Young's calibration factor: 1.0
x-link fraction: 3.0E-5
MC steps: 100000
Equilibration steps: 10000.0
Snapshot interval: 100
Displacement tolerance: 0.1
Particle radius change tolerance: 0.0
Particle radius bin width: 0.001
g(r) bin width: 0.005
phi0, phi, rho, mu/kT, Z_measured, Z_virial_Fit, <F_total>/V, QMelting, <F_id>/V, <F_ex>/V, <F_FR>/V, <alpha>, Zeta, B2_rho, B2_phi0, B2_HS, B2*
2.0E-4, 0.06873490199105847, 4.774648292756861E-5, -9.50021737920055, 1.0571718529150194, 1.2147547389139175, -5.11602233306926E-4, 1.5005118682441518, -5.213638970822166E-4, 9.761663775290655E-6, 0.0, 7.005, 0.06875648901040608, 4066.077022346345, 970.7043856481937, 5759.344002722824, 0.7059965545423299
3.0E-4, 0.10308072257461706, 7.161972439135293E-5, -8.861960403117221, 1.0730515133556566, 1.3375925047090855, -7.304891681735423E-4, 1.5007310130431504, -7.530065463303081E-4, 2.251737815676579E-5, 0.0, 7.005, 0.10313473351560913, 4066.077022346345, 970.7043856481937, 5759.344002722824, 0.7059965545423299
4.0E-4, 0.13741971891649665, 9.549296585513724E-5, -8.326026066352071, 1.3281517648856618, 1.4707372013963929, -9.355219802179664E-4, 1.5009389360909104, -9.765371141186377E-4, 4.10151339006713E-5, 0.0, 7.005, 0.13751297802081217, 4066.077022346345, 970.7043856481937, 5759.344002722824, 0.7059965545423299
5.0E-4, 0.1717369656795519, 1.1936620731892148E-4, -7.839169854386281, 1.181754421988968, 1.6141888289758393, -0.0011284115724583296, 1.5011305573771958, -0.0011940355932402447, 6.562402078191496E-5, 0.0, 7.005, 0.1718912225260152, 4066.077022346345, 970.7043856481937, 5759.344002722824, 0.7059965545423299
6.0E-4, 0.20599916460274395, 1.4323944878270585E-4, -7.377675240602537, 1.311927339179026, 1.767947387447426, -0.001310013944016518, 1.5013146359939913, -0.001406727072591923, 9.671312857540489E-5, 0.0, 7.005, 0.20626946703121826, 4066.077022346345, 970.7043856481937, 5759.344002722824, 0.7059965545423299
7.0E-4, 0.2402500430820151, 1.6711269024649017E-4, -6.928891107447281, 1.3291188588805187, 1.9320128768111515, -0.0014807695028252695, 1.5014864077132453, -0.0016154210498813184, 1.3465154705604874E-4, 0.0, 7.005, 0.24064771153642134, 4066.077022346345, 970.7043856481937, 5759.344002722824, 0.7059965545423299
8.0E-4, 0.274482706563232, 1.9098593171027449E-4, -6.485265865156551, 1.3672321174670419, 2.1063852970670167, -0.0016408845021469304, 1.5016480640086358, -0.0018206928681456847, 1.7980836599875447E-4, 0.0, 7.005, 0.2750259560416244, 4066.077022346345, 970.7043856481937, 5759.344002722824, 0.7059965545423299
9.0E-4, 0.30866990675443684, 2.148591731740588E-4, -6.041928583495751, 1.6592133064375534, 2.291064648215021, -0.0017904200358304044, 1.5018049169843048, -0.0020229727110088343, 2.3255267517842995E-4, 0.0, 7.005, 0.30940420054682743, 4066.077022346345, 970.7043856481937, 5759.344002722824, 0.7059965545423299
0.001, 0.34278696777338735, 2.3873241463784312E-4, -5.595553425495298, 1.6130196613463328, 2.486050930255165, -0.0019293409219960183, 1.5019442439550534, -0.0022225944863660013, 2.9325356436998303E-4, 0.0, 7.005, 0.3437824450520305, 4066.077022346345, 970.7043856481937, 5759.344002722824, 0.7059965545423299
0.0011, 0.3768774801667377, 2.626056561016274E-4, -5.14376820701014, 1.566260120378795, 2.691344143187448, -0.002057544819353601, 1.5020723654166854, -0.0024198249427019227, 3.622801233483215E-4, 0.0, 7.005, 0.3781606895572336, 4066.077022346345, 970.7043856481937, 5759.344002722824, 0.7059965545423299
0.0012, 0.4109193193135308, 2.864788975654117E-4, -4.684821395001466, 2.0818731376276167, 2.906944287011871, -0.0021748806631581067, 1.5022062424256504, -0.00261488210504646, 4.4000144188835325E-4, 0.0, 7.005, 0.41253893406243664, 4066.077022346345, 970.7043856481937, 5759.344002722824, 0.7059965545423299
0.0013, 0.44485299670760003, 3.10352139029196E-4, -4.217382855970676, 1.9075267817919133, 3.1328513617284326, -0.0022811609118285076, 1.5023092325391785, -0.002807947521593494, 5.267866097649863E-4, 0.0, 7.005, 0.4469171785676397, 4066.077022346345, 970.7043856481937, 5759.344002722824, 0.7059965545423299
0.0014, 0.4787018250011982, 3.342253804929803E-4, -3.740418656121496, 2.2904338789987895, 3.369065367337134, -0.0023761700028492243, 1.502419767862415, -0.002999174719602353, 6.230047167531284E-4, 0.0, 7.005, 0.48129542307284273, 4066.077022346345, 970.7043856481937, 5759.344002722824, 0.7059965545423299
0.0015, 0.5125331505488355, 3.580986219567647E-4, -3.2531091606008697, 2.2943476424258202, 3.6155863038379756, -0.00245967038045623, 1.5025059664152982, -0.003188695233083918, 7.290248526276881E-4, 0.0, 7.005, 0.5156736675780458, 4066.077022346345, 970.7043856481937, 5759.344002722824, 0.7059965545423299
0.0016, 0.5460930393022057, 3.8197186342054886E-4, -2.754793619091422, 2.1031022565837265, 3.8724141712309548, -0.0025314069089446166, 1.5025730174463687, -0.0033766230161081877, 8.452161071635714E-4, 0.0, 7.005, 0.5500519120832489, 4066.077022346345, 970.7043856481937, 5759.344002722824, 0.7059965545423299
0.0017, 0.5796637940159474, 4.0584510488433315E-4, -2.2449315805648977, 2.485233664735408, 4.139548969516074, -0.002591110178479598, 1.5026509885598138, -0.0035630577486152858, 9.719475701356879E-4, 0.0, 7.005, 0.5844301565884519, 4066.077022346345, 970.7043856481937, 5759.344002722824, 0.7059965545423299
0.0018, 0.6131199909080445, 4.297183463481176E-4, -1.7230753536766477, 2.885001795615345, 4.416990698693335, -0.002638499030492643, 1.5027190404876318, -0.003748087361811589, 0.0011095883313189461, 0.0, 7.005, 0.618808401093655, 4066.077022346345, 970.7043856481937, 5759.344002722824, 0.7059965545423299
0.0019, 0.647694962682275, 4.535915878119019E-4, -1.1888499230198644, 2.587647028474003, 4.704739358762733, -0.0026732825202349744, 1.5027409865028964, -0.003931790000723226, 0.001258507480488252, 0.0, 7.005, 0.6531866455988581, 4066.077022346345, 970.7043856481937, 5759.344002722824, 0.7059965545423299
0.002, 0.6811875142222721, 4.7746482927568624E-4, -0.6419380229075964, 3.0162960909084955, 5.002794949724272, -0.0026951614650845106, 1.5027800298807228, -0.004114235572503025, 0.0014190741074185144, 0.0, 7.005, 0.687564890104061, 4066.077022346345, 970.7043856481937, 5759.344002722824, 0.7059965545423299
0.0021, 0.7142969872152206, 5.013380707394704E-4, -0.08206885667524233, 3.2135022972429654, 5.311157471577948, -0.002703829682467772, 1.5027995505304796, -0.0042954869843524115, 0.0015916573018846395, 0.0, 7.005, 0.721943134609264, 4066.077022346345, 970.7043856481937, 5759.344002722824, 0.7059965545423299
0.0022, 0.7470209392244677, 5.252113122032547E-4, 0.4909905573607851, 3.692206207608645, 5.629826924323764, -0.0026989749914904317, 1.5028205474613023, -0.0044756011451519695, 0.0017766261536615378, 0.0, 7.005, 0.756321379114467, 4066.077022346345, 970.7043856481937, 5759.344002722824, 0.7059965545423299
0.0023, 0.7788782411637514, 5.490845536670389E-4, 1.077442114670962, 4.4200019041638665, 5.958803307961719, -0.0026802800321056603, 1.5028405893316785, -0.004654629784629776, 0.0019743497525241153, 0.0, 7.005, 0.79069962361967, 4066.077022346345, 970.7043856481937, 5759.344002722824, 0.7059965545423299
0.0024, 0.8090780420372122, 5.729577951308231E-4, 1.6774619201673069, 5.441970168866541, 6.298086622491812, -0.0026474229415708664, 1.5028626347584708, -0.004832620129818146, 0.0021851971882472796, 0.0, 7.005, 0.8250778681248729, 4066.077022346345, 970.7043856481937, 5759.344002722824, 0.7059965545423299
0.0025, 0.8365639814290415, 5.968310365946075E-4, 2.2912045021033256, 6.796627899200816, 6.647676867914049, -0.0026000779179825746, 1.502902208510332, -0.005009615468588517, 0.0024095375506059426, 0.0, 7.005, 0.8594561126300759, 4066.077022346345, 970.7043856481937, 5759.344002722824, 0.7059965545423299
0.0026, 0.8608993331354673, 6.207042780583919E-4, 2.9188061990105805, 8.716380724309513, 7.0075740442284244, -0.002537915693514306, 1.5029952596393603, -0.005185655622889315, 0.002647739929375009, 0.0, 7.005, 0.8938343571352789, 4066.077022346345, 970.7043856481937, 5759.344002722824, 0.7059965545423299
0.0027, 0.8822435126634101, 6.445775195221761E-4, 3.5603879070856044, 10.725500284851613, 7.377778151434937, -0.0024606039347508444, 1.5031308980307865, -0.005360777349080229, 0.0029001734143293844, 0.0, 7.005, 0.9282126016404819, 4066.077022346345, 970.7043856481937, 5759.344002722824, 0.7059965545423299
0.0028, 0.9009711588545097, 6.684507609859605E-4, 4.216057327686872, 12.807335359918294, 7.758289189533591, -0.002367807583640153, 1.503311019904712, -0.005535014678884134, 0.003167207095243981, 0.0, 7.005, 0.9625908461456849, 4066.077022346345, 970.7043856481937, 5759.344002722824, 0.7059965545423299
0.0029, 0.9172803411474463, 6.923240024497446E-4, 4.885910820266738, 14.910619594202512, 8.149107158524382, -0.0022591891496818815, 1.503541467974639, -0.005708399211575585, 0.003449210061893703, 0.0, 7.005, 0.9969690906508879, 4066.077022346345, 970.7043856481937, 5759.344002722824, 0.7059965545423299
