This fits B3 to B3 into the virial expansion since maxPower is set to 1.
Number of particles: 108
dryVolFracMax: 5.0E-5
dryVolFracIncrement: 2.578947368E-6
Initial configuration: FCC
Dry microgel radius [nm]: 50.0
Box length [units of dry radius]: 204.91173279605826
Number of monomers: 2916666.666666667
Number of chains: 87.50000000000001
Flory interaction parameter (chi): 0.0
Young's calibration factor: 1.0
x-link fraction: 3.0E-5
MC steps: 100000
Equilibration steps: 10000.0
Snapshot interval: 100
Displacement tolerance: 0.1
Particle radius change tolerance: 0.0
Particle radius bin width: 0.001
g(r) bin width: 0.005
phi0, phi, rho, mu/kT, Z_measured, Z_virial_Fit, <F_total>/V, QMelting, <F_id>/V, <F_ex>/V, <F_FR>/V, <alpha>, Zeta, B2_rho, B2_phi0, B2_HS, B2*
3.6E-6, 0.0012303792768835436, 8.544107470243928E-7, -13.936069892546362, 1.0, 1.0032410828618932, -1.2764307850528276E-5, 1.5000127643078505, -1.2767176612690889E-5, 2.868762162612481E-9, 0.0, 7.005, 0.0012303792768835688, 4066.077022346345, 970.7043856481937, 5759.344002722824, 0.7059965545423299
6.2E-6, 0.0021169761087151415, 1.4700890794109427E-6, -13.389082090168161, 1.0, 1.005287666205505, -2.116100578384808E-5, 1.5000211610057839, -2.1169286179394655E-5, 8.280395546574794E-9, 0.0, 7.005, 0.0021169761087151072, 4066.077022346345, 970.7043856481937, 5759.344002722824, 0.7059965545423299
8.7E-6, 0.00300357294054665, 2.085767411797493E-6, -13.035309644328013, 1.0, 1.0070922625581387, -2.92891842807461E-5, 1.5000292891842808, -2.930542526878614E-5, 1.6240988040040643E-8, 0.0, 7.005, 0.0030035729405466453, 4066.077022346345, 970.7043856481937, 5759.344002722824, 0.7059965545423299
1.13E-5, 0.0038901697023501396, 2.701445744184043E-6, -12.773063792758434, 1.0, 1.0086548719197943, -3.723056523423678E-5, 1.5000372305652343, -3.725709229465919E-5, 2.652706042241308E-8, 0.0, 7.005, 0.0038901697723781837, 4066.077022346345, 970.7043856481937, 5759.344002722824, 0.7059965545423299
1.39E-5, 0.004776070331369731, 3.3171240765705924E-6, -12.564520086426205, 1.0, 1.0099754942904717, -4.502828611809639E-5, 1.5000450282861182, -4.506720125156948E-5, 3.891513347309516E-8, 0.0, 7.005, 0.004776766604209722, 4066.077022346345, 970.7043856481937, 5759.344002722824, 0.7059965545423299
1.65E-5, 0.0056604734838192885, 3.932802408957144E-6, -12.391396348204422, 1.0, 1.0110541296701714, -5.2709189525314E-5, 1.5000527091895253, -5.276237125328549E-5, 5.3181727971489995E-8, 0.0, 7.005, 0.0056633634360412615, 4066.077022346345, 970.7043856481937, 5759.344002722824, 0.7059965545423299
1.91E-5, 0.006544878878876565, 4.548480741343694E-6, -12.243448656576826, 1.0, 1.0118907780588926, -6.029165613841415E-5, 1.5000602916561385, -6.036075950311115E-5, 6.910336469700057E-8, 0.0, 7.005, 0.0065499602678728, 4066.077022346345, 970.7043856481937, 5759.344002722824, 0.7059965545423299
2.16E-5, 0.007434041871376078, 5.164159073730244E-6, -12.114355964050532, 1.0, 1.0124854394566358, -6.778909714333939E-5, 1.5000677890971434, -6.787555370776842E-5, 8.645656442903E-8, 0.0, 7.005, 0.007436557099704339, 4066.077022346345, 970.7043856481937, 5759.344002722824, 0.7059965545423299
2.42E-5, 0.008321328789892555, 5.779837406116793E-6, -11.999941979694047, 1.0, 1.012838113863401, -7.521175314231531E-5, 1.5000752117531424, -7.53167709902623E-5, 1.0501784794698127E-7, 0.0, 7.005, 0.008323153931535878, 4066.077022346345, 970.7043856481937, 5759.344002722824, 0.7059965545423299
2.68E-5, 0.009201179110499065, 6.395515738503345E-6, -11.897302723743396, 1.0, 1.012948801279188, -8.256771681631874E-5, 1.5000825677168164, -8.2692280552349E-5, 1.245637360302576E-7, 0.0, 7.005, 0.009209750763367417, 4066.077022346345, 970.7043856481937, 5759.344002722824, 0.7059965545423299
2.94E-5, 0.010071949857693756, 7.0111940708898934E-6, -11.804337029515693, 1.0104583007869279, 1.012817501703997, -8.986355785496703E-5, 1.5000898713100372, -9.000842860442529E-5, 1.448707494582618E-7, 0.0, 7.005, 0.010096347595198956, 4066.077022346345, 970.7043856481937, 5759.344002722824, 0.7059965545423299
3.19E-5, 0.010965373434630589, 7.626872403276446E-6, -11.71947543292697, 1.0, 1.012444215137828, -9.710472660455854E-5, 1.5000971047266045, -9.727044201356894E-5, 1.6571540901039728E-7, 0.0, 7.005, 0.010982944427030496, 4066.077022346345, 970.7043856481937, 5759.344002722824, 0.7059965545423299
3.45E-5, 0.011862649769625368, 8.242550735662995E-6, -11.641514647618244, 1.0, 1.011828941580681, -1.0429582650974825E-4, 1.5001042958265098, -1.0448270074521432E-4, 1.8687423546606669E-7, 0.0, 7.005, 0.011869541258862035, 4066.077022346345, 970.7043856481937, 5759.344002722824, 0.7059965545423299
3.71E-5, 0.012734545463116507, 8.858229068049545E-6, -11.569511826812345, 1.0115548978334594, 1.0109716810325555, -1.114408046993096E-4, 1.5001115002663326, -1.1164892844891428E-4, 2.081237496046734E-7, 0.0, 7.005, 0.012756138090693573, 4066.077022346345, 970.7043856481937, 5759.344002722824, 0.7059965545423299
3.97E-5, 0.013628240998762444, 9.473907400436096E-6, -11.502714435165363, 1.1354252927363568, 1.0098724334934521, -1.1854308933358626E-4, 1.5001191699722976, -1.1877232980579188E-4, 2.2924047220562037E-7, 0.0, 7.005, 0.013642734922525112, 4066.077022346345, 970.7043856481937, 5759.344002722824, 0.7059965545423299
4.23E-5, 0.014479421845575777, 1.0089585732822645E-5, -11.440512243261693, 1.0125640820982524, 1.0085311989633707, -1.2560569110196332E-4, 1.5001256171503066, -1.2585569202601163E-4, 2.5000092404831064E-7, 0.0, 7.005, 0.014529331754356651, 4066.077022346345, 970.7043856481937, 5759.344002722824, 0.7059965545423299
4.48E-5, 0.015372389377587732, 1.0705264065209196E-5, -11.382403564900713, 1.0, 1.0069479774423113, -1.326312798574889E-4, 1.5001326312798575, -1.3290146148340105E-4, 2.7018162591214735E-7, 0.0, 7.005, 0.01541592858618819, 4066.077022346345, 970.7043856481937, 5759.344002722824, 0.7059965545423299
4.74E-5, 0.01622659193825143, 1.1320942397595746E-5, -11.327970949129709, 1.0, 1.0051227689302737, -1.3962224356630701E-4, 1.5001396222435663, -1.3991180266488356E-4, 2.895590985765333E-7, 0.0, 7.005, 0.016302525418019728, 4066.077022346345, 970.7043856481937, 5759.344002722824, 0.7059965545423299
