This fits B3 to B11 into the virial expansion since maxPower is set to 9.
Number of particles: 108
dryVolFracMax: 0.003
dryVolFracIncrement: 1.0E-4
Initial configuration: FCC
Dry microgel radius [nm]: 50.0
Box length [units of dry radius]: 52.64820356309553
Number of monomers: 2916666.666666667
Number of chains: 87.50000000000001
Flory interaction parameter (chi): 0.0
Young's calibration factor: 1.0
x-link fraction: 3.0E-5
MC steps: 100000
Equilibration steps: 10000.0
Snapshot interval: 100
Displacement tolerance: 0.1
Particle radius change tolerance: 0.0
Particle radius bin width: 0.001
g(r) bin width: 0.005
phi0, phi, rho, mu/kT, Z_measured, Z_virial_Fit, <F_total>/V, QMelting, <F_id>/V, <F_ex>/V, <F_FR>/V, <alpha>, Zeta, B2_rho, B2_phi0, B2_HS, B2*
2.0E-4, 0.06873490199105847, 4.774648292756861E-5, -9.830437217837535, 1.0571718529150194, 1.0296485683758627, -5.185309005833685E-4, 1.5005187969114282, -5.213638970822166E-4, 2.8329964988481384E-6, 0.0, 7.005, 0.06875648901040608, 4066.077022346345, 970.7043856481937, 5759.344002722824, 0.7059965545423299
3.0E-4, 0.10308072257461706, 7.161972439135293E-5, -9.32754593693707, 1.0730515133556566, 1.1029264826633594, -7.470275599633907E-4, 1.5007475514349402, -7.530065463303081E-4, 5.978986366917421E-6, 0.0, 7.005, 0.10313473351560913, 4066.077022346345, 970.7043856481937, 5759.344002722824, 0.7059965545423299
4.0E-4, 0.13741971891649665, 9.549296585513724E-5, -8.89575817603986, 1.3281517648856618, 1.2037099336515258, -9.644281633538065E-4, 1.5009678422740462, -9.765371141186377E-4, 1.2108950764831175E-5, 0.0, 7.005, 0.13751297802081217, 4066.077022346345, 970.7043856481937, 5759.344002722824, 0.7059965545423299
5.0E-4, 0.1717369656795519, 1.1936620731892148E-4, -8.53090937392379, 1.181754421988968, 1.2901446054351218, -0.0011723019653904745, 1.5011744477701279, -0.0011940355932402447, 2.173362784977008E-5, 0.0, 7.005, 0.1718912225260152, 4066.077022346345, 970.7043856481937, 5759.344002722824, 0.7059965545423299
6.0E-4, 0.20599916460274395, 1.4323944878270585E-4, -8.235763650431144, 1.311927339179026, 1.3447651007836707, -0.001372309657370874, 1.5013769317073458, -0.001406727072591923, 3.4417415221048956E-5, 0.0, 7.005, 0.20626946703121826, 4066.077022346345, 970.7043856481937, 5759.344002722824, 0.7059965545423299
7.0E-4, 0.2402500430820151, 1.6711269024649017E-4, -7.99397246716157, 1.3291188588805187, 1.3767065110539438, -0.001565959373485823, 1.501571597583906, -0.0016154210498813184, 4.9461676395495284E-5, 0.0, 7.005, 0.24064771153642134, 4066.077022346345, 970.7043856481937, 5759.344002722824, 0.7059965545423299
8.0E-4, 0.274482706563232, 1.9098593171027449E-4, -7.774648806980031, 1.3672321174670419, 1.4101786876170053, -0.0017541728366537593, 1.5017613523431426, -0.0018206928681456847, 6.652003149192531E-5, 0.0, 7.005, 0.2750259560416244, 4066.077022346345, 970.7043856481937, 5759.344002722824, 0.7059965545423299
9.0E-4, 0.30866990675443684, 2.148591731740588E-4, -7.545447041283888, 1.6592133064375534, 1.4701791546786223, -0.0019370899901108795, 1.5019515869385853, -0.0020229727110088343, 8.58827208979549E-5, 0.0, 7.005, 0.30940420054682743, 4066.077022346345, 970.7043856481937, 5759.344002722824, 0.7059965545423299
0.001, 0.34278696777338735, 2.3873241463784312E-4, -7.2842808717133884, 1.6130196613463328, 1.5715859193084953, -0.0021141824627317345, 1.5021290854957892, -0.0022225944863660013, 1.0841202363426691E-4, 0.0, 7.005, 0.3437824450520305, 4066.077022346345, 970.7043856481937, 5759.344002722824, 0.7059965545423299
0.0011, 0.3768774801667377, 2.626056561016274E-4, -6.985489574160123, 1.566260120378795, 1.7141893802492998, -0.0022845848996961796, 1.502299405497028, -0.0024198249427019227, 1.35240043005743E-4, 0.0, 7.005, 0.3781606895572336, 4066.077022346345, 970.7043856481937, 5759.344002722824, 0.7059965545423299
0.0012, 0.4109193193135308, 2.864788975654117E-4, -6.659636102861079, 2.0818731376276167, 1.8837390468042963, -0.002447496694363797, 1.502478858456856, -0.00261488210504646, 1.6738541068266318E-4, 0.0, 7.005, 0.41253893406243664, 4066.077022346345, 970.7043856481937, 5759.344002722824, 0.7059965545423299
0.0013, 0.44485299670760003, 3.10352139029196E-4, -6.328137458728954, 1.9075267817919133, 2.057541786968489, -0.0026025134911149585, 1.502630585118465, -0.002807947521593494, 2.0543403047853568E-4, 0.0, 7.005, 0.4469171785676397, 4066.077022346345, 970.7043856481937, 5759.344002722824, 0.7059965545423299
0.0014, 0.4787018250011982, 3.342253804929803E-4, -6.014954043447882, 2.2904338789987895, 2.212399764114288, -0.002749790456782565, 1.5027933883163482, -0.002999174719602353, 2.4938426281978786E-4, 0.0, 7.005, 0.48129542307284273, 4066.077022346345, 970.7043856481937, 5759.344002722824, 0.7059965545423299
0.0015, 0.5125331505488355, 3.580986219567647E-4, -5.737829945661872, 2.2943476424258202, 2.332564028152511, -0.0028899969606710025, 1.502936292995513, -0.003188695233083918, 2.986982724129155E-4, 0.0, 7.005, 0.5156736675780458, 4066.077022346345, 970.7043856481937, 5759.344002722824, 0.7059965545423299
0.0016, 0.5460930393022057, 3.8197186342054886E-4, -5.501270748837016, 2.1031022565837265, 2.4157498342933934, -0.0030240791048769065, 1.5030656896423011, -0.0033766230161081877, 3.5254391123128105E-4, 0.0, 7.005, 0.5500519120832489, 4066.077022346345, 970.7043856481937, 5759.344002722824, 0.7059965545423299
0.0017, 0.5796637940159474, 4.0584510488433315E-4, -5.292747205823733, 2.485233664735408, 2.475958104504855, -0.003152891021485021, 1.5032127694028192, -0.0035630577486152858, 4.1016672713026486E-4, 0.0, 7.005, 0.5844301565884519, 4066.077022346345, 970.7043856481937, 5759.344002722824, 0.7059965545423299
0.0018, 0.6131199909080445, 4.297183463481176E-4, -5.082694967927918, 2.885001795615345, 2.542719957666378, -0.003276780692043166, 1.5033573221491825, -0.003748087361811589, 4.7130666976842334E-4, 0.0, 7.005, 0.618808401093655, 4066.077022346345, 970.7043856481937, 5759.344002722824, 0.7059965545423299
0.0019, 0.647694962682275, 4.535915878119019E-4, -4.827913560616517, 2.587647028474003, 2.6572738483673106, -0.00339521804190885, 1.5034629220245703, -0.003931790000723226, 5.365719588143764E-4, 0.0, 7.005, 0.6531866455988581, 4066.077022346345, 970.7043856481937, 5759.344002722824, 0.7059965545423299
0.002, 0.6811875142222721, 4.7746482927568624E-4, -4.477122213915144, 3.0162960909084955, 2.86694350557849, -0.003506533084948551, 1.5035914015005867, -0.004114235572503025, 6.077024875544741E-4, 0.0, 7.005, 0.687564890104061, 4066.077022346345, 970.7043856481937, 5759.344002722824, 0.7059965545423299
0.0021, 0.7142969872152206, 5.013380707394704E-4, -3.9768758529525954, 3.2135022972429654, 3.2194554849170345, -0.003607794869327918, 1.5037035157173397, -0.0042954869843524115, 6.876921150244936E-4, 0.0, 7.005, 0.721943134609264, 4066.077022346345, 970.7043856481937, 5759.344002722824, 0.7059965545423299
0.0022, 0.7470209392244677, 5.252113122032547E-4, -3.2759512166445255, 3.692206207608645, 3.7589636765540035, -0.003694816882291091, 1.503816389352103, -0.0044756011451519695, 7.807842628608785E-4, 0.0, 7.005, 0.756321379114467, 4066.077022346345, 970.7043856481937, 5759.344002722824, 0.7059965545423299
0.0023, 0.7788782411637514, 5.490845536670389E-4, -2.326850291508954, 4.4200019041638665, 4.524980478450516, -0.0037622344401207113, 1.5039225437396937, -0.004654629784629776, 8.923953445090643E-4, 0.0, 7.005, 0.79069962361967, 4066.077022346345, 970.7043856481937, 5759.344002722824, 0.7059965545423299
0.0024, 0.8090780420372122, 5.729577951308231E-4, -1.084405560680299, 5.441970168866541, 5.554096486720937, -0.0038035814960479053, 1.5040187933129479, -0.004832620129818146, 0.0010290386337702406, 0.0, 7.005, 0.8250778681248729, 4066.077022346345, 970.7043856481937, 5759.344002722824, 0.7059965545423299
0.0025, 0.8365639814290415, 5.968310365946075E-4, 0.49622150954299915, 6.796627899200816, 6.882148404215513, -0.003811319368160003, 1.5041134499605093, -0.005009615468588517, 0.0011982961004285142, 0.0, 7.005, 0.8594561126300759, 4066.077022346345, 970.7043856481937, 5759.344002722824, 0.7059965545423299
0.0026, 0.8608993331354673, 6.207042780583919E-4, 2.456411298145019, 8.716380724309513, 8.541214360789127, -0.0037768632921324563, 1.5042342072379784, -0.005185655622889315, 0.0014087923307568584, 0.0, 7.005, 0.8938343571352789, 4066.077022346345, 970.7043856481937, 5759.344002722824, 0.7059965545423299
0.0027, 0.8822435126634101, 6.445775195221761E-4, 4.815334107409405, 10.725500284851613, 10.541322906949063, -0.00369084365719439, 1.50436113775323, -0.005360777349080229, 0.0016699336918858387, 0.0, 7.005, 0.9282126016404819, 4066.077022346345, 970.7043856481937, 5759.344002722824, 0.7059965545423299
0.0028, 0.9009711588545097, 6.684507609859605E-4, 7.518850734187894, 12.807335359918294, 12.820902520832533, -0.003544160551541789, 1.5044873728726136, -0.005535014678884134, 0.0019908541273423452, 0.0, 7.005, 0.9625908461456849, 4066.077022346345, 970.7043856481937, 5759.344002722824, 0.7059965545423299
0.0029, 0.9172803411474463, 6.923240024497446E-4, 10.331460533872999, 14.910619594202512, 15.142618493020564, -0.003330880134697808, 1.504613158959655, -0.005708399211575585, 0.0023775190768777765, 0.0, 7.005, 0.9969690906508879, 4066.077022346345, 970.7043856481937, 5759.344002722824, 0.7059965545423299
