This fits B3 to B8 into the virial expansion since maxPower is set to 6.
Number of particles: 108
dryVolFracMax: 0.003
dryVolFracIncrement: 1.0E-4
Initial configuration: FCC
Dry microgel radius [nm]: 50.0
Box length [units of dry radius]: 52.64820356309553
Number of monomers: 2916666.666666667
Number of chains: 87.50000000000001
Flory interaction parameter (chi): 0.0
Young's calibration factor: 1.0
x-link fraction: 3.0E-5
MC steps: 100000
Equilibration steps: 10000.0
Snapshot interval: 100
Displacement tolerance: 0.1
Particle radius change tolerance: 0.0
Particle radius bin width: 0.001
g(r) bin width: 0.005
phi0, phi, rho, mu/kT, Z_measured, Z_virial_Fit, <F_total>/V, QMelting, <F_id>/V, <F_ex>/V, <F_FR>/V, <alpha>, Zeta, B2_rho, B2_phi0, B2_HS, B2*
2.0E-4, 0.06873490199105847, 4.774648292756861E-5, -9.708292576782718, 1.0571718529150194, 1.0822874185524431, -5.152122435258335E-4, 1.5005154782543706, -5.213638970822166E-4, 6.151653556383044E-6, 0.0, 7.005, 0.06875648901040608, 4066.077022346345, 970.7043856481937, 5759.344002722824, 0.7059965545423299
3.0E-4, 0.10308072257461706, 7.161972439135293E-5, -9.25633550983213, 1.0730515133556566, 1.0934256375110132, -7.412470408890484E-4, 1.500741770915866, -7.530065463303081E-4, 1.1759505441259683E-5, 0.0, 7.005, 0.10313473351560913, 4066.077022346345, 970.7043856481937, 5759.344002722824, 0.7059965545423299
4.0E-4, 0.13741971891649665, 9.549296585513724E-5, -8.915397588082962, 1.3281517648856618, 1.1170478296439665, -9.580279677185253E-4, 1.500961442078411, -9.765371141186377E-4, 1.850914640011238E-5, 0.0, 7.005, 0.13751297802081217, 4066.077022346345, 970.7043856481937, 5759.344002722824, 0.7059965545423299
5.0E-4, 0.1717369656795519, 1.1936620731892148E-4, -8.613426825446286, 1.181754421988968, 1.1651086844243428, -0.001167226696946653, 1.5011693725016841, -0.0011940355932402447, 2.6808896293591495E-5, 0.0, 7.005, 0.1718912225260152, 4066.077022346345, 970.7043856481937, 5759.344002722824, 0.7059965545423299
6.0E-4, 0.20599916460274395, 1.4323944878270585E-4, -8.318091044621589, 1.311927339179026, 1.241683328709582, -0.001369336811722994, 1.5013739588616979, -0.001406727072591923, 3.7390260868928956E-5, 0.0, 7.005, 0.20626946703121826, 4066.077022346345, 970.7043856481937, 5759.344002722824, 0.7059965545423299
7.0E-4, 0.2402500430820151, 1.6711269024649017E-4, -8.016210201334697, 1.3291188588805187, 1.3447267698071041, -0.0015643313604753375, 1.5015699695708953, -0.0016154210498813184, 5.108968940598093E-5, 0.0, 7.005, 0.24064771153642134, 4066.077022346345, 970.7043856481937, 5759.344002722824, 0.7059965545423299
8.0E-4, 0.274482706563232, 1.9098593171027449E-4, -7.705676030638275, 1.3672321174670419, 1.4678378161934051, -0.0017520120890942522, 1.501759191595583, -0.0018206928681456847, 6.868077905143248E-5, 0.0, 7.005, 0.2750259560416244, 4066.077022346345, 970.7043856481937, 5759.344002722824, 0.7059965545423299
9.0E-4, 0.30866990675443684, 2.148591731740588E-4, -7.390949185815378, 1.6592133064375534, 1.601992602682834, -0.0019322160370791673, 1.5019467129855537, -0.0020229727110088343, 9.075667392966715E-5, 0.0, 7.005, 0.30940420054682743, 4066.077022346345, 970.7043856481937, 5759.344002722824, 0.7059965545423299
0.001, 0.34278696777338735, 2.3873241463784312E-4, -7.079910013958073, 1.6130196613463328, 1.7372128468422352, -0.0021049330307173837, 1.5021198360637749, -0.0022225944863660013, 1.1766145564861743E-4, 0.0, 7.005, 0.3437824450520305, 4066.077022346345, 970.7043856481937, 5759.344002722824, 0.7059965545423299
0.0011, 0.3768774801667377, 2.626056561016274E-4, -6.781363647139198, 1.566260120378795, 1.864133963447615, -0.002270356572353201, 1.502285177169685, -0.0024198249427019227, 1.4946837034872175E-4, 0.0, 7.005, 0.3781606895572336, 4066.077022346345, 970.7043856481937, 5759.344002722824, 0.7059965545423299
0.0012, 0.4109193193135308, 2.864788975654117E-4, -6.5029535771657025, 2.0818731376276167, 1.9754381637790204, -0.002428880319073536, 1.5024602420815658, -0.00261488210504646, 1.8600178597292434E-4, 0.0, 7.005, 0.41253893406243664, 4066.077022346345, 970.7043856481937, 5759.344002722824, 0.7059965545423299
0.0013, 0.44485299670760003, 3.10352139029196E-4, -6.249398880433692, 1.9075267817919133, 2.0671176665498106, -0.0025810486996280307, 1.502609120326978, -0.002807947521593494, 2.2689882196546315E-4, 0.0, 7.005, 0.4469171785676397, 4066.077022346345, 970.7043856481937, 5759.344002722824, 0.7059965545423299
0.0014, 0.4787018250011982, 3.342253804929803E-4, -6.021035249551145, 2.2904338789987895, 2.1395331472664387, -0.0027274690774653438, 1.5027710669370309, -0.002999174719602353, 2.7170564213700895E-4, 0.0, 7.005, 0.48129542307284273, 4066.077022346345, 970.7043856481937, 5759.344002722824, 0.7059965545423299
0.0015, 0.5125331505488355, 3.580986219567647E-4, -5.812668934169059, 2.2943476424258202, 2.1982325528150257, -0.0028686927831203966, 1.5029149888179623, -0.003188695233083918, 3.2000244996352174E-4, 0.0, 7.005, 0.5156736675780458, 4066.077022346345, 970.7043856481937, 5759.344002722824, 0.7059965545423299
0.0016, 0.5460930393022057, 3.8197186342054886E-4, -5.612766633383886, 2.1031022565837265, 2.254495408070783, -0.0030050727419921883, 1.5030466832794163, -0.0033766230161081877, 3.715502741159992E-4, 0.0, 7.005, 0.5500519120832489, 4066.077022346345, 970.7043856481937, 5759.344002722824, 0.7059965545423299
0.0017, 0.5796637940159474, 4.0584510488433315E-4, -5.403011537610716, 2.485233664735408, 2.325567741326526, -0.003136606068067169, 1.5031964844494012, -0.0035630577486152858, 4.2645168054811667E-4, 0.0, 7.005, 0.5844301565884519, 4066.077022346345, 970.7043856481937, 5759.344002722824, 0.7059965545423299
0.0018, 0.6131199909080445, 4.297183463481176E-4, -5.158259591497424, 2.885001795615345, 2.4345527553364743, -0.003262770765813031, 1.5033433122229523, -0.003748087361811589, 4.8531659599855835E-4, 0.0, 7.005, 0.618808401093655, 4066.077022346345, 970.7043856481937, 5759.344002722824, 0.7059965545423299
0.0019, 0.647694962682275, 4.535915878119019E-4, -4.846932243188598, 2.587647028474003, 2.609922370771364, -0.0033823665244285916, 1.5034500705070901, -0.003931790000723226, 5.494234762946346E-4, 0.0, 7.005, 0.6531866455988581, 4066.077022346345, 970.7043856481937, 5759.344002722824, 0.7059965545423299
0.002, 0.6811875142222721, 4.7746482927568624E-4, -4.431883236697099, 3.0162960909084955, 2.8846147688812938, -0.003493370471129374, 1.5035782388867676, -0.004114235572503025, 6.208651013736509E-4, 0.0, 7.005, 0.687564890104061, 4066.077022346345, 970.7043856481937, 5759.344002722824, 0.7059965545423299
0.0021, 0.7142969872152206, 5.013380707394704E-4, -3.8717777904666253, 3.2135022972429654, 3.2946830601622565, -0.003592819656884216, 1.503688540504896, -0.0042954869843524115, 7.026673274681954E-4, 0.0, 7.005, 0.721943134609264, 4066.077022346345, 970.7043856481937, 5759.344002722824, 0.7059965545423299
0.0022, 0.7470209392244677, 5.252113122032547E-4, -3.1230229983502618, 3.692206207608645, 3.8774602058226897, -0.0036767329697205108, 1.5037983054395323, -0.0044756011451519695, 7.988681754314587E-4, 0.0, 7.005, 0.756321379114467, 4066.077022346345, 970.7043856481937, 5759.344002722824, 0.7059965545423299
0.0023, 0.7788782411637514, 5.490845536670389E-4, -2.14228860671318, 4.4200019041638665, 4.669205318845918, -0.003740086101921368, 1.5039003954014942, -0.004654629784629776, 9.145436827084075E-4, 0.0, 7.005, 0.79069962361967, 4066.077022346345, 970.7043856481937, 5759.344002722824, 0.7059965545423299
0.0024, 0.8090780420372122, 5.729577951308231E-4, -0.8896575305887033, 5.441970168866541, 5.70219647144534, -0.003776854134829691, 1.5039920659517296, -0.004832620129818146, 0.001055765994988455, 0.0, 7.005, 0.8250778681248729, 4066.077022346345, 970.7043856481937, 5759.344002722824, 0.7059965545423299
0.0025, 0.8365639814290415, 5.968310365946075E-4, 0.6675543873803003, 6.796627899200816, 7.001235135707432, -0.0037801372464833513, 1.5040822678388328, -0.005009615468588517, 0.0012294782221051659, 0.0, 7.005, 0.8594561126300759, 4066.077022346345, 970.7043856481937, 5759.344002722824, 0.7059965545423299
0.0026, 0.8608993331354673, 6.207042780583919E-4, 2.5502697749161225, 8.716380724309513, 8.579527384220178, -0.0037423859916110996, 1.504199729937457, -0.005185655622889315, 0.001443269631278215, 0.0, 7.005, 0.8938343571352789, 4066.077022346345, 970.7043856481937, 5759.344002722824, 0.7059965545423299
0.0027, 0.8822435126634101, 6.445775195221761E-4, 4.7623726173201595, 10.725500284851613, 10.433906977481428, -0.0036557435497574812, 1.5043260376457932, -0.005360777349080229, 0.0017050337993227476, 0.0, 7.005, 0.9282126016404819, 4066.077022346345, 970.7043856481937, 5759.344002722824, 0.7059965545423299
0.0028, 0.9009711588545097, 6.684507609859605E-4, 7.284642918497057, 12.807335359918294, 12.539365464885009, -0.0035125232849030873, 1.504455735605975, -0.005535014678884134, 0.002022491393981047, 0.0, 7.005, 0.9625908461456849, 4066.077022346345, 970.7043856481937, 5759.344002722824, 0.7059965545423299
0.0029, 0.9172803411474463, 6.923240024497446E-4, 10.067863386022239, 14.910619594202512, 14.842854426079825, -0.0033058409085143584, 1.5045881197334716, -0.005708399211575585, 0.0024025583030612262, 0.0, 7.005, 0.9969690906508879, 4066.077022346345, 970.7043856481937, 5759.344002722824, 0.7059965545423299
