This fits B3 to B5 into the virial expansion since maxPower is set to 3.
Number of particles: 108
dryVolFracMax: 0.003
dryVolFracIncrement: 1.0E-4
Initial configuration: FCC
Dry microgel radius [nm]: 50.0
Box length [units of dry radius]: 52.64820356309553
Number of monomers: 2916666.666666667
Number of chains: 87.50000000000001
Flory interaction parameter (chi): 0.0
Young's calibration factor: 1.0
x-link fraction: 3.0E-5
MC steps: 100000
Equilibration steps: 10000.0
Snapshot interval: 100
Displacement tolerance: 0.1
Particle radius change tolerance: 0.0
Particle radius bin width: 0.001
g(r) bin width: 0.005
phi0, phi, rho, mu/kT, Z_measured, Z_virial_Fit, <F_total>/V, QMelting, <F_id>/V, <F_ex>/V, <F_FR>/V, <alpha>, Zeta, B2_rho, B2_phi0, B2_HS, B2*
2.0E-4, 0.06873490199105847, 4.774648292756861E-5, -9.550241596164973, 1.0571718529150194, 1.1809306087104283, -5.123757304728821E-4, 1.5005126417413177, -5.213638970822166E-4, 8.988166609334498E-6, 0.0, 7.005, 0.06875648901040608, 4066.077022346345, 970.7043856481937, 5759.344002722824, 0.7059965545423299
3.0E-4, 0.10308072257461706, 7.161972439135293E-5, -8.980114678380286, 1.0730515133556566, 1.2574005961500383, -7.332080224141276E-4, 1.500733731897391, -7.530065463303081E-4, 1.979852391618058E-5, 0.0, 7.005, 0.10313473351560913, 4066.077022346345, 970.7043856481937, 5759.344002722824, 0.7059965545423299
4.0E-4, 0.13741971891649665, 9.549296585513724E-5, -8.544437203431354, 1.3281517648856618, 1.322183804132423, -9.421929029808672E-4, 1.5009456070136733, -9.765371141186377E-4, 3.4344211137770484E-5, 0.0, 7.005, 0.13751297802081217, 4066.077022346345, 970.7043856481937, 5759.344002722824, 0.7059965545423299
5.0E-4, 0.1717369656795519, 1.1936620731892148E-4, -8.191004454947539, 1.181754421988968, 1.3747098701879017, -0.0011418230392876943, 1.5011439688440251, -0.0011940355932402447, 5.221255395255042E-5, 0.0, 7.005, 0.1718912225260152, 4066.077022346345, 970.7043856481937, 5759.344002722824, 0.7059965545423299
6.0E-4, 0.20599916460274395, 1.4323944878270585E-4, -7.895942640794264, 1.311927339179026, 1.4153660827791428, -0.0013337467290102547, 1.5013383687789852, -0.001406727072591923, 7.298034358166805E-5, 0.0, 7.005, 0.20626946703121826, 4066.077022346345, 970.7043856481937, 5759.344002722824, 0.7059965545423299
7.0E-4, 0.2402500430820151, 1.6711269024649017E-4, -7.64524631423528, 1.3291188588805187, 1.4454973813011602, -0.001519178635302414, 1.5015248168457225, -0.0016154210498813184, 9.624241457890447E-5, 0.0, 7.005, 0.24064771153642134, 4066.077022346345, 970.7043856481937, 5759.344002722824, 0.7059965545423299
8.0E-4, 0.274482706563232, 1.9098593171027449E-4, -7.4288124926584915, 1.3672321174670419, 1.467406356081319, -0.0016990526455250778, 1.5017062321520138, -0.0018206928681456847, 1.2164022262060702E-4, 0.0, 7.005, 0.2750259560416244, 4066.077022346345, 970.7043856481937, 5759.344002722824, 0.7059965545423299
9.0E-4, 0.30866990675443684, 2.148591731740588E-4, -7.23802178931574, 1.6592133064375534, 1.4843532483793316, -0.0018740822887132126, 1.5018885792371877, -0.0020229727110088343, 1.488904222956217E-4, 0.0, 7.005, 0.30940420054682743, 4066.077022346345, 970.7043856481937, 5759.344002722824, 0.7059965545423299
0.001, 0.34278696777338735, 2.3873241463784312E-4, -7.064602847058441, 1.6130196613463328, 1.500555950387258, -0.002044781041470776, 1.5020596840745282, -0.0022225944863660013, 1.7781344489522545E-4, 0.0, 7.005, 0.3437824450520305, 4066.077022346345, 970.7043856481937, 5759.344002722824, 0.7059965545423299
0.0011, 0.3768774801667377, 2.626056561016274E-4, -6.900040897897105, 1.566260120378795, 1.5211900052295069, -0.002211462866498864, 1.5022262834638307, -0.0024198249427019227, 2.0836207620305886E-4, 0.0, 7.005, 0.3781606895572336, 4066.077022346345, 970.7043856481937, 5759.344002722824, 0.7059965545423299
0.0012, 0.4109193193135308, 2.864788975654117E-4, -6.7352447612830515, 2.0818731376276167, 1.552388606962836, -0.0023742320707614015, 1.5024055938332537, -0.00261488210504646, 2.4065003428505846E-4, 0.0, 7.005, 0.41253893406243664, 4066.077022346345, 970.7043856481937, 5759.344002722824, 0.7059965545423299
0.0013, 0.44485299670760003, 3.10352139029196E-4, -6.5603475925423735, 1.9075267817919133, 1.60124260057635, -0.0025329669743141044, 1.5025610386016641, -0.002807947521593494, 2.7498054727938937E-4, 0.0, 7.005, 0.4469171785676397, 4066.077022346345, 970.7043856481937, 5759.344002722824, 0.7059965545423299
0.0014, 0.4787018250011982, 3.342253804929803E-4, -6.364581683038052, 2.2904338789987895, 1.6758004819915036, -0.0026872997884159755, 1.5027308976479816, -0.002999174719602353, 3.118749311863773E-4, 0.0, 7.005, 0.48129542307284273, 4066.077022346345, 970.7043856481937, 5759.344002722824, 0.7059965545423299
0.0015, 0.5125331505488355, 3.580986219567647E-4, -6.136196559410859, 2.2943476424258202, 1.7850683980620992, -0.0028365940654254762, 1.5028828901002673, -0.003188695233083918, 3.52101167658442E-4, 0.0, 7.005, 0.5156736675780458, 4066.077022346345, 970.7043856481937, 5759.344002722824, 0.7059965545423299
0.0016, 0.5460930393022057, 3.8197186342054886E-4, -5.8624035691718, 2.1031022565837265, 1.9390101465742848, -0.00297992053431816, 1.5030215310717423, -0.0033766230161081877, 3.9670248179002766E-4, 0.0, 7.005, 0.5500519120832489, 4066.077022346345, 970.7043856481937, 5759.344002722824, 0.7059965545423299
0.0017, 0.5796637940159474, 4.0584510488433315E-4, -5.529337295455575, 2.485233664735408, 2.148547176246562, -0.0031160318287077474, 1.503175910210042, -0.0035630577486152858, 4.4702591990753853E-4, 0.0, 7.005, 0.5844301565884519, 4066.077022346345, 970.7043856481937, 5759.344002722824, 0.7059965545423299
0.0018, 0.6131199909080445, 4.297183463481176E-4, -5.122028017415053, 2.885001795615345, 2.425558586729777, -0.00324333643445232, 1.5033238778915916, -0.003748087361811589, 5.047509273592694E-4, 0.0, 7.005, 0.618808401093655, 4066.077022346345, 970.7043856481937, 5759.344002722824, 0.7059965545423299
0.0019, 0.647694962682275, 4.535915878119019E-4, -4.624381626475502, 2.587647028474003, 2.782881128607123, -0.00335987207441789, 1.5034275760570794, -0.003931790000723226, 5.719179263053362E-4, 0.0, 7.005, 0.6531866455988581, 4066.077022346345, 970.7043856481937, 5759.344002722824, 0.7059965545423299
0.002, 0.6811875142222721, 4.7746482927568624E-4, -4.01916470011662, 3.0162960909084955, 3.234309203394147, -0.003463278678995412, 1.5035481470946337, -0.004114235572503025, 6.50956893507613E-4, 0.0, 7.005, 0.687564890104061, 4066.077022346345, 970.7043856481937, 5759.344002722824, 0.7059965545423299
0.0021, 0.7142969872152206, 5.013380707394704E-4, -3.2879932211750145, 3.2135022972429654, 3.7945948635387348, -0.0035507710462327514, 1.5036464918942447, -0.0042954869843524115, 7.447159381196599E-4, 0.0, 7.005, 0.721943134609264, 4066.077022346345, 970.7043856481937, 5759.344002722824, 0.7059965545423299
0.0022, 0.7470209392244677, 5.252113122032547E-4, -2.4113239238028754, 3.692206207608645, 4.47944781242113, -0.003619111265675309, 1.5037406837354872, -0.0044756011451519695, 8.564898794766604E-4, 0.0, 7.005, 0.756321379114467, 4066.077022346345, 970.7043856481937, 5759.344002722824, 0.7059965545423299
0.0023, 0.7788782411637514, 5.490845536670389E-4, -1.368447564700066, 4.4200019041638665, 5.305535404353921, -0.0036645809597444278, 1.5038248902593174, -0.004654629784629776, 9.90048824885348E-4, 0.0, 7.005, 0.79069962361967, 4066.077022346345, 970.7043856481937, 5759.344002722824, 0.7059965545423299
0.0024, 0.8090780420372122, 5.729577951308231E-4, -0.13748362745947063, 5.441970168866541, 6.290482644582043, -0.003682953382404203, 1.5038981651993042, -0.004832620129818146, 0.0011496667474139432, 0.0, 7.005, 0.8250778681248729, 4066.077022346345, 970.7043856481937, 5759.344002722824, 0.7059965545423299
0.0025, 0.8365639814290415, 5.968310365946075E-4, 1.3046238913329526, 6.796627899200816, 7.452872189282793, -0.0036694654049064307, 1.503971595997256, -0.005009615468588517, 0.0013401500636820865, 0.0, 7.005, 0.8594561126300759, 4066.077022346345, 970.7043856481937, 5759.344002722824, 0.7059965545423299
0.0026, 0.8608993331354673, 6.207042780583919E-4, 2.982109869034735, 8.716380724309513, 8.812244345565793, -0.0036187894112385483, 1.5040761333570845, -0.005185655622889315, 0.0015668662116507662, 0.0, 7.005, 0.8938343571352789, 4066.077022346345, 970.7043856481937, 5759.344002722824, 0.7059965545423299
0.0027, 0.8822435126634101, 6.445775195221761E-4, 4.920390804333789, 10.725500284851613, 10.389097071473016, -0.0035250051206679785, 1.5041952992167036, -0.005360777349080229, 0.0018357722284122505, 0.0, 7.005, 0.9282126016404819, 4066.077022346345, 970.7043856481937, 5759.344002722824, 0.7059965545423299
0.0028, 0.9009711588545097, 6.684507609859605E-4, 7.14606706474546, 12.807335359918294, 12.204885975978815, -0.003381571350904102, 1.504324783671976, -0.005535014678884134, 0.002153443327980032, 0.0, 7.005, 0.9625908461456849, 4066.077022346345, 970.7043856481937, 5759.344002722824, 0.7059965545423299
0.0029, 0.9172803411474463, 6.923240024497446E-4, 9.686924739544342, 14.910619594202512, 14.282024318989839, -0.003181297732496844, 1.504463576557454, -0.005708399211575585, 0.0025271014790787406, 0.0, 7.005, 0.9969690906508879, 4066.077022346345, 970.7043856481937, 5759.344002722824, 0.7059965545423299
