This fits B3 to B7 into the virial expansion since maxPower is set to 5.
Number of particles: 108
dryVolFracMax: 0.003
dryVolFracIncrement: 1.0E-4
Initial configuration: FCC
Dry microgel radius [nm]: 50.0
Box length [units of dry radius]: 52.64820356309553
Number of monomers: 2916666.666666667
Number of chains: 87.50000000000001
Flory interaction parameter (chi): 0.0
Young's calibration factor: 1.0
x-link fraction: 3.0E-5
MC steps: 100000
Equilibration steps: 10000.0
Snapshot interval: 100
Displacement tolerance: 0.1
Particle radius change tolerance: 0.0
Particle radius bin width: 0.001
g(r) bin width: 0.005
phi0, phi, rho, mu/kT, Z_measured, Z_virial_Fit, <F_total>/V, QMelting, <F_id>/V, <F_ex>/V, <F_FR>/V, <alpha>, Zeta, B2_rho, B2_phi0, B2_HS, B2*
2.0E-4, 0.06873490199105847, 4.774648292756861E-5, -9.720043329925423, 1.0571718529150194, 1.075608203522335, -5.154543916337432E-4, 1.5005157204024786, -5.213638970822166E-4, 5.909505448473467E-6, 0.0, 7.005, 0.06875648901040608, 4066.077022346345, 970.7043856481937, 5759.344002722824, 0.7059965545423299
3.0E-4, 0.10308072257461706, 7.161972439135293E-5, -9.27132328396088, 1.0730515133556566, 1.0864208612462374, -7.418187809958831E-4, 1.5007423426559727, -7.530065463303081E-4, 1.1187765334425058E-5, 0.0, 7.005, 0.10313473351560913, 4066.077022346345, 970.7043856481937, 5759.344002722824, 0.7059965545423299
4.0E-4, 0.13741971891649665, 9.549296585513724E-5, -8.928213781259702, 1.3281517648856618, 1.1138032197790466, -9.589419865969005E-4, 1.5009623560972893, -9.765371141186377E-4, 1.7595127521737195E-5, 0.0, 7.005, 0.13751297802081217, 4066.077022346345, 970.7043856481937, 5759.344002722824, 0.7059965545423299
5.0E-4, 0.1717369656795519, 1.1936620731892148E-4, -8.619738425374598, 1.181754421988968, 1.168421662459374, -0.0011683755463151827, 1.5011705213510527, -0.0011940355932402447, 2.5660046925061884E-5, 0.0, 7.005, 0.1718912225260152, 4066.077022346345, 970.7043856481937, 5759.344002722824, 0.7059965545423299
6.0E-4, 0.20599916460274395, 1.4323944878270585E-4, -8.31595675600849, 1.311927339179026, 1.252194216872641, -0.0013705366712252038, 1.5013751587212, -0.001406727072591923, 3.619040136671922E-5, 0.0, 7.005, 0.20626946703121826, 4066.077022346345, 970.7043856481937, 5759.344002722824, 0.7059965545423299
7.0E-4, 0.2402500430820151, 1.6711269024649017E-4, -8.006373449493099, 1.3291188588805187, 1.360864533921555, -0.0015653843395875297, 1.5015710225500076, -0.0016154210498813184, 5.003671029378871E-5, 0.0, 7.005, 0.24064771153642134, 4066.077022346345, 970.7043856481937, 5759.344002722824, 0.7059965545423299
8.0E-4, 0.274482706563232, 1.9098593171027449E-4, -7.691151017490764, 1.3672321174670419, 1.4863128949025914, -0.001752766496045865, 1.5017599460025346, -0.0018206928681456847, 6.792637209981968E-5, 0.0, 7.005, 0.2750259560416244, 4066.077022346345, 970.7043856481937, 5759.344002722824, 0.7059965545423299
9.0E-4, 0.30866990675443684, 2.148591731740588E-4, -7.3761763193698675, 1.6592133064375534, 1.6186042465884838, -0.0019326111152839034, 1.5019471080637585, -0.0020229727110088343, 9.036159572493085E-5, 0.0, 7.005, 0.30940420054682743, 4066.077022346345, 970.7043856481937, 5759.344002722824, 0.7059965545423299
0.001, 0.34278696777338735, 2.3873241463784312E-4, -7.0697171772357965, 1.6130196613463328, 1.7477732643167136, -0.0021050207841579317, 1.5021199238172154, -0.0022225944863660013, 1.1757370220806961E-4, 0.0, 7.005, 0.3437824450520305, 4066.077022346345, 970.7043856481937, 5759.344002722824, 0.7059965545423299
0.0011, 0.3768774801667377, 2.626056561016274E-4, -6.779929917445429, 1.566260120378795, 1.8653464430840065, -0.0022702984708367208, 1.5022851190681685, -0.0024198249427019227, 1.495264718652018E-4, 0.0, 7.005, 0.3781606895572336, 4066.077022346345, 970.7043856481937, 5759.344002722824, 0.7059965545423299
0.0012, 0.4109193193135308, 2.864788975654117E-4, -6.512932151503488, 2.0818731376276167, 1.9656012166468204, -0.002428920892279256, 1.5024602826547715, -0.00261488210504646, 1.85961212767204E-4, 0.0, 7.005, 0.41253893406243664, 4066.077022346345, 970.7043856481937, 5759.344002722824, 0.7059965545423299
0.0013, 0.44485299670760003, 3.10352139029196E-4, -6.271316107770785, 1.9075267817919133, 2.046562104627866, -0.0025814712954022674, 1.5026095429227522, -0.002807947521593494, 2.2647622619122643E-4, 0.0, 7.005, 0.4469171785676397, 4066.077022346345, 970.7043856481937, 5759.344002722824, 0.7059965545423299
0.0014, 0.4787018250011982, 3.342253804929803E-4, -6.053042815560337, 2.2904338789987895, 2.1107338876286232, -0.002728541374883055, 1.5027721392344486, -0.002999174719602353, 2.706333447192981E-4, 0.0, 7.005, 0.48129542307284273, 4066.077022346345, 970.7043856481937, 5759.344002722824, 0.7059965545423299
0.0015, 0.5125331505488355, 3.580986219567647E-4, -5.850686388971824, 2.2943476424258202, 2.165571810347803, -0.002870611014425973, 1.5029169070492678, -0.003188695233083918, 3.1808421865794505E-4, 0.0, 7.005, 0.5156736675780458, 4066.077022346345, 970.7043856481937, 5759.344002722824, 0.7059965545423299
0.0016, 0.5460930393022057, 3.8197186342054886E-4, -5.651011597737399, 2.1031022565837265, 2.2236888127059222, -0.0030079139896555906, 1.5030495245270798, -0.0033766230161081877, 3.6870902645259727E-4, 0.0, 7.005, 0.5500519120832489, 4066.077022346345, 970.7043856481937, 5759.344002722824, 0.7059965545423299
0.0017, 0.5796637940159474, 4.0584510488433315E-4, -5.434875067888009, 2.485233664735408, 2.302799788975774, -0.003140297463844747, 1.503200175845179, -0.0035630577486152858, 4.2276028477053874E-4, 0.0, 7.005, 0.5844301565884519, 4066.077022346345, 970.7043856481937, 5759.344002722824, 0.7059965545423299
0.0018, 0.6131199909080445, 4.297183463481176E-4, -5.177444328720525, 2.885001795615345, 2.4254028749190297, -0.003267082927885394, 1.5033476243850248, -0.003748087361811589, 4.8100443392619504E-4, 0.0, 7.005, 0.618808401093655, 4066.077022346345, 970.7043856481937, 5759.344002722824, 0.7059965545423299
0.0019, 0.647694962682275, 4.535915878119019E-4, -4.848731116284219, 2.587647028474003, 2.618197762928652, -0.0033869361264007077, 1.5034546401090623, -0.003931790000723226, 5.448538743225188E-4, 0.0, 7.005, 0.6531866455988581, 4066.077022346345, 970.7043856481937, 5759.344002722824, 0.7059965545423299
0.002, 0.6811875142222721, 4.7746482927568624E-4, -4.414436635054783, 3.0162960909084955, 2.911241045177519, -0.0034977534429208165, 1.503582621858559, -0.004114235572503025, 6.164821295822087E-4, 0.0, 7.005, 0.687564890104061, 4066.077022346345, 970.7043856481937, 5759.344002722824, 0.7059965545423299
0.0021, 0.7142969872152206, 5.013380707394704E-4, -3.837107265788312, 3.2135022972429654, 3.3368385847729023, -0.0035965721723097855, 1.5036922930203216, -0.0042954869843524115, 6.98914812042626E-4, 0.0, 7.005, 0.721943134609264, 4066.077022346345, 970.7043856481937, 5759.344002722824, 0.7059965545423299
0.0022, 0.7470209392244677, 5.252113122032547E-4, -3.0775997006911915, 3.692206207608645, 3.9281749149171503, -0.0036795120788639187, 1.5038010845486758, -0.0044756011451519695, 7.960890662880508E-4, 0.0, 7.005, 0.756321379114467, 4066.077022346345, 970.7043856481937, 5759.344002722824, 0.7059965545423299
0.0023, 0.7788782411637514, 5.490845536670389E-4, -2.0968548045234385, 4.4200019041638665, 4.717679666073927, -0.0037417556182366, 1.5039020649178094, -0.004654629784629776, 9.128741663931754E-4, 0.0, 7.005, 0.79069962361967, 4066.077022346345, 970.7043856481937, 5759.344002722824, 0.7059965545423299
0.0024, 0.8090780420372122, 5.729577951308231E-4, -0.8579797094740691, 5.441970168866541, 5.735131021141086, -0.00377757418726663, 1.5039927860041666, -0.004832620129818146, 0.0010550459425515161, 0.0, 7.005, 0.8250778681248729, 4066.077022346345, 970.7043856481937, 5759.344002722824, 0.7059965545423299
0.0025, 0.8365639814290415, 5.968310365946075E-4, 0.671362207548122, 6.796627899200816, 7.00549619862916, -0.0037804077558259985, 1.5040825383481755, -0.005009615468588517, 0.0012292077127625187, 0.0, 7.005, 0.8594561126300759, 4066.077022346345, 970.7043856481937, 5759.344002722824, 0.7059965545423299
0.0026, 0.8608993331354673, 6.207042780583919E-4, 2.5162537200016057, 8.716380724309513, 8.546508963845696, -0.0037430052276380644, 1.5042003491734839, -0.005185655622889315, 0.0014426503952512503, 0.0, 7.005, 0.8938343571352789, 4066.077022346345, 970.7043856481937, 5759.344002722824, 0.7059965545423299
0.0027, 0.8822435126634101, 6.445775195221761E-4, 4.691518706588801, 10.725500284851613, 10.365984168085902, -0.003657632871786016, 1.5043279269678216, -0.005360777349080229, 0.001703144477294213, 0.0, 7.005, 0.9282126016404819, 4066.077022346345, 970.7043856481937, 5759.344002722824, 0.7059965545423299
0.0028, 0.9009711588545097, 6.684507609859605E-4, 7.1984098055850305, 12.807335359918294, 12.458869315829787, -0.0035163581627588626, 1.5044595704838306, -0.005535014678884134, 0.0020186565161252716, 0.0, 7.005, 0.9625908461456849, 4066.077022346345, 970.7043856481937, 5759.344002722824, 0.7059965545423299
0.0029, 0.9172803411474463, 6.923240024497446E-4, 10.02098887394017, 14.910619594202512, 14.804033159943486, -0.0033114163639801023, 1.5045936951889374, -0.005708399211575585, 0.0023969828475954823, 0.0, 7.005, 0.9969690906508879, 4066.077022346345, 970.7043856481937, 5759.344002722824, 0.7059965545423299
