This fits B3 to B3 into the virial expansion since maxPower is set to 1.
Number of particles: 108
dryVolFracMax: 0.003
dryVolFracIncrement: 1.0E-4
Initial configuration: FCC
Dry microgel radius [nm]: 50.0
Box length [units of dry radius]: 52.648203563095535
Number of monomers: 2916666.666666667
Number of chains: 87.50000000000001
Flory interaction parameter (chi): 0.0
Young's calibration factor: 1.0
x-link fraction: 3.0E-5
MC steps: 100000
Equilibration steps: 10000.0
Snapshot interval: 100
Displacement tolerance: 0.1
Particle radius change tolerance: 0.05
Particle radius bin width: 0.001
g(r) bin width: 0.005
phi0, phi, rho, mu/kT, Z_measured, Z_virial_Fit, <F_total>/V, QMelting, <F_id>/V, <F_ex>/V, <F_FR>/V, <alpha>, Zeta, B2_rho, B2_phi0, B2_HS, B2*
2.0E-4, 0.06876052915573498, 4.774648292756861E-5, -8.832080217880316, 1.1577508581748437, 1.2456104375129693, -4.864508648162382E-4, 1.5004874949421432, -5.213638970822166E-4, 1.0500448655128124E-5, 2.441258361085035E-5, 7.006087705761312, 0.06875648901040608, 4067.9714044343486, 971.1566360583095, 5762.0272765657555, 0.70599655454233
3.0E-4, 0.10313955471215659, 7.161972439135293E-5, -7.9940032887482255, 1.2391768593213146, 1.4071168068098105, -6.860218546637636E-4, 1.500688709588463, -7.530065463303081E-4, 2.5017866064647195E-5, 4.19668256018973E-5, 7.007424619341567, 0.10313473351560913, 4070.3006205238266, 971.7126954395638, 5765.3264655979, 0.70599655454233
4.0E-4, 0.13752028817497075, 9.549296585513724E-5, -7.515854576443612, 1.3386381159769682, 1.5943801901104322, -8.68722723858752E-4, 1.5008741365477203, -9.765371141186377E-4, 4.694643994784535E-5, 6.086795031204038E-5, 7.00849817901235, 0.13751297802081217, 4072.1716560265704, 972.159372263007, 5767.9766704618, 0.7059965545423299
5.0E-4, 0.17190770867682462, 1.1936620731892148E-4, -6.980935839965626, 1.4503481458753338, 1.8074433671703671, -0.0010450390517241935, 1.5010533653983593, -0.0011940355932402447, 7.72160475761724E-5, 7.178049393987886E-5, 7.009671841563788, 0.1718912225260152, 4074.2178101365093, 972.6478555743939, 5770.8749198891865, 0.7059965545423298
6.0E-4, 0.20627300510090177, 1.4323944878270585E-4, -6.324747091196657, 1.4281006357634936, 2.0463340224619992, -0.001201987012641996, 1.5012104077809922, -0.001406727072591923, 1.1675848914677518E-4, 8.798157080315176E-5, 7.01100611111112, 0.20626946703121826, 4076.544797627943, 973.2033829170558, 5774.170952251472, 0.7059965545423298
7.0E-4, 0.2406366961856845, 1.6711269024649017E-4, -4.608838657813768, 1.8410368625175975, 2.311417760994234, -0.001346776030265861, 1.5013659639186043, -0.0016154210498813184, 1.6656467933912408E-4, 1.0208034027633312E-4, 7.013685308641974, 0.24064771153642134, 4081.2200365947024, 974.3195140045993, 5780.793136080386, 0.7059965545423299
8.0E-4, 0.27501871036043246, 1.9098593171027449E-4, -3.751964793531332, 2.404742217561708, 2.601968372589501, -0.0014217183150868138, 1.5014633568848443, -0.0018206928681456847, 2.274519241986769E-4, 1.7152262886019402E-4, 7.015025771604939, 0.2750259560416244, 4083.5605051355087, 974.8782597107299, 5784.108263506643, 0.7059965545423299
9.0E-4, 0.3093742209261069, 2.148591731740588E-4, -4.682565529390706, 2.4550969810585532, 2.918730222428891, -0.0015254759477719964, 1.5015751965815276, -0.0020229727110088343, 3.0048414841285314E-4, 1.9701261482398485E-4, 7.017457654320989, 0.30940420054682743, 4087.808892924943, 975.8924875860195, 5790.125839317885, 0.7059965545423299
0.001, 0.3437354048943202, 2.38732414637843E-4, -1.2988200703347537, 2.176682425724122, 3.2615044916685694, -0.0016446605695068454, 1.5016847122069465, -0.0022225944863660013, 3.8657118970817576E-4, 1.9136272715098007E-4, 7.020175318930036, 0.3437824450520305, 4092.5600137628426, 977.0267341358874, 5796.85550507522, 0.7059965545423298
0.0011, 0.37809164950515817, 2.626056561016274E-4, -1.741768336590937, 3.1363379808492735, 3.6302432776362674, -0.0015867035959398835, 1.5016701204031457, -0.0024198249427019227, 4.866435314503525E-4, 3.464778153116865E-4, 7.022995555555548, 0.3781606895572336, 4097.494345686536, 978.2047191106553, 5803.844677886256, 0.70599655454233
0.0012, 0.4124549024521281, 2.864788975654117E-4, -2.4243505285133073, 2.5369066096856825, 4.025125360864358, -0.0017268344868110058, 1.5017909459772825, -0.00261488210504646, 6.01692022591406E-4, 2.8635559564404805E-4, 7.026248199588482, 0.41253893406243664, 4103.190147710265, 979.5644916810792, 5811.912425507804, 0.7059965545423298
0.0013, 0.4467719062441951, 3.10352139029196E-4, 3.5364552697744545, 2.7121738342022113, 4.446464424440733, -0.0017011113646532702, 1.50177993656092, -0.002807947521593494, 7.327664516632977E-4, 3.74069705276926E-4, 7.030408137860086, 0.4469171785676397, 4110.482428769374, 981.3053955465381, 5822.241485914956, 0.7059965545423299
0.0014, 0.4810833361218619, 3.342253804929803E-4, 6.50825333879895, 3.214141905906481, 4.893497868053145, -0.0015564233938849404, 1.5016693421539966, -0.002999174719602353, 8.805868404974618E-4, 5.621644852199504E-4, 7.033978106995883, 0.48129542307284273, 4116.747391414779, 982.8010452064915, 5831.1154139888195, 0.70599655454233
0.0015, 0.5153946024285333, 3.580986219567647E-4, 3.954274187085905, 3.2666040337503124, 5.367607819444695, -0.001388302809869285, 1.5015109546465664, -0.003188695233083918, 0.0010465684121208452, 7.538240110937879E-4, 7.039272417695479, 0.5156736675780458, 4126.050128097254, 985.0219099974389, 5844.292159148017, 0.7059965545423299
0.0016, 0.5497013674049174, 3.8197186342054886E-4, 2.072872210087931, 2.4684318994219634, 5.8689966189225675, -0.001364515604142435, 1.501450424481996, -0.0033766230161081877, 0.001231807727432437, 7.802996845333158E-4, 7.046260679012345, 0.5500519120832489, 4138.350781870347, 987.9584747743136, 5861.715266518659, 0.7059965545423298
0.0017, 0.584018613991284, 4.0584510488433315E-4, 16.84780580993101, 4.232982098791461, 6.395315010342328, -0.0012859982992366363, 1.501491025298974, -0.0035630577486152858, 0.0014363851164777425, 8.406743329009072E-4, 7.051354218107001, 0.5844301565884519, 4147.331754937854, 990.102524160517, 5874.436253625072, 0.7059965545423301
0.0018, 0.6182653678207862, 4.297183463481176E-4, 21.310580517934792, 5.897483940866606, 6.950005325149789, -5.558759002061758E-4, 1.5008930317823534, -0.003748087361811589, 0.0016626453233074907, 0.0015295661382979226, 7.059407006172838, 0.618808401093655, 4161.556996440607, 993.4985504132754, 5894.585419242425, 0.7059965545423298
0.0019, 0.6524911202221199, 4.535915878119019E-4, 17.80317549034059, 4.781378002912023, 7.53093607327032, -2.6299935563593724E-4, 1.5005381368260187, -0.003931790000723226, 0.0019107335718579936, 0.0017580570732292952, 7.067281851851851, 0.6531866455988581, 4175.499324654011, 996.8270360933348, 5914.33385586538, 0.7059965545423298
0.002, 0.6867679202160083, 4.7746482927568624E-4, 12.910256711148826, 5.700838188522057, 8.134560958153173, 2.984526751598198E-4, 1.5000605144730919, -0.004114235572503025, 0.002179916023424065, 0.00223277222423878, 7.070820072016464, 0.687564890104061, 4181.773830443932, 998.3249640112217, 5923.221301207076, 0.7059965545423299
0.0021, 0.7209787870117909, 5.013380707394704E-4, 10.545917265579249, 5.629809251441829, 8.76301288076563, 3.559921103745696E-4, 1.4999770354368964, -0.0042954869843524115, 0.0024719673908521218, 0.0021795117038748593, 7.073049341563792, 0.721943134609264, 4185.730333527789, 999.269509545953, 5928.825440573482, 0.7059965545423298
0.0022, 0.755179616784721, 5.252113122032547E-4, 33.058161606190126, 6.819701338795624, 9.42411923761715, 8.078239030759851E-4, 1.4996370047831582, -0.0044756011451519695, 0.0027918568775038713, 0.0024915681707240833, 7.082532129629632, 0.756321379114467, 4202.588253287231, 1003.2940414358957, 5952.703630418715, 0.7059965545423298
0.0023, 0.7892545232852768, 5.490845536670391E-4, 52.141663360163406, 7.701707557753717, 10.111882419340773, 0.0019441020312683985, 1.4986065954943075, -0.004654629784629776, 0.0031377100508675282, 0.003461021765030646, 7.092155257201644, 0.79069962361967, 4219.741871300013, 1007.3891660838624, 5977.000658360872, 0.7059965545423299
0.0024, 0.8231637468927239, 5.729577951308231E-4, 95.13981282173154, 8.860731414593094, 10.833415242389552, 0.003312219792447657, 1.4973396042831288, -0.004832620129818146, 0.0035145914695958813, 0.0046302484526699215, 7.108825956790122, 0.8250778681248729, 4249.568431904082, 1014.5097329172136, 6019.2481175193725, 0.7059965545423299
0.0025, 0.8566501751173388, 5.968310365946075E-4, 173.58007445651955, 10.461132764175014, 11.59397727693523, 0.00651371483221542, 1.494332308263995, -0.005009615468588517, 0.003927138841381261, 0.0075961914594226765, 7.136482397119339, 0.8594561126300759, 4299.359676395148, 1026.396516942389, 6089.774303760246, 0.7059965545423297
0.0026, 0.8895243126293205, 6.207042780583919E-4, 356.00737592765, 13.163692592909145, 12.398209117229303, 0.011645565308314825, 1.4895249562245658, -0.005185655622889315, 0.004380107924869113, 0.012451113006335026, 7.177701738683134, 0.8938343571352789, 4374.288324226682, 1044.2844139647596, 6195.906050933015, 0.7059965545423298
0.0027, 0.9207662211781936, 6.445775195221761E-4, 702.7792886525685, 16.766989009529745, 13.25760486977909, 0.023586623777495437, 1.4781652566509664, -0.005360777349080229, 0.004883115242743158, 0.02406428588383251, 7.240115452674895, 0.9282126016404819, 4489.393330861097, 1071.7637101354985, 6358.945099627852, 0.70599655454233
0.0028, 0.948456096242662, 6.684507609859605E-4, 1089.0150572636917, 21.127733041250966, 14.181978685701996, 0.04531946796516993, 1.4572830292028065, -0.005535014678884134, 0.005445751956548547, 0.04540873068750552, 7.328095473251032, 0.9625908461456849, 4655.052022165517, 1111.3118095163477, 6593.590283430216, 0.7059965545423299
0.0029, 0.9675780342222478, 6.923240024497446E-4, 1596.4231937100774, 26.274918410580725, 15.149137991452392, 0.07573814920380911, 1.4283533723156008, -0.005708399211575585, 0.006056387386503964, 0.07539016102888073, 7.42080822016461, 0.9969690906508879, 4833.979522247572, 1154.0276036560497, 6847.029905664698, 0.7059965545423301
