phi0, phi, rho, Z_fit_curve, F_ex_fit_per_V, mu_kT, PV_NkT, alpha
1.0000000000000005E-4, 0.03438414292883996, 2.387324146378431E-5, 1.082768879242692, 2.142156663321542E-6, 67.99004410036574, 105.5735324839368, 7.005555360082303
1.0581162324649302E-4, 0.03638204048264152, 2.5260664314385E-5, 1.0867783082901477, 2.387645570176349E-6, 62.03184117085086, 93.98175172733272, 7.005594316493066
1.1162324649298601E-4, 0.03837993803644308, 2.6648087164985692E-5, 1.090708854516256, 2.645262333810867E-6, 56.36243075294687, 83.56803635851732, 7.00563327290383
1.1743486973947899E-4, 0.04037783559024464, 2.8035510015586382E-5, 1.0945619365285109, 2.914838520078508E-6, 50.97243516100725, 74.1769246609136, 7.005672229314593
1.2324649298597198E-4, 0.0423757331440462, 2.9422932866187073E-5, 1.098338972934405, 3.1962083191222376E-6, 45.852683954352756, 65.68115352570524, 7.005711185725356
1.2905811623246496E-4, 0.044373630697847756, 3.081035571678776E-5, 1.1020413823414335, 3.48920854537459E-6, 40.994210928869755, 57.97534377569514, 7.00575014213612
1.3486973947895794E-4, 0.046371528251649315, 3.2197778567388454E-5, 1.1056705833570883, 3.793678637557648E-6, 36.388251134507236, 50.97131748691144, 7.005789098546883
1.4068136272545094E-4, 0.04836942580545087, 3.3585201417989144E-5, 1.1092279945888648, 4.109460658683057E-6, 32.02623791857345, 44.594575383311884, 7.005828054957647
1.4649298597194392E-4, 0.05036732335925243, 3.4972624268589835E-5, 1.1127150346442556, 4.436399296052023E-6, 27.89979999473232, 38.78161215626639, 7.00586701136841
1.523046092184369E-4, 0.05236522091305399, 3.6360047119190525E-5, 1.116133122130755, 4.774341861255305E-6, 24.000758537600692, 33.47784590048658, 7.005905967779173
1.5811623246492988E-4, 0.05436311846685555, 3.7747469969791216E-5, 1.1194836756558566, 5.123138290173231E-6, 20.321124302847107, 28.636003667338937, 7.0059449241899365
1.639278557114229E-4, 0.056361016020657115, 3.913489282039191E-5, 1.1227681138270542, 5.482641142975677E-6, 16.85309477269256, 24.2148499479231, 7.0059838806006995
1.6973947895791589E-4, 0.05835891357445867, 4.0522315670992603E-5, 1.1259878552518419, 5.852705604122087E-6, 13.58905132671421, 20.178175901258335, 7.006022837011463
1.7555110220440886E-4, 0.06035681112826023, 4.1909738521593294E-5, 1.1291443185377132, 6.233189482361465E-6, 10.521556437852201, 16.493988908696497, 7.0060617934222265
1.8136272545090187E-4, 0.06235470868206179, 4.3297161372193984E-5, 1.1322389222921623, 6.623953210732364E-6, 7.643350893521048, 13.133857524255692, 7.0061007498329895
1.8717434869739485E-4, 0.06435260623586335, 4.4684584222794675E-5, 1.1352730851226827, 7.024859846562911E-6, 4.947351041725341, 10.072378050965312, 7.0061397062437525
1.9298597194388782E-4, 0.06635050378966491, 4.6072007073395365E-5, 1.1382482256367688, 7.435775071470786E-6, 2.4266460620813377, 7.286737108929939, 7.006178662654516
1.987975951903808E-4, 0.06834840134346647, 4.7459429923996056E-5, 1.141165762441914, 7.856567191363228E-6, 0.07449526164450376, 4.756350555916927, 7.006217619065279
2.046092184368738E-4, 0.0703464100439978, 4.8846852774596746E-5, 1.1440292543103256, 8.287211676747677E-6, -2.1156746045561268, 2.4625635838290774, 7.006281727013687
2.1042084168336678E-4, 0.07234444773932822, 5.023427562519744E-5, 1.1468386755007283, 8.727518434236606E-6, -4.1502719883759, 0.38840016772347474, 7.006352396232785
2.1623246492985976E-4, 0.07434248543465863, 5.162169847579813E-5, 1.1495949021902592, 9.177338537602442E-6, -6.03554317890476, -1.4816474138039628, 7.006423065451882
2.2204408817635274E-4, 0.07634052312998904, 5.300912132639882E-5, 1.1522993529936099, 9.636551428724177E-6, -7.777574908408001, -3.1617963247098704, 7.00649373467098
2.2785571142284574E-4, 0.07833856082531945, 5.439654417699951E-5, 1.1549534465254705, 1.0105039173810306E-5, -9.38229693395798, -4.6651240246799635, 7.006564403890077
2.3366733466933872E-4, 0.08033659852064987, 5.57839670276002E-5, 1.1575586014005326, 1.0582686463398831E-5, -10.855484594855398, -6.003696907901365, 7.006635073109175
2.394789579158317E-4, 0.08233463621598028, 5.717138987820089E-5, 1.1601162362334871, 1.1069380612357253E-5, -12.202761345939871, -7.18868049766628, 7.006705742328272
2.4529058116232465E-4, 0.08433267391131069, 5.855881272880157E-5, 1.1626277696390261, 1.1565011559882602E-5, -13.429601266888652, -8.230434252434518, 7.006776411547369
2.511022044088177E-4, 0.0863307116066411, 5.994623557940227E-5, 1.1650946202318408, 1.2069471869501419E-5, -14.541331547603745, -9.138593473237217, 7.006847080766467
2.5691382765531066E-4, 0.08832874930197152, 6.133365843000296E-5, 1.1675182066266232, 1.2582656729069734E-5, -15.54313494978476, -9.92214035172558, 7.006917749985564
2.6272545090180364E-4, 0.09032678699730193, 6.272108128060365E-5, 1.1698999474380645, 1.3104463950773111E-5, -16.440052244790436, -10.589465837310374, 7.006988419204662
2.685370741482966E-4, 0.09232482469263234, 6.410850413120434E-5, 1.1722412612808566, 1.3634793971126621E-5, -17.23698462788315, -11.148423711242998, 7.007059088423759
2.743486973947896E-4, 0.09432286238796275, 6.549592698180503E-5, 1.1745435667696922, 1.4173549850974855E-5, -17.93869610896101, -11.606378020323548, 7.007129757642857
2.8016032064128257E-4, 0.09632090008329316, 6.688334983240572E-5, 1.1768082825192634, 1.4720637275491912E-5, -18.549815879873144, -11.970244831634298, 7.007200426861954
2.859719438877756E-4, 0.09831893777862358, 6.827077268300641E-5, 1.1790368271442624, 1.5275964554181418E-5, -19.074840658418356, -12.246529113413587, 7.007271096081052
2.917835671342686E-4, 0.10031697547395399, 6.96581955336071E-5, 1.1812306192593813, 1.5839442620876497E-5, -19.518137009127248, -12.441357418911556, 7.007341765300149
2.9759519038076156E-4, 0.1023150131692844, 7.10456183842078E-5, 1.183391077479314, 1.6410985033739828E-5, -19.883943640927548, -12.560506944340013, 7.007412434519247
3.0340681362725453E-4, 0.1043130215424945, 7.243304123480848E-5, 1.185518845997752, 1.699045188159533E-5, -20.176373681789673, -12.609431444523732, 7.007476968319357
3.092184368737475E-4, 0.1063110092177373, 7.382046408540918E-5, 1.1876155310221608, 1.7577772596102066E-5, -20.39941693045419, -12.593284417164872, 7.0075371712354775
3.150300601202405E-4, 0.10830899689298011, 7.520788693600987E-5, 1.1896830873336612, 1.817290648981861E-5, -20.556942085339244, -12.516939905998777, 7.007597374151597
3.2084168336673347E-4, 0.11030698456822291, 7.659530978661056E-5, 1.1917229335441097, 1.877577740714042E-5, -20.652698950728233, -12.385011222373583, 7.007657577067717
3.266533066132265E-4, 0.11230497224346572, 7.798273263721125E-5, 1.1937364882653634, 1.9386311816776786E-5, -20.690320620335804, -12.201867842166564, 7.007717779983838
3.324649298597195E-4, 0.11430295991870852, 7.937015548781194E-5, 1.1957251701092793, 2.00044388117507E-5, -20.673325638352324, -11.971650699033257, 7.007777982899958
3.3827655310621245E-4, 0.11630094759395132, 8.075757833841263E-5, 1.1976903976877142, 2.0630090109399E-5, -20.605120138066134, -11.698286064625087, 7.007838185816078
3.4408817635270543E-4, 0.11829893526919413, 8.214500118901332E-5, 1.1996335896125265, 2.126320005137229E-5, -20.48899995816329, -11.385498180664456, 7.007898388732198
3.498997995991984E-4, 0.12029692294443693, 8.353242403961401E-5, 1.201556164495572, 2.19037056036349E-5, -20.328152736802036, -11.036820785864283, 7.007958591648318
3.557114228456914E-4, 0.12229491061967973, 8.49198468902147E-5, 1.203459540948709, 2.2551546356465046E-5, -20.12565998356503, -10.655607662009565, 7.008018794564438
3.6152304609218436E-4, 0.12429289829492254, 8.630726974081539E-5, 1.205345137583795, 2.3206664524454657E-5, -19.88449912938394, -10.245042307530454, 7.008078997480559
3.6733466933867734E-4, 0.12629088597016536, 8.769469259141608E-5, 1.2072143730126876, 2.386900494650944E-5, -19.60754555454156, -9.80814683320976, 7.008139200396679
3.731462925851704E-4, 0.12828887364540814, 8.908211544201677E-5, 1.2090686658472436, 2.4538515085848893E-5, -19.297574594844125, -9.347790162873148, 7.008199403312799
3.7895791583166335E-4, 0.13028686132065095, 9.046953829261746E-5, 1.2109094346993223, 2.521514503000635E-5, -18.95726352606911, -8.86669561176714, 7.008259606228919
3.8476953907815633E-4, 0.13228484899589377, 9.185696114321815E-5, 1.2127380981807803, 2.5898847490828866E-5, -18.589193526783724, -8.367447906548266, 7.008319809145039
3.905811623246493E-4, 0.13428283667113655, 9.324438399381884E-5, 1.214556074903476, 2.6589577804477298E-5, -18.195851619635267, -7.85249970321206, 7.008380012061159
3.963927855711423E-4, 0.13628082434637936, 9.463180684441953E-5, 1.2163647834792672, 2.7287293931426316E-5, -17.77963259121419, -7.3241776526939, 7.00844021497728
4.0220440881763526E-4, 0.1382787967321874, 9.601922969502022E-5, 1.218167831123668, 2.799216660450147E-5, -17.342840890583567, -6.784688058128433, 7.008513494210643
4.0801603206412824E-4, 0.14027674409892038, 9.740665254562091E-5, 1.219968144371349, 2.870431502407459E-5, -16.88769250658158, -6.2361221627639525, 7.008608171054041
4.138276553106212E-4, 0.14227469146565336, 9.87940753962216E-5, 1.2217636123202655, 2.9423371714435006E-5, -16.416316823992222, -5.680461103146388, 7.00870284789744
4.1963927855711425E-4, 0.14427263883238634, 1.001814982468223E-4, 1.2235556535933356, 3.014930582957158E-5, -15.930758458682076, -5.119580558363533, 7.008797524740838
4.254509018036072E-4, 0.1462705861991193, 1.0156892109742299E-4, 1.2253456868134773, 3.0882089147848385E-5, -15.432979071808045, -4.555255122792758, 7.008892201584236
4.312625250501002E-4, 0.1482685335658523, 1.0295634394802368E-4, 1.227135130603609, 3.16216960720047E-5, -14.924859163186824, -3.989162426832309, 7.008986878427634
4.370741482965932E-4, 0.15026648093258527, 1.0434376679862437E-4, 1.2289254035866488, 3.236810362915501E-5, -14.408199843937906, -3.422887027521685, 7.009081555271033
4.4288577154308616E-4, 0.15226442829931824, 1.0573118964922506E-4, 1.2307179243855166, 3.312129147078895E-5, -13.884724588484024, -2.857924088638902, 7.009176232114431
4.4869739478957914E-4, 0.1542623756660512, 1.0711861249982575E-4, 1.2325141116231313, 3.38812418727714E-5, -13.356080966023569, -2.2956828678721526, 7.009270908957829
4.545090180360721E-4, 0.15626032303278417, 1.0850603535042644E-4, 1.234315383922412, 3.464793973534241E-5, -12.823842351560966, -1.7374900268435596, 7.009365585801227
4.6032064128256515E-4, 0.15825827039951715, 1.0989345820102713E-4, 1.2361231599062796, 3.54213725831173E-5, -12.289509616605375, -1.1845927782031267, 7.009460262644626
4.661322645290581E-4, 0.16025621776625013, 1.1128088105162782E-4, 1.2379388581976543, 3.620153056508646E-5, -11.754512799628847, -0.6381618825806563, 7.009554939488024
4.719438877755511E-4, 0.1622541651329831, 1.1266830390222851E-4, 1.239763897419456, 3.698840645461561E-5, -11.220212756388207, -0.09929450694694039, 7.009649616331422
4.777555110220441E-4, 0.16425211249971608, 1.140557267528292E-4, 1.2415996961946065, 3.7781995649445665E-5, -10.687902790209954, 0.43098304518590347, 7.00974429317482
4.8356713426853706E-4, 0.16625005986644906, 1.1544314960342989E-4, 1.243447673146027, 3.858229617169269E-5, -10.158810262330988, 0.9517127222958356, 7.009838970018218
4.8937875751503E-4, 0.16824800723318203, 1.1683057245403058E-4, 1.2453092468966391, 3.938930866784808E-5, -9.634098182403461, 1.462002223557943, 7.009933646861617
4.951903807615231E-4, 0.170245954599915, 1.1821799530463127E-4, 1.2471858360693648, 4.020303640877828E-5, -9.114866779260922, 1.9610225999735278, 7.010028323705015
5.01002004008016E-4, 0.17224374675088175, 1.1960541815523196E-4, 1.2490784805949566, 4.1023439996089805E-5, -8.602155052035862, 2.4480059508937084, 7.010121184983126
5.06813627254509E-4, 0.17424079386617064, 1.2099284100583265E-4, 1.2509871301284026, 4.185034863857736E-5, -8.09694230174174, 2.9222432095136215, 7.010205331547861
5.12625250501002E-4, 0.1762378409814595, 1.2238026385643334E-4, 1.252914999879728, 4.2683985656579174E-5, -7.600149643412461, 3.3830820115188436, 7.010289478112596
5.18436873747495E-4, 0.1782348880967484, 1.2376768670703403E-4, 1.2548635084679536, 4.352436460540018E-5, -7.112641498892295, 3.829924641569881, 7.01037362467733
5.242484969939879E-4, 0.18023193521203726, 1.2515510955763472E-4, 1.2568340745121016, 4.437150166469891E-5, -6.635227070390168, 4.262226052760494, 7.010457771242065
5.300601202404809E-4, 0.18222898232732615, 1.2654253240823541E-4, 1.2588281166311936, 4.522541563848745E-5, -6.16866179488324, 4.679491954630786, 7.010541917806799
5.35871743486974E-4, 0.184226029442615, 1.279299552588361E-4, 1.2608470534442517, 4.608612795513145E-5, -5.713648779475653, 5.081276965669303, 7.010626064371534
5.416833667334669E-4, 0.18622307655790388, 1.293173781094368E-4, 1.2628923035702986, 4.695366266735007E-5, -5.270840217816825, 5.467182826583709, 7.010710210936269
5.474949899799599E-4, 0.18822012367319277, 1.3070480096003749E-4, 1.264965285628357, 4.7828046452216175E-5, -4.840838787664283, 5.836856670949341, 7.010794357501004
5.533066132264528E-4, 0.19021717078848163, 1.3209222381063818E-4, 1.267067418237449, 4.870930861115604E-5, -4.424199029708095, 6.1899893500827465, 7.010878504065738
5.591182364729459E-4, 0.19221421790377052, 1.3347964666123887E-4, 1.2692001200165985, 4.959748106994965E-5, -4.021428707739507, 6.526313809288959, 7.010962650630473
5.649298597194388E-4, 0.1942112650190594, 1.3486706951183956E-4, 1.271364809584828, 5.049259837873043E-5, -3.6329901502787085, 6.845603512812792, 7.011046797195207
5.707414829659318E-4, 0.19620831213434828, 1.3625449236244025E-4, 1.2735629055611617, 5.139469771198554E-5, -3.259301573742472, 7.147670915080224, 7.011130943759942
5.765531062124249E-4, 0.19820535924963714, 1.3764191521304094E-4, 1.2757958265646228, 5.230381886855556E-5, -2.9007383872758155, 7.4323659759546405, 7.011215090324677
5.823647294589178E-4, 0.20020240636492603, 1.3902933806364163E-4, 1.2780649912142363, 5.32200042716348E-5, -2.55763447931842, 7.6995747179599086, 7.011299236889411
5.881763527054108E-4, 0.2021994534802149, 1.4041676091424232E-4, 1.2803718181290251, 5.414329896877098E-5, -2.2302834860333896, 7.949217823525744, 7.011383383454146
5.939879759519037E-4, 0.2041965005955038, 1.41804183764843E-4, 1.2827177259280147, 5.50737506318656E-5, -1.9189400416697362, 8.181249270506425, 7.011467530018881
5.997995991983969E-4, 0.20619354771079268, 1.4319160661544373E-4, 1.2851041332302295, 5.601140955717352E-5, -1.6238210109870257, 8.395655004298636, 7.011551676583616
6.056112224448897E-4, 0.20819103821595147, 1.445790294660444E-4, 1.2875297751103485, 5.6955940681066366E-5, -1.3451067038113944, 8.592451645067849, 7.011625184339868
6.114228456913828E-4, 0.21018854455646283, 1.459664523166451E-4, 1.2899986053432844, 5.7907758426584874E-5, -1.0829420718527454, 8.771685228631435, 7.011698312138676
6.172344689378758E-4, 0.2121860508969741, 1.4735387516724577E-4, 1.2925121374634918, 5.886693433156864E-5, -0.8374378878543789, 8.933429979715621, 7.011771439937483
6.230460921843687E-4, 0.21418355723748542, 1.4874129801784646E-4, 1.2950717900864062, 5.983352896658372E-5, -0.6086719071932225, 9.077787116343154, 7.011844567736291
6.288577154308617E-4, 0.2161810635779967, 1.5012872086844715E-4, 1.2976789818274612, 6.080760552652976E-5, -0.39669001202674087, 9.204883684212716, 7.011917695535098
6.346693386773547E-4, 0.21817856991850806, 1.5151614371904787E-4, 1.30033513130209, 6.178922983063993E-5, -0.20150733807245744, 9.314871420024707, 7.011990823333906
6.404809619238478E-4, 0.2201760762590194, 1.5290356656964856E-4, 1.303041657125728, 6.277847032248121E-5, -0.023109384145273346, 9.407925642731579, 7.0120639511327125
6.462925851703407E-4, 0.2221735825995307, 1.5429098942024925E-4, 1.3057999779138094, 6.377539806995417E-5, 0.13854689547949178, 9.484244171823391, 7.01213707893152
6.521042084168337E-4, 0.224171088940042, 1.5567841227084994E-4, 1.308611512281769, 6.478008676529307E-5, 0.28353201574840636, 9.54404627174442, 7.012210206730328
6.579158316633268E-4, 0.22616859528055333, 1.5706583512145063E-4, 1.3114776788450409, 6.579261272506568E-5, 0.4119429024797595, 9.587571621657592, 7.012283334529135
6.637274549098196E-4, 0.2281661016210646, 1.584532579720513E-4, 1.3143998962190602, 6.681305489017355E-5, 0.5239018508714826, 9.615079309782976, 7.012356462327943
6.695390781563126E-4, 0.23016360796157592, 1.5984068082265199E-4, 1.3173795830192627, 6.784149482585197E-5, 0.6195555007697298, 9.62684685159729, 7.01242959012675
6.753507014028055E-4, 0.23216111430208722, 1.6122810367325268E-4, 1.3204181578610827, 6.887801672166958E-5, 0.6990738285972722, 9.623169231223175, 7.012502717925558
6.811623246492986E-4, 0.23415862064259854, 1.6261552652385337E-4, 1.323517039359956, 6.992270739152898E-5, 0.7626491558468603, 9.604357965383016, 7.012575845724364
6.869739478957916E-4, 0.2361561269831099, 1.6400294937445408E-4, 1.3266776461313183, 7.097565627366631E-5, 0.8104951740378442, 9.570740189316291, 7.012648973523172
6.927855711422846E-4, 0.23815363332362122, 1.6539037222505478E-4, 1.329901396790605, 7.203695543065137E-5, 0.8428459860318228, 9.522657764101215, 7.012722101321979
6.985971943887776E-4, 0.2401511396641325, 1.6677779507565547E-4, 1.3331897099532521, 7.310669954938762E-5, 0.8599551636168064, 9.460466404855387, 7.012795229120787
7.044088176352706E-4, 0.2421494899463162, 1.6816521792625616E-4, 1.3365663270825963, 7.418873986769413E-5, 0.8620948212574294, 9.384534829318852, 7.01294441492037
7.102204408817636E-4, 0.2441481087553956, 1.6955264077685685E-4, 1.3400178754474328, 7.528076132294589E-5, 0.8495547059033612, 9.295243926329425, 7.0131178009929265
7.160320641282564E-4, 0.24614672756447498, 1.709400636274575E-4, 1.343538729837737, 7.638169375120572E-5, 0.8226413027732659, 9.1929859437709, 7.013291187065484
7.218436873747495E-4, 0.2481453463735544, 1.723274864780582E-4, 1.3471303089202098, 7.749164437538358E-5, 0.781676957001555, 9.078163695546943, 7.013464573138041
7.276553106212425E-4, 0.2501439651826339, 1.7371490932865892E-4, 1.350794031361552, 7.861072304300774E-5, 0.7269990110491664, 8.951189787182482, 7.013637959210597
7.334669338677355E-4, 0.2521425839917133, 1.751023321792596E-4, 1.3545313158284682, 7.973904222622504E-5, 0.6589589577841418, 8.81248585967671, 7.0138113452831545
7.392785571142285E-4, 0.2541412028007927, 1.764897550298603E-4, 1.358343580987665, 8.08767170218009E-5, 0.5779216091460477, 8.6624818512546, 7.013984731355712
7.450901803607215E-4, 0.2561398216098721, 1.77877177880461E-4, 1.362232245505849, 8.202386515111913E-5, 0.484264280249276, 8.5016152766213, 7.014158117428268
7.509018036072145E-4, 0.2581384404189515, 1.7926460073106168E-4, 1.3661987280497319, 8.318060696018227E-5, 0.3783759888829938, 8.330330523454283, 7.014331503500825
7.567134268537074E-4, 0.26013705922803093, 1.8065202358166237E-4, 1.370244447286024, 8.434706541961113E-5, 0.2606566702816299, 8.14907816578506, 7.014504889573382
7.625250501002004E-4, 0.26213567803711035, 1.8203944643226303E-4, 1.3743708218814417, 8.552336612464552E-5, 0.1315164070388239, 7.958314293938198, 7.014678275645939
7.683366733466933E-4, 0.2641342968461897, 1.8342686928286372E-4, 1.3785792705027, 8.670963729514355E-5, -0.008625325863753365, 7.758499860818679, 7.014851661718496
7.741482965931863E-4, 0.26613291565526914, 1.8481429213346441E-4, 1.3828712118165172, 8.790600977558188E-5, -0.15934040109646455, 7.550100044174635, 7.0150250477910525
7.799599198396794E-4, 0.2681315344643486, 1.8620171498406513E-4, 1.3872480644896141, 8.911261703505602E-5, -0.32019276411383957, 7.333583624660538, 7.01519843386361
7.857715430861724E-4, 0.27013015327342804, 1.8758913783466582E-4, 1.3917112471887139, 9.032959516728004E-5, -0.49073914353710485, 7.10942237937195, 7.015371819936167
7.915831663326653E-4, 0.27212877208250746, 1.889765606852665E-4, 1.3962621785805387, 9.15570828905864E-5, -0.6705297468448561, 6.878090490661065, 7.015545206008723
7.973947895791583E-4, 0.2741273908915869, 1.903639835358672E-4, 1.4009022773318178, 9.279522154792669E-5, -0.8591089415037125, 6.640063969954929, 7.015718592081281
8.032064128256514E-4, 0.2761248635678289, 1.917514063864679E-4, 1.4056191187867038, 9.404150063029795E-5, -1.056015921602151, 6.395820096396169, 7.015850648086295
8.090180360721442E-4, 0.2781214050111405, 1.9313882923706856E-4, 1.4104164340047136, 9.529645572309831E-5, -1.2607853601300079, 6.1458368700317925, 7.01594912341143
8.148296593186372E-4, 0.28011794645445215, 1.9452625208766925E-4, 1.415306807494165, 9.656236009762356E-5, -1.472948046959152, 5.890592479391603, 7.0160475987365665
8.206412825651302E-4, 0.28211448789776383, 1.9591367493826997E-4, 1.4202916578795222, 9.783936406742325E-5, -1.6920315126655152, 5.630564783208165, 7.0161460740617025
8.264529058116233E-4, 0.28411102934107546, 1.9730109778887066E-4, 1.42537240378525, 9.912762057043091E-5, -1.9175606382552326, 5.366230806114922, 7.016244549386839
8.322645290581162E-4, 0.2861075707843871, 1.9868852063947135E-4, 1.4305504638358142, 1.0042728516896401E-4, -2.1490582509212857, 5.098066248107765, 7.016343024711974
8.380761523046092E-4, 0.2881041122276987, 2.0007594349007204E-4, 1.4358272566556813, 1.017385160497237E-4, -2.386045705914831, 4.826545007596225, 7.01644150003711
8.438877755511023E-4, 0.2901006536710104, 2.0146336634067273E-4, 1.441204200869318, 1.0306147402379502E-4, -2.6280434546388274, 4.552138717853136, 7.016539975362246
8.496993987975952E-4, 0.29209719511432203, 2.0285078919127342E-4, 1.4466827151011907, 1.0439632252664695E-4, -2.8745715990573766, 4.275316296705508, 7.016638450687382
8.555110220440882E-4, 0.29409373655763366, 2.042382120418741E-4, 1.4522642179757665, 1.0574322761813191E-4, -3.1251504325221218, 3.9965435092765014, 7.016736926012517
8.61322645290581E-4, 0.2960902780009453, 2.0562563489247477E-4, 1.4579501281175138, 1.0710235798248666E-4, -3.379300967119889, 3.7162825436215488, 7.016835401337653
8.671342685370741E-4, 0.2980868194442569, 2.0701305774307546E-4, 1.4637418641509004, 1.0847388492833149E-4, -3.636545447629365, 3.434991599104226, 7.016933876662789
8.729458917835671E-4, 0.3000833608875686, 2.0840048059367618E-4, 1.4696408447003941, 1.0985798238867062E-4, -3.8964078521970884, 3.1531244873378803, 7.017032351987925
8.787575150300601E-4, 0.3020799023308802, 2.0978790344427687E-4, 1.4756484883904641, 1.112548269208919E-4, -4.1584143798384465, 2.87113024554308, 7.017130827313061
8.845691382765532E-4, 0.30407644377419185, 2.1117532629487756E-4, 1.4817662138455794, 1.1266459770676744E-4, -4.422093924827075, 2.5894527621978347, 7.017229302638197
8.903807615230461E-4, 0.3060729852175035, 2.1256274914547825E-4, 1.4879954396902093, 1.1408747655245288E-4, -4.686978538125177, 2.308530414782546, 7.017327777963333
8.961923847695391E-4, 0.30806952666081516, 2.1395017199607894E-4, 1.4943375845488243, 1.1552364788848783E-4, -4.952603875913655, 2.028795719518624, 7.017426253288469
9.02004008016032E-4, 0.31006643030898673, 2.1533759484667963E-4, 1.5008002927825164, 1.1697463940494598E-4, -5.218509635327671, 1.7506749929497796, 7.017541272194594
9.07815631262525E-4, 0.3120640221463921, 2.167250176972803E-4, 1.50739074347037, 1.1844191512895071E-4, -5.484239977524209, 1.4745880252022365, 7.017687723904598
9.13627254509018E-4, 0.31406161398379756, 2.1811244054788101E-4, 1.51409860298561, 1.1992315394173852E-4, -5.74934393813231, 1.2009477648400777, 7.017834175614603
9.19438877755511E-4, 0.316059205821203, 2.194998633984817E-4, 1.520925289977102, 1.2141855175045995E-4, -6.013375825248511, 0.9301600151092843, 7.017980627324608
9.25250501002004E-4, 0.31805679765860845, 2.208872862490824E-4, 1.5278722230937136, 1.2292830708678543E-4, -6.2758956050049886, 0.6626231415257293, 7.018127079034612
9.31062124248497E-4, 0.32005438949601384, 2.2227470909968309E-4, 1.5349408209843132, 1.2445262110690448E-4, -6.5364692748724345, 0.39872779060237845, 7.018273530744617
9.3687374749499E-4, 0.3220519813334193, 2.2366213195028378E-4, 1.5421325022977728, 1.259916975915263E-4, -6.79466922475891, 0.13885661963524468, 7.018419982454621
9.426853707414829E-4, 0.3240495731708247, 2.2504955480088447E-4, 1.5494486856829615, 1.2754574294587934E-4, -7.050074586023942, -0.11661596259819729, 7.018566434164627
9.48496993987976E-4, 0.3260471650082301, 2.2643697765148516E-4, 1.556890789788753, 1.2911496619971165E-4, -7.30227156849232, -0.36732404433911725, 7.018712885874631
9.543086172344688E-4, 0.3280447568456355, 2.2782440050208582E-4, 1.5644602332640207, 1.3069957900729064E-4, -7.5508537855696405, -0.6129104486634687, 7.018859337584636
9.601202404809618E-4, 0.33004234868304094, 2.292118233526865E-4, 1.5721584347576398, 1.322997956474035E-4, -7.795422567585128, -0.8530269607684636, 7.01900578929464
9.659318637274549E-4, 0.33203994052044644, 2.3059924620328723E-4, 1.5799868129184875, 1.339158330233567E-4, -8.035587263407658, -1.0873345447852156, 7.019152241004646
9.717434869739479E-4, 0.33403753235785183, 2.3198666905388792E-4, 1.5879467863954397, 1.3554791066297604E-4, -8.270965530499025, -1.3155035503054018, 7.01929869271465
9.775551102204408E-4, 0.3360351241952573, 2.333740919044886E-4, 1.5960397738373762, 1.371962507186072E-4, -8.501183613441967, -1.5372139086669714, 7.019445144424655
9.83366733466934E-4, 0.3380327160326627, 2.347615147550893E-4, 1.6042671938931763, 1.3886107796711518E-4, -8.725876611079194, -1.7521553191604957, 7.019591596134659
9.891783567134269E-4, 0.34003030787006816, 2.3614893760569E-4, 1.6126304652117225, 1.405426198098846E-4, -8.944688732372427, -1.9600274252720675, 7.0197380478446645
9.949899799599198E-4, 0.34202789970747355, 2.3753636045629068E-4, 1.6211310064418958, 1.4224110627281938E-4, -9.157273541036336, -2.1605399810212176, 7.019884499554669
0.0010008016032064127, 0.344025255630452, 2.3892378330689137E-4, 1.6297716921618017, 1.439571178624611E-4, -9.363294189095045, -2.3534130075738853, 7.020034435682068
0.0010066132264529059, 0.346021137088262, 2.4031120615749206E-4, 1.6385616549462032, 1.4569274965655314E-4, -9.56242363942274, -2.538376940178709, 7.020206149418182
0.0010124248496993988, 0.3480170185460719, 2.4169862900809275E-4, 1.6474932671539144, 1.4744609124605002E-4, -9.754344877382163, -2.7151727655609843, 7.0203778631542955
0.0010182364729458917, 0.35001290000388185, 2.4308605185869344E-4, 1.6565679474505264, 1.4921738367330514E-4, -9.938751111684452, -2.883552149905208, 7.020549576890409
0.0010240480961923846, 0.35200878146169173, 2.444734747092941E-4, 1.6657871145016288, 1.510068706052838E-4, -10.115345964517061, -3.0432775574786395, 7.020721290626523
0.0010298597194388778, 0.3540046629195017, 2.458608975598948E-4, 1.675152186972817, 1.5281479833356468E-4, -10.28384365109594, -3.1941223600535187, 7.0208930043626365
0.0010356713426853707, 0.3560005443773116, 2.472483204104955E-4, 1.6846645835296856, 1.5464141577433812E-4, -10.44396914870438, -3.3358709372011552, 7.021064718098751
0.0010414829659318636, 0.3579964258351216, 2.486357432610962E-4, 1.6943257228378323, 1.5648697446840745E-4, -10.595458355298463, -3.4683187675416, 7.021236431834865
0.0010472945891783565, 0.3599923072929315, 2.5002316611169687E-4, 1.7041370235628563, 1.5835172858118805E-4, -10.738058237863157, -3.5912725111294574, 7.0214081455709785
0.0010531062124248495, 0.3619881887507414, 2.5141058896229753E-4, 1.714099904370359, 1.602359349027082E-4, -10.87152697052638, -3.7045500830029607, 7.021579859307092
0.0010589178356713426, 0.3639840702085514, 2.5279801181289825E-4, 1.724215783925945, 1.62139852847609E-4, -10.995634062570394, -3.8079807180107674, 7.021751573043206
0.0010647294589178357, 0.3659799516663614, 2.5418543466349897E-4, 1.7344860808952194, 1.640637444551433E-4, -11.110160476448355, -3.90140502705694, 7.0219232867793195
0.0010705410821643284, 0.36797583312417126, 2.5557285751409963E-4, 1.7449122139437887, 1.6600787438917714E-4, -11.214898735876705, -3.9846750448053685, 7.022095000515433
0.0010763527054108216, 0.36997171458198125, 2.5696028036470035E-4, 1.7554956017372632, 1.6797250993818915E-4, -11.3096530241299, -4.05765426900231, 7.022266714251548
0.0010821643286573145, 0.3719675960397911, 2.58347703215301E-4, 1.7662376629412535, 1.699579210152698E-4, -11.394239272638458, -4.120217691482526, 7.0224384279876615
0.0010879759519038077, 0.3739634774976011, 2.5973512606590173E-4, 1.7771398162213747, 1.7196438015812341E-4, -11.468485239947977, -4.172251820953166, 7.022610141723775
0.0010937875751503004, 0.375959358955411, 2.611225489165024E-4, 1.7882034802432407, 1.739921625290659E-4, -11.532230581196266, -4.213654697675943, 7.022781855459889
0.0010995991983967935, 0.377955240413221, 2.625099717671031E-4, 1.79943007367247, 1.7604154591502623E-4, -11.585326908158462, -4.244335900123037, 7.0229535691960026
0.0011054108216432864, 0.3799505736169417, 2.638973946177038E-4, 1.8108340482384468, 1.781162501191178E-4, -11.627637839996998, -4.264216543727452, 7.023153497694976
0.0011112224448897796, 0.38194586620924836, 2.652848174683045E-4, 1.8224048985177146, 1.8021344914481135E-4, -11.659039044786969, -4.2732292717985265, 7.023355516176383
0.0011170340681362725, 0.38394115880155505, 2.6667224031890515E-4, 1.8341430829140166, 1.823331771935376E-4, -11.679418271933699, -4.271318238719929, 7.023557534657789
0.0011228456913827654, 0.3859364513938618, 2.6805966316950587E-4, 1.8460500201165384, 1.8447572317597423E-4, -11.688675375587556, -4.258439085522952, 7.023759553139197
0.0011286573146292583, 0.3879317439861684, 2.6944708602010654E-4, 1.8581271288144694, 1.8664137862754311E-4, -11.686722329123695, -4.234558907918594, 7.023961571620604
0.0011344689378757513, 0.38992703657847505, 2.708345088707072E-4, 1.8703758276970006, 1.8883043770840917E-4, -11.673483230811039, -4.19965621687087, 7.024163590102011
0.0011402805611222444, 0.3919223291707818, 2.722219317213079E-4, 1.8827975354533277, 1.9104319720348188E-4, -11.648894300798078, -4.153720891892126, 7.024365608583418
0.001146092184368737, 0.3939176217630885, 2.736093545719086E-4, 1.8953936707726478, 1.9327995652241396E-4, -11.612903869418934, -4.096754126990092, 7.024567627064825
0.0011519038076152302, 0.3959129143553952, 2.749967774225093E-4, 1.9081656523441648, 1.9554101769960288E-4, -11.565472357052904, -4.028768369562107, 7.0247696455462325
0.0011577154308617232, 0.39790820694770185, 2.7638420027310996E-4, 1.9211148988570819, 1.978266853941891E-4, -11.506572245527762, -3.9497872521649597, 7.024971664027639
0.0011635270541082163, 0.3999034995400086, 2.777716231237107E-4, 1.9342428290006084, 2.001372668900577E-4, -11.436188041185725, -3.859845517316788, 7.025173682509046
0.0011693386773547094, 0.4018987921323153, 2.791590459743114E-4, 1.9475508614639545, 2.024730720958371E-4, -11.354316229773326, -3.7589889354569594, 7.025375700990454
0.0011751503006012022, 0.40389408472462196, 2.8054646882491206E-4, 1.9610404149363359, 2.0483441354490043E-4, -11.260965223206165, -3.6472742161239675, 7.025577719471861
0.0011809619238476953, 0.4058893773169287, 2.819338916755128E-4, 1.9747129081069696, 2.072216063953639E-4, -11.15615529828275, -3.524768912412051, 7.025779737953267
0.0011867735470941882, 0.40788466990923533, 2.8332131452611344E-4, 1.988569759665077, 2.0963496843008858E-4, -11.039918527499863, -3.3915513188639332, 7.025981756434675
0.0011925851703406814, 0.40987996250154207, 2.8470873737671416E-4, 2.002612388299883, 2.1207482005667925E-4, -10.912298702038306, -3.247710362837294, 7.026183774916082
0.001198396793587174, 0.4118752550938487, 2.860961602273148E-4, 2.016842212700615, 2.1454148430748456E-4, -10.773351247035036, -3.0933454894892476, 7.0263857933974885
0.0012042084168336672, 0.41387063641041777, 2.8748358307791554E-4, 2.0312789154447106, 2.1704053740762052E-4, -10.623143129238949, -2.928566540430722, 7.026624070940229
0.0012100200400801601, 0.41586605152670564, 2.888710059285162E-4, 2.0459128216937077, 2.1956917905962663E-4, -10.461752757087977, -2.7534936261098912, 7.0268761614587145
0.0012158316633266533, 0.4178614666429936, 2.902584287791169E-4, 2.060738426538366, 2.22125760382234E-4, -10.28926987347152, -2.568256992172767, 7.0271282519772
0.0012216432865731464, 0.41985688175928165, 2.9164585162971764E-4, 2.075757148715286, 2.2471061594767072E-4, -10.105795441042877, -2.3729968796431757, 7.027380342495686
0.001227454909819639, 0.42185229687556947, 2.9303327448031825E-4, 2.0909704069610755, 2.2732408295317275E-4, -9.911441520389225, -2.1678633792462767, 7.027632433014172
0.001233266533066132, 0.42384771199185745, 2.9442069733091896E-4, 2.106379620012356, 2.2996650122098506E-4, -9.706331141057381, -1.9530162798475301, 7.0278845235326575
0.001239078156312625, 0.42584312710814537, 2.9580812018151963E-4, 2.1219862066057464, 2.3263821319835938E-4, -9.490598165538021, -1.7286249111090235, 7.028136614051143
0.001244889779559118, 0.42783854222443335, 2.9719554303212034E-4, 2.1377915854778764, 2.3533956395755637E-4, -9.264387146304234, -1.494867980442304, 7.028388704569629
0.001250701402805611, 0.4298339573407213, 2.98582965882721E-4, 2.15379717536538, 2.3807090119584435E-4, -9.027853176109474, -1.2519334044780468, 7.028640795088115
0.001256513026052104, 0.43182937245700925, 2.999703887333217E-4, 2.170004395004901, 2.4083257523549995E-4, -8.781161731423941, -1.0000181348788808, 7.028892885606601
0.0012623246492985969, 0.4338247875732972, 3.013578115839224E-4, 2.1864146631330845, 2.4362493902380808E-4, -8.524488509368503, -0.7393279789005202, 7.029144976125087
0.00126813627254509, 0.43582020268958516, 3.027452344345231E-4, 2.2030293984865854, 2.4644834813306136E-4, -8.258019258008233, -0.470077414496805, 7.029397066643573
0.0012739478957915832, 0.43781561780587314, 3.041326572851238E-4, 2.2198500198020645, 2.493031607605615E-4, -7.981949600329647, -0.19248940034001433, 7.0296491571620585
0.0012797595190380759, 0.43981103292216106, 3.055200801357245E-4, 2.236877945816187, 2.521897377286176E-4, -7.696484851777219, 0.0932048194235267, 7.029901247680544
0.001285571142284569, 0.44180644803844904, 3.069075029863252E-4, 2.254114595265628, 2.551084424845484E-4, -7.401839831613738, 0.3867659154032896, 7.03015333819903
0.001291382765531062, 0.4438018631547369, 3.0829492583692587E-4, 2.2715613868870648, 2.580596411006796E-4, -7.09823866815582, 0.6879466781399158, 7.030405428717516
0.001297194388777555, 0.44579727827102494, 3.096823486875266E-4, 2.289219739417184, 2.610437022743463E-4, -6.785914597925191, 0.996492228208931, 7.0306575192360015
0.001303006012024048, 0.4477922051340928, 3.1106977153812725E-4, 2.3070832332335858, 2.6405855905132017E-4, -6.465109758948468, 1.312140231001632, 7.030895245841476
0.001308817635270541, 0.44978667629415536, 3.1245719438872797E-4, 2.325153705514845, 2.671046834987723E-4, -6.136074978133418, 1.634621116300816, 7.03111956612814
0.001314629258517034, 0.45178114745421794, 3.138446172393287E-4, 2.3434398576487117, 2.701847069262047E-4, -5.799069552937608, 1.963658302422957, 7.031343886414804
0.001320440881763527, 0.45377561861428045, 3.1523204008992935E-4, 2.36194310834431, 2.7329900795095187E-4, -5.454361027467466, 2.298968424792764, 7.031568206701468
0.00132625250501002, 0.45577008977434297, 3.1661946294053E-4, 2.3806648763107674, 2.7644796781520285E-4, -5.102224962923365, 2.6402615690654945, 7.0317925269881325
0.0013320641282565126, 0.45776456093440543, 3.180068857911307E-4, 2.399606580257219, 2.7963197038600204E-4, -4.742944702687099, 2.987241508505731, 7.032016847274797
0.0013378757515030057, 0.45975903209446806, 3.193943086417314E-4, 2.418769638892802, 2.8285140215524853E-4, -4.376811132080092, 3.3396059455759395, 7.032241167561461
0.0013436873747494987, 0.4617535032545305, 3.2078173149233206E-4, 2.438155470926656, 2.8610665223969666E-4, -4.00412243280102, 3.697046757795345, 7.032465487848125
0.0013494989979959918, 0.46374797441459314, 3.221691543429328E-4, 2.4577654950679286, 2.893981123809559E-4, -3.62518383232681, 4.05925024751345, 7.032689808134789
0.001355310621242485, 0.4657424455746557, 3.235565771935335E-4, 2.477601130025771, 2.9272617694549053E-4, -3.240307348171506, 4.425897395813761, 7.032914128421452
0.0013611222444889777, 0.4677369167347182, 3.2494400004413415E-4, 2.497663794509336, 2.9609124292462053E-4, -2.8498115273214877, 4.796664120139144, 7.033138448708116
0.0013669338677354708, 0.46973138789478075, 3.2633142289473487E-4, 2.5179549072277876, 2.99493709934521E-4, -2.4540211806651224, 5.171221535916998, 7.03336276899478
0.0013727454909819637, 0.47172585905484327, 3.2771884574533554E-4, 2.5384758868902852, 3.0293398021622164E-4, -2.0532671128979443, 5.549236221636797, 7.033587089281444
0.0013785571142284569, 0.47372033021490584, 3.2910626859593625E-4, 2.5592281522060008, 3.0641245863560816E-4, -1.6478858475450087, 5.930370487826854, 7.033811409568108
0.0013843687374749498, 0.47571480137496835, 3.304936914465369E-4, 2.5802131218841047, 3.099295526834213E-4, -1.2382193476491394, 6.314282649328415, 7.034035729854772
0.0013901803607214427, 0.4777092725350309, 3.3188111429713763E-4, 2.601432214633776, 3.134856724752568E-4, -0.8246147318281493, 6.7006273012066435, 7.0342600501414365
0.0013959919839679356, 0.47970374369509344, 3.332685371477383E-4, 2.6228868491641952, 3.1708123075156606E-4, -0.4074239862258163, 7.089055597779444, 7.034484370428101
0.0014018036072144288, 0.4816986408227696, 3.34655959998339E-4, 2.644582191587559, 3.2071789696840785E-4, 0.012996328090421477, 7.479215535212812, 7.034715066985825
0.001407615230460922, 0.48369448454514263, 3.3604338284893973E-4, 2.6665243074286384, 3.2439766624526873E-4, 0.4362853716365799, 7.8707522370733525, 7.034959933034796
0.0014134268537074146, 0.4856903282675155, 3.374308056995404E-4, 2.68870632293216, 3.281181960031922E-4, 0.8620783270577421, 8.263308242922234, 7.035204799083766
0.0014192384769539078, 0.48768617198988856, 3.388182285501411E-4, 2.7111296568274432, 3.3187990991239536E-4, 1.2900067039467085, 8.656523800296709, 7.035449665132735
0.0014250501002004005, 0.4896820157122614, 3.402056514007417E-4, 2.733795727843805, 3.356832342680617E-4, 1.7196986470058797, 9.050037159026967, 7.035694531181705
0.0014308617234468936, 0.4916778594346344, 3.4159307425134244E-4, 2.756705954710577, 3.395285979903444E-4, 2.1507792484144357, 9.443484868898011, 7.035939397230676
0.0014366733466933865, 0.4936737031570073, 3.429804971019431E-4, 2.7798617561570866, 3.4341643262436166E-4, 2.5828708635302946, 9.836502079692078, 7.036184263279646
0.0014424849699398795, 0.49566954687938036, 3.443679199525438E-4, 2.8032645509126772, 3.4734717234020197E-4, 3.0155934304194942, 10.228722844185297, 7.036429129328615
0.0014482965931863724, 0.49766539060175324, 3.457553428031445E-4, 2.8269157577066886, 3.513212539329194E-4, 3.448564792515822, 10.619780423361691, 7.036673995377585
0.0014541082164328655, 0.4996612343241263, 3.471427656537452E-4, 2.8508167952684755, 3.553391168225375E-4, 3.8814010249132176, 11.009307594389707, 7.036918861426556
0.0014599198396793587, 0.5016570780464993, 3.485301885043459E-4, 2.874969082327391, 3.5940120305404707E-4, 4.313716763796636, 11.396936960879202, 7.037163727475526
0.0014657314629258514, 0.5036529217688722, 3.499176113549466E-4, 2.899374037612796, 3.6350795729740546E-4, 4.74512553897447, 11.782301265373547, 7.037408593524495
0.0014715430861723445, 0.5056487654912453, 3.513050342055473E-4, 2.9240330798540604, 3.6765982684754074E-4, 5.17524010957468, 12.165033704153503, 7.037653459573465
0.0014773547094188374, 0.5076446092136182, 3.5269245705614796E-4, 2.948947627780555, 3.718572616243464E-4, 5.603672802639368, 12.544768244127146, 7.037898325622436
0.0014831663326653306, 0.5096404529359911, 3.540798799067487E-4, 2.97411910012166, 3.761007141726851E-4, 6.030035854521621, 12.921139941680178, 7.038143191671406
0.0014889779559118235, 0.5116362966583641, 3.5546730275734935E-4, 2.999548915606759, 3.803906396623872E-4, 6.453941755196761, 13.293785263642238, 7.0383880577203755
0.0014947895791583164, 0.5136321403807371, 3.5685472560795006E-4, 3.025238492965245, 3.847274958882519E-4, 6.875003594999157, 13.66234240987555, 7.038632923769345
0.0015006012024048096, 0.5156276255872781, 3.582421484585508E-4, 3.051195340925494, 3.8911392496436423E-4, 7.292835414150848, 14.026451637865138, 7.0388874583529155
0.0015064128256513025, 0.5176200036566091, 3.5962957130915144E-4, 3.077467825193355, 3.935672988046856E-4, 7.707052554625711, 14.3857555888887, 7.039225786903021
0.0015122244488977956, 0.5196123817259402, 3.6101699415975216E-4, 3.104004793386687, 3.980693247683801E-4, 8.117272014332551, 14.739899615697823, 7.0395641154531265
0.001518036072144288, 0.521604759795271, 3.6240441701035277E-4, 3.1308076643488625, 4.026204731304718E-4, 8.523112803702578, 15.088532111906137, 7.039902444003231
0.0015238476953907812, 0.523597137864602, 3.637918398609535E-4, 3.1578778569232844, 4.072212167915898E-4, 8.924196304234572, 15.431304842543206, 7.040240772553337
0.0015296593186372742, 0.5255895159339329, 3.6517926271155415E-4, 3.1852167899533597, 4.118720312779652E-4, 9.320146629347065, 15.76787327623512, 7.040579101103442
0.0015354709418837673, 0.5275818940032639, 3.6656668556215487E-4, 3.2128258822825155, 4.16573394741436E-4, 9.710590986954147, 16.097896918340556, 7.040917429653547
0.0015412825651302605, 0.529574272072595, 3.679541084127556E-4, 3.240706552754196, 4.213257879594429E-4, 10.095160044057332, 16.421039645440388, 7.041255758203652
0.0015470941883767532, 0.531566650141926, 3.6934153126335625E-4, 3.268860220211854, 4.26129694335032E-4, 10.473488293082239, 16.736970040863905, 7.041594086753758
0.0015529058116232463, 0.5335590282112569, 3.7072895411395697E-4, 3.2972883034989624, 4.3098559989685425E-4, 10.84521441975749, 17.045361731054737, 7.0419324153038625
0.0015587174348697392, 0.5355514062805878, 3.7211637696455763E-4, 3.32599222145901, 4.3589399329916495E-4, 11.209981672776767, 17.345893723079676, 7.042270743853968
0.0015645290581162324, 0.5375437843499189, 3.7350379981515835E-4, 3.354973392935499, 4.408553658218253E-4, 11.567438234636175, 17.63825074263371, 7.0426090724040735
0.0015703406813627253, 0.5395361624192498, 3.74891222665759E-4, 3.3842332367719457, 4.4587021137029996E-4, 11.917237594176894, 17.922123573128292, 7.042947400954178
0.0015761523046092182, 0.5415285404885808, 3.7627864551635973E-4, 3.413773171811886, 4.5093902647566045E-4, 12.259038920100743, 18.19720939508558, 7.043285729504284
0.0015819639278557111, 0.5435209185579117, 3.776660683669604E-4, 3.443594616898865, 4.560623102945826E-4, 12.592507435768407, 18.463212126200162, 7.043624058054389
0.0015877755511022043, 0.5455132966272428, 3.790534912175611E-4, 3.473698990876448, 4.612405646093477E-4, 12.917314795162483, 18.71984276199063, 7.043962386604494
0.0015935871743486974, 0.5475056746965737, 3.8044091406816183E-4, 3.5040877125882153, 4.6647429382784284E-4, 13.233139459610305, 18.966819716552717, 7.044300715154599
0.0015993987975951901, 0.5494980527659047, 3.818283369187625E-4, 3.5347622008777573, 4.7176400498355985E-4, 13.539667075509213, 19.203869163773557, 7.044639043704705
0.0016052104208416833, 0.5514910115879609, 3.832157597693632E-4, 3.565750164631251, 4.771202824942331E-4, 13.836590852899699, 19.430725378799984, 7.0450163228308575
0.0016110220440881762, 0.5534840374199467, 3.846031826199639E-4, 3.59702997316889, 4.825348831507156E-4, 14.123611944464047, 19.6471310793831, 7.045398096254247
0.001616833667334669, 0.5554770632519326, 3.8599060547056454E-4, 3.6286000232249647, 4.880071688454096E-4, 14.400439825330256, 19.85283776743223, 7.045779869677636
0.001622645290581162, 0.5574700890839185, 3.873780283211652E-4, 3.6604617337087095, 4.935376580487154E-4, 14.666792673233582, 20.04760607045846, 7.046161643101026
0.001628456913827655, 0.5594631149159044, 3.887654511717659E-4, 3.6926165235293866, 4.991268718570072E-4, 14.922397749087633, 20.231206082834507, 7.046543416524416
0.0016342685370741479, 0.5614561407478903, 3.901528740223666E-4, 3.725065811596269, 5.047753339926298E-4, 15.166991777775467, 20.40341770679538, 7.046925189947805
0.001640080160320641, 0.5634491665798762, 3.915402968729673E-4, 3.7578110168186667, 5.10483570803904E-4, 15.400321329219276, 20.564030993216942, 7.047306963371194
0.0016458917835671342, 0.5654421924118622, 3.92927719723568E-4, 3.790853558105899, 5.162521112651213E-4, 15.622143199371491, 20.712846481777504, 7.0476887367945835
0.001651703406813627, 0.567435218243848, 3.943151425741687E-4, 3.8241948543673137, 5.220814869765472E-4, 15.832224791401618, 20.84967554091043, 7.048070510217973
0.00165751503006012, 0.569428244075834, 3.957025654247694E-4, 3.857836324512278, 5.279722321644215E-4, 16.030344496459712, 20.97434070680269, 7.048452283641363
0.001663326653306613, 0.5714212699078198, 3.9708998827537006E-4, 3.8917793874501814, 5.339248836809555E-4, 16.216292074482713, 21.0866760219952, 7.048834057064752
0.001669138276553106, 0.5734142957398058, 3.984774111259708E-4, 3.9260254620904362, 5.399399810043368E-4, 16.38986903457268, 21.186527373144255, 7.049215830488142
0.001674949899799599, 0.5754073215717916, 3.9986483397657144E-4, 3.9605759673424767, 5.460180662387245E-4, 16.55088901497118, 21.273752827909096, 7.049597603911531
0.001680761523046092, 0.5774003474037777, 4.0125225682717216E-4, 3.9954323221157573, 5.521596841142536E-4, 16.699178162420342, 21.348222970811182, 7.04997937733492
0.001686573146292585, 0.5793933732357636, 4.026396796777729E-4, 4.030595945319758, 5.58365381987032E-4, 16.834575511031957, 21.409821238229423, 7.0503611507583095
0.001692384769539078, 0.5813863990677495, 4.0402710252837354E-4, 4.066068255863973, 5.646357098391427E-4, 16.956933360442278, 21.458444252237424, 7.0507429241817
0.0016981963927855711, 0.5833794248997354, 4.0541452537897426E-4, 4.101850672657931, 5.709712202786429E-4, 17.066117652980605, 21.494002153109378, 7.051124697605089
0.001704008016032064, 0.5853702352462892, 4.068019482295749E-4, 4.137971556692897, 5.773834286309014E-4, 17.162008350062557, 21.51641893065194, 7.051544003707004
0.001709819639278557, 0.5873600486243986, 4.0818937108017564E-4, 4.174417741541351, 5.83867051316529E-4, 17.244499807608115, 21.525632754221224, 7.051980199514256
0.0017156312625250497, 0.5893498620025078, 4.0957679393077625E-4, 4.211178565020573, 5.904177521185453E-4, 17.313501150185285, 21.52159630112698, 7.052416395321509
0.0017214428857715428, 0.5913396753806173, 4.1096421678137697E-4, 4.248255446133717, 5.970360953346889E-4, 17.36893664401183, 21.50427708351585, 7.052852591128761
0.001727254509018036, 0.5933294887587267, 4.123516396319777E-4, 4.285649803883965, 6.037226478891948E-4, 17.410746068674566, 21.47365777370439, 7.0532887869360135
0.0017330661322645287, 0.595319302136836, 4.1373906248257835E-4, 4.323363057274526, 6.104779793327983E-4, 17.438885087357644, 21.42973652767229, 7.053724982743265
0.0017388777555110218, 0.5973091155149455, 4.1512648533317906E-4, 4.361396625308653, 6.173026618427334E-4, 17.453325615744088, 21.37252730695891, 7.054161178550517
0.0017446893787575147, 0.5992989288930548, 4.1651390818377973E-4, 4.399751926989622, 6.241972702227345E-4, 17.45405618898873, 21.302060198312024, 7.05459737435777
0.0017505010020040079, 0.6012887422711642, 4.1790133103438045E-4, 4.438430381320746, 6.311623819030339E-4, 17.441082327240075, 21.218381731649856, 7.055033570165022
0.0017563126252505008, 0.6032785556492736, 4.192887538849811E-4, 4.4774334073053685, 6.381985769403667E-4, 17.41442689919641, 21.121555195755988, 7.0554697659722745
0.0017621242484969937, 0.605268369027383, 4.206761767355818E-4, 4.516762423946872, 6.453064380179655E-4, 17.374130483905155, 21.011660952009176, 7.055905961779526
0.0017679358717434866, 0.6072581824054923, 4.220635995861825E-4, 4.55641885024866, 6.524865504455633E-4, 17.320251730397857, 20.88879674568114, 7.056342157586778
0.0017737474949899798, 0.6092479957836017, 4.234510224367832E-4, 4.596404105214182, 6.597395021593965E-4, 17.25286771529744, 20.753078014994728, 7.056778353394031
0.001779559118236473, 0.6112378091617111, 4.248384452873839E-4, 4.63671960784691, 6.670658837221998E-4, 17.17207429810827, 20.604638197631925, 7.057214549201283
0.0017853707414829658, 0.6132276225398204, 4.262258681379846E-4, 4.67736677715035, 6.744662883232096E-4, 17.077986474447993, 20.44362903502711, 7.0576507450085355
0.0017911823647294588, 0.6152174359179299, 4.276132909885853E-4, 4.718347032128051, 6.819413117781635E-4, 16.970738726564047, 20.270220873716973, 7.058086940815787
0.0017969939879759517, 0.6172072492960392, 4.2900071383918597E-4, 4.759661791783579, 6.894915525293003E-4, 16.850485371506267, 20.08460296417564, 7.058523136623039
0.0018028056112224448, 0.6191980742876803, 4.303881366897867E-4, 4.801286442101109, 6.971064073426359E-4, 16.717400906718407, 19.886983756915466, 7.058925125621613
0.0018086172344689375, 0.6211899831509622, 4.317755595403873E-4, 4.8432202757153515, 7.047854534428609E-4, 16.571680352820046, 19.6775911956383, 7.05929046446803
0.0018144288577154305, 0.6231818920142443, 4.33162982390988E-4, 4.885492510958595, 7.125412215848734E-4, 16.413539593651237, 19.456673007469103, 7.059655803314447
0.0018202404809619234, 0.6251738008775263, 4.345504052415887E-4, 4.9281045667150325, 7.203743191663257E-4, 16.24321571343225, 19.224496990224353, 7.060021142160864
0.0018260521042084165, 0.6271657097408083, 4.359378280921894E-4, 4.9710578618688945, 7.282853562107051E-4, 16.0609673308032, 18.981351296404114, 7.060386481007281
0.0018318637274549097, 0.6291576186040905, 4.373252509427901E-4, 5.0143538153044185, 7.362749453673307E-4, 15.867074929853104, 18.727544714110632, 7.0607518198536985
0.0018376753507014026, 0.6311495274673724, 4.387126737933908E-4, 5.057993845905863, 7.443437019113564E-4, 15.661841188074446, 18.46340694476804, 7.061117158700116
0.0018434869739478955, 0.6331414363306546, 4.401000966439915E-4, 5.101979372557511, 7.524922437437714E-4, 15.44559130063577, 18.18928887708477, 7.061482497546533
0.0018492985971943884, 0.6351333451939365, 4.4148751949459216E-4, 5.14631181414366, 7.607211913913957E-4, 15.218673301629332, 17.905562857979703, 7.06184783639295
0.0018551102204408816, 0.6371252540572185, 4.428749423451929E-4, 5.19099258954863, 7.690311680068878E-4, 14.981458381651947, 17.612622959671192, 7.062213175239368
0.0018609218436873745, 0.6391171629205006, 4.4426236519579354E-4, 5.236023117656754, 7.774227993687364E-4, 14.734341201828551, 17.31088524332648, 7.062578514085785
0.0018667334669338674, 0.6411090717837826, 4.4564978804639426E-4, 5.281404817352393, 7.858967138812682E-4, 14.477740204030829, 17.00078801870842, 7.062943852932202
0.0018725450901803606, 0.6431009806470648, 4.4703721089699497E-4, 5.327139107519922, 7.944535425746421E-4, 14.21209791754143, 16.682792100388173, 7.063309191778619
0.0018783567134268535, 0.6450928895103467, 4.4842463374759564E-4, 5.373227407043733, 8.030939191048526E-4, 13.937881261474168, 16.357381059624785, 7.063674530625036
0.0018841683366733466, 0.6470847983736289, 4.4981205659819635E-4, 5.419671134808241, 8.1181847975373E-4, 13.655581843413138, 16.02506147250575, 7.064039869471453
0.0018899799599198395, 0.6490767072369108, 4.51199479448797E-4, 5.46647170969788, 8.206278634289378E-4, 13.365716254140233, 15.686363164214965, 7.06440520831787
0.0018957915831663325, 0.6510686161001928, 4.5258690229939773E-4, 5.513630550597107, 8.295227116639775E-4, 13.068826357640546, 15.341839448532925, 7.064770547164287
0.0019016032064128254, 0.6530593073071376, 4.539743251499984E-4, 5.56117910923946, 8.385173027605723E-4, 12.765479577280967, 14.992067363670674, 7.065173232473176
0.0019074148296593183, 0.6550468021661968, 4.5536174800059906E-4, 5.609168049476523, 8.476348327829724E-4, 12.45626917748096, 14.637647903526894, 7.065673952246056
0.0019132264529058115, 0.6570342970252561, 4.567491708511998E-4, 5.657520204782184, 8.568403872965998E-4, 12.141814540679336, 14.279206244411617, 7.066174672018934
0.0019190380761523044, 0.6590217918843153, 4.5813659370180044E-4, 5.706236994288203, 8.661346213335421E-4, 11.822761440016093, 13.917391967532005, 7.066675391791813
0.0019248496993987973, 0.6610092867433746, 4.5952401655240116E-4, 5.755319837126401, 8.755181925531084E-4, 11.499782307054035, 13.552879276583775, 7.067176111564692
0.0019306613226452902, 0.6629967816024338, 4.609114394030018E-4, 5.804770152428631, 8.849917612418289E-4, 11.173576494952602, 13.186367210926164, 7.06767683133757
0.0019364729458917834, 0.664984276461493, 4.6229886225360254E-4, 5.854589359326819, 8.945559903134599E-4, 10.844870536563374, 12.818579853814782, 7.068177551110449
0.0019422845691382763, 0.6669717713205523, 4.636862851042032E-4, 5.904778876952917, 9.042115453089743E-4, 10.514418397463471, 12.450266535642156, 7.068678270883328
0.0019480961923847692, 0.6689592661796117, 4.650737079548039E-4, 5.955340124438944, 9.139590943965752E-4, 10.183001724266854, 12.082202032704599, 7.069178990656207
0.001953907815631262, 0.6709467610386708, 4.664611308054046E-4, 6.006274520916957, 9.237993083716833E-4, 9.851430087341088, 11.715186760395802, 7.069679710429085
0.0019597194388777553, 0.6729342558977301, 4.678485536560053E-4, 6.05758348551907, 9.337328606569477E-4, 9.520541218533449, 11.350046961688424, 7.0701804302019635
0.0019655310621242484, 0.6749217507567894, 4.69235976506606E-4, 6.109268437377444, 9.437604273022386E-4, 9.19120124316725, 10.987634890009284, 7.070681149974843
0.001971342685370741, 0.6769092456158486, 4.706233993572067E-4, 6.161330795624282, 9.53882686984652E-4, 8.864304906938905, 10.628828987212525, 7.071181869747721
0.0019771543086172343, 0.6788967404749079, 4.720108222078074E-4, 6.213771979391851, 9.64100321008509E-4, 8.54077579710239, 10.274534056086992, 7.0716825895205995
0.0019829659318637274, 0.6808842353339671, 4.7339824505840806E-4, 6.266593407812457, 9.744140133053559E-4, 8.221566557579145, 9.925681426920141, 7.072183309293479
0.00198877755511022, 0.6828717301930264, 4.747856679090088E-4, 6.319796500018458, 9.84824450433964E-4, 7.907659099031596, 9.583229119358268, 7.072684029066357
0.0019945891783567133, 0.6848592250520856, 4.7617309075960945E-4, 6.373382675142261, 9.953323215803318E-4, 7.60006480244306, 9.248161997928008, 7.073184748839236
0.0020004008016032064, 0.6868473142297228, 4.7756051361021016E-4, 6.427314727256351, 0.0010059198727542032, 7.299824716815501, 8.921491921990762, 7.073639919530413
0.002006212424849699, 0.6888434267081608, 4.7894793646081077E-4, 6.481109493972534, 0.0010163555483087704, 7.008009751051812, 8.604257890100229, 7.073480177618605
0.0020120240480961922, 0.690839539186599, 4.803353593114115E-4, 6.535288292298404, 0.0010268875929180252, 6.72572085936163, 8.297526178173149, 7.073320435706798
0.002017835671342685, 0.6928356516650372, 4.817227821620122E-4, 6.589852540891492, 0.0010375166922762975, 6.45408922052214, 8.002390471866015, 7.073160693794991
0.002023647294589178, 0.6948317641434754, 4.8311020501261287E-4, 6.6448036584093275, 0.0010482435347024838, 6.19427641086242, 7.719971992885906, 7.073000951883183
0.0020294589178356712, 0.6968278766219136, 4.844976278632136E-4, 6.700143063509451, 0.0010590688111400501, 5.947474570323694, 7.451419618725201, 7.072841209971377
0.002035270541082164, 0.6988239891003518, 4.8588505071381425E-4, 6.755872174849387, 0.0010699932151570254, 5.714906562544092, 7.19790999680826, 7.072681468059569
0.002041082164328657, 0.7008201015787899, 4.8727247356441497E-4, 6.811992411086665, 0.0010810174429460083, 5.497826128063132, 6.960647652003271, 7.072521726147762
0.00204689378757515, 0.7028162140572282, 4.886598964150157E-4, 6.868505190878812, 0.0010921421933241615, 5.297518030177313, 6.74086508719582, 7.072361984235955
0.0020527054108216434, 0.7048123265356664, 4.900473192656164E-4, 6.925411932883355, 0.0011033681677332147, 5.115298195039291, 6.5398228784816945, 7.072202242324147
0.0020585170340681365, 0.7068084390141046, 4.914347421162171E-4, 6.982714055757816, 0.0011146960702394656, 4.952513843480505, 6.358809762378685, 7.072042500412341
0.002064328657314629, 0.7088045514925427, 4.928221649668177E-4, 7.040412978159711, 0.0011261266075337734, 4.810543616924999, 6.199142717639593, 7.071882758500533
0.002070140280561122, 0.710800663970981, 4.942095878174184E-4, 7.098510118746575, 0.0011376604889315727, 4.690797695375289, 6.062167039456211, 7.071723016588726
0.002075951903807615, 0.7127967764494191, 4.955970106680192E-4, 7.157006896175917, 0.0011492984263728552, 4.594717908523655, 5.949256407196858, 7.071563274676919
0.002081763527054108, 0.7147928889278573, 4.969844335186199E-4, 7.215904729105256, 0.0011610411344221843, 4.52377783906692, 5.861812944832188, 7.071403532765112
0.002087575150300601, 0.7167890014062954, 4.983718563692205E-4, 7.275205036192103, 0.001172889330268688, 4.479482919009513, 5.801267274742234, 7.071243790853305
0.002093386773547094, 0.7187851138847337, 4.997592792198212E-4, 7.334909236093984, 0.0011848437337260611, 4.463370518270968, 5.769078564292693, 7.071084048941497
0.002099198396793587, 0.7207812263631719, 5.011467020704219E-4, 7.3950187474684, 0.0011969050672325661, 4.477010025226418, 5.766734564811571, 7.07092430702969
0.00210501002004008, 0.722768413260768, 5.025341249210225E-4, 7.456128581361847, 0.0012093723562827834, 4.522002920128707, 5.795751643935548, 7.071430262252894
0.002110821643286573, 0.7247541720654297, 5.039215477716233E-4, 7.517745161000482, 0.0012219993603911354, 4.59998284014538, 5.857674810010089, 7.0720427290177
0.002116633266533066, 0.7267399308700915, 5.05308970622224E-4, 7.579775199273609, 0.001234739364582353, 4.7126156365610665, 5.954077729223552, 7.072655195782506
0.002122444889779559, 0.7287256896747532, 5.066963934728247E-4, 7.642220115577526, 0.0012475931183634833, 4.86159942402144, 6.086562735239134, 7.0732676625473125
0.0021282565130260516, 0.7307114484794146, 5.080838163234253E-4, 7.705081329308619, 0.0012605613738702849, 5.048664621664451, 6.2567608312951455, 7.073880129312118
0.0021340681362725447, 0.7326972072840763, 5.09471239174026E-4, 7.768360259863382, 0.0012736448858672333, 5.275573985582632, 6.466331684075588, 7.074492596076924
0.002139879759519038, 0.734682966088738, 5.108586620246267E-4, 7.832058326638384, 0.001286844411747516, 5.544122633277452, 6.716963610280298, 7.075105062841731
0.002145691382765531, 0.7366687248933996, 5.122460848752275E-4, 7.896176949030289, 0.0013001607115330368, 5.856138059759032, 7.010373555244168, 7.075717529606536
0.002151503006012024, 0.7386544836980613, 5.136335077258282E-4, 7.9607175464358475, 0.0013135945478744138, 6.213480144567392, 7.348307063135032, 7.076329996371342
0.002157314629258517, 0.7406402425027229, 5.150209305764288E-4, 8.025681538251906, 0.001327146686050982, 6.618041150602878, 7.732538239560693, 7.076942463136148
0.00216312625250501, 0.7426260013073845, 5.164083534270295E-4, 8.0910703438754, 0.001340817893970795, 7.071745713996213, 8.164869705742312, 7.077554929900955
0.0021689378757515027, 0.7446117601120461, 5.177957762776301E-4, 8.156885382703354, 0.0013546089421706206, 7.5765508253115295, 8.64713254476146, 7.07816739666576
0.0021747494989979954, 0.7465975189167078, 5.191831991282308E-4, 8.22312807413289, 0.0013685206038159484, 8.134445801080417, 9.18118623855712, 7.078779863430566
0.0021805611222444885, 0.7485832777213695, 5.205706219788315E-4, 8.289799837561208, 0.001382553654700986, 8.747452247602324, 9.768918598065081, 7.079392330195372
0.0021863727454909817, 0.7505690365260311, 5.219580448294323E-4, 8.35690209238561, 0.001396708873248658, 9.417624013978779, 10.41224568303441, 7.0800047969601785
0.0021921843687374744, 0.7525547953306926, 5.233454676800329E-4, 8.424436258003473, 0.0014109870405106097, 10.147047137307322, 11.11311171484424, 7.080617263724984
0.0021979959919839675, 0.7545405541353543, 5.247328905306336E-4, 8.492403753812289, 0.0014253889401672107, 10.937839777574002, 11.87348897954003, 7.08122973048979
0.0022038076152304607, 0.7565206561579414, 5.261203133812343E-4, 8.56080170831228, 0.0014399131009992959, 11.792152143478885, 12.695377722535973, 7.0818376147975
0.002209619238476954, 0.7584977809268049, 5.27507736231835E-4, 8.629633542975728, 0.0014545613501946591, 12.712166408699217, 13.580806034553557, 7.082443087285687
0.0022154308617234465, 0.7604749056956683, 5.288951590824356E-4, 8.698902929206426, 0.0014693356608682351, 13.70009661830838, 14.531829728274616, 7.083048559773873
0.00222124248496994, 0.762452030464532, 5.302825819330365E-4, 8.768611286384115, 0.001484236827052435, 14.75818858561352, 15.55053220620316, 7.08365403226206
0.0022270541082164324, 0.7644291552333954, 5.316700047836371E-4, 8.83876003388858, 0.0014992656454082848, 15.888719779293679, 16.639024319650638, 7.0842595047502455
0.0022328657314629255, 0.766406280002259, 5.330574276342378E-4, 8.909350591099733, 0.001514422915225441, 17.09399919985942, 17.799444217577264, 7.084864977238432
0.0022386773547094186, 0.7683834047711224, 5.344448504848385E-4, 8.980384377397561, 0.0015297094384221748, 18.3763672469997, 19.033957187331595, 7.0854704497266185
0.0022444889779559118, 0.770360529539986, 5.358322733354392E-4, 9.051862812162131, 0.0015451260195453857, 19.738195576151096, 20.344755485173426, 7.086075922214804
0.0022503006012024045, 0.7723376543088494, 5.372196961860398E-4, 9.123787314773601, 0.0015606734657705964, 21.18188694509717, 21.73405815777632, 7.086681394702991
0.002256112224448897, 0.7743147790777128, 5.386071190366404E-4, 9.196159304612221, 0.0015763525869019535, 22.709875049950174, 23.20411085380181, 7.087286867191177
0.0022619238476953908, 0.7762919038465765, 5.399945418872413E-4, 9.268980201058337, 0.0015921641953722321, 24.324624350892392, 24.75718562603381, 7.087892339679364
0.0022677354709418835, 0.7782690286154399, 5.413819647378419E-4, 9.342251423492351, 0.001608109106242825, 26.02862988745223, 26.39558072404774, 7.0884978121675495
0.0022735470941883766, 0.7802461533843035, 5.427693875884426E-4, 9.415974391294787, 0.0016241881372037635, 27.824417082705605, 28.121620376327996, 7.089103284655736
0.002279358717434869, 0.7822232781531668, 5.441568104390432E-4, 9.490150523846232, 0.0016404021085736956, 29.71454153733211, 29.93765456343535, 7.089708757143923
0.0022851703406813625, 0.7842004029220305, 5.45544233289644E-4, 9.564781240527388, 0.0016567518432999036, 31.70158881224979, 31.846058780327713, 7.090314229632108
0.002290981963927855, 0.7861775276908939, 5.469316561402446E-4, 9.639867960719002, 0.0016732381669582923, 33.7881742006361, 33.84923378911273, 7.090919702120295
0.0022967935871743483, 0.7881546524597575, 5.483190789908454E-4, 9.715412103801954, 0.001689861907753402, 35.976942488637945, 35.94960536132346, 7.091525174608481
0.0023026052104208414, 0.7901291527649889, 5.497065018414461E-4, 9.79158677355124, 0.001706718272546077, 38.27056770542224, 38.1496240103431, 7.092305616995312
0.0023084168336673346, 0.7921004229611346, 5.510939246920468E-4, 9.868434534336522, 0.0017238314841479295, 40.67175286142402, 40.45176471315127, 7.093301406949705
0.0023142284569138273, 0.7940716931572802, 5.524813475426474E-4, 9.945746083910338, 0.001741086844733124, 43.18322967557702, 42.85852662171494, 7.094297196904098
0.0023200400801603204, 0.796042963353426, 5.538687703932481E-4, 10.023522842993735, 0.0017584852025358466, 45.80775829064273, 45.37243276363113, 7.0952929868584915
0.0023258517034068136, 0.7980142335495716, 5.552561932438488E-4, 10.10176623230813, 0.001776027408426513, 48.548126978074336, 47.99602973309786, 7.096288776812885
0.0023316633266533067, 0.7999855037457173, 5.566436160944495E-4, 10.180477672575327, 0.0017937143159117781, 51.407151829680025, 50.73188736972291, 7.097284566767278
0.002337474949899799, 0.8019567739418629, 5.580310389450502E-4, 10.259658584517513, 0.0018115467811345351, 54.387676438946876, 53.58259842794956, 7.098280356721671
0.0023432865731462926, 0.8039280441380088, 5.59418461795651E-4, 10.339310388857294, 0.0018295256628739294, 57.492571569857546, 56.55077823496682, 7.099276146676065
0.0023490981963927853, 0.8058993143341543, 5.608058846462516E-4, 10.419434506317621, 0.0018476518225453364, 60.724734813481675, 59.639064337370144, 7.100271936630458
0.002354909819639278, 0.8078705845302999, 5.621933074968522E-4, 10.500032357621869, 0.0018659261242003932, 64.08709023334013, 62.850116137531394, 7.101267726584851
0.002360721442885771, 0.8098418547264457, 5.635807303474529E-4, 10.581105363493792, 0.001884349434526986, 67.5825879978012, 66.18661451826085, 7.102263516539244
0.0023665330661322643, 0.8118131249225914, 5.649681531980536E-4, 10.662654944657534, 0.0019029226228492505, 71.21420400096373, 69.65126145670335, 7.103259306493637
0.0023723446893787574, 0.813784395118737, 5.663555760486544E-4, 10.74468252183762, 0.0019216465611275805, 74.98493947066, 73.2467796265518, 7.104255096448031
0.00237815631262525, 0.8157556653148826, 5.67742998899255E-4, 10.827189515758958, 0.0019405221239586284, 78.89782056398919, 76.9759119888543, 7.105250886402424
0.0023839679358717437, 0.8177269355110285, 5.691304217498558E-4, 10.910177347146881, 0.001959550188575314, 82.95589795082775, 80.84142137182221, 7.106246676356817
0.002389779559118236, 0.8196982057071741, 5.705178446004564E-4, 10.993647436727054, 0.0019787316348468123, 87.16224638458486, 84.84609003898805, 7.10724246631121
0.002395591182364729, 0.8216694759033197, 5.719052674510571E-4, 11.077601205225593, 0.0019980673452785766, 91.51996425921247, 88.99271924461507, 7.1082382562656035
0.002401402805611222, 0.8236350610473603, 5.732926903016577E-4, 11.16218194399002, 0.002017639538402347, 96.0321731552741, 93.28412877955657, 7.109372017780402
0.0024072144288577154, 0.8255827788847855, 5.746801131522586E-4, 11.247697111688655, 0.0020376255664185583, 100.70201737098047, 97.7231565028131, 7.110939404199331
0.002413026052104208, 0.8275304967222102, 5.760675360028592E-4, 11.333703492570784, 0.0020577720434169274, 105.53266344201718, 102.3126578633497, 7.11250679061826
0.002418837675350701, 0.8294782145596352, 5.774549588534599E-4, 11.42020251055933, 0.0020780798779124173, 110.5272996469336, 107.05550540838539, 7.11407417703719
0.002424649298597194, 0.83142593239706, 5.788423817040605E-4, 11.507195589578702, 0.002098549981074653, 115.68913550002075, 111.95458828051103, 7.115641563456118
0.0024304609218436875, 0.8333736502344851, 5.802298045546613E-4, 11.594684153554855, 0.002119183266727938, 121.02140123029926, 117.0128117019039, 7.117208949875048
0.00243627254509018, 0.8353213680719099, 5.816172274052619E-4, 11.682669626415215, 0.002139980651351259, 126.52734724804934, 122.23309644742407, 7.118776336293976
0.002442084168336673, 0.8372690859093348, 5.830046502558626E-4, 11.77115343208878, 0.002160943054078306, 132.21024359637667, 127.61837830385586, 7.120343722712906
0.002447895791583166, 0.8392168037467598, 5.843920731064634E-4, 11.860136994506027, 0.002182071396697476, 138.07337939035847, 133.17160751801745, 7.121911109131835
0.0024537074148296588, 0.8411645215841845, 5.85779495957064E-4, 11.949621737598948, 0.002203366603651881, 144.12006224201005, 138.8957482317458, 7.1234784955507635
0.002459519038076152, 0.8431122394216095, 5.871669188076647E-4, 12.03960908530109, 0.00222482960203937, 150.35361767149078, 144.79377790452963, 7.125045881969693
0.0024653306613226446, 0.8450599572590344, 5.885543416582653E-4, 12.130100461547467, 0.002246461321612523, 156.7773885038561, 150.86868672283066, 7.126613268388622
0.002471142284569138, 0.8470076750964595, 5.899417645088661E-4, 12.221097290274656, 0.0022682626947786813, 163.39473425309268, 157.12347699802746, 7.128180654807551
0.002476953907815631, 0.8489553929338842, 5.913291873594667E-4, 12.312600995420702, 0.0022902346565999336, 170.20903048997815, 163.5611625493164, 7.12974804122648
0.002482765531062124, 0.8509031107713092, 5.927166102100674E-4, 12.404613000925217, 0.0023123781447931544, 177.22366819837384, 170.18476807650123, 7.13131542764541
0.002488577154308617, 0.8528508286087342, 5.941040330606682E-4, 12.497134730729295, 0.0023346940997299903, 184.44205311436713, 176.9973285166889, 7.132882814064338
0.0024943887775551103, 0.854798546446159, 5.954914559112689E-4, 12.590167608775555, 0.002357183464436886, 191.86760505316894, 184.00188839043656, 7.1344502004832675
0.0025002004008016026, 0.856744788076156, 5.968788787618695E-4, 12.683743859035026, 0.0023798655684806034, 199.50375722049083, 191.20150113319, 7.136046141686663
0.0025060120240480957, 0.858649695898171, 5.982663016124702E-4, 12.778699168377006, 0.0024032405997890804, 207.35395550921666, 198.59922841377326, 7.138441616855106
0.002511823647294589, 0.860554603720186, 5.996537244630709E-4, 12.874175049690939, 0.0024267974611090434, 215.42165778213075, 206.19813944007305, 7.14083709202355
0.002517635270541082, 0.862459511542201, 6.010411473136716E-4, 12.970172934268499, 0.0024505371319432125, 223.71033313839405, 214.0013102497983, 7.143232567191994
0.0025234468937875747, 0.8643644193642158, 6.024285701642723E-4, 13.066694253406782, 0.0024744605944922527, 232.22346116708258, 222.01182298986305, 7.145628042360437
0.0025292585170340683, 0.866269327186231, 6.038159930148731E-4, 13.163740438408315, 0.002498568833654816, 240.96453118390224, 230.23276518015678, 7.148023517528881
0.002535070140280561, 0.8681742350082459, 6.052034158654737E-4, 13.261312920580991, 0.0025228628370275617, 249.93704145348025, 238.66722896420276, 7.1504189926973245
0.002540881763527054, 0.8700791428302609, 6.065908387160744E-4, 13.359413131238178, 0.002547343594905221, 259.1444983968827, 247.31831034684697, 7.152814467865769
0.0025466933867735464, 0.8719840506522757, 6.07978261566675E-4, 13.458042501698607, 0.0025720121002806105, 268.5904157830168, 256.1891084166438, 7.155209943034212
0.0025525050100200395, 0.8738889584742907, 6.093656844172757E-4, 13.557202463286465, 0.0025968693488446853, 278.2783139052066, 265.2827245554858, 7.157605418202656
0.0025583166332665327, 0.8757938662963057, 6.107531072678765E-4, 13.656894447331322, 0.0026219163389865656, 288.2117187417745, 274.6022616331751, 7.1600008933711
0.0025641282565130254, 0.8776987741183205, 6.121405301184771E-4, 13.75711988516817, 0.0026471540717935777, 298.3941611011492, 284.15082318822175, 7.162396368539543
0.002569939879759519, 0.8796036819403357, 6.135279529690779E-4, 13.857880208137438, 0.0026725835510513054, 308.8291757522365, 293.9315125953959, 7.164791843707987
0.0025757515030060117, 0.8815085897623506, 6.149153758196785E-4, 13.959176847584928, 0.0026982057832435945, 319.52030053673315, 303.94743221650265, 7.16718731887643
0.002581563126252505, 0.8834134975843656, 6.163027986702792E-4, 14.061011234861894, 0.002724021777552632, 330.4710754675882, 314.20168253902705, 7.169582794044874
0.0025873747494989975, 0.8853184054063804, 6.176902215208798E-4, 14.16338480132498, 0.002750032545858948, 341.68504181134205, 324.69736130010403, 7.1719782692133185
0.002593186372745491, 0.8872233132283955, 6.190776443714806E-4, 14.266298978336264, 0.0027762391027414783, 353.16574115228536, 335.43756259357144, 7.174373744381762
0.002598997995991984, 0.8891282210504104, 6.204650672220813E-4, 14.369755197263217, 0.0028026424654775794, 364.91671444338357, 346.4253759657665, 7.176769219550206
0.0026048096192384765, 0.8909630193679784, 6.21852490072682E-4, 14.474929960572322, 0.0028299743749286466, 376.9415010382516, 357.66388549353394, 7.18019767970096
0.0026106212424849696, 0.8927832115387865, 6.232399129232827E-4, 14.580902412719409, 0.0028576659387092203, 389.2436377081492, 369.15616884897656, 7.183841345056362
0.0026164328657314628, 0.8946034037095946, 6.246273357738834E-4, 14.6874299477423, 0.002885566801950599, 401.826657642747, 380.9052963495774, 7.187485010411765
0.0026222444889779555, 0.8964235958804027, 6.26014758624484E-4, 14.794514014569824, 0.0029136780401109916, 414.69408943259066, 392.91432999141244, 7.1911286757671675
0.0026280561122244486, 0.8982437880512107, 6.274021814750847E-4, 14.902156062149874, 0.0029420007314531317, 427.84945603685986, 405.1863224694598, 7.194772341122571
0.0026338677354709418, 0.9000639802220188, 6.287896043256855E-4, 15.01035753944938, 0.002970535957044394, 441.2962737328864, 417.72431618124216, 7.198416006477973
0.002639679358717435, 0.901884172392827, 6.301770271762862E-4, 15.119119895454338, 0.002999284800756943, 455.03805104951937, 430.53134221574567, 7.202059671833376
0.0026454909819639276, 0.903704364563635, 6.315644500268868E-4, 15.228444579169782, 0.003028248349267853, 469.0782876830875, 443.61041932676176, 7.205703337188778
0.0026513026052104203, 0.905524556734443, 6.329518728774874E-4, 15.338333039619807, 0.0030574276920592508, 483.42047339656875, 456.9645528910012, 7.20934700254418
0.0026571142284569135, 0.9073447489052513, 6.343392957280882E-4, 15.44878672584761, 0.0030868239214184405, 498.0680869009911, 470.59673385009023, 7.212990667899583
0.002662925851703406, 0.9091649410760593, 6.357267185786888E-4, 15.559807086915338, 0.0031164381324380284, 513.0245947204063, 484.509937637935, 7.216634333254985
0.0026687374749498993, 0.9109851332468674, 6.371141414292895E-4, 15.671395571904291, 0.0031462714230160796, 528.2934500392171, 498.7071230917756, 7.220277998610388
0.0026745490981963924, 0.9128053254176756, 6.385015642798903E-4, 15.783553629914778, 0.0031763248938562246, 543.8780915297705, 513.1912313455168, 7.2239216639657915
0.0026803607214428856, 0.9146255175884836, 6.39888987130491E-4, 15.896282710066162, 0.003206599648467803, 559.7819421677747, 527.9651847126693, 7.227565329321194
0.0026861723446893783, 0.9164457097592916, 6.412764099810916E-4, 16.00958426149686, 0.003237096793165993, 576.00840802335, 543.0318855461977, 7.231208994676596
0.0026919839679358714, 0.9182659019300998, 6.426638328316923E-4, 16.123459733364356, 0.0032678174370719525, 592.5608770388217, 558.3942150871204, 7.234852660031999
0.0026977955911823646, 0.9200860941009079, 6.44051255682293E-4, 16.237910574845195, 0.0032987626921129366, 609.4427177875557, 574.0550322961302, 7.238496325387401
0.0027036072144288577, 0.9217748774330408, 6.454386785328937E-4, 16.354048093741785, 0.0033306500186949923, 626.657278214417, 590.017172668045, 7.24306373341333
0.00270941883767535, 0.9233833553637607, 6.468261013834943E-4, 16.471451876986276, 0.0033632122823520627, 644.2078843569808, 606.2834470291994, 7.248195650849024
0.0027152304609218436, 0.924991833294481, 6.482135242340952E-4, 16.58944743656567, 0.0033960153153911174, 662.0978390519776, 622.8566403217384, 7.253327568284719
0.0027210420841683363, 0.9266003112252009, 6.496009470846958E-4, 16.708036253708265, 0.00342906031192964, 680.3304206187743, 639.7395103665444, 7.258459485720414
0.0027268537074148294, 0.9282087891559211, 6.509883699352965E-4, 16.827219809695666, 0.0034623484690915972, 698.9088815291843, 656.934786614706, 7.263591403156108
0.002732665330661322, 0.929817267086641, 6.523757927858971E-4, 16.94699958586267, 0.003495880987007792, 717.8364470548486, 674.4451688779258, 7.268723320591803
0.0027384769539078157, 0.9314257450173613, 6.537632156364979E-4, 17.067377063597352, 0.0035296590688162505, 737.1163138985835, 692.2733260449935, 7.273855238027498
0.0027442885771543084, 0.9330342229480812, 6.551506384870985E-4, 17.18835372434097, 0.003563683920662556, 756.7516488058283, 710.4218947801357, 7.278987155463192
0.002750100200400801, 0.9346427008788013, 6.565380613376992E-4, 17.30993104958806, 0.0035979567517002604, 776.745587157561, 728.8934782046623, 7.2841190728988865
0.0027559118236472947, 0.9362511788095216, 6.579254841883E-4, 17.4321105208864, 0.0036324787740912357, 797.1012315442896, 747.6906445616054, 7.2892509903345815
0.002761723446893787, 0.9378596567402415, 6.593129070389006E-4, 17.554893619836957, 0.0036672512030060237, 817.8216503216939, 766.815925863801, 7.294382907770276
0.00276753507014028, 0.9394681346709617, 6.607003298895013E-4, 17.678281828093983, 0.003702275256624243, 838.9098761458027, 786.2718165234762, 7.2995148252059705
0.002773346693386773, 0.9410766126016816, 6.620877527401019E-4, 17.802276627364947, 0.0037375521561349265, 860.3689044896716, 806.0607719651185, 7.3046467426416655
0.0027791583166332664, 0.9426850905324019, 6.634751755907027E-4, 17.92687949941056, 0.003773083125736916, 882.2016921423063, 826.1852072227421, 7.30977866007736
0.002784969939879759, 0.9442935684631218, 6.648625984413034E-4, 18.05209192604475, 0.003808869392639198, 904.4111556849125, 846.6474955161268, 7.3149105775130545
0.0027907815631262522, 0.945902046393842, 6.662500212919041E-4, 18.17791538913471, 0.003844912187061317, 927.0001699507468, 867.4499668128442, 7.3200424949487495
0.002796593186372745, 0.947510524324562, 6.676374441425047E-4, 18.30435137060084, 0.0038812127422337053, 949.9715664630413, 888.5949063699503, 7.325174412384444
0.0028024048096192385, 0.9489045973005431, 6.690248669931055E-4, 18.4314154192773, 0.003917781705477532, 973.3281318557981, 910.0845532611381, 7.330317356317578
0.002808216432865731, 0.9499949299239767, 6.704122898437061E-4, 18.55911504568724, 0.0039546244161742065, 997.0726062717875, 931.9210988822903, 7.335475921122083
0.0028140280561122243, 0.9510852625474104, 6.717997126943068E-4, 18.687431873787762, 0.00399172885955002, 1021.2076817429302, 954.1066854420127, 7.340634485926589
0.002819839679358717, 0.9521755951708442, 6.731871355449076E-4, 18.816367386407872, 0.004029096282338437, 1045.7360005499695, 976.6434044332423, 7.3457930507310945
0.00282565130260521, 0.9532659277942779, 6.745745583955083E-4, 18.945923066430623, 0.004066727934290103, 1070.6601535613895, 999.5332950859258, 7.3509516155356005
0.002831462925851703, 0.9543562604177115, 6.759619812461089E-4, 19.07610039679315, 0.004104625068173207, 1095.9826785544415, 1022.7783428043848, 7.356110180340106
0.0028372745490981956, 0.9554465930411452, 6.773494040967095E-4, 19.206900860486677, 0.0041427889397738695, 1121.7060585113936, 1046.3804775812168, 7.361268745144611
0.002843086172344689, 0.9565369256645789, 6.787368269473103E-4, 19.33832594055651, 0.004181220807896511, 1147.8327199013486, 1070.341572399275, 7.366427309949117
0.002848897795591182, 0.9576272582880127, 6.801242497979109E-4, 19.47037712010194, 0.004219921934364209, 1174.365030935668, 1094.6634416093411, 7.371585874753623
0.002854709418837675, 0.9587175909114464, 6.815116726485116E-4, 19.603055882276422, 0.004258893584019107, 1201.3052998079145, 1119.347839294168, 7.376744439558128
0.002860521042084168, 0.9598079235348801, 6.828990954991124E-4, 19.736363710287442, 0.004298137024722768, 1228.6557729089548, 1144.3964576098151, 7.381903004362634
0.0028663326653306613, 0.9608982561583138, 6.842865183497131E-4, 19.87030208739656, 0.004337653527356551, 1256.4186330245827, 1169.8109251118385, 7.38706156916714
0.0028721442885771536, 0.9619885887817474, 6.856739412003137E-4, 20.004872496919393, 0.0043774443658219885, 1284.59599750925, 1195.5928050593038, 7.392220133971645
0.0028779559118236467, 0.9630789214051811, 6.870613640509144E-4, 20.14007642222567, 0.004417510817041169, 1313.189916442164, 1221.7435937037221, 7.397378698776151
0.00288376753507014, 0.9641692540286149, 6.884487869015151E-4, 20.275915346739133, 0.004457854160957099, 1342.2023707579833, 1248.2647185542548, 7.402537263580657
0.002889579158316633, 0.9652595866520486, 6.898362097521158E-4, 20.41239075393764, 0.004498475680534091, 1371.6352703622442, 1275.15753663046, 7.407695828385163
0.0028953907815631257, 0.9663499192754823, 6.912236326027164E-4, 20.54950412735309, 0.00453937666175812, 1401.4904522189302, 1302.4233326883277, 7.412854393189668
0.0029012024048096193, 0.9673605050347525, 6.926110554533173E-4, 20.6868085680398, 0.004580247838938711, 1431.769678421249, 1330.0633174329494, 7.417681421711733
0.002907014028056112, 0.9680653944813952, 6.939984783039179E-4, 20.823026823108, 0.004620201196611971, 1462.4746342396427, 1358.0786257094787, 7.421237561151106
0.002912825651302605, 0.9687702839280379, 6.953859011545186E-4, 20.95987368308153, 0.004660422250511536, 1493.606926147641, 1386.4703146749823, 7.424793700590478
0.002918637274549098, 0.9694751733746806, 6.967733240051192E-4, 21.09735059651338, 0.004700912216700539, 1525.1680798265922, 1415.2393619506352, 7.428349840029851
0.002924448897795591, 0.9701800628213234, 6.9816074685572E-4, 21.235459011974285, 0.004741672314044983, 1557.1595381488191, 1444.3866637553012, 7.431905979469224
0.0029302605210420837, 0.9708849522679662, 6.995481697063206E-4, 21.37420037805264, 0.004782703764213813, 1589.5826591382795, 1473.9130330183962, 7.435462118908597
0.0029360721442885764, 0.9715898417146089, 7.009355925569213E-4, 21.513576143354616, 0.00482400779167908, 1622.4387139088265, 1503.8191974724634, 7.43901825834797
0.00294188376753507, 0.9722947311612518, 7.023230154075221E-4, 21.65358775650408, 0.004865585623716057, 1655.728884583148, 1534.1057977293, 7.442574397787343
0.0029476953907815627, 0.9729996206078945, 7.037104382581227E-4, 21.794236666142567, 0.004907438490403326, 1689.454262185372, 1564.7733853313687, 7.446130537226716
0.002953507014028056, 0.9737045100545372, 7.050978611087234E-4, 21.935524320929385, 0.0049495676246229525, 1723.615844514805, 1595.8224207871774, 7.449686676666089
0.0029593186372745485, 0.9744093995011799, 7.06485283959324E-4, 22.077452169541523, 0.004991974262060571, 1758.214533995353, 1627.2532715840466, 7.453242816105462
0.002965130260521042, 0.9751142889478228, 7.078727068099248E-4, 22.220021660673712, 0.005034659641205536, 1793.251135503849, 1659.0662101827206, 7.456798955544835
0.002970941883767535, 0.9758191783944655, 7.092601296605254E-4, 22.36323424303834, 0.005077625003351004, 1828.726354174335, 1691.2614119897773, 7.460355094984208
0.0029767535070140275, 0.9765240678411082, 7.106475525111262E-4, 22.507091365365582, 0.00512087159259411, 1864.640793181132, 1723.838953311501, 7.4639112344235805
0.0029825651302605206, 0.977228957287751, 7.120349753617269E-4, 22.65159447640328, 0.0051644006558360465, 1900.9949514974662, 1756.7988092852393, 7.467467373862954
0.0029883767535070138, 0.9779338467343938, 7.134223982123276E-4, 22.796745024916984, 0.00520821344278221, 1937.789221633432, 1790.1408517930354, 7.471023513302327
0.0029941883767535065, 0.9786387361810365, 7.148098210629282E-4, 22.942544459689984, 0.005252311205942306, 1975.0238873495116, 1823.8648473527064, 7.4745796527417
0.0029999999999999996, 0.9793436256276793, 7.161972439135289E-4, 23.08899422952328, 0.0052966952006304946, 2012.6991213457752, 1857.9704549870644, 7.478135792181073
