phi0, phi, rho, Z_fit_curve, F_ex_fit_per_V, mu_kT, PV_NkT, alpha
1.0000000000000005E-4, 0.03438314597459428, 2.387324146378431E-5, 1.039432108897285, 1.5344833471131116E-6, 83.43893353274824, 126.87346259368448, 7.005537952674895
1.0581162324649302E-4, 0.036381119014293035, 2.5260664314385E-5, 1.0396437424397962, 1.6801396597018307E-6, 76.35930728948232, 113.0214061371926, 7.005583063905587
1.1162324649298601E-4, 0.038379092053991794, 2.6648087164985692E-5, 1.0397747886524382, 1.8290615285413961E-6, 69.61871475271901, 100.57331606486356, 7.005628175136279
1.1743486973947899E-4, 0.04037706509369056, 2.8035510015586382E-5, 1.039844733907002, 1.9810033588357275E-6, 63.20625993281794, 89.34368453172664, 7.005673286366971
1.2324649298597198E-4, 0.04237503813338932, 2.9422932866187073E-5, 1.0398723508116976, 2.1357565316046506E-6, 57.111285675302554, 79.18068559699007, 7.005718397597663
1.2905811623246496E-4, 0.044373011173088076, 3.081035571678776E-5, 1.039875701063119, 2.293148167251359E-6, 51.32337021480645, 69.95863121713673, 7.0057635088283545
1.3486973947895794E-4, 0.046370984212786834, 3.2197778567388454E-5, 1.0398721388866132, 2.4530398937633506E-6, 45.83232375856871, 61.57237698193489, 7.005808620059047
1.4068136272545094E-4, 0.04836895725248559, 3.3585201417989144E-5, 1.0398783150444884, 2.6153266204971746E-6, 40.628185099366945, 53.933113786030745, 7.005853731289738
1.4649298597194392E-4, 0.05036693029218435, 3.4972624268589835E-5, 1.0399101813917968, 2.779935318464874E-6, 35.701218257773476, 46.965160566243625, 7.0058988425204305
1.523046092184369E-4, 0.05236490333188311, 3.6360047119190525E-5, 1.0399829959597295, 2.946823808007826E-6, 31.041909153622054, 40.603490721247226, 7.005943953751123
1.5811623246492988E-4, 0.05436287637158187, 3.7747469969791216E-5, 1.0401113285469792, 3.1159795547121985E-6, 26.64096230657159, 34.791803452510436, 7.005989064981814
1.639278557114229E-4, 0.05636084941128064, 3.913489282039191E-5, 1.0403090667997068, 3.2874184743891044E-6, 22.489297565654116, 29.481004801505385, 7.0060341762125065
1.6973947895791589E-4, 0.0583588224509794, 4.0522315670992603E-5, 1.0405894227610704, 3.4611837479118564E-6, 18.57804686769353, 24.628000197357817, 7.006079287443199
1.7555110220440886E-4, 0.060356795490678156, 4.1909738521593294E-5, 1.0409649398715584, 3.6373446466726228E-6, 14.898551024481245, 20.19472633264095, 7.00612439867389
1.8136272545090187E-4, 0.062354768530376914, 4.3297161372193984E-5, 1.0414475004016681, 3.815995369391054E-6, 11.442356538597123, 16.147368689181036, 7.006169509904582
1.8717434869739485E-4, 0.06435274157007567, 4.4684584222794675E-5, 1.0420483332987687, 3.997253890978167E-6, 8.201212447760694, 12.455724369041626, 7.006214621135274
1.9298597194388782E-4, 0.06635071460977443, 4.6072007073395365E-5, 1.0427780224302823, 4.1812608241300436E-6, 5.167067197600536, 9.092679605460527, 7.006259732365966
1.987975951903808E-4, 0.06834868764947319, 4.7459429923996056E-5, 1.0436465152055954, 4.36817829429758E-6, 2.332065542728676, 6.033778490839261, 7.006304843596658
2.046092184368738E-4, 0.07034693386970513, 4.8846852774596746E-5, 1.0446658109952092, 4.55831971065599E-6, -0.31145452399417967, 3.256864790295387, 7.006381443091945
2.1042084168336678E-4, 0.07234525135442396, 5.023427562519744E-5, 1.0458428033143912, 4.7518072209118025E-6, -2.7709648141146648, 0.7417827154627687, 7.006466256917126
2.1623246492985976E-4, 0.07434356883914281, 5.162169847579813E-5, 1.0471849063532521, 4.948829450860112E-6, -5.053749958277981, -1.529874429657919, 7.006551070742307
2.2204408817635274E-4, 0.07634188632386164, 5.300912132639882E-5, 1.0486996148944474, 5.149624415216304E-6, -7.166910393067436, -3.5749764973008724, 7.006635884567488
2.2785571142284574E-4, 0.07834020380858049, 5.439654417699951E-5, 1.0503938354580622, 5.354446237690467E-6, -9.11736532010521, -5.409036616742902, 7.0067206983926695
2.3366733466933872E-4, 0.08033852129329933, 5.57839670276002E-5, 1.0522738968428451, 5.5635641182542344E-6, -10.911855637527358, -7.0463647767219895, 7.00680551221785
2.394789579158317E-4, 0.08233683877801817, 5.717138987820089E-5, 1.054345560931097, 5.777261317551883E-6, -12.556946843947694, -8.500199373752796, 7.006890326043031
2.4529058116232465E-4, 0.08433515626273701, 5.855881272880157E-5, 1.0566140337419243, 5.995834158891089E-6, -14.059031915021594, -9.782820376886061, 7.006975139868213
2.511022044088177E-4, 0.08633347374745586, 5.994623557940227E-5, 1.059083976717797, 6.219591048224963E-6, -15.424334152725038, -10.905647083562673, 7.0070599536933935
2.5691382765531066E-4, 0.08833179123217469, 6.133365843000296E-5, 1.061759518229645, 6.448851512512617E-6, -16.65891000746023, -11.879322902913486, 7.007144767518574
2.6272545090180364E-4, 0.09033010871689354, 6.272108128060365E-5, 1.0646442652859889, 6.683945256822304E-6, -17.768651873102534, -12.713789171728349, 7.007229581343756
2.685370741482966E-4, 0.09232842620161238, 6.410850413120434E-5, 1.0677413154318762, 6.925211240517902E-6, -18.759290855101163, -13.418349661160908, 7.007314395168937
2.743486973947896E-4, 0.09432674368633122, 6.549592698180503E-5, 1.0710532688236556, 7.172996772847093E-6, -19.63639951174698, -14.001727151266719, 7.007399208994118
2.8016032064128257E-4, 0.09632506117105005, 6.688334983240572E-5, 1.0745822404658858, 7.427656628227056E-6, -20.405394568720848, -14.472113221956304, 7.007484022819299
2.859719438877756E-4, 0.0983233786557689, 6.827077268300641E-5, 1.078329872596949, 7.689552181501973E-6, -21.071539607034953, -14.837212222224707, 7.00756883664448
2.917835671342686E-4, 0.10032169614048775, 6.96581955336071E-5, 1.0822973472101853, 7.959050563425013E-6, -21.639947724481708, -15.104280226275176, 7.007653650469662
2.9759519038076156E-4, 0.1023200136252066, 7.10456183842078E-5, 1.0864853986976313, 8.236523836596637E-6, -22.11558417070206, -15.280159658836295, 7.007738464294842
3.0340681362725453E-4, 0.1043178558985468, 7.243304123480848E-5, 1.0908917043389745, 8.522158253460088E-6, -22.5032689559869, -15.371310167435674, 7.007802504968783
3.092184368737475E-4, 0.10631536272856089, 7.382046408540918E-5, 1.095516776886204, 8.816369327464953E-6, -22.80767943392603, -15.38383623253962, 7.007851882241848
3.150300601202405E-4, 0.108312869558575, 7.520788693600987E-5, 1.10036190033814, 9.119667450020593E-6, -23.03335285801496, -15.323511934028142, 7.007901259514912
3.2084168336673347E-4, 0.1103103763885891, 7.659530978661056E-5, 1.1054261471236384, 9.432435871800884E-6, -23.184688912336032, -15.195803231855377, 7.007950636787977
3.266533066132265E-4, 0.1123078832186032, 7.798273263721125E-5, 1.110708206693929, 9.755058968499692E-6, -23.26595221642519, -15.005888067820978, 7.008000014061042
3.324649298597195E-4, 0.11430539004861731, 7.937015548781194E-5, 1.1162063986450537, 1.0087921543248024E-5, -23.28127480443821, -14.758674552472856, 7.008049391334107
3.3827655310621245E-4, 0.1163028968786314, 8.075757833841263E-5, 1.121918685879608, 1.0431408150555595E-5, -23.23465857872794, -14.458817464886572, 7.008098768607172
3.4408817635270543E-4, 0.11830040370864552, 8.214500118901332E-5, 1.1278426877968777, 1.0785902441854424E-5, -23.129977737950195, -14.110733262311646, 7.008148145880237
3.498997995991984E-4, 0.12029791053865962, 8.353242403961401E-5, 1.1339756935007064, 1.1151786532705579E-5, -22.970981179805538, -13.718613770505101, 7.008197523153302
3.557114228456914E-4, 0.12229541736867372, 8.49198468902147E-5, 1.1403146750146707, 1.1529440391712258E-5, -22.761294878535637, -13.28643870326821, 7.008246900426367
3.6152304609218436E-4, 0.12429292419868783, 8.630726974081539E-5, 1.146856300494382, 1.191924125116621E-5, -22.504424237283047, -12.817987140605137, 7.008296277699431
3.6733466933867734E-4, 0.12629043102870194, 8.769469259141608E-5, 1.1535969474269645, 1.232156303943814E-5, -22.203756415430963, -12.31684807856562, 7.008345654972496
3.731462925851704E-4, 0.12828793785871603, 8.908211544201677E-5, 1.1605327158079992, 1.2736775835106396E-5, -21.862562631034223, -11.786430149748124, 7.008395032245561
3.7895791583166335E-4, 0.13028544468873013, 9.046953829261746E-5, 1.1676594412864603, 1.3165245342803297E-5, -21.484000438455276, -11.229970601317966, 7.008444409518626
3.8476953907815633E-4, 0.13228295151874425, 9.185696114321815E-5, 1.1749727082683907, 1.3607332390742543E-5, -21.07111598131819, -10.650543606904462, 7.008493786791691
3.905811623246493E-4, 0.13428045834875835, 9.324438399381884E-5, 1.182467862970313, 1.4063392449876937E-5, -20.626846220894492, -10.051067979669376, 7.008543164064756
3.963927855711423E-4, 0.13627796517877244, 9.463180684441953E-5, 1.190140026413573, 1.4533775174620492E-5, -20.154021140034512, -9.434314345954839, 7.008592541337821
4.0220440881763526E-4, 0.13827566456620072, 9.601922969502022E-5, 1.1979853200550505, 1.5018940407957636E-5, -19.65536592275404, -8.802911832059399, 7.00864916390394
4.0801603206412824E-4, 0.14027367904757945, 9.740665254562091E-5, 1.2059992887454645, 1.551931131160491E-5, -19.13350310959411, -8.159354310722684, 7.008717642404151
4.138276553106212E-4, 0.14227169352895816, 9.87940753962216E-5, 1.2141744994557062, 1.6035032861408417E-5, -18.590954728866077, -7.506006248671617, 7.008786120904361
4.1963927855711425E-4, 0.1442697080103369, 1.001814982468223E-4, 1.2225053008984337, 1.6566427666565888E-5, -18.030144403890738, -6.845108192006851, 7.008854599404571
4.254509018036072E-4, 0.1462677224917156, 1.0156892109742299E-4, 1.2309858803851523, 1.7113810543576458E-5, -17.45339943635195, -6.178781922210917, 7.008923077904781
4.312625250501002E-4, 0.1482657369730943, 1.0295634394802368E-4, 1.2396102762942143, 1.767748818420578E-5, -16.86295286587099, -5.509035312022956, 7.008991556404991
4.370741482965932E-4, 0.15026375145447304, 1.0434376679862437E-4, 1.2483723904244737, 1.8257758844180555E-5, -16.260945505919963, -4.837766907335998, 7.009060034905201
4.4288577154308616E-4, 0.15226176593585175, 1.0573118964922506E-4, 1.2572660002275788, 1.885491205244311E-5, -15.649427956186985, -4.166770258532166, 7.009128513405411
4.4869739478957914E-4, 0.15425978041723049, 1.0711861249982575E-4, 1.266284770912075, 1.9469228340786007E-5, -15.03036259150126, -3.4977380222502408, 7.009196991905621
4.545090180360721E-4, 0.1562577948986092, 1.0850603535042644E-4, 1.275422267412718, 2.0100978993675085E-5, -14.405625527436186, -2.8322658524517874, 7.009265470405832
4.6032064128256515E-4, 0.15825580937998793, 1.0989345820102713E-4, 1.2846719662185855, 2.0750425818058893E-5, -13.777008562706321, -2.171856097757569, 7.009333948906042
4.661322645290581E-4, 0.16025382386136663, 1.1128088105162782E-4, 1.294027267053809, 2.1417820932951983E-5, -13.146221098460702, -1.5179213203244688, 7.009402427406251
4.719438877755511E-4, 0.16225183834274537, 1.1266830390222851E-4, 1.3034815044049302, 2.210340657856948E-5, -12.514892034599708, -0.871787650068932, 7.009470905906461
4.777555110220441E-4, 0.16424985282412408, 1.140557267528292E-4, 1.313027958889079, 2.2807414944780437E-5, -11.884571643216196, -0.23469798667657196, 7.009539384406672
4.8356713426853706E-4, 0.1662478673055028, 1.1544314960342989E-4, 1.3226598684574162, 2.3530068018638343E-5, -11.256733419283307, 0.3921849393206194, 7.009607862906882
4.8937875751503E-4, 0.16824588178688152, 1.1683057245403058E-4, 1.3323704394284206, 2.4271577450737643E-5, -10.63277590869331, 1.0077756362040065, 7.009676341407092
4.951903807615231E-4, 0.17024389626826025, 1.1821799530463127E-4, 1.3421528573458572, 2.5032144440136498E-5, -10.014024513774912, 1.6110630421916596, 7.009744819907302
5.01002004008016E-4, 0.1722418701431796, 1.1960541815523196E-4, 1.3520011399426843, 2.581206037958136E-5, -9.401733276381407, 2.2011078296397053, 7.009817336937246
5.06813627254509E-4, 0.1742396491070939, 1.2099284100583265E-4, 1.3619117303209687, 2.6611904113631594E-5, -8.79708663868393, 2.7770398146517485, 7.009909238909916
5.12625250501002E-4, 0.17623742807100823, 1.2238026385643334E-4, 1.3718738190445143, 2.7431373054249007E-5, -8.201201181769983, 3.3380554651508167, 7.0100011408825855
5.18436873747495E-4, 0.17823520703492254, 1.2376768670703403E-4, 1.3818806134681003, 2.8270626279015717E-5, -7.615127342163257, 3.8834155010641087, 7.010093042855256
5.242484969939879E-4, 0.18023298599883686, 1.2515510955763472E-4, 1.391925351663426, 2.9129812107460847E-5, -7.0398511063809295, 4.412442580826046, 7.010184944827926
5.300601202404809E-4, 0.1822307649627512, 1.2654253240823541E-4, 1.4020013121268258, 3.0009068091471077E-5, -6.476295683639109, 4.9245190689081895, 7.010276846800595
5.35871743486974E-4, 0.18422854392666552, 1.279299552588361E-4, 1.4121018232806783, 3.090852102222857E-5, -5.925323156818678, 5.419084879537132, 7.010368748773265
5.416833667334669E-4, 0.18622632289057983, 1.293173781094368E-4, 1.4222202727647915, 3.18282869533557E-5, -5.387736111806725, 5.89563539216139, 7.010460650745935
5.474949899799599E-4, 0.18822410185449415, 1.3070480096003749E-4, 1.4323501165142805, 3.2768471239941554E-5, -4.864279245328243, 6.353719434601132, 7.010552552718605
5.533066132264528E-4, 0.19022188081840846, 1.3209222381063818E-4, 1.4424848876206207, 3.372916859311876E-5, -4.355640951378483, 6.792937330147287, 7.010644454691274
5.591182364729459E-4, 0.1922196597823228, 1.3347964666123887E-4, 1.4526182049726972, 3.471046314985386E-5, -3.8624548863656516, 7.212939005187407, 7.010736356663944
5.649298597194388E-4, 0.19421743874623712, 1.3486706951183956E-4, 1.4627437816749058, 3.5712428557607865E-5, -3.385301513089741, 7.613422154181414, 7.010828258636614
5.707414829659318E-4, 0.19621521771015143, 1.3625449236244025E-4, 1.4728554332394845, 3.67351280735214E-5, -2.9247096236535324, 7.994130459106269, 7.010920160609284
5.765531062124249E-4, 0.19821299667406575, 1.3764191521304094E-4, 1.482947085550454, 3.777861467777089E-5, -2.481157841435662, 8.354851860661382, 7.011012062581954
5.823647294589178E-4, 0.20021077563798007, 1.3902933806364163E-4, 1.4930127825966926, 3.8842931200739096E-5, -2.055076102225993, 8.69541687877986, 7.011103964554623
5.881763527054108E-4, 0.2022085546018944, 1.4041676091424232E-4, 1.5030466939718763, 3.9928110463641145E-5, -1.6468471146467552, 9.015696980145178, 7.011195866527293
5.939879759519037E-4, 0.20420633356580872, 1.41804183764843E-4, 1.5130431221391145, 4.1034175432238256E-5, -1.2568077999576983, 9.315602990613412, 7.0112877684999635
5.997995991983969E-4, 0.2062041125297231, 1.4319160661544373E-4, 1.52299650945836, 4.216113938327379E-5, -0.8852507113844766, 9.595083550551877, 7.011379670472633
6.056112224448897E-4, 0.20820181841333887, 1.445790294660444E-4, 1.5329029485314358, 4.3309223466024515E-5, -0.5324254330505224, 9.85412361131709, 7.0114775335032204
6.114228456913828E-4, 0.21019952168694409, 1.459664523166451E-4, 1.542755761234257, 4.447822105468211E-5, -0.1985399586541999, 10.092742971148134, 7.011575609428734
6.172344689378758E-4, 0.2121972249605492, 1.4735387516724577E-4, 1.5525497962038195, 4.566810998909888E-5, 0.11623795001096589, 10.31099484893335, 7.011673685354247
6.230460921843687E-4, 0.21419492823415437, 1.4874129801784646E-4, 1.5622801208590764, 4.6878866820762664E-5, 0.4117794245774971, 10.508964494384308, 7.0117717612797605
6.288577154308617E-4, 0.21619263150775953, 1.5012872086844715E-4, 1.5719419740364977, 4.811045942202375E-5, 0.6879931715482075, 10.686767833257345, 7.011869837205274
6.346693386773547E-4, 0.21819033478136474, 1.5151614371904787E-4, 1.5815307715616111, 4.936284722094269E-5, 0.9448241735625545, 10.844550146372903, 7.011967913130787
6.404809619238478E-4, 0.22018803805496992, 1.5290356656964856E-4, 1.5910421115739608, 5.0635981446197443E-5, 1.182252410344836, 10.982484781218416, 7.012065989056301
6.462925851703407E-4, 0.22218574132857508, 1.5429098942024925E-4, 1.6004717796047594, 5.192980538166031E-5, 1.4002915992656093, 11.10077189508662, 7.012164064981814
6.521042084168337E-4, 0.22418344460218026, 1.5567841227084994E-4, 1.6098157534066349, 5.3244254630255785E-5, 1.5989879553538218, 11.19963722866344, 7.012262140907327
6.579158316633268E-4, 0.22618114787578542, 1.5706583512145063E-4, 1.619070207535072, 5.457925738670451E-5, 1.7784189706791598, 11.2793309091292, 7.012360216832841
6.637274549098196E-4, 0.22817885114939054, 1.584532579720513E-4, 1.6282315176812294, 5.5934734718764246E-5, 1.9386922129860034, 11.340126281876435, 7.012458292758354
6.695390781563126E-4, 0.2301765544229957, 1.5984068082265199E-4, 1.6372962647560025, 5.731060085657136E-5, 2.0799441434529897, 11.38231876997024, 7.0125563686838674
6.753507014028055E-4, 0.23217425769660088, 1.6122810367325268E-4, 1.6462612387253244, 5.870676348968933E-5, 2.202338953478301, 11.406224760572647, 7.012654444609381
6.811623246492986E-4, 0.23417196097020604, 1.6261552652385337E-4, 1.6551234421968042, 6.0123124071471826E-5, 2.306067420372877, 11.412180517581408, 7.012752520534894
6.869739478957916E-4, 0.23616966424381125, 1.6400294937445408E-4, 1.6638800937580267, 6.155957813034207E-5, 2.3913457818479227, 11.40054111976862, 7.0128505964604075
6.927855711422846E-4, 0.2381673675174164, 1.6539037222505478E-4, 1.6725286310668468, 6.301601558759691E-5, 2.4584146291781765, 11.371679423758652, 7.012948672385921
6.985971943887776E-4, 0.2401650707910216, 1.6677779507565547E-4, 1.6810667136942499, 6.449232108133957E-5, 2.507537818946138, 11.325985051229576, 7.013046748311434
7.044088176352706E-4, 0.24216318490212113, 1.6816521792625616E-4, 1.6895036593612498, 6.599029703684575E-5, 2.5390014032269237, 11.263863399726803, 7.013183777864368
7.102204408817636E-4, 0.2441614297342416, 1.6955264077685685E-4, 1.6978300029640891, 6.750858157192227E-5, 2.553112578121443, 11.185734676538333, 7.013333201753299
7.160320641282564E-4, 0.24615967456636204, 1.709400636274575E-4, 1.7060404765982597, 6.90464448114529E-5, 2.55019865052448, 11.092032955116709, 7.013482625642229
7.218436873747495E-4, 0.2481579193984825, 1.723274864780582E-4, 1.7141336510192335, 7.060375465314949E-5, 2.530606022993023, 10.983205253510313, 7.013632049531159
7.276553106212425E-4, 0.250156164230603, 1.7371490932865892E-4, 1.7221083294258792, 7.218037540952897E-5, 2.4946991966284755, 10.859710634363092, 7.01378147342009
7.334669338677355E-4, 0.25215440906272346, 1.751023321792596E-4, 1.729963548836997, 7.377616816038192E-5, 2.4428597918440964, 10.722019326010418, 7.01393089730902
7.392785571142285E-4, 0.2541526538948439, 1.764897550298603E-4, 1.7376985812276267, 7.539099110863983E-5, 2.375485586913232, 10.570611864257211, 7.014080321197951
7.450901803607215E-4, 0.25615089872696445, 1.77877177880461E-4, 1.7453129344267744, 7.702469993924849E-5, 2.2929895741639195, 10.405978254391677, 7.014229745086881
7.509018036072145E-4, 0.2581491435590849, 1.7926460073106168E-4, 1.7528063527780313, 7.867714818067191E-5, 2.195799033739393, 10.228617153096632, 7.014379168975812
7.567134268537074E-4, 0.2601473883912054, 1.8065202358166237E-4, 1.7601788175649835, 8.034818756863927E-5, 2.0843546247966334, 10.039035069857489, 7.0145285928647425
7.625250501002004E-4, 0.2621456332233258, 1.8203944643226303E-4, 1.767430547203191, 8.203766841176439E-5, 1.9591094940052836, 9.837745587490595, 7.014678016753673
7.683366733466933E-4, 0.26414387805544626, 1.8342686928286372E-4, 1.7745619972007376, 8.374543995865602E-5, 1.8205284012812728, 9.625268601506022, 7.014827440642604
7.741482965931863E-4, 0.2661421228875667, 1.8481429213346441E-4, 1.781573859889405, 8.547135076615028E-5, 1.6690868626021, 9.402129577921121, 7.014976864531534
7.799599198396794E-4, 0.26814036771968724, 1.8620171498406513E-4, 1.7884670639287248, 8.721524906829375E-5, 1.5052703098104874, 9.168858829259355, 7.015126288420465
7.857715430861724E-4, 0.2701386125518077, 1.8758913783466582E-4, 1.7952427735851106, 8.897698314571142E-5, 1.3295732672883867, 8.925990808403094, 7.015275712309395
7.915831663326653E-4, 0.27213685738392823, 1.889765606852665E-4, 1.8019023877885358, 9.075640169499665E-5, 1.142498545381141, 8.674063420024568, 7.015425136198326
7.973947895791583E-4, 0.2741351022160487, 1.903639835358672E-4, 1.8084475389692125, 9.255335419776254E-5, 0.9445564504702086, 8.413617349318391, 7.0155745600872566
8.032064128256514E-4, 0.276132262910804, 1.917514063864679E-4, 1.8148716619198106, 9.436607487122387E-5, 0.7362640115903539, 8.145195407788206, 7.015698815284894
8.090180360721442E-4, 0.27812854274395005, 1.9313882923706856E-4, 1.8211782598867785, 9.61946527569472E-5, 0.5181442234233692, 7.8693418957637835, 7.015802620920858
8.148296593186372E-4, 0.28012482257709614, 1.9452625208766925E-4, 1.8273764560115942, 9.804023532372092E-5, 0.2907253056488372, 7.586601981506738, 7.015906426556821
8.206412825651302E-4, 0.2821211024102423, 1.9591367493826997E-4, 1.8334688007614095, 9.990267793491169E-5, 0.05453997843569428, 7.2975210965530914, 7.016010232192784
8.264529058116233E-4, 0.2841173822433884, 1.9730109778887066E-4, 1.8394580690814113, 1.0178183856662836E-4, -0.1898752459479989, 7.002644347155444, 7.016114037828747
8.322645290581162E-4, 0.28611366207653455, 1.9868852063947135E-4, 1.8453472579693697, 1.0367757816740301E-4, -0.4419807555883652, 6.702515941536041, 7.016217843464711
8.380761523046092E-4, 0.28810994190968064, 2.0007594349007204E-4, 1.8511395838503937, 1.0558976101512561E-4, -0.7012345155221975, 6.397678632757323, 7.016321649100673
8.438877755511023E-4, 0.29010622174282674, 2.0146336634067273E-4, 1.8568384797550188, 1.0751825507090603E-4, -0.967092728583146, 6.088673177012912, 7.016425454736637
8.496993987975952E-4, 0.29210250157597284, 2.0285078919127342E-4, 1.8624475923040116, 1.0946293232954025E-4, -1.239010480641542, 5.776037807108827, 7.0165292603726
8.555110220440882E-4, 0.29409878140911894, 2.042382120418741E-4, 1.8679707785032658, 1.11423669166265E-4, -1.5164423703121084, 5.460307720957603, 7.016633066008563
8.61322645290581E-4, 0.29609506124226503, 2.0562563489247477E-4, 1.873412102352315, 1.1340034667948988E-4, -1.7988431232953856, 5.142014584859483, 7.016736871644526
8.671342685370741E-4, 0.29809134107541113, 2.0701305774307546E-4, 1.8787758312699192, 1.1539285102919889E-4, -2.0856681913891237, 4.821686051443893, 7.01684067728049
8.729458917835671E-4, 0.3000876209085573, 2.0840048059367618E-4, 1.8840664323405047, 1.1740107377071891E-4, -2.3763743363737966, 4.499845292006074, 7.016944482916452
8.787575150300601E-4, 0.3020839007417034, 2.0978790344427687E-4, 1.8892885683850564, 1.1942491218356446E-4, -2.6704201988127516, 4.177010543125876, 7.017048288552416
8.845691382765532E-4, 0.30408018057484953, 2.1117532629487756E-4, 1.8944470938602807, 1.2146426959506131E-4, -2.967266851909079, 3.853694667371727, 7.017152094188379
8.903807615230461E-4, 0.30607646040799563, 2.1256274914547825E-4, 1.8995470505899257, 1.2351905569847277E-4, -3.2663783405372926, 3.530404727906198, 7.017255899824343
8.961923847695391E-4, 0.30807274024114173, 2.1395017199607894E-4, 1.904593663332148, 1.2558918686533663E-4, -3.567222205559151, 3.207641576835169, 7.017359705460305
9.02004008016032E-4, 0.31006947067349033, 2.1533759484667963E-4, 1.9095961584968957, 1.2767540975414134E-4, -3.8692699935211743, 2.885899457153672, 7.017473670922093
9.07815631262525E-4, 0.31206705724432354, 2.167250176972803E-4, 1.9145636503346586, 1.2977843759631174E-4, -4.171997751867132, 2.5656656180967237, 7.017606940052948
9.13627254509018E-4, 0.31406464381515686, 2.1811244054788101E-4, 1.9194946670050679, 1.318966650813774E-4, -4.474886509783223, 2.2474199437523446, 7.017740209183803
9.19438877755511E-4, 0.31606223038599013, 2.194998633984817E-4, 1.9243951175543095, 1.3403003889342992E-4, -4.7774227447460245, 1.9316345948093443, 7.017873478314657
9.25250501002004E-4, 0.3180598169568234, 2.208872862490824E-4, 1.9292710694826782, 1.36178513860586E-4, -5.0790988349550545, 1.6187736632228165, 7.0180067474455115
9.31062124248497E-4, 0.32005740352765666, 2.2227470909968309E-4, 1.9341287434143648, 1.383420532271256E-4, -5.379413497699221, 1.3092928397226051, 7.018140016576366
9.3687374749499E-4, 0.3220549900984899, 2.2366213195028378E-4, 1.93897450763261, 1.405206289180743E-4, -5.67787221380838, 1.0036390939612032, 7.018273285707221
9.426853707414829E-4, 0.3240525766693232, 2.2504955480088447E-4, 1.943814872484531, 1.4271422179599528E-4, -5.9739876382880865, 0.702250367197204, 7.018406554838076
9.48496993987976E-4, 0.32605016324015645, 2.2643697765148516E-4, 1.9486564846602281, 1.449228219097699E-4, -6.267279997248782, 0.40555527734384766, 7.01853982396893
9.543086172344688E-4, 0.3280477498109897, 2.2782440050208582E-4, 1.9535061213505505, 1.4714642873515007E-4, -6.5572774712677, 0.11397283625176394, 7.0186730930997845
9.601202404809618E-4, 0.330045336381823, 2.292118233526865E-4, 1.9583706842881607, 1.4938505140688E-4, -6.843516565262953, -0.17208782091431704, 7.018806362230639
9.659318637274549E-4, 0.33204292295265625, 2.3059924620328723E-4, 1.9632571936765606, 1.5163870894217428E-4, -7.125542464996276, -0.45222769430309406, 7.018939631361493
9.717434869739479E-4, 0.33404050952348957, 2.3198666905388792E-4, 1.9681727820116102, 1.539074304553789E-4, -7.4029093803581585, -0.7260581662346859, 7.019072900492349
9.775551102204408E-4, 0.33603809609432284, 2.333740919044886E-4, 1.9731246878003272, 1.5619125536359845E-4, -7.675180875492196, -0.9932012363057577, 7.019206169623203
9.83366733466934E-4, 0.3380356826651561, 2.347615147550893E-4, 1.978120249181746, 1.5849023358313903E-4, -7.9419301859071725, -1.2532897449598124, 7.0193394387540575
9.891783567134269E-4, 0.34003326923598937, 2.3614893760569E-4, 1.9831668974545087, 1.6080442571657632E-4, -8.202740522694583, -1.5059675856310282, 7.019472707884912
9.949899799599198E-4, 0.34203085580682263, 2.3753636045629068E-4, 1.98827215051612, 1.631339032302857E-4, -8.457205363941009, -1.7508899055610885, 7.019605977015766
0.0010008016032064127, 0.3440281426883032, 2.3892378330689137E-4, 1.9934450670574693, 1.6547909765142512E-4, -8.70492873344071, -1.9877232954322004, 7.019742742604557
0.0010066132264529059, 0.346023556511329, 2.4031120615749206E-4, 1.9987010580553153, 1.6784196873108296E-4, -8.945525466892876, -2.2161459679842905, 7.019901361055451
0.0010124248496993988, 0.3480189703343548, 2.4169862900809275E-4, 2.004038784197531, 1.7022046593289788E-4, -9.178621465578066, -2.435847925643594, 7.020059979506344
0.0010182364729458917, 0.3500143841573806, 2.4308605185869344E-4, 2.0094660425879143, 1.7261470627714595E-4, -9.403853937744952, -2.646531117392408, 7.020218597957238
0.0010240480961923846, 0.3520097979804064, 2.444734747092941E-4, 2.0149906829707387, 1.7502481838735135E-4, -9.620871627750017, -2.847909584934603, 7.020377216408131
0.0010298597194388778, 0.35400521180343225, 2.458608975598948E-4, 2.0206206007429515, 1.7745094260755815E-4, -9.82933503307394, -3.039709598290864, 7.020535834859024
0.0010356713426853707, 0.35600062562645807, 2.472483204104955E-4, 2.0263637299125374, 1.7989323110910338E-4, -10.02891660935762, -3.2216697809696697, 7.020694453309918
0.0010414829659318636, 0.3579960394494839, 2.486357432610962E-4, 2.032228036008221, 1.823518479868185E-4, -10.219300963531465, -3.3935412247911882, 7.020853071760811
0.0010472945891783565, 0.3599914532725097, 2.5002316611169687E-4, 2.0382215089457314, 1.8482696934453064E-4, -10.40018503516806, -3.555087594506501, 7.021011690211705
0.0010531062124248495, 0.36198686709553546, 2.5141058896229753E-4, 2.0443521558553686, 1.8731878336980559E-4, -10.57127826619943, -3.706085222354745, 7.021170308662598
0.0010589178356713426, 0.36398228091856133, 2.5279801181289825E-4, 2.050627993876466, 1.8982749039781578E-4, -10.732302759046549, -3.846323192605766, 7.021328927113491
0.0010647294589178357, 0.3659776947415872, 2.5418543466349897E-4, 2.057057042923484, 1.923533029642992E-4, -10.882993423347695, -3.975603416274718, 7.021487545564385
0.0010705410821643284, 0.36797310856461296, 2.5557285751409963E-4, 2.0636473184289774, 1.9489644584750926E-4, -11.023098111342579, -4.093740696083165, 7.021646164015278
0.0010763527054108216, 0.36996852238763883, 2.5696028036470035E-4, 2.0704068240688103, 1.974571560991232E-4, -11.15237774205347, -4.200562781791844, 7.021804782466172
0.0010821643286573145, 0.3719639362106646, 2.58347703215301E-4, 2.0773435444746293, 2.0003568306403715E-4, -11.270606414375148, -4.295910416014828, 7.021963400917065
0.0010879759519038077, 0.37395935003369046, 2.5973512606590173E-4, 2.084465437938505, 2.0263228838903217E-4, -11.377571509187868, -4.379637370664423, 7.022122019367958
0.0010937875751503004, 0.3759547638567163, 2.611225489165024E-4, 2.0917804291155857, 2.0524724602025328E-4, -11.473073780574142, -4.451610474042917, 7.022280637818852
0.0010995991983967935, 0.37795017767974215, 2.625099717671031E-4, 2.0992964017293194, 2.0788084218948942E-4, -11.55692743631099, -4.5117096288246525, 7.022439256269745
0.0011054108216432864, 0.3799461202752658, 2.638973946177038E-4, 2.107055418698466, 2.1054240791455725E-4, -11.628960207693206, -4.55982782092318, 7.022671982937071
0.0011112224448897796, 0.38194210203912277, 2.652848174683045E-4, 2.1150339452451936, 2.1322408903756945E-4, -11.689013408851123, -4.595871119434642, 7.0229101991019105
0.0011170340681362725, 0.3839380838029796, 2.6667224031890515E-4, 2.123237176809356, 2.1592554807475968E-4, -11.73694198562965, -4.619758667719463, 7.02314841526675
0.0011228456913827654, 0.38593406556683657, 2.6805966316950587E-4, 2.1316727607442765, 2.186471216830241E-4, -11.772614554180524, -4.631422665758982, 7.023386631431589
0.0011286573146292583, 0.3879300473306934, 2.6944708602010654E-4, 2.14034826722201, 2.2138915856831964E-4, -11.795913429354279, -4.630808343881248, 7.0236248475964285
0.0011344689378757513, 0.38992602909455026, 2.708345088707072E-4, 2.1492711820646346, 2.241520194046293E-4, -11.806734643009984, -4.617873927957351, 7.023863063761268
0.0011402805611222444, 0.3919220108584072, 2.722219317213079E-4, 2.15844889961458, 2.2693607674180045E-4, -11.804987952393873, -4.5925905962396, 7.024101279926107
0.001146092184368737, 0.39391799262226407, 2.736093545719086E-4, 2.167888715649275, 2.297417149022531E-4, -11.790596838616457, -4.5549424278277515, 7.024339496090946
0.0011519038076152302, 0.395913974386121, 2.749967774225093E-4, 2.1775978203452886, 2.3256932986661744E-4, -11.763498495435146, -4.504926343000526, 7.024577712255786
0.0011577154308617232, 0.3979099561499779, 2.7638420027310996E-4, 2.1875832912970075, 2.3541932914837233E-4, -11.723643808381446, -4.442552035434705, 7.024815928420625
0.0011635270541082163, 0.39990593791383483, 2.777716231237107E-4, 2.197852086595006, 2.3829213165750963E-4, -11.67099732442038, -4.367841896475329, 7.025054144585464
0.0011693386773547094, 0.40190191967769173, 2.791590459743114E-4, 2.2084110379692214, 2.4118816755334615E-4, -11.605537212147881, -4.280830931481869, 7.025292360750304
0.0011751503006012022, 0.4038979014415486, 2.8054646882491206E-4, 2.219266844002092, 2.4410787808650097E-4, -11.527255212783928, -4.181566668497769, 7.025530576915143
0.0011809619238476953, 0.40589388320540554, 2.819338916755128E-4, 2.2304260634165836, 2.4705171543019634E-4, -11.436156581886957, -4.070109059132738, 7.025768793079982
0.0011867735470941882, 0.4078898649692624, 2.8332131452611344E-4, 2.241895108444266, 2.500201425008987E-4, -11.332260022168214, -3.946530372080338, 7.026007009244822
0.0011925851703406814, 0.40988584673311934, 2.8470873737671416E-4, 2.25368023827832, 2.5301363276848904E-4, -11.21559760716232, -3.8109150789613686, 7.026245225409661
0.001198396793587174, 0.4118818284969762, 2.860961602273148E-4, 2.265787552616637, 2.5603267005597767E-4, -11.086214696238619, -3.66335973302793, 7.0264834415745
0.0012042084168336672, 0.4138763913292394, 2.8748358307791554E-4, 2.278205353588216, 2.5907267950135384E-4, -10.94416984083113, -3.5039728405507202, 7.0266866547085876
0.0012100200400801601, 0.41587041361613347, 2.888710059285162E-4, 2.290950112612751, 2.621371853255317E-4, -10.789534681988037, -3.3328747249962767, 7.02687653335477
0.0012158316633266533, 0.41786443590302763, 2.902584287791169E-4, 2.304034097110881, 2.652286123762679E-4, -10.622393839595706, -3.1501973843747555, 7.027066412000951
0.0012216432865731464, 0.4198584581899218, 2.9164585162971764E-4, 2.317462706159998, 2.6834748267938805E-4, -10.442844793063713, -2.9560843414669695, 7.027256290647133
0.001227454909819639, 0.4218524804768158, 2.9303327448031825E-4, 2.3312411485799753, 2.7149432746064676E-4, -10.25099775381715, -2.7506904873396616, 7.027446169293315
0.001233266533066132, 0.42384650276370994, 2.9442069733091896E-4, 2.3453744371195446, 2.7466968688578204E-4, -10.046975529655208, -2.5341819181523526, 7.027636047939497
0.001239078156312625, 0.425840525050604, 2.9580812018151963E-4, 2.3598673827662227, 2.778741097911855E-4, -9.830913381012797, -2.3067357652946616, 7.027825926585678
0.001244889779559118, 0.42783454733749815, 2.9719554303212034E-4, 2.3747245891856084, 2.8110815340527315E-4, -9.602958869337101, -2.068540019067363, 7.028015805231861
0.001250701402805611, 0.4298285696243922, 2.98582965882721E-4, 2.389950447293322, 2.84372383060864E-4, -9.36327169767551, -1.8197933459953421, 7.028205683878042
0.001256513026052104, 0.43182259191128636, 2.999703887333217E-4, 2.4055491299656415, 2.8766737189860807E-4, -9.112023543458305, -1.5607048996992403, 7.028395562524224
0.0012623246492985969, 0.4338166141981804, 3.013578115839224E-4, 2.4215245868921738, 2.9099370056180347E-4, -8.849397883847452, -1.29149412578149, 7.0285854411704065
0.00126813627254509, 0.43581063648507457, 3.027452344345231E-4, 2.437880539576458, 2.943519568826629E-4, -8.575589813457578, -1.012390560406337, 7.028775319816588
0.0012739478957915832, 0.4378046587719687, 3.041326572851238E-4, 2.4546204764869746, 2.977427355603724E-4, -8.290805854867012, -0.7236336230962268, 7.02896519846277
0.0012797595190380759, 0.4397986810588628, 3.055200801357245E-4, 2.4717476483654623, 3.0116663783103024E-4, -7.99526376174303, -0.42547240345455045, 7.0291550771089515
0.001285571142284569, 0.44179270334575693, 3.069075029863252E-4, 2.489265063694824, 3.046242711298206E-4, -7.689192314913251, -0.11816544222241492, 7.029344955755134
0.001291382765531062, 0.44378672563265104, 3.0829492583692587E-4, 2.507175484332026, 3.0811624874549544E-4, -7.372831111454522, 0.19801949332985697, 7.029534834401315
0.001297194388777555, 0.4457807479195452, 3.096823486875266E-4, 2.525481421309699, 3.1164318946759077E-4, -7.046430346724672, 0.5228056397332445, 7.029724713047497
0.001303006012024048, 0.44777617821633103, 3.1106977153812725E-4, 2.544217335145073, 3.1521573502109096E-4, -6.710250589793164, 0.8559074729285556, 7.029973622718692
0.001308817635270541, 0.4497729226556827, 3.1245719438872797E-4, 2.5633835043698383, 3.188341110535099E-4, -6.364562552021331, 1.1970309494299651, 7.0302776280132315
0.001314629258517034, 0.45176966709503436, 3.138446172393287E-4, 2.5829517430100877, 3.22489686982615E-4, -6.009646849200806, 1.545873752623278, 7.030581633307771
0.001320440881763527, 0.45376641153438596, 3.1523204008992935E-4, 2.6029235204626637, 3.2618310231959465E-4, -5.6457937571501216, 1.9021255443283929, 7.030885638602311
0.00132625250501002, 0.4557631559737375, 3.1661946294053E-4, 2.623300036988308, 3.2991500021107775E-4, -5.273302961067131, 2.265468221332431, 7.031189643896851
0.0013320641282565126, 0.4577599004130891, 3.180068857911307E-4, 2.6440822206134857, 3.3368602704741355E-4, -4.892483298486277, 2.635576177056896, 7.031493649191391
0.0013378757515030057, 0.4597566448524408, 3.193943086417314E-4, 2.6652707242287903, 3.374968320654404E-4, -4.503652496348233, 3.0121165678577957, 7.03179765448593
0.0013436873747494987, 0.4617533892917923, 3.2078173149233206E-4, 2.68686592288787, 3.413480669459896E-4, -4.107136901849289, 3.3947495843119992, 7.03210165978047
0.0013494989979959918, 0.463750133731144, 3.221691543429328E-4, 2.708867911311188, 3.452403854064715E-4, -3.703271207603116, 3.7831287269661114, 7.03240566507501
0.001355310621242485, 0.46574687817049565, 3.235565771935335E-4, 2.7312765015974705, 3.4917444278879516E-4, -3.2923981708084757, 4.176901086859652, 7.03270967036955
0.0013611222444889777, 0.46774362260984725, 3.2494400004413415E-4, 2.754091221146558, 3.531508956429532E-4, -2.8748683269971744, 4.5757076302677655, 7.0330136756640895
0.0013669338677354708, 0.46974036704919886, 3.2633142289473487E-4, 2.7773113107968275, 3.5717040130656396E-4, -2.451039697983925, 4.97918348805748, 7.033317680958629
0.0013727454909819637, 0.47173711148855046, 3.2771884574533554E-4, 2.8009357231814516, 3.612336174807394E-4, -2.021277494626702, 5.386958249040489, 7.033621686253169
0.0013785571142284569, 0.4737338559279021, 3.2910626859593625E-4, 2.8249631213054727, 3.65341201802507E-4, -1.5859538140702012, 5.798656257686629, 7.033925691547709
0.0013843687374749498, 0.4757306003672537, 3.304936914465369E-4, 2.849391877347447, 3.694938114142176E-4, -1.1454473318969483, 6.2138969157713895, 7.034229696842249
0.0013901803607214427, 0.47772734480660534, 3.3188111429713763E-4, 2.8742200716894892, 3.7369210253019344E-4, -0.7001429890847318, 6.6322949880858735, 7.034533702136788
0.0013959919839679356, 0.47972408924595694, 3.332685371477383E-4, 2.899445492176847, 3.7793673000099937E-4, -0.2504316741418181, 7.053460911809379, 7.034837707431328
0.0014018036072144288, 0.48172042280590993, 3.34655959998339E-4, 2.9250565849082815, 3.822253186730486E-4, 0.20329009985590818, 7.477001109898317, 7.035126318047622
0.001407615230460922, 0.48371584330053247, 3.3604338284893973E-4, 2.9510393304076477, 3.865547109599878E-4, 0.6606205227497743, 7.9025183078776, 7.035380718267816
0.0014134268537074146, 0.485711263795155, 3.374308056995404E-4, 2.9774106600387196, 3.9093222707076505E-4, 1.1211528195770417, 8.329611854311219, 7.035635118488009
0.0014192384769539078, 0.48770668428977754, 3.388182285501411E-4, 3.0041671887562575, 3.953585109624545E-4, 1.5844755873745784, 8.757878044767226, 7.035889518708203
0.0014250501002004005, 0.48970210478439996, 3.402056514007417E-4, 3.031305238836506, 3.998342030256584E-4, 2.0501731362593745, 9.186910448933101, 7.036143918928396
0.0014308617234468936, 0.49169752527902255, 3.4159307425134244E-4, 3.0588208405793402, 4.043599396418028E-4, 2.5178258350278204, 9.61630024124951, 7.036398319148589
0.0014366733466933865, 0.49369294577364503, 3.429804971019431E-4, 3.0867097332580933, 4.0893635274049744E-4, 2.9870104607009806, 10.045636534397444, 7.0366527193687824
0.0014424849699398795, 0.4956883662682676, 3.443679199525438E-4, 3.1149673663210606, 4.135640693574207E-4, 3.457300552434573, 10.474506716171984, 7.036907119588975
0.0014482965931863724, 0.4976837867628901, 3.457553428031445E-4, 3.1435889008464137, 4.182437111930115E-4, 3.928266769057195, 10.902496788929513, 7.037161519809169
0.0014541082164328655, 0.4996792072575127, 3.471427656537452E-4, 3.172569211252103, 4.229758941724179E-4, 4.39947725076039, 11.329191712180597, 7.037415920029362
0.0014599198396793587, 0.5016746277521352, 3.485301885043459E-4, 3.2019028872622215, 4.2776122800706096E-4, 4.870497984348625, 11.754175747795577, 7.037670320249556
0.0014657314629258514, 0.5036700482467578, 3.499176113549466E-4, 3.2315842361335605, 4.326003157582055E-4, 5.3408931721587, 12.177032807854227, 7.037924720469749
0.0014715430861723445, 0.5056654687413803, 3.513050342055473E-4, 3.261607285141203, 4.374937534029114E-4, 5.810225604515745, 12.597346805074006, 7.038179120689943
0.0014773547094188374, 0.5076608892360028, 3.5269245705614796E-4, 3.291965784327214, 4.4244212940283017E-4, 6.278057035559822, 13.014702005699025, 7.038433520910136
0.0014831663326653306, 0.5096563097306254, 3.540798799067487E-4, 3.322653209512115, 4.4744602427609676E-4, 6.743948562314575, 13.42868338463166, 7.038687921130329
0.0014889779559118235, 0.5116517302252479, 3.5546730275734935E-4, 3.35366276557167, 4.525060101728558E-4, 7.207461007079823, 13.838876982999482, 7.038942321350523
0.0014947895791583164, 0.5136471507198704, 3.5685472560795006E-4, 3.384987389979578, 4.576226504548282E-4, 7.66815530264975, 14.244870267635083, 7.039196721570716
0.0015006012024048096, 0.515642137207299, 3.582421484585508E-4, 3.4166217376660732, 4.6279720897475095E-4, 8.125592880649556, 14.646252492750028, 7.039454266413488
0.0015064128256513025, 0.5176333622990462, 3.5962957130915144E-4, 3.448573494509347, 4.680357306072495E-4, 8.579336062744135, 15.04261506362959, 7.03973906465194
0.0015122244488977956, 0.5196245873907935, 3.6101699415975216E-4, 3.480817718443454, 4.733326478351572E-4, 9.02894845430185, 15.43355190186406, 7.040023862890392
0.001518036072144288, 0.5216158124825406, 3.6240441701035277E-4, 3.513346318145082, 4.786884853974593E-4, 9.473995341016296, 15.818659812724782, 7.040308661128844
0.0015238476953907812, 0.523607037574288, 3.637918398609535E-4, 3.5461509566229736, 4.8410375721637494E-4, 9.91404408765767, 16.197538853791748, 7.040593459367296
0.0015296593186372742, 0.525598262666035, 3.6517926271155415E-4, 3.579223056374648, 4.895789660093143E-4, 10.34866453956378, 16.569792705493924, 7.040878257605748
0.0015354709418837673, 0.5275894877577824, 3.6656668556215487E-4, 3.6125538048121832, 4.951146029077234E-4, 10.777429426068752, 16.935029042779224, 7.0411630558441995
0.0015412825651302605, 0.5295807128495297, 3.679541084127556E-4, 3.6461341599609653, 5.0071114708306E-4, 11.199914766358754, 17.29285990838276, 7.0414478540826515
0.0015470941883767532, 0.5315719379412769, 3.6934153126335625E-4, 3.6799548564275852, 5.063690653806059E-4, 11.615700277125153, 17.642902087115214, 7.041732652321103
0.0015529058116232463, 0.5335631630330241, 3.7072895411395697E-4, 3.7140064116393816, 5.120888119612419E-4, 12.024369782321834, 17.984777481474403, 7.0420174505595545
0.0015587174348697392, 0.5355543881247713, 3.7211637696455763E-4, 3.748279132354142, 5.178708279517878E-4, 12.425511624689713, 18.318113488245952, 7.0423022487980065
0.0015645290581162324, 0.5375456132165186, 3.7350379981515835E-4, 3.7827631214405244, 5.237155411042642E-4, 12.818719078842287, 18.642543375923772, 7.042587047036458
0.0015703406813627253, 0.5395368383082658, 3.74891222665759E-4, 3.81744828492657, 5.296233654644115E-4, 13.203590766231, 18.957706663258776, 7.04287184527491
0.0015761523046092182, 0.541528063400013, 3.7627864551635973E-4, 3.8523243393194946, 5.355947010500513E-4, 13.579731071297832, 19.26324949828238, 7.043156643513362
0.0015819639278557111, 0.5435192884917602, 3.776660683669604E-4, 3.8873808191897368, 5.416299335395895E-4, 13.946750559066013, 19.558825038037124, 7.043441441751814
0.0015877755511022043, 0.5455105135835076, 3.790534912175611E-4, 3.922607085026982, 5.477294339709779E-4, 14.304266394103195, 19.844093828999537, 7.043726239990266
0.0015935871743486974, 0.5475017386752548, 3.8044091406816183E-4, 3.957992331356593, 5.538935584518832E-4, 14.651902760477045, 20.118724187799227, 7.044011038228718
0.0015993987975951901, 0.549492963767002, 3.818283369187625E-4, 3.9935255951250994, 5.601226478810315E-4, 14.98929128276991, 20.382392582307393, 7.04429583646717
0.0016052104208416833, 0.551486629903283, 3.832157597693632E-4, 4.029271146122362, 5.664459151660801E-4, 15.316071447975455, 20.634784012992977, 7.044692329618082
0.0016110220440881762, 0.5534805776985486, 3.846031826199639E-4, 4.0651516415553886, 5.728385650339467E-4, 15.631891028316266, 20.875592394503457, 7.045101710643507
0.001616833667334669, 0.5554745254938143, 3.8599060547056454E-4, 4.101147033185143, 5.792975851249909E-4, 15.936406504516716, 21.10452093710056, 7.045511091668933
0.001622645290581162, 0.5574684732890798, 3.873780283211652E-4, 4.137245816894293, 5.858232556331493E-4, 16.229283489932072, 21.321282528343673, 7.045920472694359
0.001628456913827655, 0.5594624210843455, 3.887654511717659E-4, 4.173436376815758, 5.92415840336832E-4, 16.51019715474663, 21.525600114178324, 7.046329853719785
0.0016342685370741479, 0.5614563688796111, 3.901528740223666E-4, 4.209706995267254, 5.9907558639738E-4, 16.778832650967612, 21.71720708031416, 7.0467392347452105
0.001640080160320641, 0.5634503166748768, 3.915402968729673E-4, 4.246045862936995, 6.058027241714692E-4, 17.03488553727429, 21.895847632823383, 7.047148615770636
0.0016458917835671342, 0.5654442644701425, 3.92927719723568E-4, 4.28244108931753, 6.125974670383861E-4, 17.2780622041276, 22.061277178426256, 7.047557996796062
0.001651703406813627, 0.567438212265408, 3.943151425741687E-4, 4.318880713384999, 6.194600112421796E-4, 17.50808029895071, 22.21326270436264, 7.047967377821487
0.00165751503006012, 0.5694321600606738, 3.957025654247694E-4, 4.355352714521857, 6.26390535749157E-4, 17.724669151036718, 22.35158315738294, 7.048376758846913
0.001663326653306613, 0.5714261078559394, 3.9708998827537006E-4, 4.391845023677973, 6.333892021212792E-4, 17.92757019632349, 22.47602982212654, 7.048786139872338
0.001669138276553106, 0.573420055651205, 3.984774111259708E-4, 4.428345534768326, 6.404561544055224E-4, 18.11653740189134, 22.586406698694418, 7.049195520897764
0.001674949899799599, 0.5754140034464706, 3.9986483397657144E-4, 4.464842116304041, 6.475915190398609E-4, 18.291337689879725, 22.682530879165675, 7.04960490192319
0.001680761523046092, 0.5774079512417364, 4.0125225682717216E-4, 4.50132262325225, 6.547954047761758E-4, 18.451751360858246, 22.764232923056912, 7.050014282948616
0.001686573146292585, 0.579401899037002, 4.026396796777729E-4, 4.537774909119847, 6.620679026201836E-4, 18.597572516667555, 22.83135723181508, 7.050423663974041
0.001692384769539078, 0.5813958468322676, 4.0402710252837354E-4, 4.574186838260573, 6.69409085789214E-4, 18.728609482251713, 22.883762421827267, 7.050833044999467
0.0016981963927855711, 0.5833897946275333, 4.0541452537897426E-4, 4.610546298397722, 6.768190096878178E-4, 18.84468522677096, 22.921321696290313, 7.051242426024893
0.001704008016032064, 0.5853791446634833, 4.068019482295749E-4, 4.646882708695685, 6.843145922847968E-4, 18.945637783532067, 22.94392321542067, 7.0517096111358555
0.001709819639278557, 0.5873664257077412, 4.0818937108017564E-4, 4.683161579385683, 6.918868570603143E-4, 19.031320668957218, 22.95147046538935, 7.05220280808531
0.0017156312625250497, 0.589353706751999, 4.0957679393077625E-4, 4.719352338867608, 6.995282643757613E-4, 19.101603300203774, 22.94388262539545, 7.052696005034765
0.0017214428857715428, 0.591340987796257, 4.1096421678137697E-4, 4.755443097917066, 7.072388003501366E-4, 19.15637141137544, 22.921094933013013, 7.053189201984219
0.001727254509018036, 0.593328268840515, 4.123516396319777E-4, 4.791422056391212, 7.150184334496325E-4, 19.195527468443334, 22.88305904787818, 7.053682398933673
0.0017330661322645287, 0.595315549884773, 4.1373906248257835E-4, 4.8272775169521935, 7.228671145781025E-4, 19.21899108233132, 22.82974341315307, 7.054175595883128
0.0017388777555110218, 0.5973028309290309, 4.1512648533317906E-4, 4.8629978989803675, 7.307847771873908E-4, 19.226699420659315, 22.761133615328728, 7.054668792832582
0.0017446893787575147, 0.5992901119732889, 4.1651390818377973E-4, 4.8985717526543056, 7.387713374086098E-4, 19.218607617257508, 22.677232741441, 7.055161989782036
0.0017505010020040079, 0.6012773930175468, 4.1790133103438045E-4, 4.933987773210774, 7.468266942038879E-4, 19.194689180016685, 22.578061734361327, 7.0556551867314905
0.0017563126252505008, 0.6032646740618047, 4.192887538849811E-4, 4.9692348153625545, 7.549507295393533E-4, 19.154936396670838, 22.463659745632658, 7.056148383680945
0.0017621242484969937, 0.6052519551060627, 4.206761767355818E-4, 5.004301907877235, 7.631433085794779E-4, 19.099360738459694, 22.3340844859753, 7.0566415806304
0.0017679358717434866, 0.6072392361503206, 4.220635995861825E-4, 5.039178268306628, 7.714042799029687E-4, 19.027993261377812, 22.18941257310958, 7.057134777579853
0.0017737474949899798, 0.6092265171945785, 4.234510224367832E-4, 5.073853317860795, 7.797334757406148E-4, 18.940885005169296, 22.029739876964296, 7.057627974529308
0.001779559118236473, 0.6112137982388366, 4.248384452873839E-4, 5.1083166964211415, 7.881307122351239E-4, 18.838107389734787, 21.855181862142942, 7.058121171478763
0.0017853707414829658, 0.6132010792830944, 4.262258681379846E-4, 5.142558277680379, 7.965957897234192E-4, 18.719752609235496, 21.66587392786521, 7.058614368428216
0.0017911823647294588, 0.6151883603273525, 4.276132909885853E-4, 5.176568184412204, 8.051284930415178E-4, 18.585934023022816, 21.461971744447336, 7.059107565377671
0.0017969939879759517, 0.6171756413716103, 4.2900071383918597E-4, 5.210336803846218, 8.137285918519638E-4, 18.436786543964985, 21.243651586985575, 7.0596007623271255
0.0018028056112224448, 0.6191659089922377, 4.303881366897867E-4, 5.243829128521099, 8.223847909333516E-4, 18.27246702402789, 21.01111066618086, 7.060060234213284
0.0018086172344689375, 0.6211593765161177, 4.317755595403873E-4, 5.277034022765946, 8.310958177807177E-4, 18.09315463639482, 20.764567455425045, 7.060483572103055
0.0018144288577154305, 0.6231528440399979, 4.33162982390988E-4, 5.309970176683322, 8.398731588046583E-4, 17.899051254730814, 20.504262014940696, 7.060906909992827
0.0018202404809619234, 0.625146311563878, 4.345504052415887E-4, 5.342629191042732, 8.487165251684151E-4, 17.69038182910118, 20.230456312376678, 7.061330247882598
0.0018260521042084165, 0.6271397790877582, 4.359378280921894E-4, 5.375003009427559, 8.576256148470664E-4, 17.46739475830511, 19.943434539736007, 7.061753585772369
0.0018318637274549097, 0.6291332466116385, 4.373252509427901E-4, 5.407083934132686, 8.666001130957154E-4, 17.230362258984375, 19.643503426892657, 7.062176923662141
0.0018376753507014026, 0.6311267141355186, 4.387126737933908E-4, 5.4388646421231215, 8.756396929413528E-4, 16.979580730959498, 19.330992551302668, 7.0626002615519115
0.0018434869739478955, 0.6331201816593988, 4.401000966439915E-4, 5.47033820103394, 8.84744015698772E-4, 16.71537111872578, 19.006254643708253, 7.063023599441682
0.0018492985971943884, 0.635113649183279, 4.4148751949459216E-4, 5.501498085212944, 8.939127315106231E-4, 16.43807926937009, 18.669665890246506, 7.063446937331453
0.0018551102204408816, 0.6371071167071591, 4.428749423451929E-4, 5.532338191784589, 9.03145479911804E-4, 16.148076286277036, 18.321626230237083, 7.063870275221225
0.0018609218436873745, 0.6391005842310392, 4.4426236519579354E-4, 5.562852856731723, 9.124418904179026E-4, 15.845758878893069, 17.962559650012118, 7.064293613110996
0.0018667334669338674, 0.6410940517549194, 4.4564978804639426E-4, 5.59303687098685, 9.218015831381227E-4, 15.53154970830467, 17.592914472497732, 7.064716951000767
0.0018725450901803606, 0.6430875192787996, 4.4703721089699497E-4, 5.622885496513419, 9.312241694126571E-4, 15.205897728464, 17.21316364241284, 7.065140288890539
0.0018783567134268535, 0.6450809868026798, 4.4842463374759564E-4, 5.652394482378668, 9.407092524742373E-4, 14.86927852284674, 16.823805006938912, 7.0655636267803095
0.0018841683366733466, 0.64707445432656, 4.4981205659819635E-4, 5.6815600807926785, 9.502564281341063E-4, 14.522194636986875, 16.425361592207903, 7.06598696467008
0.0018899799599198395, 0.64906792185044, 4.51199479448797E-4, 5.710379063115312, 9.598652854927742E-4, 14.165175906156076, 16.018381875004557, 7.066410302559851
0.0018957915831663325, 0.6510613893743202, 4.5258690229939773E-4, 5.738848735811274, 9.695354076747452E-4, 13.79877977792856, 15.603440049347949, 7.066833640449623
0.0019016032064128254, 0.6530528328477839, 4.539743251499984E-4, 5.766999452710991, 9.792811251037124E-4, 13.423591630598159, 15.18113628900982, 7.067297363966615
0.0019074148296593183, 0.6550389631889044, 4.5536174800059906E-4, 5.794882925207645, 9.891264114240093E-4, 13.040225086018019, 14.752097004494463, 7.067867099755064
0.0019132264529058115, 0.657025093530025, 4.567491708511998E-4, 5.822413130134407, 9.990323561530224E-4, 12.649322317611524, 14.316975095254504, 7.068436835543514
0.0019190380761523044, 0.6590112238711455, 4.5813659370180044E-4, 5.849589672828586, 0.0010089985296218556, 12.251554353120152, 13.876450196749254, 7.069006571331962
0.0019248496993987973, 0.6609973542122661, 4.5952401655240116E-4, 5.876412772348516, 0.0010190245002249364, 11.847621372078715, 13.431228922349874, 7.069576307120411
0.0019306613226452902, 0.6629834845533866, 4.609114394030018E-4, 5.902883276869915, 0.0010291098352998174, 11.438252997749425, 12.982045099753469, 7.070146042908861
0.0019364729458917834, 0.6649696148945072, 4.6229886225360254E-4, 5.929002678952884, 0.001039254102029966, 11.024208583653833, 12.529660002248198, 7.070715778697309
0.0019422845691382763, 0.6669557452356277, 4.636862851042032E-4, 5.954773130654019, 0.0010494568683718612, 10.60627749420547, 12.074862574045754, 7.0712855144857585
0.0019480961923847692, 0.6689418755767483, 4.650737079548039E-4, 5.980197458473185, 0.001059717704005144, 10.18527937998607, 11.618469650629736, 7.071855250274208
0.001953907815631262, 0.6709280059178688, 4.664611308054046E-4, 6.005279178121384, 0.0010700361813054792, 9.762064446652019, 11.16132617269912, 7.072424986062656
0.0019597194388777553, 0.6729141362589894, 4.678485536560053E-4, 6.03002250909509, 0.0010804118763409198, 9.337513718072923, 10.704305394697952, 7.072994721851106
0.0019655310621242484, 0.67490026660011, 4.69235976506606E-4, 6.054432389040585, 0.0010908443698905892, 8.91253929366234, 10.248309087618992, 7.073564457639555
0.001971342685370741, 0.6768863969412305, 4.706233993572067E-4, 6.078514487897337, 0.0011013332484854678, 8.488084598580569, 9.79426773498572, 7.074134193428003
0.0019771543086172343, 0.6788725272823511, 4.720108222078074E-4, 6.10227522179855, 0.0011118781054719924, 8.065124628967732, 9.343140724008222, 7.074703929216453
0.0019829659318637274, 0.6808586576234716, 4.7339824505840806E-4, 6.125721766720233, 0.0011224785420962044, 7.644666189111746, 8.895916528996425, 7.075273665004902
0.00198877755511022, 0.6828447879645922, 4.747856679090088E-4, 6.14886207186089, 0.0011331341686104945, 7.227748123600847, 8.453612889973781, 7.07584340079335
0.0019945891783567133, 0.6848309183057127, 4.7617309075960945E-4, 6.171704872730572, 0.0011438446054004119, 6.815441541622462, 8.017276983679224, 7.0764131365818
0.0020004008016032064, 0.6868177722997068, 4.7756051361021016E-4, 6.194210379409469, 0.0011545859286833174, 6.408850035132292, 7.587985588805288, 7.076924759890145
0.002006212424849699, 0.6888143956074915, 4.7894793646081077E-4, 6.215770128120596, 0.0011650611995199615, 6.009109889906915, 7.166845244374699, 7.076651864717083
0.0020120240480961922, 0.6908110189152763, 4.803353593114115E-4, 6.237059207030086, 0.0011755861981321454, 5.617390289377036, 6.75499240112635, 7.076378969544022
0.002017835671342685, 0.6928076422230611, 4.817227821620122E-4, 6.258089620978581, 0.0011861605793117465, 5.234893511908092, 6.35359356687654, 7.07610607437096
0.002023647294589178, 0.6948042655308458, 4.8311020501261287E-4, 6.278874221700789, 0.0011967840139169537, 4.862855120181464, 5.963845444146966, 7.075833179197899
0.0020294589178356712, 0.6968008888386308, 4.844976278632136E-4, 6.2994267188386175, 0.0012074561901167687, 4.502544143491602, 5.5869750610842965, 7.075560284024838
0.002035270541082164, 0.6987975121464155, 4.8588505071381425E-4, 6.319761690562359, 0.0012181768146522082, 4.155263252759027, 5.224239895575103, 7.075287388851776
0.002041082164328657, 0.7007941354542003, 4.8727247356441497E-4, 6.339894593747374, 0.0012289456141156528, 3.8223489278192013, 4.876927991924495, 7.075014493678714
0.00204689378757515, 0.7027907587619852, 4.886598964150157E-4, 6.35984177372643, 0.0012397623362459254, 3.5051716164996365, 4.546358069712376, 7.0747415985056525
0.0020527054108216434, 0.70478738206977, 4.900473192656164E-4, 6.3796204735623405, 0.001250626751239877, 3.2051358870852864, 4.233879626537206, 7.074468703332592
0.0020585170340681365, 0.7067840053775549, 4.914347421162171E-4, 6.399248842846134, 0.001261538653078903, 2.9236805715359444, 3.940873031831939, 7.07419580815953
0.002064328657314629, 0.7087806286853395, 4.928221649668177E-4, 6.418745945995738, 0.001272497860869904, 2.662278901450001, 3.668749613929397, 7.073922912986468
0.002070140280561122, 0.7107772519931244, 4.942095878174184E-4, 6.438131770021869, 0.0012835042202005396, 2.422438635993582, 3.4189517395772344, 7.073650017813407
0.002075951903807615, 0.7127738753009093, 4.955970106680192E-4, 6.457427231765735, 0.0012945576045070434, 2.2057021806883537, 3.192952884694451, 7.073377122640346
0.002081763527054108, 0.7147704986086941, 4.969844335186199E-4, 6.47665418456063, 0.001305657916455094, 2.0136466989685524, 2.992257698406549, 7.073104227467284
0.002087575150300601, 0.7167671219164788, 4.983718563692205E-4, 6.495835424324071, 0.0013168050893312237, 1.8478842142176122, 2.8184020581132616, 7.072831332294223
0.002093386773547094, 0.7187637452242637, 4.997592792198212E-4, 6.514994695028918, 0.00132799908844565, 1.7100617040044743, 2.672953117232644, 7.072558437121161
0.002099198396793587, 0.7207603685320485, 5.011467020704219E-4, 6.534156693559453, 0.001339239912544924, 1.6018611851061746, 2.557509344194236, 7.0722855419481
0.00210501002004008, 0.722749806386703, 5.025341249210225E-4, 6.553909926170263, 0.0013508104476957772, 1.5249997898976926, 2.473700553450627, 7.072643650036705
0.002110821643286573, 0.724738094568857, 5.039215477716233E-4, 6.573811600264548, 0.0013624765620993823, 1.4812298335528462, 2.423187927742569, 7.073102718647176
0.002116633266533066, 0.726726382751011, 5.05308970622224E-4, 6.593799488920467, 0.0013741933730033531, 1.472338872877218, 2.4076640326616983, 7.073561787257648
0.002122444889779559, 0.7287146709331649, 5.066963934728247E-4, 6.613902136206775, 0.0013859610424838825, 1.5001497547711269, 2.428852821360277, 7.0740208558681195
0.0021282565130260516, 0.7307029591153187, 5.080838163234253E-4, 6.634149053207807, 0.001397779773231321, 1.5665206570122783, 2.488509632195643, 7.074479924478591
0.0021340681362725447, 0.7326912472974726, 5.09471239174026E-4, 6.654570718651598, 0.0014096498100019117, 1.6733451179027148, 2.5884211758061, 7.074938993089063
0.002139879759519038, 0.7346795354796265, 5.108586620246267E-4, 6.675198578751065, 0.0014215714410714814, 1.822552057709708, 2.730405514700963, 7.075398061699534
0.002145691382765531, 0.7366678236617804, 5.122460848752275E-4, 6.6960650462401645, 0.0014335449996909985, 2.0161057900833774, 2.916312033381746, 7.0758571303100055
0.002151503006012024, 0.7386561118439344, 5.136335077258282E-4, 6.717203498574236, 0.0014455708655432553, 2.2560060233710306, 3.1480213990306654, 7.076316198920478
0.002157314629258517, 0.7406444000260881, 5.150209305764288E-4, 6.738648275272226, 0.0014576494661974124, 2.544287852712073, 3.4274455136777573, 7.076775267530949
0.00216312625250501, 0.7426326882082421, 5.164083534270295E-4, 6.7604346743743235, 0.0014697812785632869, 2.8830217416677177, 3.756527456480644, 7.07723433614142
0.0021689378757515027, 0.7446209763903959, 5.177957762776301E-4, 6.782598947992938, 0.0014819668303408806, 3.2743134941169583, 4.137241417166921, 7.077693404751892
0.0021747494989979954, 0.7466092645725498, 5.191831991282308E-4, 6.8051782969317856, 0.0014942067014664384, 3.720304215496859, 4.571592619270194, 7.078152473362364
0.0021805611222444885, 0.7485975527547037, 5.205706219788315E-4, 6.828210864333755, 0.0015065015255519565, 4.223170264655788, 5.061617234898173, 7.078611541972835
0.0021863727454909817, 0.7505858409368577, 5.219580448294323E-4, 6.851735728357767, 0.0015188519913168774, 4.7851231938090075, 5.609382288266049, 7.079070610583306
0.0021921843687374744, 0.7525741291190114, 5.233454676800329E-4, 6.875792893830635, 0.0015312588440126937, 5.408409679869155, 6.216985551362293, 7.0795296791937785
0.0021979959919839675, 0.7545624173011654, 5.247328905306336E-4, 6.900423282863812, 0.0015437228868347488, 6.095311443288571, 6.88655542785376, 7.07998874780425
0.0022038076152304607, 0.7565444306001252, 5.261203133812343E-4, 6.925802019671323, 0.0015563151116742766, 6.848145157308848, 7.620250828269871, 7.0805902220078005
0.002209619238476954, 0.7585231413289828, 5.27507736231835E-4, 6.9519096307871, 0.0015690041868548776, 7.66926234614708, 8.42026103481007, 7.081266646523498
0.0022154308617234465, 0.7605018520578403, 5.288951590824356E-4, 6.978719764392281, 0.0015817543928919597, 8.561049271733983, 9.288805555579934, 7.081943071039197
0.00222124248496994, 0.762480562786698, 5.302825819330365E-4, 7.0062768966366775, 0.0015945667836496438, 9.525926809899232, 10.228133969037199, 7.082619495554894
0.0022270541082164324, 0.7644592735155554, 5.316700047836371E-4, 7.0346263574510886, 0.0016074424777961782, 10.566350315154388, 11.240525757998018, 7.083295920070592
0.0022328657314629255, 0.766437984244413, 5.330574276342378E-4, 7.063814314332717, 0.0016203826601224047, 11.684809474012507, 12.328290132785462, 7.083972344586289
0.0022386773547094186, 0.7684166949732706, 5.344448504848385E-4, 7.093887754893672, 0.0016333885828372086, 12.883828146958697, 13.493765844194018, 7.084648769101988
0.0022444889779559118, 0.7703954057021283, 5.358322733354392E-4, 7.124894468134926, 0.0016464615668406596, 14.165964199174502, 14.739320985817658, 7.0853251936176855
0.0022503006012024045, 0.7723741164309856, 5.372196961860398E-4, 7.156883024420949, 0.0016596030029706055, 15.533809319143673, 16.06735278535402, 7.086001618133383
0.002256112224448897, 0.7743528271598431, 5.386071190366404E-4, 7.189902754133186, 0.0016728143532225848, 16.98998882552032, 17.480287384905015, 7.086678042649081
0.0022619238476953908, 0.7763315378887009, 5.399945418872413E-4, 7.224003724944396, 0.001686097151939181, 18.537161462617526, 18.98057961097893, 7.087354467164779
0.0022677354709418835, 0.7783102486175584, 5.413819647378419E-4, 7.259236717717613, 0.0016994530069704972, 20.178019183449752, 20.570712732836476, 7.088030891680477
0.0022735470941883766, 0.780288959346416, 5.427693875884426E-4, 7.295653200976858, 0.0017128836007966608, 21.9152869203747, 22.2531982094897, 7.0887073161961744
0.002279358717434869, 0.7822676700752734, 5.441568104390432E-4, 7.333305303912994, 0.0017263906916205884, 23.75172234465664, 24.030575426503006, 7.089383740711872
0.0022851703406813625, 0.7842463808041311, 5.45544233289644E-4, 7.372245787910288, 0.0017399761144175213, 25.690115612120564, 25.90541141996302, 7.0900601652275705
0.002290981963927855, 0.7862250915329886, 5.469316561402446E-4, 7.412528016546048, 0.0017536417819487005, 27.733289097685915, 27.880300590194725, 7.090736589743268
0.0022967935871743483, 0.7882038022618462, 5.483190789908454E-4, 7.454205924040707, 0.0017673896857309523, 29.884097116554948, 29.957864403207203, 7.091413014258966
0.0023026052104208414, 0.790177112095737, 5.497065018414461E-4, 7.497476355275012, 0.0017813001604130851, 32.14542563319109, 32.14075108096267, 7.092234538810126
0.0023084168336673346, 0.7921437746742842, 5.510939246920468E-4, 7.54242841000837, 0.0017953947565963052, 34.520191956959614, 34.43163527930846, 7.093234648020316
0.0023142284569138273, 0.7941104372528311, 5.524813475426474E-4, 7.588942785262361, 0.0018095798993936207, 37.01134442576776, 36.83321775492437, 7.094234757230506
0.0023200400801603204, 0.7960770998313783, 5.538687703932481E-4, 7.637075351172371, 0.0018238579120667953, 39.621862075231945, 39.348225018973395, 7.095234866440697
0.0023258517034068136, 0.7980437624099254, 5.552561932438488E-4, 7.686882366258942, 0.0018382312007746981, 42.35475429655682, 41.979408980359786, 7.096234975650887
0.0023316633266533067, 0.8000104249884725, 5.566436160944495E-4, 7.738420435799981, 0.0018527022552404654, 45.21306047948422, 44.72954657534404, 7.097235084861078
0.002337474949899799, 0.8019770875670195, 5.580310389450502E-4, 7.791746468455585, 0.0018672736493595132, 48.19984964269298, 47.601439385470506, 7.098235194071267
0.0023432865731462926, 0.8039437501455667, 5.59418461795651E-4, 7.846917631017277, 0.0018819480417443524, 51.3182200512383, 50.597913244007835, 7.099235303281458
0.0023490981963927853, 0.8059104127241138, 5.608058846462516E-4, 7.903991301326414, 0.0018967281762060778, 54.57129881924749, 53.72181782839809, 7.1002354124916485
0.002354909819639278, 0.8078770753026607, 5.621933074968522E-4, 7.963025019253109, 0.0019116168821684543, 57.96224149913722, 56.97602624053649, 7.101235521701839
0.002360721442885771, 0.8098437378812079, 5.635807303474529E-4, 8.024076435742472, 0.001926617075009171, 61.49423165842634, 60.36343457592346, 7.10223563091203
0.0023665330661322643, 0.8118104004597549, 5.649681531980536E-4, 8.087203259889975, 0.0019417317563325265, 65.17048044058613, 63.88696147782175, 7.103235740122219
0.0023723446893787574, 0.8137770630383021, 5.663555760486544E-4, 8.152463203965226, 0.001956964014160706, 68.99422611332632, 67.5495476801485, 7.10423584933241
0.00237815631262525, 0.815743725616849, 5.67742998899255E-4, 8.219913926410527, 0.001972317023049966, 72.9687336019089, 71.35415553653773, 7.1052359585426
0.0023839679358717437, 0.8177103881953963, 5.691304217498558E-4, 8.28961297271917, 0.0019877940441228037, 77.0972940086253, 75.3037685369528, 7.106236067752791
0.002389779559118236, 0.8196770507739434, 5.705178446004564E-4, 8.36161771417278, 0.002003398425015318, 81.38322411833006, 79.40139081129823, 7.107236176962981
0.002395591182364729, 0.8216437133524904, 5.719052674510571E-4, 8.43598528442999, 0.002019133599734449, 85.82986588756245, 83.65004661802688, 7.108236286173171
0.002401402805611222, 0.8236068294891041, 5.732926903016577E-4, 8.512918990112894, 0.0020350870621953787, 90.44058592223126, 88.05277982274274, 7.109378845819212
0.0024072144288577154, 0.8255587996653565, 5.746801131522586E-4, 8.592791266327595, 0.0020514446131157382, 95.21877493717341, 92.61265335953391, 7.110969106835072
0.002413026052104208, 0.8275107698416087, 5.760675360028592E-4, 8.675199061639432, 0.0020679474138214637, 100.16784720353651, 97.3327486817942, 7.112559367850931
0.002418837675350701, 0.8294627400178608, 5.774549588534599E-4, 8.76019788318581, 0.0020845992565174526, 105.29123997955139, 102.21616519748356, 7.114149628866791
0.002424649298597194, 0.8314147101941128, 5.788423817040605E-4, 8.847842649231097, 0.0021014040176492166, 110.5924129276812, 107.26601969238267, 7.11573988988265
0.0024304609218436875, 0.8333666803703652, 5.802298045546613E-4, 8.93818761177863, 0.0021183656571616694, 116.07484751473343, 112.4854457371656, 7.117330150898509
0.00243627254509018, 0.8353186505466172, 5.816172274052619E-4, 9.03128627675801, 0.0021354882176435885, 121.7420463985012, 117.87759308287357, 7.1189204119143685
0.002442084168336673, 0.8372706207228695, 5.830046502558626E-4, 9.127191321687405, 0.0021527758233565453, 127.59753279793883, 123.44562704087168, 7.120510672930227
0.002447895791583166, 0.8392225908991218, 5.843920731064634E-4, 9.225954510758584, 0.0021702326791442073, 133.64484984831972, 129.19272784936854, 7.122100933946086
0.0024537074148296588, 0.8411745610753738, 5.85779495957064E-4, 9.327626607373077, 0.0021878630692159506, 139.88755994071366, 135.12209002564666, 7.123691194961946
0.002459519038076152, 0.843126531251626, 5.871669188076647E-4, 9.432257283971012, 0.002205671355807959, 146.32924404492243, 141.23692170293023, 7.125281455977805
0.0024653306613226446, 0.8450785014278781, 5.885543416582653E-4, 9.539895029227864, 0.0022236619777062094, 152.9735010182129, 147.540443954822, 7.126871716993664
0.002471142284569138, 0.8470304716041305, 5.899417645088661E-4, 9.650587052493393, 0.0022418394486382054, 159.82394689660936, 154.03589010344754, 7.128461978009524
0.002476953907815631, 0.8489824417803825, 5.913291873594667E-4, 9.764379185427515, 0.002260208355524179, 166.88421417043674, 160.72650501329895, 7.130052239025383
0.002482765531062124, 0.8509344119566347, 5.927166102100674E-4, 9.88131578085904, 0.0022787733565841073, 174.15795104433553, 167.6155443712592, 7.131642500041242
0.002488577154308617, 0.8528863821328869, 5.941040330606682E-4, 10.001439608741293, 0.0022975391792977584, 181.64882067995018, 174.7062739503391, 7.133232761057101
0.0024943887775551103, 0.8548383523091392, 5.954914559112689E-4, 10.124791749190535, 0.0023165106182098383, 189.360500423775, 182.0019688606833, 7.13482302207296
0.0025002004008016026, 0.8567886619565994, 5.968788787618695E-4, 10.251439869859496, 0.0023357094763683806, 197.2966810160584, 189.5059127823635, 7.136439598126302
0.0025060120240480957, 0.8586924767978887, 5.982663016124702E-4, 10.382190247094059, 0.002355600805547975, 205.46106578551988, 197.22139718617274, 7.138792995229149
0.002511823647294589, 0.8605962916391781, 5.996537244630709E-4, 10.516285667658849, 0.0023757176484359988, 213.85736982605465, 205.15172053757155, 7.141146392331996
0.002517635270541082, 0.8625001064804674, 6.010411473136716E-4, 10.653759329406512, 0.0023960650665040273, 222.48931915621876, 213.3001874849751, 7.143499789434843
0.0025234468937875747, 0.8644039213217565, 6.024285701642723E-4, 10.794642160125022, 0.002416648174925845, 231.360649862919, 221.67010803398594, 7.14585318653769
0.0025292585170340683, 0.866307736163046, 6.038159930148731E-4, 10.938962692003315, 0.0024374721393758403, 240.4751072274947, 230.26479670539126, 7.148206583640537
0.002535070140280561, 0.8682115510043351, 6.052034158654737E-4, 11.086746932910955, 0.002458542172643907, 249.83644483330724, 239.08757167633064, 7.150559980743384
0.002540881763527054, 0.8701153658456244, 6.065908387160744E-4, 11.238018234341325, 0.002479863531061527, 259.4484236587231, 248.14175390852333, 7.1529133778462315
0.0025466933867735464, 0.8720191806869136, 6.07978261566675E-4, 11.392797155964217, 0.0025014415107341426, 269.3148111498601, 257.43066625766954, 7.155266774949078
0.0025525050100200395, 0.873922995528203, 6.093656844172757E-4, 11.551101326811931, 0.0025232814435730555, 279.43938027810236, 266.9576325695273, 7.157620172051925
0.0025583166332665327, 0.8758268103694923, 6.107531072678765E-4, 11.712945302960634, 0.002545388693121764, 289.8259085778052, 276.72597675757976, 7.159973569154772
0.0025641282565130254, 0.8777306252107815, 6.121405301184771E-4, 11.87834042172426, 0.00256776865017852, 300.4781771678996, 286.73902186632, 7.162326966257619
0.002569939879759519, 0.8796344400520709, 6.135279529690779E-4, 12.047294652237724, 0.0025904267281969817, 311.3999697554628, 297.0000891183207, 7.164680363360466
0.0025757515030060117, 0.8815382548933601, 6.149153758196785E-4, 12.219812442462626, 0.0026133683584714518, 322.5950716194315, 307.51249694280966, 7.167033760463313
0.002581563126252505, 0.8834420697346494, 6.163027986702792E-4, 12.395894562464946, 0.0026365989850943017, 334.06726857909274, 318.27955999106047, 7.1693871575661605
0.0025873747494989975, 0.8853458845759385, 6.176902215208798E-4, 12.575537944010193, 0.0026601240596832165, 345.82034594261114, 329.30458813345587, 7.171740554669007
0.002593186372745491, 0.8872496994172281, 6.190776443714806E-4, 12.758735516307297, 0.0026839490358736284, 357.85808743623414, 340.59088543858195, 7.174093951771854
0.002598997995991984, 0.8891535142585172, 6.204650672220813E-4, 12.945476037991739, 0.002708079363564486, 370.1842741179684, 352.1417491391683, 7.176447348874701
0.0026048096192384765, 0.8909892027704559, 6.21852490072682E-4, 13.136971000477388, 0.0027332835427884006, 382.80268326993775, 363.96046857790105, 7.179879549510541
0.0026106212424849696, 0.8928106982971132, 6.232399129232827E-4, 13.332237186667498, 0.002758971853622394, 395.7170872732922, 376.0503241378586, 7.18353650088242
0.0026164328657314628, 0.8946321938237706, 6.246273357738834E-4, 13.530994957106032, 0.0027849916172374423, 408.9312524649071, 388.414586156488, 7.1871934522543
0.0026222444889779555, 0.8964536893504277, 6.26014758624484E-4, 13.733214646796569, 0.0028113482554009694, 422.4489379728091, 401.05651381989526, 7.19085040362618
0.0026280561122244486, 0.898275184877085, 6.274021814750847E-4, 13.938861520241517, 0.0028380471536573193, 436.27389453575347, 413.9793540435074, 7.19450735499806
0.0026338677354709418, 0.9000966804037424, 6.287896043256855E-4, 14.147895579085343, 0.0028650936539980076, 450.4098633019854, 427.1863403332092, 7.198164306369939
0.002639679358717435, 0.9019181759303996, 6.301770271762862E-4, 14.360271365636436, 0.0028924930472471466, 464.8605746075513, 440.6806916283711, 7.20182125774182
0.0026454909819639276, 0.9037396714570568, 6.315644500268868E-4, 14.575937761947898, 0.0029202505651584887, 479.62974673863926, 454.4656111303764, 7.205478209113699
0.0026513026052104203, 0.9055611669837139, 6.329518728774874E-4, 14.794837784624178, 0.002948371372212155, 494.72108466969075, 468.544285109079, 7.2091351604855785
0.0026571142284569135, 0.9073826625103714, 6.343392957280882E-4, 15.016908375209823, 0.002976860557107164, 510.13827878781177, 482.9198816972369, 7.212792111857459
0.002662925851703406, 0.9092041580370286, 6.357267185786888E-4, 15.242080186013482, 0.0030057231239502546, 525.8850035921477, 497.59554966186994, 7.216449063229338
0.0026687374749498993, 0.9110256535636859, 6.371141414292895E-4, 15.470277361473563, 0.003034963983117034, 541.9649163753364, 512.5744171596708, 7.220106014601218
0.0026745490981963924, 0.9128471490903431, 6.385015642798903E-4, 15.701417314890932, 0.0030645879417978694, 558.3816558871029, 527.8595904762401, 7.223762965973098
0.0026803607214428856, 0.9146686446170005, 6.39888987130491E-4, 15.93541050047861, 0.0030945996942075005, 575.1388409748721, 543.4541527447637, 7.227419917344978
0.0026861723446893783, 0.9164901401436577, 6.412764099810916E-4, 16.17216018070576, 0.0031250038114619683, 592.240069205183, 559.3611626468977, 7.231076868716857
0.0026919839679358714, 0.918311635670315, 6.426638328316923E-4, 16.411562188820426, 0.0031558047311029958, 609.6889154654734, 575.5836530961815, 7.234733820088737
0.0026977955911823646, 0.9201331311969723, 6.44051255682293E-4, 16.653504686541964, 0.0031870067462778096, 627.4889305450805, 592.1246299029461, 7.238390771460617
0.0027036072144288577, 0.9218205722700445, 6.454386785328937E-4, 16.898961557701114, 0.0032193198726740424, 645.6436396956221, 608.9870704200912, 7.242957992260241
0.00270941883767535, 0.9234260911770369, 6.468261013834943E-4, 17.14738917838531, 0.0032524837498149606, 664.1565411707767, 626.1739221706183, 7.2480814888212635
0.0027152304609218436, 0.9250316100840295, 6.482135242340952E-4, 17.397985132621216, 0.003286073241984322, 683.0311047451846, 643.6881014563005, 7.253204985382286
0.0027210420841683363, 0.9266371289910218, 6.496009470846958E-4, 17.65060440498746, 0.003320092019160392, 702.2707702133118, 661.532491948047, 7.258328481943309
0.0027268537074148294, 0.9282426478980144, 6.509883699352965E-4, 17.905093021875473, 0.0033545435474622853, 721.8789458665369, 679.7099432568925, 7.263451978504332
0.002732665330661322, 0.9298481668050067, 6.523757927858971E-4, 18.161287778671067, 0.003389431076058269, 741.8590069496811, 698.2232694863518, 7.268575475065354
0.0027384769539078157, 0.9314536857119993, 6.537632156364979E-4, 18.419015961628247, 0.003424757623666619, 762.214294095533, 717.0752477648199, 7.273698971626377
0.0027442885771543084, 0.9330592046189916, 6.551506384870985E-4, 18.678095064322406, 0.003460525964642025, 782.9481117392138, 736.2686167598465, 7.2788224681874
0.002750100200400801, 0.934664723525984, 6.565380613376992E-4, 18.93833249873569, 0.0034967386146433355, 804.0637265110395, 755.8060751732592, 7.283945964748423
0.0027559118236472947, 0.9362702424329765, 6.579254841883E-4, 19.19952530071896, 0.003533397815870476, 825.5643656066317, 775.6902802154207, 7.289069461309445
0.002761723446893787, 0.9378757613399689, 6.593129070389006E-4, 19.46145982991584, 0.003570505521862277, 847.4532151364878, 795.9238460610975, 7.294192957870468
0.00276753507014028, 0.9394812802469614, 6.607003298895013E-4, 19.723911464073353, 0.0036080633818506014, 869.7334184541085, 816.5093422862211, 7.299316454431491
0.002773346693386773, 0.9410867991539538, 6.620877527401019E-4, 19.986644287529998, 0.003646072724655891, 892.4080744610555, 837.4492922834419, 7.3044399509925135
0.0027791583166332664, 0.9426923180609463, 6.634751755907027E-4, 20.249410773955788, 0.003684534542122253, 915.4802358910553, 858.7461716593052, 7.309563447553537
0.002784969939879759, 0.9442978369679387, 6.648625984413034E-4, 20.511951463238802, 0.003723449472078144, 938.9529075718992, 880.4024066110596, 7.314686944114559
0.0027907815631262522, 0.9459033558749311, 6.662500212919041E-4, 20.773994632391805, 0.0037628177808184393, 962.8290446644571, 902.4203722827947, 7.319810440675582
0.002796593186372745, 0.9475088747819235, 6.676374441425047E-4, 21.035255960455288, 0.003802639345093173, 987.1115508802326, 924.8023911026901, 7.3249339372366045
0.0028024048096192385, 0.94890472234946, 6.690248669931055E-4, 21.295511552176322, 0.0038429627165134095, 1011.8032766761679, 947.5507310994349, 7.330114945363971
0.002808216432865731, 0.9500035355194333, 6.704122898437061E-4, 21.55448230548427, 0.0038838083228789344, 1036.9070174268504, 970.6676041982482, 7.335377428210323
0.0028140280561122243, 0.9511023486894067, 6.717997126943068E-4, 21.811740466257106, 0.003925105618883484, 1062.425511574134, 994.155164496959, 7.340639911056675
0.002819839679358717, 0.9522011618593801, 6.731871355449076E-4, 22.066947851471014, 0.003966852740530102, 1088.3614387538871, 1018.0155065210012, 7.345902393903026
0.00282565130260521, 0.9532999750293535, 6.745745583955083E-4, 22.319751911927597, 0.0040090473365751444, 1114.7174179000376, 1042.250663458346, 7.351164876749379
0.002831462925851703, 0.9543987881993268, 6.759619812461089E-4, 22.569785359408343, 0.004051686547393629, 1141.4960053259686, 1066.8626053740184, 7.35642735959573
0.0028372745490981956, 0.9554976013693002, 6.773494040967095E-4, 22.81666578741988, 0.004094766983281817, 1168.6996927821613, 1091.8532374030046, 7.361689842442082
0.002843086172344689, 0.9565964145392736, 6.787368269473103E-4, 23.059995285380865, 0.004138284702182693, 1196.3309054904282, 1117.224397922331, 7.366952325288435
0.002848897795591182, 0.957695227709247, 6.801242497979109E-4, 23.29936004592855, 0.004182235186853456, 1224.392000155869, 1142.9778567030528, 7.372214808134786
0.002854709418837675, 0.9587940408792204, 6.815116726485116E-4, 23.534329965683355, 0.004226613321434258, 1252.8852629554187, 1169.115313041313, 7.377477290981138
0.002860521042084168, 0.9598928540491938, 6.828990954991124E-4, 23.76445823894028, 0.0042714133674292, 1281.8129075006125, 1195.6383938657384, 7.38273977382749
0.0028663326653306613, 0.9609916672191672, 6.842865183497131E-4, 23.989280944659185, 0.004316628939069811, 1311.1770727799615, 1222.5486518272648, 7.388002256673842
0.0028721442885771536, 0.9620904803891405, 6.856739412003137E-4, 24.208316626229134, 0.004362252978082459, 1340.9798210749639, 1249.8475633644682, 7.393264739520194
0.0028779559118236467, 0.9631892935591139, 6.870613640509144E-4, 24.42106586436057, 0.004408277727802834, 1371.2231358537172, 1277.5365267495938, 7.398527222366546
0.00288376753507014, 0.9642881067290873, 6.884487869015151E-4, 24.627010842632444, 0.00445469470667248, 1401.908919639294, 1305.6168601108914, 7.403789705212898
0.002889579158316633, 0.9653869198990607, 6.898362097521158E-4, 24.825614905839757, 0.004501494681079632, 1433.0389918560218, 1334.0897994363834, 7.40905218805925
0.0028953907815631257, 0.966485733069034, 6.912236326027164E-4, 25.016322111154295, 0.004548667637534032, 1464.6150866485762, 1362.95649655163, 7.414314670905601
0.0029012024048096193, 0.9675016671543166, 6.926110554533173E-4, 25.198050193121162, 0.0045958518923110425, 1496.6388506795286, 1392.2180170798265, 7.419202742831347
0.002907014028056112, 0.9681998980816175, 6.939984783039179E-4, 25.368758552454892, 0.004642031054835627, 1529.1118409011985, 1421.8753383774344, 7.422655572894766
0.002912825651302605, 0.9688981290089185, 6.953859011545186E-4, 25.529766293704597, 0.00468853052028495, 1562.0355223026395, 1451.9293474483404, 7.426108402958184
0.002918637274549098, 0.9695963599362194, 6.967733240051192E-4, 25.680435644393583, 0.004735336771240939, 1595.4112656323316, 1482.3808388356817, 7.429561233021603
0.002924448897795591, 0.9702945908635204, 6.9816074685572E-4, 25.820107186662426, 0.004782435360773718, 1629.240345096676, 1513.230512492302, 7.4330140630850225
0.0029302605210420837, 0.9709928217908214, 6.995481697063206E-4, 25.948099362625726, 0.0048298108804396556, 1663.5239360325545, 1544.478971627883, 7.436466893148441
0.0029360721442885764, 0.9716910527181223, 7.009355925569213E-4, 26.063707971741678, 0.004877446927516904, 1698.263112554742, 1576.126720532888, 7.43991972321186
0.00294188376753507, 0.9723892836454233, 7.023230154075221E-4, 26.166205660223568, 0.004925326071510083, 1733.4588451806783, 1608.1741623834232, 7.443372553275279
0.0029476953907815627, 0.9730875145727242, 7.037104382581227E-4, 26.254841402327656, 0.004973429819873365, 1769.111998425124, 1640.6215970177889, 7.446825383338698
0.002953507014028056, 0.9737857455000253, 7.050978611087234E-4, 26.32883997350291, 0.005021738582964286, 1805.2233283754667, 1673.4692186964821, 7.450278213402116
0.0029593186372745485, 0.9744839764273262, 7.06485283959324E-4, 26.38740141526432, 0.00507023163821918, 1841.7934802362429, 1706.717113834037, 7.4537310434655355
0.002965130260521042, 0.9751822073546272, 7.078727068099248E-4, 26.429700491646145, 0.005118887093509383, 1878.8229858519903, 1740.3652587122237, 7.457183873528955
0.002970941883767535, 0.9758804382819282, 7.092601296605254E-4, 26.454886137316862, 0.005167681849703953, 1916.3122612009051, 1774.4135171658834, 7.460636703592373
0.0029767535070140275, 0.9765786692092291, 7.106475525111262E-4, 26.462080897077612, 0.005216591562382078, 1954.2616038663693, 1808.861638249984, 7.464089533655792
0.0029825651302605206, 0.9772769001365301, 7.120349753617269E-4, 26.450380356778624, 0.005265590602735348, 1992.6711904793444, 1843.7092538799839, 7.467542363719211
0.0029883767535070138, 0.977975131063831, 7.134223982123276E-4, 26.418852565517227, 0.00531465201758996, 2031.541074136472, 1878.9558764504911, 7.47099519378263
0.0029941883767535065, 0.978673361991132, 7.148098210629282E-4, 26.366537449002863, 0.005363747488581261, 2070.871181792973, 1914.6008964317807, 7.4744480238460485
0.0029999999999999996, 0.979371592918433, 7.161972439135289E-4, 26.29244621402904, 0.005412847290449996, 2110.6613116245467, 1950.6435799371136, 7.477900853909468
