phi0, phi, rho, Z_fit_curve, F_ex_fit_per_V, mu_kT, PV_NkT, alpha
1.0000000000000005E-4, 0.03438205081063352, 2.387324146378431E-5, 1.073000882271385, 2.007233398048666E-6, 151.59577594064572, 218.34931720483016, 7.005386995884778
1.0581162324649302E-4, 0.03638013437823023, 2.5260664314385E-5, 1.0761281157220253, 2.230347393942725E-6, 139.27058194027228, 194.37268825880682, 7.0054516346479
1.1162324649298601E-4, 0.038378217945826944, 2.6648087164985692E-5, 1.0791717631753543, 2.4635548237873672E-6, 127.53860404549368, 172.82871007186753, 7.005516273411023
1.1743486973947899E-4, 0.04037630151342366, 2.8035510015586382E-5, 1.0821374038116174, 2.7066620700168404E-6, 116.38056265270622, 153.39613464480385, 7.005580912174146
1.2324649298597198E-4, 0.04237438508102037, 2.9422932866187073E-5, 1.0850305204462576, 2.959485966469455E-6, 105.7776085332005, 135.8119999410157, 7.005645550937269
1.2905811623246496E-4, 0.04437246864861708, 3.081035571678776E-5, 1.0878565002009646, 3.2218536309286905E-6, 95.71131644203166, 119.85857776823802, 7.005710189700391
1.3486973947895794E-4, 0.04637055221621379, 3.2197778567388454E-5, 1.0906206351747205, 3.4936022987815136E-6, 86.16367878416477, 105.35369488401317, 7.0057748284635135
1.4068136272545094E-4, 0.0483686357838105, 3.3585201417989144E-5, 1.0933281231148504, 3.7745791577939578E-6, 77.11709933765984, 92.14345189098269, 7.005839467226636
1.4649298597194392E-4, 0.05036671935140721, 3.4972624268589835E-5, 1.0959840680880666, 4.064641184003911E-6, 68.55438703366278, 80.09667406484918, 7.005904105989758
1.523046092184369E-4, 0.05236480291900393, 3.6360047119190525E-5, 1.0985934811515201, 4.363654978731149E-6, 60.458749792964845, 69.10063151944941, 7.005968744752882
1.5811623246492988E-4, 0.054362886486600634, 3.7747469969791216E-5, 1.101161281023845, 4.671496606704588E-6, 52.81378841889875, 59.05770213635311, 7.006033383516004
1.639278557114229E-4, 0.056360970054197365, 3.913489282039191E-5, 1.103692294756209, 4.988051435306791E-6, 45.60349054633378, 49.88274330839102, 7.006098022279127
1.6973947895791589E-4, 0.05835905362179407, 4.0522315670992603E-5, 1.1061912584033595, 5.313213974935692E-6, 38.81222464653605, 41.501002627384544, 7.006162661042249
1.7555110220440886E-4, 0.060357137189390786, 4.1909738521593294E-5, 1.1086628176946711, 5.64688772048354E-6, 32.424734087659026, 33.84644263461885, 7.006227299805372
1.8136272545090187E-4, 0.06235522075698749, 4.3297161372193984E-5, 1.1111115287051947, 5.988984993933115E-6, 26.42613125062918, 26.860386766364428, 7.006291938568494
1.8717434869739485E-4, 0.0643533043245842, 4.4684584222794675E-5, 1.113541858526705, 6.339426788071134E-6, 20.801891700190552, 20.49041669447312, 7.006356577331617
1.9298597194388782E-4, 0.06635138789218092, 4.6072007073395365E-5, 1.1159581859387462, 6.698142611318896E-6, 15.537848410876347, 14.689468077811794, 7.00642121609474
1.987975951903808E-4, 0.06834947145977763, 4.7459429923996056E-5, 1.118364802079683, 7.065070333680201E-6, 10.620186047668597, 9.415084131712762, 7.006485854857862
2.046092184368738E-4, 0.07034767022882377, 4.8846852774596746E-5, 1.1207653998021017, 7.440131057646472E-6, 6.035435301114116, 4.628795646416357, 7.006544485040037
2.1042084168336678E-4, 0.07234589905042194, 5.023427562519744E-5, 1.1231644420484652, 7.823294124974187E-6, 1.770467276659502, 0.29560301649146525, 7.006601547766313
2.1623246492985976E-4, 0.0743441278720201, 5.162169847579813E-5, 1.125566090653758, 8.214527575185112E-6, -2.1875120620279054, -3.616458902310425, 7.006658610492589
2.2204408817635274E-4, 0.07634235669361826, 5.300912132639882E-5, 1.127974292900188, 8.613801053794644E-6, -5.850967395989855, -7.1366882755839365, 7.006715673218865
2.2785571142284574E-4, 0.07834058551521643, 5.439654417699951E-5, 1.1303929117840206, 9.021091814387985E-6, -9.232039500391235, -10.292028184314809, 7.006772735945141
2.3366733466933872E-4, 0.0803388143368146, 5.57839670276002E-5, 1.132825726686627, 9.436384571271447E-6, -12.342550640654812, -13.107332600614981, 7.006829798671417
2.394789579158317E-4, 0.08233704315841275, 5.717138987820089E-5, 1.1352764340455312, 9.859671353240956E-6, -15.194009915550483, -15.605594237970825, 7.0068868613976925
2.4529058116232465E-4, 0.08433527198001092, 5.855881272880157E-5, 1.1377486480254577, 1.0290951358467785E-5, -17.7976185474752, -17.808140591793432, 7.006943924123968
2.511022044088177E-4, 0.08633350080160909, 5.994623557940227E-5, 1.14024590118938, 1.0730230810501565E-5, -20.164275120156432, -19.734803316698702, 7.007000986850244
2.5691382765531066E-4, 0.08833172962320726, 6.133365843000296E-5, 1.1427716451695675, 1.117752281539046E-5, -22.30458076401695, -21.404065155643394, 7.0070580495765205
2.6272545090180364E-4, 0.09032995844480542, 6.272108128060365E-5, 1.1453292513386337, 1.1632847219918632E-5, -24.228844289434345, -22.83318789015648, 7.007115112302796
2.685370741482966E-4, 0.09232818726640359, 6.410850413120434E-5, 1.1479220114805835, 1.2096230470960928E-5, -25.947087268130264, -24.03832418029263, 7.007172175029072
2.743486973947896E-4, 0.09432641608800175, 6.549592698180503E-5, 1.1505531384618624, 1.2567705475954745E-5, -27.46904906292388, -25.03461567683543, 7.007229237755348
2.8016032064128257E-4, 0.09632464490959991, 6.688334983240572E-5, 1.1532257669024015, 1.3047311464489229E-5, -28.8041918060885, -25.836279392931605, 7.007286300481623
2.859719438877756E-4, 0.09832287373119808, 6.827077268300641E-5, 1.1559429538466688, 1.3535093851011616E-5, -29.961705326538052, -26.456683999284504, 7.007343363207899
2.917835671342686E-4, 0.10032110255279625, 6.96581955336071E-5, 1.158707679434714, 1.4031104098650842E-5, -30.95051202608709, -26.908417441921944, 7.007400425934176
2.9759519038076156E-4, 0.10231933137439442, 7.10456183842078E-5, 1.1615228475732169, 1.4535399584158356E-5, -31.779271705016708, -27.20334706300996, 7.007457488660451
3.0340681362725453E-4, 0.10431752985625402, 7.243304123480848E-5, 1.164391290278491, 1.5048043729937142E-5, -32.45638633717586, -27.352673224316018, 7.007514580477831
3.092184368737475E-4, 0.1063157069218276, 7.382046408540918E-5, 1.1673157601141173, 1.5569105288895186E-5, -32.99000479486318, -27.366977282681468, 7.007571692830107
3.150300601202405E-4, 0.10831388398740116, 7.520788693600987E-5, 1.170298933770686, 1.609865839985173E-5, -33.38802752371443, -27.256264641515827, 7.007628805182383
3.2084168336673347E-4, 0.11031206105297474, 7.659530978661056E-5, 1.1733434169318888, 1.6636782766802014E-5, -33.65811116783711, -27.030003497463458, 7.007685917534659
3.266533066132265E-4, 0.1123102381185483, 7.798273263721125E-5, 1.1764517424032863, 1.7183563348826577E-5, -33.807673145424936, -26.697159813279153, 7.007743029886935
3.324649298597195E-4, 0.11430841518412188, 7.937015548781194E-5, 1.1796263707833563, 1.7739090231735475E-5, -33.84389617508663, -26.266228973728193, 7.007800142239212
3.3827655310621245E-4, 0.11630659224969545, 8.075757833841263E-5, 1.182869691134541, 1.8303458500829738E-5, -33.77373275312361, -25.745264518561434, 7.007857254591488
3.4408817635270543E-4, 0.11830476931526902, 8.214500118901332E-5, 1.1861840216542956, 1.8876768114780077E-5, -33.60390958199651, -25.14190429341035, 7.007914366943765
3.498997995991984E-4, 0.12030294638084259, 8.353242403961401E-5, 1.1895716103461345, 1.945912378062279E-5, -33.34093195020734, -24.463394314168546, 7.007971479296041
3.557114228456914E-4, 0.12230112344641617, 8.49198468902147E-5, 1.193034635690681, 2.005063482987297E-5, -32.99108806383906, -23.716610601837196, 7.0080285916483165
3.6152304609218436E-4, 0.12429930051198973, 8.630726974081539E-5, 1.1965752073167135, 2.0651415095754847E-5, -32.560453329984085, -22.90807921178219, 7.008085704000593
3.6733466933867734E-4, 0.1262974775775633, 8.769469259141608E-5, 1.2001953666722145, 2.1261582791549444E-5, -32.05489459229875, -22.043994653032705, 7.008142816352869
3.731462925851704E-4, 0.12829565464313689, 8.908211544201677E-5, 1.2038970876954176, 2.1881260390059452E-5, -31.48007431891675, -21.130236868900994, 7.008199928705146
3.7895791583166335E-4, 0.13029383170871045, 9.046953829261746E-5, 1.2076822774858542, 2.2510574504191246E-5, -30.841454742958593, -20.172386929219993, 7.008257041057422
3.8476953907815633E-4, 0.13229200877428401, 9.185696114321815E-5, 1.211552776975404, 2.314965576865432E-5, -30.144301955869082, -19.17574156635046, 7.008314153409698
3.905811623246493E-4, 0.13429018583985758, 9.324438399381884E-5, 1.21551036159934, 2.3798638722777768E-5, -29.393689953821994, -18.14532667141247, 7.0083712657619746
3.963927855711423E-4, 0.13628836290543117, 9.463180684441953E-5, 1.2195567419673774, 2.445766169444408E-5, -28.594504637424834, -17.08590985355647, 7.0084283781142505
4.0220440881763526E-4, 0.13828632581139041, 9.601922969502022E-5, 1.2236962696655354, 2.512712642971706E-5, -27.75144776495497, -16.00201215322035, 7.008501652956115
4.0801603206412824E-4, 0.14028393827434443, 9.740665254562091E-5, 1.2279323914724383, 2.580737129652661E-5, -26.869040859370294, -14.897918990001166, 7.008601375508215
4.138276553106212E-4, 0.14228155073729848, 9.87940753962216E-5, 1.2322622650426998, 2.649813333071635E-5, -25.951629069322955, -13.777690416709866, 7.008701098060315
4.1963927855711425E-4, 0.1442791632002525, 1.001814982468223E-4, 1.2366873484081233, 2.7199565736681207E-5, -25.003384984412254, -12.645170743282673, 7.008800820612415
4.254509018036072E-4, 0.14627677566320652, 1.0156892109742299E-4, 1.2412090381301935, 2.7911824943873694E-5, -24.028312404913102, -11.503997587290359, 7.008900543164515
4.312625250501002E-4, 0.14827438812616053, 1.0295634394802368E-4, 1.2458286699711254, 2.8635070497441306E-5, -23.030250066214695, -10.357610401683413, 7.009000265716615
4.370741482965932E-4, 0.15027200058911455, 1.0434376679862437E-4, 1.2505475195649085, 2.93694649499807E-5, -22.012875318203626, -9.209258525053901, 7.009099988268715
4.4288577154308616E-4, 0.1522696130520686, 1.0573118964922506E-4, 1.255366803088359, 3.0115173754409602E-5, -20.979707759828713, -8.062008794957016, 7.009199710820815
4.4869739478957914E-4, 0.15426722551502262, 1.0711861249982575E-4, 1.2602876779321632, 3.0872365157955446E-5, -19.934112829079677, -6.918752760659321, 7.009299433372915
4.545090180360721E-4, 0.15626483797797663, 1.0850603535042644E-4, 1.2653112433719296, 3.1641210097261675E-5, -18.879305348612352, -5.782213527974123, 7.009399155925015
4.6032064128256515E-4, 0.15826245044093065, 1.0989345820102713E-4, 1.2704385412392327, 3.242188209461098E-5, -17.818353027265466, -4.654952265588603, 7.009498878477115
4.661322645290581E-4, 0.16026006290388467, 1.1128088105162782E-4, 1.2756705565926632, 3.321455715526594E-5, -16.754179917693055, -3.539374399339738, 7.009598601029214
4.719438877755511E-4, 0.16225767536683872, 1.1266830390222851E-4, 1.2810082183888745, 3.401941366592679E-5, -15.689569830351509, -2.4377355183425227, 7.009698323581315
4.777555110220441E-4, 0.16425528782979273, 1.140557267528292E-4, 1.286452400153631, 3.483663229430643E-5, -14.627169704079375, -1.352147014550768, 7.009798046133414
4.8356713426853706E-4, 0.16625290029274675, 1.1544314960342989E-4, 1.2920039206528573, 3.566639588982292E-5, -13.569492933500227, -0.28458147527667627, 7.009897768685515
4.8937875751503E-4, 0.16825051275570077, 1.1683057245403058E-4, 1.2976635445636813, 3.6508889385408585E-5, -12.518922653484355, 0.7631221536336434, 7.009997491237614
4.951903807615231E-4, 0.1702481252186548, 1.1821799530463127E-4, 1.3034319831454881, 3.736429970043721E-5, -11.477714980912028, 1.7892536179131115, 7.010097213789715
5.01002004008016E-4, 0.17224573007713992, 1.1960541815523196E-4, 1.3093092041897176, 3.8232733030764244E-5, -10.448002213953144, 2.79222660371596, 7.010193624883507
5.06813627254509E-4, 0.17424329843417427, 1.2099284100583265E-4, 1.315293134786418, 3.911405292512361E-5, -9.431795989126977, 3.770574171893604, 7.010274140977423
5.12625250501002E-4, 0.17624086679120865, 1.2238026385643334E-4, 1.3213876068792132, 4.0008838693072796E-5, -8.430990396354352, 4.722944365648797, 7.010354657071339
5.18436873747495E-4, 0.17823843514824303, 1.2376768670703403E-4, 1.3275931247598094, 4.0917283862730096E-5, -7.4473650522423425, 5.648095980558005, 7.010435173165256
5.242484969939879E-4, 0.18023600350527738, 1.2515510955763472E-4, 1.3339101426574027, 4.183958348000732E-5, -6.48258813184757, 6.5448944868860535, 7.010515689259172
5.300601202404809E-4, 0.18223357186231176, 1.2654253240823541E-4, 1.3403390654097316, 4.277593401824015E-5, -5.538219359133549, 7.412308095027431, 7.010596205353088
5.35871743486974E-4, 0.1842311402193461, 1.279299552588361E-4, 1.3468802491341227, 4.3726533288935324E-5, -4.615712956376432, 8.249403955641327, 7.0106767214470045
5.416833667334669E-4, 0.1862287085763805, 1.293173781094368E-4, 1.3535340018985385, 4.469158035363524E-5, -3.716420552743732, 9.055344486785954, 7.010757237540921
5.474949899799599E-4, 0.18822627693341484, 1.3070480096003749E-4, 1.360300584392624, 4.567127543689984E-5, -2.841594052278028, 9.829383820981887, 7.010837753634837
5.533066132264528E-4, 0.19022384529044922, 1.3209222381063818E-4, 1.3671802105987574, 4.666581984040573E-5, -1.9923884615381613, 10.570864365697611, 7.010918269728753
5.591182364729459E-4, 0.19222141364748357, 1.3347964666123887E-4, 1.3741730484630947, 4.7675415858162305E-5, -1.1698646770990793, 11.279213471316822, 7.010998785822669
5.649298597194388E-4, 0.19421898200451795, 1.3486706951183956E-4, 1.3812792205666196, 4.870026669284544E-5, -0.37499223319460245, 11.95394020104669, 7.011079301916586
5.707414829659318E-4, 0.1962165503615523, 1.3625449236244025E-4, 1.3884988047961904, 4.974057637324816E-5, 0.3913479903199535, 12.594632197754677, 7.011159818010502
5.765531062124249E-4, 0.19821411871858668, 1.3764191521304094E-4, 1.3958318350155876, 5.079654967284872E-5, 1.1283610993921604, 13.200952643008774, 7.011240334104418
5.823647294589178E-4, 0.20021168707562106, 1.3902933806364163E-4, 1.403278301736563, 5.186839202949579E-5, 1.8353355563979998, 13.772637304047786, 7.011320850198334
5.881763527054108E-4, 0.20220925543265542, 1.4041676091424232E-4, 1.410838152789884, 5.295630946621075E-5, 2.511640589702829, 14.309491664663875, 7.011401366292251
5.939879759519037E-4, 0.2042068237896898, 1.41804183764843E-4, 1.4185112939963855, 5.406050851310766E-5, 3.1567236419329756, 14.81138813631291, 7.011481882386167
5.997995991983969E-4, 0.2062043921467242, 1.4319160661544373E-4, 1.426297589838016, 5.518119613043001E-5, 3.7701078567187243, 15.278263346016288, 7.011562398480083
6.056112224448897E-4, 0.20820264770743777, 1.445790294660444E-4, 1.4341959752903983, 5.6318451125299394E-5, 4.351389603693192, 15.710115497907683, 7.01163939081867
6.114228456913828E-4, 0.21020092781113997, 1.459664523166451E-4, 1.4422070738603643, 5.747259995871265E-5, 4.90023604147551, 16.10700180542548, 7.011716257308852
6.172344689378758E-4, 0.21219920791484206, 1.4735387516724577E-4, 1.4503306614771942, 5.8643854858592294E-5, 5.416382718437471, 16.469035991447857, 7.011793123799034
6.230460921843687E-4, 0.2141974880185442, 1.4874129801784646E-4, 1.4585664439765793, 5.983242368451764E-5, 5.899631210998228, 16.79638585379336, 7.011869990289217
6.288577154308617E-4, 0.2161957681222464, 1.5012872086844715E-4, 1.4669140892105585, 6.103851435813362E-5, 6.349846799223107, 17.08927089370929, 7.0119468567793986
6.346693386773547E-4, 0.21819404822594857, 1.5151614371904787E-4, 1.475373227718573, 6.226233479289175E-5, 6.766956179493543, 17.347960005143904, 7.012023723269581
6.404809619238478E-4, 0.22019232832965072, 1.5290356656964856E-4, 1.4839434533985112, 6.350409282490711E-5, 7.1509452139873435, 17.57276922267926, 7.012100589759763
6.462925851703407E-4, 0.2221906084333529, 1.5429098942024925E-4, 1.4926243241777564, 6.476399614493347E-5, 7.5018567167763335, 17.764059526247546, 7.012177456249946
6.521042084168337E-4, 0.22418888853705504, 1.5567841227084994E-4, 1.5014153626842346, 6.604225223145526E-5, 7.819788276270689, 17.922234700758963, 7.0122543227401275
6.579158316633268E-4, 0.2261871686407572, 1.5706583512145063E-4, 1.510316056917464, 6.733906828489682E-5, 8.104890113792377, 18.047739248967886, 7.01233118923031
6.637274549098196E-4, 0.2281854487444593, 1.584532579720513E-4, 1.5193258609196012, 6.865465116294869E-5, 8.357362978037505, 18.141056355967773, 7.012408055720493
6.695390781563126E-4, 0.23018372884816146, 1.5984068082265199E-4, 1.5284441954464876, 6.998920731701148E-5, 8.577456075199354, 18.20270590382133, 7.012484922210675
6.753507014028055E-4, 0.2321820089518636, 1.6122810367325268E-4, 1.5376704486387, 7.134294272975695E-5, 8.765465034494508, 18.233242534886678, 7.012561788700857
6.811623246492986E-4, 0.23418028905556576, 1.6261552652385337E-4, 1.547003976692598, 7.271606285380593E-5, 8.921729908902499, 18.233253762562995, 7.012638655191039
6.869739478957916E-4, 0.23617856915926796, 1.6400294937445408E-4, 1.5564441045313682, 7.410877255152373E-5, 9.046633210827556, 18.203358128135953, 7.012715521681222
6.927855711422846E-4, 0.23817684926297011, 1.6539037222505478E-4, 1.5659901264760756, 7.5521276035933E-5, 9.140597982488059, 18.144203402584182, 7.012792388171404
6.985971943887776E-4, 0.24017512936667226, 1.6677779507565547E-4, 1.5756413069167114, 7.695377681274357E-5, 9.204085900788012, 18.056464832221558, 7.012869254661586
7.044088176352706E-4, 0.24217139645353325, 1.6816521792625616E-4, 1.5854117791779074, 7.840898298165221E-5, 9.237595416434186, 17.940843427105612, 7.01299688106666
7.102204408817636E-4, 0.24416702303503568, 1.6955264077685685E-4, 1.5952908779764765, 7.988548468073143E-5, 9.241659927044525, 17.798064291196408, 7.013140658353744
7.160320641282564E-4, 0.24616264961653805, 1.709400636274575E-4, 1.6052730808887787, 8.138270028098675E-5, 9.21684598406877, 17.62887499337241, 7.013284435640829
7.218436873747495E-4, 0.24815827619804046, 1.723274864780582E-4, 1.6153575393216002, 8.290083126088105E-5, 9.16375153320785, 17.434043978316065, 7.013428212927914
7.276553106212425E-4, 0.2501539027795429, 1.7371490932865892E-4, 1.6255433781058908, 8.444007811864198E-5, 9.083004188165612, 17.2143590164881, 7.013571990214998
7.334669338677355E-4, 0.25214952936104534, 1.751023321792596E-4, 1.6358296961678132, 8.600064032099575E-5, 8.975259537465584, 16.970625692328625, 7.013715767502083
7.392785571142285E-4, 0.2541451559425478, 1.764897550298603E-4, 1.646215567199793, 8.758271625301727E-5, 8.841199484093641, 16.70366592991753, 7.013859544789168
7.450901803607215E-4, 0.2561407825240502, 1.77877177880461E-4, 1.6567000403315597, 8.918650316909811E-5, 8.681530617751777, 16.41431655535783, 7.0140033220762525
7.509018036072145E-4, 0.2581364091055526, 1.7926460073106168E-4, 1.6672821408012017, 9.081219714503108E-5, 8.4969826194611, 16.103427895155008, 7.014147099363337
7.567134268537074E-4, 0.260132035687055, 1.8065202358166237E-4, 1.6779608706262101, 9.24599930312131E-5, 8.288306698325242, 15.771862409957244, 7.0142908766504215
7.625250501002004E-4, 0.2621276622685574, 1.8203944643226303E-4, 1.6887352092745265, 9.413008440696397E-5, 8.056274060148333, 15.42049336292877, 7.014434653937506
7.683366733466933E-4, 0.2641232888500598, 1.8342686928286372E-4, 1.6996041143355924, 9.582266353596334E-5, 7.801674407757375, 15.050203522238279, 7.0145784312245905
7.741482965931863E-4, 0.26611891543156224, 1.8481429213346441E-4, 1.7105665221913968, 9.753792132280488E-5, 7.525314472698467, 14.661883896942125, 7.014722208511675
7.799599198396794E-4, 0.2681145420130647, 1.8620171498406513E-4, 1.7216213486875218, 9.927604727066688E-5, 7.228016578170409, 14.256432505804318, 7.01486598579876
7.857715430861724E-4, 0.2701101685945671, 1.8758913783466582E-4, 1.7327674898041912, 1.0103722944010061E-4, 6.910617232893049, 13.834753178434317, 7.015009763085844
7.915831663326653E-4, 0.27210579517606953, 1.889765606852665E-4, 1.7440038223273195, 1.0282165440893672E-4, 6.573965755692402, 13.397754388217802, 7.015153540372929
7.973947895791583E-4, 0.27410142175757196, 1.903639835358672E-4, 1.7553292045195616, 1.0462950723330709E-4, 6.2189229305648475, 12.946348116525318, 7.015297317660014
8.032064128256514E-4, 0.2760984205293908, 1.917514063864679E-4, 1.7667340175539126, 1.0645934933910916E-4, 5.846359692025015, 12.48144874775345, 7.01541583619915
8.090180360721442E-4, 0.2780965342058418, 1.9313882923706856E-4, 1.778218497795945, 1.0831160034848836E-4, 5.457155840419905, 12.003971994621704, 7.015513832005578
8.148296593186372E-4, 0.28009464788229277, 1.9452625208766925E-4, 1.7897882751063767, 1.1018773848218204E-4, 5.052198787069595, 11.514833853380559, 7.015611827812006
8.206412825651302E-4, 0.2820927615587438, 1.9591367493826997E-4, 1.8014421403423202, 1.1208794140958439E-4, 4.632382328918511, 11.014949588368244, 7.015709823618434
8.264529058116233E-4, 0.28409087523519483, 1.9730109778887066E-4, 1.8131788691928636, 1.1401238510013591E-4, 4.1986054525126715, 10.505232745564445, 7.015807819424862
8.322645290581162E-4, 0.2860889889116458, 1.9868852063947135E-4, 1.8249972228501192, 1.1596124379105062E-4, 3.751771167055268, 9.986594194685779, 7.0159058152312905
8.380761523046092E-4, 0.2880871025880968, 2.0007594349007204E-4, 1.8368959486802685, 1.1793468995615819E-4, 3.2927853662932396, 9.459941199405682, 7.016003811037718
8.438877755511023E-4, 0.2900852162645478, 2.0146336634067273E-4, 1.848873780894615, 1.1993289427586593E-4, 2.8225557189978474, 8.926176515304082, 7.016101806844146
8.496993987975952E-4, 0.2920833299409988, 2.0285078919127342E-4, 1.8609294412206263, 1.2195602560823551E-4, 2.3419905878625538, 8.38619751520525, 7.016199802650575
8.555110220440882E-4, 0.2940814436174498, 2.042382120418741E-4, 1.873061639572986, 1.2400425096117907E-4, 1.851997976464212, 7.840895341423678, 7.0162977984570025
8.61322645290581E-4, 0.29607955729390073, 2.0562563489247477E-4, 1.8852690747246381, 1.2607773546577101E-4, 1.3534845041931176, 7.291154084661379, 7.01639579426343
8.671342685370741E-4, 0.29807767097035176, 2.0701305774307546E-4, 1.8975504349778392, 1.2817664235067805E-4, 0.8473544088047827, 6.7378499891245545, 7.016493790069858
8.729458917835671E-4, 0.3000757846468028, 2.0840048059367618E-4, 1.9099043988351994, 1.3030113291770564E-4, 0.3345085764119768, 6.181850683517446, 7.016591785876287
8.787575150300601E-4, 0.30207389832325376, 2.0978790344427687E-4, 1.922329635670739, 1.324513665184622E-4, -0.18415640131222966, 5.624014437609456, 7.0166897816827145
8.845691382765532E-4, 0.3040720119997048, 2.1117532629487756E-4, 1.9348248064009288, 1.3462750053214035E-4, -0.7077491429985073, 5.0651894439771405, 7.016787777489142
8.903807615230461E-4, 0.30607012567615577, 2.1256274914547825E-4, 1.9473885641557405, 1.3682969034441614E-4, -1.2353843666914879, 4.5062131246527555, 7.016885773295571
8.961923847695391E-4, 0.30806823935260674, 2.1395017199607894E-4, 1.9600195549496948, 1.3905808932746324E-4, -1.7661837525135098, 3.9479114622817697, 7.016983769101999
9.02004008016032E-4, 0.31006601435110814, 2.1533759484667963E-4, 1.9727301006222888, 1.4131579512806816E-4, -2.299276778986315, 3.3910983556011147, 7.017118127139061
9.07815631262525E-4, 0.31206314586150513, 2.167250176972803E-4, 1.9855314951244432, 1.4360575775733249E-4, -2.83380153346104, 2.836574998715396, 7.017321573414327
9.13627254509018E-4, 0.31406027737190223, 2.1811244054788101E-4, 1.9983965395089147, 1.459226007524704E-4, -3.3689054966511662, 2.2851292841041135, 7.017525019689593
9.19438877755511E-4, 0.31605740888229933, 2.194998633984817E-4, 2.0113238581049075, 1.482664714113026E-4, -3.9037463016431793, 1.7375352289124277, 7.017728465964859
9.25250501002004E-4, 0.31805454039269637, 2.208872862490824E-4, 2.024312071481419, 1.5063751493535357E-4, -4.437492467654874, 1.1945524242036447, 7.017931912240125
9.31062124248497E-4, 0.3200516719030934, 2.2227470909968309E-4, 2.0373597971182797, 1.5303587441656925E-4, -4.969324108622695, 0.6569255070214424, 7.018135358515392
9.3687374749499E-4, 0.3220488034134905, 2.2366213195028378E-4, 2.050465650077213, 1.5546169082515483E-4, -5.498433617003884, 0.12538365484495378, 7.018338804790657
9.426853707414829E-4, 0.32404593492388756, 2.2504955480088447E-4, 2.063628243672868, 1.5791510299852747E-4, -6.024026322942147, -0.3993598977852959, 7.018542251065924
9.48496993987976E-4, 0.3260430664342846, 2.2643697765148516E-4, 2.0768461901438817, 1.6039624763138714E-4, -6.545321129084768, -0.9166083207834739, 7.018745697341189
9.543086172344688E-4, 0.32804019794468164, 2.2782440050208582E-4, 2.0901181013239163, 1.629052592669055E-4, -7.061551121203717, -1.4256816283863667, 7.018949143616456
9.601202404809618E-4, 0.3300373294550787, 2.292118233526865E-4, 2.1034425893127127, 1.6544227028903087E-4, -7.571964155000533, -1.92591709777369, 7.019152589891722
9.659318637274549E-4, 0.3320344609654758, 2.3059924620328723E-4, 2.1168182671471354, 1.6800741091591015E-4, -8.075823419139454, -2.4166696665325813, 7.019356036166988
9.717434869739479E-4, 0.3340315924758729, 2.3198666905388792E-4, 2.1302437494722217, 1.7060080919443E-4, -8.57240797494388, -2.8973123094413746, 7.019559482442254
9.775551102204408E-4, 0.33602872398626993, 2.333740919044886E-4, 2.143717653212228, 1.7322259099587263E-4, -9.06101327280986, -3.3672363946131756, 7.01976292871752
9.83366733466934E-4, 0.338025855496667, 2.347615147550893E-4, 2.1572385982416797, 1.7587288001269088E-4, -9.540951645685142, -3.8258520194406986, 7.019966374992786
9.891783567134269E-4, 0.34002298700706407, 2.3614893760569E-4, 2.1708052080564166, 1.785517977563991E-4, -10.011552779871865, -4.272588326553065, 7.020169821268053
9.949899799599198E-4, 0.3420201185174611, 2.3753636045629068E-4, 2.1844161104446425, 1.812594635565823E-4, -10.472164163214565, -4.706893799921889, 7.020373267543318
0.0010008016032064127, 0.3440171175556383, 2.3892378330689137E-4, 2.1980667304574335, 1.8399522816507397E-4, -10.92215151117548, -5.128236541604405, 7.020569038138006
0.0010066132264529059, 0.3460132886424413, 2.4031120615749206E-4, 2.211738711048462, 1.8675510900492483E-4, -11.360899170741384, -5.5361045291028805, 7.020716835729072
0.0010124248496993988, 0.34800945972924424, 2.4169862900809275E-4, 2.2254506275810173, 1.895439519903195E-4, -11.787810502638756, -5.930005853814518, 7.020864633320139
0.0010182364729458917, 0.35000563081604724, 2.4308605185869344E-4, 2.239201131682604, 1.9236186659162382E-4, -12.202308241960555, -6.309468940703698, 7.021012430911205
0.0010240480961923846, 0.3520018019028502, 2.444734747092941E-4, 2.252988882628327, 1.9520896010885092E-4, -12.60383483745471, -6.674042749447942, 7.021160228502272
0.0010298597194388778, 0.3539979729896532, 2.458608975598948E-4, 2.2668125480119383, 1.9808533767737318E-4, -12.99185276979406, -7.023296957385419, 7.021308026093339
0.0010356713426853707, 0.35599414407645613, 2.472483204104955E-4, 2.280670804416884, 2.0099110227475046E-4, -13.365844848895174, -7.356822124345771, 7.021455823684406
0.0010414829659318636, 0.35799031516325913, 2.486357432610962E-4, 2.2945623380873554, 2.0392635472867856E-4, -13.725314490703573, -7.674229839767659, 7.021603621275473
0.0010472945891783565, 0.3599864862500621, 2.5002316611169687E-4, 2.3084858455993356, 2.0689119372605037E-4, -14.069785973555295, -7.975152852252097, 7.021751418866539
0.0010531062124248495, 0.361982657336865, 2.5141058896229753E-4, 2.3224400345316436, 2.0988571582314066E-4, -14.398804674457933, -8.259245181857718, 7.021899216457606
0.0010589178356713426, 0.363978828423668, 2.5279801181289825E-4, 2.3364236241369865, 2.1291001545690062E-4, -14.711937285331096, -8.52618221519801, 7.022047014048673
0.0010647294589178357, 0.365974999510471, 2.5418543466349897E-4, 2.350435346013006, 2.1596418495737545E-4, -15.008772009735262, -8.775660783884266, 7.022194811639739
0.0010705410821643284, 0.36797117059727397, 2.5557285751409963E-4, 2.364473944773324, 2.1904831456123747E-4, -15.288918740023622, -9.007399226202596, 7.022342609230806
0.0010763527054108216, 0.36996734168407697, 2.5696028036470035E-4, 2.378538178718591, 2.2216249242643365E-4, -15.552009215377286, -9.221137432536358, 7.0224904068218725
0.0010821643286573145, 0.3719635127708799, 2.58347703215301E-4, 2.392626820507542, 2.2530680464795633E-4, -15.79769716079769, -9.416636874548765, 7.02263820441294
0.0010879759519038077, 0.37395968385768297, 2.5973512606590173E-4, 2.40673865782803, 2.2848133527472443E-4, -16.02565840747214, -9.593680618610001, 7.022786002004006
0.0010937875751503004, 0.37595585494448586, 2.611225489165024E-4, 2.42087249406808, 2.3168616632758763E-4, -16.235590994500612, -9.752073323348279, 7.022933799595073
0.0010995991983967935, 0.3779520260312889, 2.625099717671031E-4, 2.435027148986946, 2.3492137781844322E-4, -16.42721525246375, -9.891641221902693, 7.02308159718614
0.0011054108216432864, 0.37994824134640603, 2.638973946177038E-4, 2.449198822879892, 2.38186352003344E-4, -16.60027386892137, -10.012232088880312, 7.023223687251043
0.0011112224448897796, 0.3819444599376947, 2.652848174683045E-4, 2.4633887824954073, 2.4148179389322824E-4, -16.75453193611756, -10.113715192345547, 7.023365354536232
0.0011170340681362725, 0.3839406785289833, 2.6667224031890515E-4, 2.4775960949909948, 2.448078284688392E-4, -16.889776981102436, -10.195981230972887, 7.02350702182142
0.0011228456913827654, 0.38593689712027196, 2.6805966316950587E-4, 2.4918196523175737, 2.4816452779388644E-4, -17.00581897861938, -10.258942256785625, 7.023648689106608
0.0011286573146292583, 0.3879331157115605, 2.6944708602010654E-4, 2.50605836615252, 2.5155196203546017E-4, -17.10249034675519, -10.302531583379102, 7.023790356391796
0.0011344689378757513, 0.3899293343028491, 2.708345088707072E-4, 2.5203111685707187, 2.549701994898544E-4, -17.17964592588291, -10.326703680217106, 7.023932023676983
0.0011402805611222444, 0.3919255528941378, 2.722219317213079E-4, 2.5345770127156184, 2.5841930660950674E-4, -17.23716294088037, -10.331434052938896, 7.0240736909621715
0.001146092184368737, 0.39392177148542634, 2.736093545719086E-4, 2.548854873470252, 2.6189934803105234E-4, -17.27494094702257, -10.316719110042582, 7.02421535824736
0.0011519038076152302, 0.395917990076715, 2.749967774225093E-4, 2.5631437481283195, 2.6541038660450253E-4, -17.29290175967132, -10.282576016113707, 7.024357025532548
0.0011577154308617232, 0.3979142086680036, 2.7638420027310996E-4, 2.57744265706521, 2.6895248342353236E-4, -17.29098936811706, -10.229042531871649, 7.024498692817736
0.0011635270541082163, 0.3999104272592922, 2.777716231237107E-4, 2.591750644409062, 2.7252569785689073E-4, -17.269169833699678, -10.156176841188959, 7.024640360102924
0.0011693386773547094, 0.4019066458505809, 2.791590459743114E-4, 2.606066778711802, 2.7613008758092523E-4, -17.227431172466783, -10.064057365309454, 7.024782027388112
0.0011751503006012022, 0.40390286444186946, 2.8054646882491206E-4, 2.6203901536202068, 2.797657086132261E-4, -17.165783222667105, -9.952782564569223, 7.0249236946733005
0.0011809619238476953, 0.40589908303315814, 2.819338916755128E-4, 2.6347198885469334, 2.8343261534738515E-4, -17.084257497236145, -9.822470727694887, 7.025065361958488
0.0011867735470941882, 0.4078953016244467, 2.8332131452611344E-4, 2.6490551293415807, 2.871308605888746E-4, -16.982907021570234, -9.673259749060804, 7.025207029243676
0.0011925851703406814, 0.4098915202157354, 2.8470873737671416E-4, 2.663395048961729, 2.908604955920406E-4, -16.861806156736222, -9.505306893937728, 7.025348696528864
0.001198396793587174, 0.41188773880702395, 2.860961602273148E-4, 2.6777388481439948, 2.9462157009821534E-4, -16.72105040848147, -9.318788552136414, 7.025490363814052
0.0012042084168336672, 0.41388307092662185, 2.8748358307791554E-4, 2.6921259474891537, 2.9842568674667727E-4, -16.560756222194968, -9.113899980165948, 7.0257118438110835
0.0012100200400801601, 0.4158780653427185, 2.888710059285162E-4, 2.706531192119702, 3.022660073975895E-4, -16.381060764002616, -8.890855032040157, 7.025963728650722
0.0012158316633266533, 0.41787305975881517, 2.902584287791169E-4, 2.72093863395696, 3.061382207370284E-4, -16.18212168840695, -8.649885879190192, 7.0262156134903595
0.0012216432865731464, 0.4198680541749119, 2.9164585162971764E-4, 2.7353475916544494, 3.100423731402292E-4, -15.964116892501794, -8.391242719417775, 7.026467498329998
0.001227454909819639, 0.4218630485910084, 2.9303327448031825E-4, 2.7497574149999657, 3.139785096772324E-4, -15.727244257113007, -8.115193475265363, 7.0267193831696355
0.001233266533066132, 0.42385804300710517, 2.9442069733091896E-4, 2.7641674855866416, 3.179466741577025E-4, -15.471721375154091, -7.822023482066412, 7.026971268009274
0.001239078156312625, 0.42585303742320174, 2.9580812018151963E-4, 2.7785772174839694, 3.219469091768566E-4, -15.197785267230524, -7.512035165679692, 7.027223152848912
0.001244889779559118, 0.4278480318392985, 2.9719554303212034E-4, 2.792986057908863, 3.259792561625171E-4, -14.905692084936213, -7.185547710320963, 7.02747503768855
0.001250701402805611, 0.4298430262553951, 2.98582965882721E-4, 2.807393487896701, 3.3004375542327675E-4, -14.595716802019682, -6.842896716689701, 7.027726922528188
0.001256513026052104, 0.4318380206714918, 2.999703887333217E-4, 2.821799022972389, 3.3414044619778496E-4, -14.26815289352987, -6.484433850406704, 7.027978807367827
0.0012623246492985969, 0.4338330150875884, 3.013578115839224E-4, 2.836202213821379, 3.382693667051464E-4, -13.923312003391088, -6.110526481277947, 7.028230692207464
0.00126813627254509, 0.4358280095036851, 3.027452344345231E-4, 2.850602646960746, 3.4243055419644266E-4, -13.561523600392633, -5.721557313257793, 7.028482577047103
0.0012739478957915832, 0.4378230039197818, 3.041326572851238E-4, 2.864999945410214, 3.4662404500736553E-4, -13.183134623180534, -5.317924005765966, 7.0287344618867404
0.0012797595190380759, 0.4398179983358784, 3.055200801357245E-4, 2.8793937693632174, 3.5084987461197315E-4, -12.788509113959085, -4.900038785959254, 7.028986346726379
0.001285571142284569, 0.44181299275197516, 3.069075029863252E-4, 2.8937838168579457, 3.5510807767755707E-4, -12.378027841778133, -4.468328052868281, 7.029238231566017
0.001291382765531062, 0.4438079871680718, 3.0829492583692587E-4, 2.9081698244483807, 3.593986881206317E-4, -11.952087915032644, -4.0232319729766015, 7.029490116405655
0.001297194388777555, 0.4458029815841685, 3.096823486875266E-4, 2.9225515678753693, 3.637217391640396E-4, -11.511102383877102, -3.565204067934454, 7.029742001245293
0.001303006012024048, 0.4477988703724189, 3.1106977153812725E-4, 2.9369289381551416, 3.6807728685527604E-4, -11.055499832515663, -3.094710794347405, 7.029994024324373
0.001308817635270541, 0.44979559390801294, 3.1245719438872797E-4, 2.951301787390167, 3.724653622618275E-4, -10.585723961690245, -2.6122311158953626, 7.030246176426932
0.001314629258517034, 0.451792317443607, 3.138446172393287E-4, 2.9656699428377156, 3.768859751852513E-4, -10.102233161580353, -2.118256068030127, 7.03049832852949
0.001320440881763527, 0.453789040979201, 3.1523204008992935E-4, 2.9800333436967748, 3.813391566726842E-4, -9.60550007549705, -1.6132883155856814, 7.03075048063205
0.00132625250501002, 0.45578576451479497, 3.1661946294053E-4, 2.9943919717084233, 3.858249373798732E-4, -9.096011154270583, -1.097841703171792, 7.031002632734609
0.0013320641282565126, 0.4577824880503889, 3.180068857911307E-4, 3.008745851826881, 3.9034334763498625E-4, -8.57426620189432, -0.5724407988735483, 7.031254784837167
0.0013378757515030057, 0.45977921158598295, 3.193943086417314E-4, 3.0230950528905414, 3.9489441750353653E-4, -8.040777912601413, -0.0376204314555509, 7.031506936939726
0.0013436873747494987, 0.46177593512157694, 3.2078173149233206E-4, 3.0374396882930417, 3.9947817685442497E-4, -7.496071399334211, 0.5060747790596769, 7.031759089042285
0.0013494989979959918, 0.463772658657171, 3.221691543429328E-4, 3.0517799166542834, 4.0409465542710145E-4, -6.940683714378334, 1.0580908965939841, 7.032011241144843
0.001355310621242485, 0.46576938219276504, 3.235565771935335E-4, 3.066115942491507, 4.087438828998407E-4, -6.3751633616611745, 1.6178651506727568, 7.032263393247402
0.0013611222444889777, 0.467766105728359, 3.2494400004413415E-4, 3.0804480168903123, 4.1342588895913686E-4, -5.800069801786273, 2.1848264233140102, 7.032515545349961
0.0013669338677354708, 0.4697628292639531, 3.2633142289473487E-4, 3.094776438175746, 4.181407033702159E-4, -5.215972949184042, 2.758395741972472, 7.0327676974525195
0.0013727454909819637, 0.47175955279954707, 3.2771884574533554E-4, 3.1091015525833017, 4.2288835604866376E-4, -4.623452662529592, 3.3379867772357867, 7.033019849555079
0.0013785571142284569, 0.4737562763351411, 3.2910626859593625E-4, 3.1234237549299904, 4.2766887713317374E-4, -4.023098227682377, 3.92300634621542, 7.033272001657638
0.0013843687374749498, 0.47575299987073505, 3.304936914465369E-4, 3.1377434892854055, 4.324822970594066E-4, -3.415507834196773, 4.512854920474828, 7.0335241537601965
0.0013901803607214427, 0.47774972340632915, 3.3188111429713763E-4, 3.1520612496427436, 4.373286466349751E-4, -2.8012880452126177, 5.106927138807148, 7.033776305862755
0.0013959919839679356, 0.4797464469419231, 3.332685371477383E-4, 3.166377580589857, 4.422079571155394E-4, -2.1810532611695366, 5.70461232433067, 7.034028457965314
0.0014018036072144288, 0.48174205331080927, 3.34655959998339E-4, 3.1806924229767874, 4.4712004108118816E-4, -1.5554251771767214, 6.305295006278521, 7.034279495431192
0.001407615230460922, 0.48373517708701125, 3.3604338284893973E-4, 3.1950056123707506, 4.520646552479402E-4, -0.9250322349755788, 6.908355445353083, 7.0345280559266685
0.0014134268537074146, 0.4857283008632131, 3.374308056995404E-4, 3.2093192985918444, 4.570423156559901E-4, -0.2905090690868987, 7.5131701632390655, 7.034776616422145
0.0014192384769539078, 0.4877214246394151, 3.388182285501411E-4, 3.2236342353132947, 4.6205305606113417E-4, 0.34750405248958705, 8.11911247592019, 7.035025176917622
0.0014250501002004005, 0.4897145484156169, 3.402056514007417E-4, 3.2379512301582203, 4.6709691106444173E-4, 0.9883617922563147, 8.725553029930959, 7.035273737413099
0.0014308617234468936, 0.4917076721918189, 3.4159307425134244E-4, 3.252271145370698, 4.7217391619505954E-4, 1.6314143125916054, 9.331860342465845, 7.035522297908575
0.0014366733466933865, 0.49370079596802074, 3.429804971019431E-4, 3.2665948984867903, 4.7728410799412733E-4, 2.2760078493573683, 9.93740134404382, 7.035770858404052
0.0014424849699398795, 0.4956939197442227, 3.443679199525438E-4, 3.280923463005605, 4.824275240998144E-4, 2.9214852901150903, 10.541541924281995, 7.036019418899529
0.0014482965931863724, 0.49768704352042464, 3.457553428031445E-4, 3.2952578690603413, 4.876042033334751E-4, 3.5671867564653295, 11.143647480183626, 7.036267979395006
0.0014541082164328655, 0.4996801672966266, 3.471427656537452E-4, 3.309599204089338, 4.928141857869138E-4, 4.212450190217848, 11.743083466774035, 7.036516539890482
0.0014599198396793587, 0.5016732910728285, 3.485301885043459E-4, 3.3239486135071044, 4.980575129107772E-4, 4.8566119434328545, 12.339215950093358, 7.036765100385959
0.0014657314629258514, 0.5036664148490304, 3.499176113549466E-4, 3.3383073013754174, 5.033342276040551E-4, 5.499007371807152, 12.93141216211162, 7.037013660881436
0.0014715430861723445, 0.5056595386252324, 3.513050342055473E-4, 3.352676531074299, 5.086443743047052E-4, 6.138971431283746, 13.519041057358931, 7.0372622213769125
0.0014773547094188374, 0.5076526624014344, 3.5269245705614796E-4, 3.3670576259731178, 5.139879990813902E-4, 6.775839277659685, 14.101473871204133, 7.037510781872389
0.0014831663326653306, 0.5096457861776363, 3.540798799067487E-4, 3.38145197010161, 5.193651497263365E-4, 7.40894686902829, 14.678084679561314, 7.037759342367866
0.0014889779559118235, 0.5116389099538382, 3.5546730275734935E-4, 3.395861008820953, 5.247758758493026E-4, 8.037631570641498, 15.248250959664968, 7.038007902863343
0.0014947895791583164, 0.5136320337300402, 3.5685472560795006E-4, 3.4102862494947788, 5.302202289726773E-4, 8.661232762088007, 15.811354151837408, 7.038256463358819
0.0015006012024048096, 0.5156250133901815, 3.582421484585508E-4, 3.4247428373946915, 5.357031258488324E-4, 9.279092446507228, 16.36678022195017, 7.038526578259403
0.0015064128256513025, 0.5176167440444638, 3.5962957130915144E-4, 3.439337058070441, 5.41262314633244E-4, 9.89055586171378, 16.91392022463081, 7.038983498004242
0.0015122244488977956, 0.5196084746987462, 3.6101699415975216E-4, 3.453953424591904, 5.468560397284299E-4, 10.494972092748728, 17.452170866502538, 7.039440417749082
0.001518036072144288, 0.5216002053530283, 3.6240441701035277E-4, 3.46859369935082, 5.524843657336128E-4, 11.091694685946115, 17.980935069862472, 7.0398973374939215
0.0015238476953907812, 0.5235919360073107, 3.637918398609535E-4, 3.4832597100966396, 5.58147359654574E-4, 11.680082263796178, 18.499622535840217, 7.040354257238762
0.0015296593186372742, 0.5255836666615931, 3.6517926271155415E-4, 3.4979533506076486, 5.638450910054454E-4, 12.259499141273421, 19.007650308002702, 7.040811176983602
0.0015354709418837673, 0.5275753973158754, 3.6656668556215487E-4, 3.5126765813619283, 5.695776319116217E-4, 12.82931594206846, 19.50444333457728, 7.041268096728441
0.0015412825651302605, 0.5295671279701578, 3.679541084127556E-4, 3.527431430208474, 5.753450572137936E-4, 13.388910215876123, 19.989435030750673, 7.041725016473281
0.0015470941883767532, 0.5315588586244401, 3.6934153126335625E-4, 3.5422199930381977, 5.811474445730865E-4, 13.937667055396386, 20.46206783951536, 7.04218193621812
0.0015529058116232463, 0.5335505892787225, 3.7072895411395697E-4, 3.5570444344550056, 5.869848745773299E-4, 14.47497971343484, 20.92179379162047, 7.04263885596296
0.0015587174348697392, 0.5355423199330047, 3.7211637696455763E-4, 3.571906988446817, 5.928574308484371E-4, 15.000250219924583, 21.36807506442306, 7.043095775707799
0.0015645290581162324, 0.5375340505872871, 3.7350379981515835E-4, 3.5868099590566427, 5.987652001508961E-4, 15.512889997846164, 21.800384538566185, 7.0435526954526395
0.0015703406813627253, 0.5395257812415694, 3.74891222665759E-4, 3.6017557210536193, 6.04708272501394E-4, 16.01232047912371, 22.218206353787675, 7.044009615197479
0.0015761523046092182, 0.5415175118958517, 3.7627864551635973E-4, 3.6167467206040396, 6.106867412795471E-4, 16.497973718914324, 22.621036462114702, 7.044466534942319
0.0015819639278557111, 0.5435092425501341, 3.776660683669604E-4, 3.6317854759424204, 6.167007033397445E-4, 16.96929300875553, 23.008383178951398, 7.044923454687158
0.0015877755511022043, 0.5455009732044165, 3.790534912175611E-4, 3.6468745780425564, 6.2275025912412E-4, 17.42573348869934, 23.379767732448226, 7.045380374431998
0.0015935871743486974, 0.5474927038586989, 3.8044091406816183E-4, 3.662016691288562, 6.288355127766355E-4, 17.866762757025285, 23.73472480940027, 7.045837294176838
0.0015993987975951901, 0.5494844345129811, 3.818283369187625E-4, 3.677214554145891, 6.349565722582808E-4, 18.29186147859144, 24.07280309906699, 7.046294213921677
0.0016052104208416833, 0.5514797088055974, 3.832157597693632E-4, 3.6923516000614427, 6.41067801253754E-4, 18.70052399074064, 24.39356583376604, 7.046574347625298
0.0016110220440881762, 0.5534753919795597, 3.846031826199639E-4, 3.7075353827884694, 6.472090733526604E-4, 19.09225890673323, 24.696591326161684, 7.046834082939547
0.001616833667334669, 0.5554710751535222, 3.8599060547056454E-4, 3.722782590089137, 6.533857443823301E-4, 19.46658971681495, 24.981473503473044, 7.0470938182537965
0.001622645290581162, 0.5574667583274846, 3.873780283211652E-4, 3.7380962631684973, 6.595979345039853E-4, 19.82305538609423, 25.247822437813785, 7.047353553568046
0.001628456913827655, 0.5594624415014471, 3.887654511717659E-4, 3.753479520668181, 6.658457682869848E-4, 20.16121094944315, 25.495264872826333, 7.047613288882295
0.0016342685370741479, 0.5614581246754095, 3.901528740223666E-4, 3.768935559337434, 6.721293748307259E-4, 20.480628102981132, 25.72344474629163, 7.047873024196544
0.001640080160320641, 0.5634538078493719, 3.915402968729673E-4, 3.7844676547041676, 6.784488878876715E-4, 20.780895792233732, 25.93202370874052, 7.048132759510794
0.0016458917835671342, 0.5654494910233344, 3.92927719723568E-4, 3.800079161746014, 6.848044459874834E-4, 21.061620795855983, 26.12068163705386, 7.048392494825043
0.001651703406813627, 0.5674451741972969, 3.943151425741687E-4, 3.8157735155613572, 6.911961925622803E-4, 21.32242830607945, 26.289117144270513, 7.048652230139292
0.00165751503006012, 0.5694408573712594, 3.957025654247694E-4, 3.831554232040393, 6.976242760730106E-4, 21.56296250418095, 26.43704808376135, 7.0489119654535415
0.001663326653306613, 0.5714365405452217, 3.9708998827537006E-4, 3.8474249085361905, 7.04088850136948E-4, 21.782887131897784, 26.564212048945542, 7.049171700767791
0.001669138276553106, 0.5734322237191842, 3.984774111259708E-4, 3.8633892245356947, 7.105900736562871E-4, 21.981886057818954, 26.670366867462604, 7.04943143608204
0.001674949899799599, 0.5754279068931466, 3.9986483397657144E-4, 3.8794509423308465, 7.171281109478797E-4, 22.159663838774257, 26.75529108987948, 7.049691171396289
0.001680761523046092, 0.5774235900671091, 4.0125225682717216E-4, 3.895613907689544, 7.237031318740774E-4, 22.315946276197458, 26.818784472954395, 7.049950906710539
0.001686573146292585, 0.5794192732410717, 4.026396796777729E-4, 3.911882050526758, 7.303153119746776E-4, 22.450480966844477, 26.860668456878336, 7.050210642024788
0.001692384769539078, 0.581414956415034, 4.0402710252837354E-4, 3.92825938557554, 7.369648326000173E-4, 22.563037847717027, 26.880786636309182, 7.050470377339037
0.0016981963927855711, 0.5834106395889965, 4.0541452537897426E-4, 3.9447500130581172, 7.436518810451547E-4, 22.653409735391747, 26.879005225531373, 7.050730112653286
0.001704008016032064, 0.5854029163221364, 4.068019482295749E-4, 3.9614845208271454, 7.504280710495582E-4, 22.72141285874241, 26.85521351663897, 7.051165958625066
0.001709819639278557, 0.5873936601569062, 4.0818937108017564E-4, 3.978398751630138, 7.572661957327088E-4, 22.766887385756135, 26.80932433159635, 7.051681054392733
0.0017156312625250497, 0.5893844039916758, 4.0957679393077625E-4, 3.9954403861609755, 7.641434875093711E-4, 22.789697943021693, 26.741274466654954, 7.052196150160401
0.0017214428857715428, 0.5913751478264456, 4.1096421678137697E-4, 4.0126138737245896, 7.710601643620293E-4, 22.789734129092796, 26.65102513045432, 7.0527112459280685
0.001727254509018036, 0.5933658916612154, 4.123516396319777E-4, 4.029923752470353, 7.78016450907943E-4, 22.766911020205367, 26.538562374295925, 7.053226341695736
0.0017330661322645287, 0.5953566354959852, 4.1373906248257835E-4, 4.047374650063071, 7.850125785400512E-4, 22.721169668709713, 26.4038975149195, 7.053741437463404
0.0017388777555110218, 0.597347379330755, 4.1512648533317906E-4, 4.064971284354105, 7.920487855689864E-4, 22.652477594357666, 26.247067550073925, 7.054256533231071
0.0017446893787575147, 0.5993381231655247, 4.1651390818377973E-4, 4.082718464052389, 7.991253173662025E-4, 22.560829267176018, 26.068135565461, 7.054771628998739
0.0017505010020040079, 0.6013288670002945, 4.1790133103438045E-4, 4.10062108939548, 8.062424265082282E-4, 22.446246582572044, 25.867191133928753, 7.055286724766407
0.0017563126252505008, 0.6033196108350642, 4.192887538849811E-4, 4.118684152820572, 8.134003729220339E-4, 22.308779328090065, 25.644350706201664, 7.055801820534074
0.0017621242484969937, 0.6053103546698341, 4.206761767355818E-4, 4.136912739635619, 8.205994240315087E-4, 22.148505641851518, 25.399757993325668, 7.056316916301742
0.0017679358717434866, 0.6073010985046038, 4.220635995861825E-4, 4.155312028690316, 8.278398549050742E-4, 21.965532461981283, 25.13358434004922, 7.0568320120694095
0.0017737474949899798, 0.6092918423393736, 4.234510224367832E-4, 4.1738872930471675, 8.351219484043853E-4, 21.759995967098412, 24.84602908938097, 7.057347107837077
0.001779559118236473, 0.6112825861741434, 4.248384452873839E-4, 4.192643900652547, 8.424459953341862E-4, 21.532062007240743, 24.53731993751193, 7.057862203604745
0.0017853707414829658, 0.6132733300089132, 4.262258681379846E-4, 4.211587315007716, 8.49812294593243E-4, 21.281926526585384, 24.207713280808495, 7.058377299372412
0.0017911823647294588, 0.615264073843683, 4.276132909885853E-4, 4.230723095839936, 8.572211533264269E-4, 21.00981597464105, 23.857494551267255, 7.05889239514008
0.0017969939879759517, 0.6172548176784527, 4.2900071383918597E-4, 4.250056899773426, 8.646728870778961E-4, 20.71598770883819, 23.486978543560316, 7.0594074909077476
0.0018028056112224448, 0.6192445430219179, 4.303881366897867E-4, 4.269555232270502, 8.721509277576532E-4, 20.400730386591018, 23.09650973169814, 7.059871028662269
0.0018086172344689375, 0.6212331771246995, 4.317755595403873E-4, 4.2892207378527765, 8.796540597116654E-4, 20.064364346627695, 22.686462575292374, 7.06027932568842
0.0018144288577154305, 0.6232218112274811, 4.33162982390988E-4, 4.309101278820574, 8.872006021722174E-4, 19.707241980390542, 22.257241815978805, 7.06068762271457
0.0018202404809619234, 0.6252104453302627, 4.345504052415887E-4, 4.329202905888778, 8.947909034732605E-4, 19.329748091656757, 21.809282762371968, 7.061095919740721
0.0018260521042084165, 0.6271990794330444, 4.359378280921894E-4, 4.349531770024523, 9.024253211295657E-4, 18.932300245865328, 21.343051565105554, 7.061504216766871
0.0018318637274549097, 0.6291877135358261, 4.373252509427901E-4, 4.370094123118214, 9.101042219966057E-4, 18.515349107498714, 20.859045480153814, 7.061912513793022
0.0018376753507014026, 0.6311763476386077, 4.387126737933908E-4, 4.390896318654502, 9.178279824315762E-4, 18.07937876639359, 20.357793121461857, 7.062320810819172
0.0018434869739478955, 0.6331649817413895, 4.401000966439915E-4, 4.411944812383457, 9.255969884555074E-4, 17.62490705174247, 19.83985470165526, 7.062729107845323
0.0018492985971943884, 0.6351536158441711, 4.4148751949459216E-4, 4.433246162991562, 9.334116359165142E-4, 17.152485834487276, 19.305822261651215, 7.0631374048714735
0.0018551102204408816, 0.6371422499469527, 4.428749423451929E-4, 4.454807032772674, 9.412723306541555E-4, 16.66270131699427, 18.75631988775692, 7.063545701897624
0.0018609218436873745, 0.6391308840497343, 4.4426236519579354E-4, 4.476634188299272, 9.491794886649018E-4, 16.1561743107475, 18.192003917541392, 7.0639539989237745
0.0018667334669338674, 0.641119518152516, 4.4564978804639426E-4, 4.4987345010932565, 9.571335362687434E-4, 15.633560500664585, 17.613563132612487, 7.064362295949925
0.0018725450901803606, 0.6431081522552977, 4.4703721089699497E-4, 4.52111494829721, 9.651349102768876E-4, 15.095550697032934, 17.021718939650047, 7.064770592976076
0.0018783567134268535, 0.6450967863580793, 4.4842463374759564E-4, 4.5437826133453285, 9.731840581605942E-4, 14.54287107369298, 16.417225538212367, 7.065178890002226
0.0018841683366733466, 0.647085420460861, 4.4981205659819635E-4, 4.566744686634511, 9.812814382211214E-4, 13.976283392988515, 15.800870075909698, 7.065587187028377
0.0018899799599198395, 0.6490740545636426, 4.51199479448797E-4, 4.590008466195396, 9.894275197607834E-4, 13.396585217360267, 15.173472790850393, 7.065995484054527
0.0018957915831663325, 0.6510626886664242, 4.5258690229939773E-4, 4.613581358363366, 9.976227832551412E-4, 12.80461010622266, 14.535887139934172, 7.066403781080678
0.0019016032064128254, 0.6530503720975288, 4.539743251499984E-4, 4.637517205255204, 0.0010058887517065368, 12.20122779941909, 13.888999914567917, 7.066869658947522
0.0019074148296593183, 0.6550355600154809, 4.5536174800059906E-4, 4.661899598890752, 0.0010142607137766354, 11.58734438611657, 13.23373134230732, 7.067486686521188
0.0019132264529058115, 0.6570207479334332, 4.567491708511998E-4, 4.68661505637769, 0.001022684327226985, 10.963902458335935, 12.57103517406789, 7.068103714094854
0.0019190380761523044, 0.6590059358513853, 4.5813659370180044E-4, 4.711671424433355, 0.001031160123654787, 10.331881250999587, 11.901898758450736, 7.068720741668519
0.0019248496993987973, 0.6609911237693376, 4.5952401655240116E-4, 4.73707666143515, 0.0010396886467106902, 9.692296765494724, 11.227343100537704, 7.0693377692421855
0.0019306613226452902, 0.6629763116872897, 4.609114394030018E-4, 4.762838838091632, 0.0010482704522776559, 9.046201878851237, 10.548422906950623, 7.069954796815852
0.0019364729458917834, 0.664961499605242, 4.6229886225360254E-4, 4.788966138113505, 0.0010569061086509717, 8.394686436770334, 9.866226615782846, 7.070571824389518
0.0019422845691382763, 0.6669466875231941, 4.636862851042032E-4, 4.815466858884786, 0.0010655961967193646, 7.7388773310753916, 9.18187641164138, 7.071188851963184
0.0019480961923847692, 0.6689318754411463, 4.650737079548039E-4, 4.842349412133707, 0.001074341310147236, 7.079938561325951, 8.496528225955405, 7.071805879536849
0.001953907815631262, 0.6709170633590984, 4.664611308054046E-4, 4.869622324603846, 0.0010831420555580235, 6.419071279589104, 7.811371721274436, 7.072422907110515
0.0019597194388777553, 0.6729022512770507, 4.678485536560053E-4, 4.8972942387251805, 0.0010919990527186538, 5.757513819214021, 7.127630260506113, 7.073039934684181
0.0019655310621242484, 0.6748874391950029, 4.69235976506606E-4, 4.925373913285103, 0.0011009129347251448, 5.096541706973419, 6.446560860590863, 7.073656962257847
0.001971342685370741, 0.676872627112955, 4.706233993572067E-4, 4.953870224099457, 0.0011098843481893027, 4.437467657051874, 5.769454128988709, 7.074273989831513
0.0019771543086172343, 0.6788578150309073, 4.720108222078074E-4, 4.982792164683644, 0.0011189139534265482, 3.781641549913516, 5.097634186217159, 7.074891017405179
0.0019829659318637274, 0.6808430029488595, 4.7339824505840806E-4, 5.012148846923626, 0.0011280024246448491, 3.130450391081264, 4.432458569146723, 7.075508044978845
0.00198877755511022, 0.6828281908668117, 4.747856679090088E-4, 5.041949501746952, 0.0011371504501347805, 2.4853182550887767, 3.7753181209077433, 7.076125072552511
0.0019945891783567133, 0.6848133787847638, 4.7617309075960945E-4, 5.072203479793874, 0.0011463587324607024, 1.8477062087534464, 3.127636860900835, 7.076742100126176
0.0020004008016032064, 0.6867992470585055, 4.7756051361021016E-4, 5.102870462657407, 0.0011556042111868347, 1.2191122187458836, 2.490871840606921, 7.077300473725226
0.002006212424849699, 0.6887943001354053, 4.7894793646081077E-4, 5.13333539050987, 0.00116458823502452, 0.601071038465204, 1.8665129796889466, 7.077067018666962
0.0020120240480961922, 0.6907893532123053, 4.803353593114115E-4, 5.164278144689437, 0.0011736306484747792, -0.004845921745425103, 1.2560828866479967, 7.076833563608697
0.002017835671342685, 0.6927844062892053, 4.817227821620122E-4, 5.195708560706869, 0.0011827321950097802, -0.5970307442697811, 0.6611366611061485, 7.076600108550433
0.002023647294589178, 0.6947794593661052, 4.8311020501261287E-4, 5.227636597140762, 0.0011918936333442046, -1.173839172957043, 0.08326167796970087, 7.076366653492168
0.0020294589178356712, 0.6967745124430053, 4.844976278632136E-4, 5.260072336308571, 0.0012011157376331464, -1.7335908010953356, -0.47592264606671, 7.0761331984339035
0.002035270541082164, 0.6987695655199051, 4.8588505071381425E-4, 5.2930259849376355, 0.0012103992976710896, -2.2745692785898837, -1.0147651040362489, 7.075899743375639
0.002041082164328657, 0.7007646185968052, 4.8727247356441497E-4, 5.326507874836249, 0.0012197451190920222, -2.795022539484869, -1.5315829690239402, 7.075666288317374
0.00204689378757515, 0.7027596716737051, 4.886598964150157E-4, 5.360528463564666, 0.0012291540235706737, -3.2931630491318233, -2.024662282991423, 7.07543283325911
0.0020527054108216434, 0.7047547247506051, 4.900473192656164E-4, 5.395098335106269, 0.0012386268490248427, -3.7671680718122005, -2.49225816422773, 7.075199378200845
0.0020585170340681365, 0.7067497778275051, 4.914347421162171E-4, 5.430228200538465, 0.0012481644498188718, -4.215179959252256, -2.932595134692839, 7.074965923142581
0.002064328657314629, 0.708744830904405, 4.928221649668177E-4, 5.465928898703819, 0.0012577676969682174, -4.635306458894934, -3.343867465277397, 7.074732468084316
0.002070140280561122, 0.7107398839813049, 4.942095878174184E-4, 5.502211396881101, 0.0012674374783451644, -5.025621044035519, -3.724239541452673, 7.074499013026052
0.002075951903807615, 0.7127349370582049, 4.955970106680192E-4, 5.539086791456256, 0.0012771746988856237, -5.384163264803884, -4.07184624848865, 7.074265557967787
0.002081763527054108, 0.7147299901351049, 4.969844335186199E-4, 5.57656630859362, 0.0012869802807970602, -5.708939120800953, -4.384793376334356, 7.074032102909523
0.002087575150300601, 0.7167250432120047, 4.983718563692205E-4, 5.6146613049067255, 0.001296855163767558, -5.99792145505798, -4.6611580445236624, 7.073798647851258
0.002093386773547094, 0.7187200962889048, 4.997592792198212E-4, 5.653383268129623, 0.0013068003051759773, -6.249050370465314, -4.898989147809706, 7.0735651927929935
0.002099198396793587, 0.7207151493658047, 5.011467020704219E-4, 5.692743817787701, 0.0013168166803032215, -6.460233667615406, -5.0963078214816075, 7.073331737734729
0.00210501002004008, 0.7227060729684985, 5.025341249210225E-4, 5.733280517736567, 0.0013271695209514942, -6.629347305667713, -5.251107928165454, 7.073687583191075
0.002110821643286573, 0.7246963358553197, 5.039215477716233E-4, 5.774566741667719, 0.0013376410520558732, -6.754235885858369, -5.361356565339913, 7.074137716729757
0.002116633266533066, 0.7266865987421407, 5.05308970622224E-4, 5.81653061376192, 0.0013481902744828253, -6.832713157220293, -5.424994593519043, 7.07458785026844
0.002122444889779559, 0.7286768616289617, 5.066963934728247E-4, 5.859184287734045, 0.001358818251590827, -6.862562546212871, -5.439937186362964, 7.075037983807123
0.0021282565130260516, 0.7306671245157826, 5.080838163234253E-4, 5.902540052445673, 0.0013695260657153418, -6.84153770876019, -5.404074401548728, 7.075488117345805
0.0021340681362725447, 0.7326573874026037, 5.09471239174026E-4, 5.946610332576213, 0.0013803148183868129, -6.767363106892198, -5.315271774236625, 7.075938250884488
0.002139879759519038, 0.7346476502894248, 5.108586620246267E-4, 5.991407689293787, 0.0013911856305497674, -6.6377346085639735, -5.171370932065206, 7.07638838442317
0.002145691382765531, 0.7366379131762458, 5.122460848752275E-4, 6.036944820926358, 0.0014021396427830249, -6.450320111415046, -4.970190231941124, 7.076838517961853
0.002151503006012024, 0.7386281760630669, 5.136335077258282E-4, 6.083234563632928, 0.0014131780155210577, -6.202760190941151, -4.709525419424652, 7.077288651500536
0.002157314629258517, 0.7406184389498878, 5.150209305764288E-4, 6.130289892074245, 0.0014243019292764208, -5.892668773710851, -4.387150311287897, 7.077738785039219
0.00216312625250501, 0.7426087018367088, 5.164083534270295E-4, 6.178123920084204, 0.0014355125848633486, -5.517633834605997, -4.000817499942571, 7.078188918577902
0.0021689378757515027, 0.7445989647235297, 5.177957762776301E-4, 6.226749901340675, 0.001446811203622422, -5.075218118573704, -3.548259080352005, 7.078639052116585
0.0021747494989979954, 0.7465892276103507, 5.191831991282308E-4, 6.27618123003662, 0.001458199027646401, -4.562959889670886, -3.027187402519252, 7.079089185655267
0.0021805611222444885, 0.7485794904971719, 5.205706219788315E-4, 6.326431441551158, 0.0014696773200071223, -3.978373702776395, -2.435295844006312, 7.07953931919395
0.0021863727454909817, 0.7505697533839929, 5.219580448294323E-4, 6.37751421312057, 0.0014812473649835588, -3.318951203692924, -1.770259609291115, 7.079989452732632
0.0021921843687374744, 0.7525600162708138, 5.233454676800329E-4, 6.429443364509368, 0.0014929104682909798, -2.5821619523736805, -1.0297365497400548, 7.080439586271315
0.0021979959919839675, 0.7545502791576348, 5.247328905306336E-4, 6.482232858681371, 0.001504667957311209, -1.765454275201691, -0.21136801062147864, 7.080889719809998
0.0022038076152304607, 0.7565336334837804, 5.261203133812343E-4, 6.535991957496975, 0.0015165712443162916, -0.8662561413767874, 0.687220299997565, 7.081441486903856
0.002209619238476954, 0.7585133517253598, 5.27507736231835E-4, 6.590690508754044, 0.0015285986735465301, 0.11802393327531976, 1.668417417159706, 7.082046745342543
0.0022154308617234465, 0.7604930699669391, 5.288951590824356E-4, 6.6462929673085185, 0.0015407254360771533, 1.189995954972818, 2.7346261996160073, 7.082652003781231
0.00222124248496994, 0.7624727882085187, 5.302825819330365E-4, 6.702813875979231, 0.001552952951835859, 2.352287494612201, 3.8882623867638673, 7.083257262219918
0.0022270541082164324, 0.7644525064500981, 5.316700047836371E-4, 6.76026792413959, 0.001565282663587012, 3.6075427028434333, 5.131753630247404, 7.083862520658606
0.0022328657314629255, 0.7664322246916775, 5.330574276342378E-4, 6.818669948388589, 0.001577716037168623, 4.9584212968620305, 6.467538499620947, 7.084467779097293
0.0022386773547094186, 0.768411942933257, 5.344448504848385E-4, 6.87803493322199, 0.0015902545617304175, 6.407597520281926, 7.898065463611267, 7.085073037535981
0.0022444889779559118, 0.7703916611748364, 5.358322733354392E-4, 6.938378011703172, 0.001602899749973105, 7.957759074405239, 9.425791844886822, 7.085678295974668
0.0022503006012024045, 0.7723713794164158, 5.372196961860398E-4, 6.999714466134279, 0.0016156531383886563, 9.611606021803269, 11.053182749917019, 7.086283554413355
0.002256112224448897, 0.774351097657995, 5.386071190366404E-4, 7.062059728727313, 0.0016285162875017802, 11.37184966069247, 12.782709971758113, 7.086888812852043
0.0022619238476953908, 0.7763308158995746, 5.399945418872413E-4, 7.125429382275108, 0.0016414907821124779, 13.24121137100448, 14.61685086728449, 7.08749407129073
0.0022677354709418835, 0.7783105341411539, 5.413819647378419E-4, 7.189839160822409, 0.0016545782315397417, 15.222421431731139, 16.55808720802035, 7.088099329729418
0.0022735470941883766, 0.7802902523827334, 5.427693875884426E-4, 7.255304950336864, 0.00166778026986634, 17.318217808150163, 18.608904003451634, 7.088704588168105
0.002279358717434869, 0.7822699706243127, 5.441568104390432E-4, 7.32184278938017, 0.001681098556184736, 19.531344910302966, 20.771788298375967, 7.089309846606792
0.0022851703406813625, 0.7842496888658923, 5.45544233289644E-4, 7.389468869779094, 0.0016945347748441447, 21.864552322907453, 23.049227943881622, 7.089915105045479
0.002290981963927855, 0.7862294071074716, 5.469316561402446E-4, 7.458199537296444, 0.0017080906356986454, 24.32059350176849, 25.44371033775556, 7.090520363484167
0.0022967935871743483, 0.7882091253490511, 5.483190789908454E-4, 7.52805129230218, 0.0017217678743564812, 26.902224445196847, 27.95772114259792, 7.0911256219228544
0.0023026052104208414, 0.7901816594694214, 5.497065018414461E-4, 7.599215393383581, 0.001735664232801317, 29.61220232957904, 30.593742970490545, 7.091908844644016
0.0023084168336673346, 0.7921453515944576, 5.510939246920468E-4, 7.671750497075799, 0.0017498052861372616, 32.45328411953657, 33.354254045357145, 7.092911100328224
0.0023142284569138273, 0.7941090437194938, 5.524813475426474E-4, 7.745459268007409, 0.0017640753509203435, 35.42822514277704, 36.2417268323748, 7.093913356012432
0.0023200400801603204, 0.7960727358445299, 5.538687703932481E-4, 7.820358833055629, 0.0017784762779733442, 38.53977763692885, 39.25862664253885, 7.094915611696639
0.0023258517034068136, 0.7980364279695661, 5.552561932438488E-4, 7.89646647706023, 0.0017930099451440584, 41.790689263353606, 42.407410206689384, 7.095917867380847
0.0023316633266533067, 0.8000001200946023, 5.566436160944495E-4, 7.973799643494864, 0.0018076782575612814, 45.18370159040483, 45.69052422197534, 7.096920123065055
0.002337474949899799, 0.8019638122196383, 5.580310389450502E-4, 8.052375935137832, 0.0018224831478919137, 48.721548543892936, 49.11040386839543, 7.097922378749263
0.0023432865731462926, 0.8039275043446746, 5.59418461795651E-4, 8.132213114743365, 0.0018374265765991465, 52.406954827621334, 52.66947129836764, 7.09892463443347
0.0023490981963927853, 0.8058911964697107, 5.608058846462516E-4, 8.213329105712518, 0.0018525105322017964, 56.242634307562966, 56.37013409260925, 7.099926890117678
0.002354909819639278, 0.8078548885947467, 5.621933074968522E-4, 8.295741992764334, 0.0018677370315347682, 60.23128836872898, 60.21478369200615, 7.100929145801886
0.002360721442885771, 0.809818580719783, 5.635807303474529E-4, 8.379470022606796, 0.0018831081200105758, 64.37560423506828, 64.2057937952583, 7.101931401486093
0.0023665330661322643, 0.8117822728448192, 5.649681531980536E-4, 8.464531604607856, 0.0018986258718820797, 68.67825325905723, 68.34551872934293, 7.102933657170301
0.0023723446893787574, 0.8137459649698553, 5.663555760486544E-4, 8.55094531146667, 0.0019142923905062182, 73.14188917624027, 72.63629178791427, 7.103935912854508
0.00237815631262525, 0.8157096570948914, 5.67742998899255E-4, 8.638729879884394, 0.001930109808608956, 77.76914632737304, 77.08042354043657, 7.104938168538716
0.0023839679358717437, 0.8176733492199277, 5.691304217498558E-4, 8.72790421123544, 0.0019460802885513141, 82.56263784719259, 81.68020011100369, 7.105940424222924
0.002389779559118236, 0.8196370413449637, 5.705178446004564E-4, 8.818487372238366, 0.0019622060225965065, 87.52495381888536, 86.43788142601218, 7.106942679907132
0.002395591182364729, 0.82160073347, 5.719052674510571E-4, 8.91049859562699, 0.0019784892331782067, 92.65865939298779, 91.3556994293195, 7.107944935591339
0.002401402805611222, 0.8235612191147503, 5.732926903016577E-4, 9.004102371802674, 0.00199501535276887, 97.9662928749257, 96.43585626953102, 7.109088306015315
0.0024072144288577154, 0.8255116272500318, 5.746801131522586E-4, 9.099631255065475, 0.0020119671365648566, 103.45036377479218, 101.68052245240959, 7.110675179907132
0.002413026052104208, 0.827462035385313, 5.760675360028592E-4, 9.196650252519618, 0.0020290868519110845, 109.11335082530685, 107.09183496492973, 7.11226205379895
0.002418837675350701, 0.8294124435205944, 5.774549588534599E-4, 9.295179270972838, 0.0020463768604819434, 114.95769996134324, 112.67189536398284, 7.113848927690766
0.002424649298597194, 0.8313628516558755, 5.788423817040605E-4, 9.395238386604461, 0.0020638395554993683, 120.98582226777457, 118.422767836953, 7.115435801582583
0.0024304609218436875, 0.833313259791157, 5.802298045546613E-4, 9.496847845636665, 0.002081477362007828, 127.20009188836966, 124.34647722658045, 7.1170226754744
0.00243627254509018, 0.8352636679264382, 5.816172274052619E-4, 9.600028065005162, 0.0020992927371504093, 133.60284390162056, 130.44500702594775, 7.118609549366218
0.002442084168336673, 0.8372140760617195, 5.830046502558626E-4, 9.704799633030802, 0.0021172881704460203, 140.19637215809254, 136.72029733871253, 7.120196423258035
0.002447895791583166, 0.8391644841970008, 5.843920731064634E-4, 9.811183310090058, 0.002135466184067727, 146.98292708464487, 143.17424280939497, 7.121783297149852
0.0024537074148296588, 0.8411148923322821, 5.85779495957064E-4, 9.919200029286415, 0.0021538293331222237, 153.9647134486502, 149.8086905172312, 7.123370171041669
0.002459519038076152, 0.8430653004675633, 5.871669188076647E-4, 10.028870897121365, 0.0021723802059303438, 161.14388808823142, 156.62543783933654, 7.1249570449334865
0.0024653306613226446, 0.8450157086028446, 5.885543416582653E-4, 10.140217194165317, 0.002191121424308773, 168.52255760353307, 163.62623027877817, 7.126543918825304
0.002471142284569138, 0.846966116738126, 5.899417645088661E-4, 10.2532603757288, 0.0022100556438528467, 176.10277601329423, 170.81275926126327, 7.128130792717121
0.002476953907815631, 0.8489165248734072, 5.913291873594667E-4, 10.368022072533478, 0.002229185554220449, 183.88654237027677, 178.18665989402365, 7.129717666608938
0.002482765531062124, 0.8508669330086885, 5.927166102100674E-4, 10.484524091383065, 0.0022485138794170485, 191.87579834347332, 185.7495086957832, 7.131304540500755
0.002488577154308617, 0.8528173411439699, 5.941040330606682E-4, 10.60278841583461, 0.00226804337808186, 200.07242575804275, 193.50282128702267, 7.132891414392573
0.0024943887775551103, 0.8547677492792513, 5.954914559112689E-4, 10.722837206869343, 0.0022877768437750984, 208.47824410123312, 201.4480500513138, 7.13447828828439
0.0025002004008016026, 0.856716700764577, 5.968788787618695E-4, 10.84472387998592, 0.002307735654126314, 217.09500798621485, 209.58658175655654, 7.13609397282219
0.0025060120240480957, 0.8586248660511495, 5.982663016124702E-4, 10.969312708585136, 0.002328426396736912, 225.92440457998143, 217.9197351457391, 7.138516355447522
0.002511823647294589, 0.8605330313377221, 5.996537244630709E-4, 11.095758767896925, 0.002349335331832035, 234.96805099124813, 226.44875848995622, 7.1409387380728555
0.002517635270541082, 0.8624411966242946, 6.010411473136716E-4, 11.224084942810563, 0.0023704654217441903, 244.22749161889774, 235.17482710661415, 7.143361120698188
0.0025234468937875747, 0.864349361910867, 6.024285701642723E-4, 11.354314298998958, 0.002391819665224039, 253.7041954623905, 244.09904084345035, 7.14578350332352
0.0025292585170340683, 0.8662575271974398, 6.038159930148731E-4, 11.486470083589566, 0.002413401097734377, 263.39955339217215, 253.22242152574066, 7.148205885948853
0.002535070140280561, 0.8681656924840121, 6.052034158654737E-4, 11.620575725835394, 0.0024352127917452414, 273.314875378572, 262.5459103663772, 7.150628268574185
0.002540881763527054, 0.8700738577705847, 6.065908387160744E-4, 11.756654837786186, 0.002457257857030163, 283.4513876838994, 272.0703653430573, 7.153050651199519
0.0025466933867735464, 0.8719820230571571, 6.07978261566675E-4, 11.894731214959279, 0.0024795394409634908, 293.81023001121605, 281.7965585358193, 7.155473033824851
0.0025525050100200395, 0.8738901883437297, 6.093656844172757E-4, 12.034828837010863, 0.0025020607288188702, 304.3924526156826, 291.72517343119165, 7.157895416450184
0.0025583166332665327, 0.8757983536303022, 6.107531072678765E-4, 12.176971868406937, 0.0025248249440688233, 315.1990133709203, 301.85680218545264, 7.160317799075516
0.0025641282565130254, 0.8777065189168746, 6.121405301184771E-4, 12.3211846590943, 0.002547835348685464, 326.23077479882994, 312.1919428550932, 7.1627401817008485
0.002569939879759519, 0.8796146842034474, 6.135279529690779E-4, 12.467491745171671, 0.002571095243442281, 337.4885010566513, 322.73099658916146, 7.165162564326182
0.0025757515030060117, 0.8815228494900197, 6.149153758196785E-4, 12.615917849560645, 0.002594607968217118, 348.9728548801042, 333.4742647807215, 7.167584946951514
0.002581563126252505, 0.8834310147765922, 6.163027986702792E-4, 12.76648788267697, 0.0026183769022961843, 360.6843944895912, 344.4219461866339, 7.170007329576847
0.0025873747494989975, 0.8853391800631647, 6.176902215208798E-4, 12.919226943101265, 0.00264240546467924, 372.62357045114135, 355.5741340056015, 7.172429712202179
0.002593186372745491, 0.8872473453497374, 6.190776443714806E-4, 13.074160318250378, 0.0026666971143858888, 384.7907224942884, 366.93081291696865, 7.1748520948275125
0.002598997995991984, 0.8891555106363098, 6.204650672220813E-4, 13.23131348504819, 0.002691255350762971, 397.18607629255456, 378.491856087362, 7.177274477452845
0.0026048096192384765, 0.890992111304039, 6.21852490072682E-4, 13.391837057334556, 0.002716783264723138, 409.80974019519965, 390.25702213155, 7.180685641097005
0.0026106212424849696, 0.8928138026761757, 6.232399129232827E-4, 13.554873947609082, 0.002742738832678452, 422.6617019211483, 402.2259520407417, 7.184302800786755
0.0026164328657314628, 0.8946354940483126, 6.246273357738834E-4, 13.72021657776051, 0.002768980753912716, 435.7418252068655, 414.39816606885745, 7.187919960476505
0.0026222444889779555, 0.8964571854204493, 6.26014758624484E-4, 13.887891206241449, 0.002795512737542312, 449.04984641147246, 426.7730605797281, 7.191537120166255
0.0026280561122244486, 0.898278876792586, 6.274021814750847E-4, 14.057924284379979, 0.0028223385346660065, 462.5853710791938, 439.34990485673484, 7.195154279856005
0.0026338677354709418, 0.9001005681647228, 6.287896043256855E-4, 14.230342457050583, 0.0028494619386791164, 476.34787045819144, 452.1278378731621, 7.198771439545754
0.002639679358717435, 0.9019222595368597, 6.301770271762862E-4, 14.405172563345204, 0.002876886785588891, 490.33667797273796, 465.1058650196009, 7.202388599235504
0.0026454909819639276, 0.9037439509089963, 6.315644500268868E-4, 14.5824416372445, 0.0029046169543308614, 504.55098565586025, 478.2828547969182, 7.2060057589252535
0.0026513026052104203, 0.9055656422811329, 6.329518728774874E-4, 14.762176908288552, 0.0029326563670864607, 518.9898405318173, 491.65753546324544, 7.209622918615003
0.0026571142284569135, 0.9073873336532698, 6.343392957280882E-4, 14.944405802248312, 0.0029610089896016482, 533.6521409594756, 505.22849164638774, 7.213240078304754
0.002662925851703406, 0.9092090250254066, 6.357267185786888E-4, 15.12915594179627, 0.00298967883150671, 548.536632926189, 518.9941609111877, 7.216857237994503
0.0026687374749498993, 0.9110307163975434, 6.371141414292895E-4, 15.316455147177734, 0.0030186699466371626, 563.641906299681, 532.9528302897983, 7.220474397684253
0.0026745490981963924, 0.9128524077696801, 6.385015642798903E-4, 15.50633143688178, 0.0030479864333557514, 578.9663910313144, 547.102632766912, 7.2240915573740025
0.0026803607214428856, 0.914674099141817, 6.39888987130491E-4, 15.69881302831233, 0.0030776324348756063, 594.5083533184924, 561.4415437304053, 7.227708717063752
0.0026861723446893783, 0.9164957905139536, 6.412764099810916E-4, 15.893928338459276, 0.0031076121395844855, 610.265891715734, 575.9673773733019, 7.231325876753502
0.0026919839679358714, 0.9183174818860904, 6.426638328316923E-4, 16.09170598456936, 0.003137929781370164, 626.2369332029601, 590.6777830592894, 7.234943036443251
0.0026977955911823646, 0.9201391732582272, 6.44051255682293E-4, 16.292174784817405, 0.0031685896399468866, 642.4192292069048, 605.5702416451047, 7.238560196133002
0.0027036072144288577, 0.9218252909110883, 6.454386785328937E-4, 16.49647309969791, 0.003200312052591813, 658.8103515763838, 620.6420617618461, 7.243100657982627
0.00270941883767535, 0.9234285579577253, 6.468261013834943E-4, 16.704208464260716, 0.0032328332508757725, 675.4076885077329, 635.8903760508751, 7.248205360041065
0.0027152304609218436, 0.9250318250043624, 6.482135242340952E-4, 16.91473467641417, 0.0032657225655535055, 692.2084404277289, 651.3121373627031, 7.253310062099503
0.0027210420841683363, 0.9266350920509994, 6.496009470846958E-4, 17.128081396496043, 0.0032989845336093733, 709.2096158252797, 666.9041149082187, 7.2584147641579415
0.0027268537074148294, 0.9282383590976364, 6.509883699352965E-4, 17.344278489161383, 0.0033326237397015915, 726.4080270391338, 682.6628903724123, 7.26351946621638
0.002732665330661322, 0.9298416261442733, 6.523757927858971E-4, 17.563356024053192, 0.0033666448164955537, 743.800285993932, 698.5848539796416, 7.268624168274817
0.0027384769539078157, 0.9314448931909105, 6.537632156364979E-4, 17.785344276473452, 0.0034010524449984564, 761.3827998906637, 714.6662005192808, 7.273728870333255
0.0027442885771543084, 0.9330481602375474, 6.551506384870985E-4, 18.010273728054358, 0.003435851354894919, 779.1517668499139, 730.9029253288627, 7.278833572391694
0.002750100200400801, 0.9346514272841844, 6.565380613376992E-4, 18.238175067429268, 0.003471046324883785, 797.103171503451, 747.2908202302906, 7.283938274450131
0.0027559118236472947, 0.9362546943308216, 6.579254841883E-4, 18.46907919090377, 0.0035066421830159712, 815.2327805397332, 763.8254694249645, 7.28904297650857
0.002761723446893787, 0.9378579613774585, 6.593129070389006E-4, 18.70301720312665, 0.0035426438070335214, 833.5361381992171, 780.5022453440873, 7.294147678567008
0.00276753507014028, 0.9394612284240956, 6.607003298895013E-4, 18.940020417761133, 0.003579056124709719, 852.0085617214834, 797.3163044554998, 7.299252380625446
0.002773346693386773, 0.9410644954707326, 6.620877527401019E-4, 19.18012035815569, 0.003615884114190334, 870.6451367409451, 814.2625830239703, 7.304357082683883
0.0027791583166332664, 0.9426677625173697, 6.634751755907027E-4, 19.423348758015237, 0.0036531328043360005, 889.4407126352257, 831.3357928297969, 7.309461784742322
0.002784969939879759, 0.9442710295640067, 6.648625984413034E-4, 19.669737562072243, 0.0036908072750656273, 908.3898978237671, 848.5304168428261, 7.31456648680076
0.0027907815631262522, 0.9458742966106437, 6.662500212919041E-4, 19.919318926757555, 0.003728912657701096, 927.487055012523, 865.840704846584, 7.319671188859198
0.002796593186372745, 0.9474775636572806, 6.676374441425047E-4, 20.17212522087165, 0.0037674541353129275, 946.7262963935453, 883.2606690237603, 7.324775890917636
0.0028024048096192385, 0.9488747438014382, 6.690248669931055E-4, 20.428294856068348, 0.0038065077458435057, 966.101478790108, 900.7840794921307, 7.329963557918305
0.002808216432865731, 0.9499799675004162, 6.704122898437061E-4, 20.687905988278914, 0.0038461096275495786, 985.6061987527922, 918.4044597963582, 7.335268758587132
0.0028140280561122243, 0.9510851911993944, 6.717997126943068E-4, 20.9508422304896, 0.0038861653852996676, 1005.2337876036073, 936.11508235293, 7.340573959255959
0.002819839679358717, 0.9521904148983724, 6.731871355449076E-4, 21.217136812993203, 0.003926680423672647, 1024.9773064309827, 953.9089638524677, 7.345879159924787
0.00282565130260521, 0.9532956385973506, 6.745745583955083E-4, 21.486823181813634, 0.003967660200775096, 1044.8295410275834, 971.7788606082752, 7.3511843605936145
0.002831462925851703, 0.9544008622963285, 6.759619812461089E-4, 21.75993499937732, 0.0040091102285937895, 1064.7829967858843, 989.717263870231, 7.356489561262442
0.0028372745490981956, 0.9555060859953065, 6.773494040967095E-4, 22.036506145183807, 0.004051036073349293, 1084.8298935310208, 1007.7163950791074, 7.361794761931269
0.002843086172344689, 0.9566113096942847, 6.787368269473103E-4, 22.31657071647706, 0.004093443355850632, 1104.962160310486, 1025.7682010851624, 7.367099962600097
0.002848897795591182, 0.9577165333932627, 6.801242497979109E-4, 22.60016302891637, 0.004136337751851137, 1125.1714301236614, 1043.8643493104719, 7.372405163268924
0.002854709418837675, 0.9588217570922407, 6.815116726485116E-4, 22.88731761724756, 0.004179724992405296, 1145.4490346064272, 1061.996222872919, 7.3777103639377515
0.002860521042084168, 0.9599269807912189, 6.828990954991124E-4, 23.17806923597405, 0.004223610864226953, 1165.78599865506, 1080.1549156540268, 7.383015564606579
0.0028663326653306613, 0.9610322044901969, 6.842865183497131E-4, 23.472452860027516, 0.004268001210048292, 1186.173035003866, 1098.331227327081, 7.388320765275407
0.0028721442885771536, 0.9621374281891749, 6.856739412003137E-4, 23.770503685439422, 0.004312901928980276, 1206.600538743688, 1116.5156583308817, 7.393625965944234
0.0028779559118236467, 0.9632426518881531, 6.870613640509144E-4, 24.07225713001199, 0.004358318976873915, 1227.0585817914653, 1134.6984048004997, 7.398931166613061
0.00288376753507014, 0.9643478755871311, 6.884487869015151E-4, 24.37774883398893, 0.004404258366682925, 1247.5369073015818, 1152.8693534452896, 7.4042363672818885
0.002889579158316633, 0.9654530992861092, 6.898362097521158E-4, 24.68701466072679, 0.004450726168827218, 1268.0249240277801, 1171.018076383561, 7.409541567950717
0.0028953907815631257, 0.9665583229850871, 6.912236326027164E-4, 25.000090697365778, 0.0044977285115577505, 1288.5117006255832, 1189.1338259226613, 7.414846768619544
0.0029012024048096193, 0.9675758839645348, 6.926110554533173E-4, 25.316467738854357, 0.004544893750461909, 1308.9859599046715, 1207.2055292953391, 7.41974884019067
0.002907014028056112, 0.968257404519115, 6.939984783039179E-4, 25.634626593556533, 0.004591146186852153, 1329.436073025, 1225.2217833458012, 7.423105583553939
0.002912825651302605, 0.9689389250736953, 6.953859011545186E-4, 25.956688504130483, 0.004637932896827023, 1349.8500536344588, 1243.1708491623158, 7.42646232691721
0.002918637274549098, 0.9696204456282755, 6.967733240051192E-4, 26.282690417018557, 0.0046852601442082045, 1370.2155519570379, 1261.0406466663942, 7.4298190702804785
0.002924448897795591, 0.9703019661828558, 6.9816074685572E-4, 26.612669505758106, 0.004733134252222201, 1390.5198488224141, 1278.818749149669, 7.433175813643749
0.0029302605210420837, 0.9709834867374361, 6.995481697063206E-4, 26.946663171652574, 0.004781561603871394, 1410.7498496386695, 1296.4923777597994, 7.436532557007019
0.0029360721442885764, 0.9716650072920163, 7.009355925569213E-4, 27.284709044442735, 0.004830548642306365, 1430.8920783101464, 1314.048395936057, 7.439889300370289
0.00294188376753507, 0.9723465278465967, 7.023230154075221E-4, 27.626844982977588, 0.004880101871199326, 1450.9326711020926, 1331.4733037995713, 7.443246043733558
0.0029476953907815627, 0.973028048401177, 7.037104382581227E-4, 27.973109075885304, 0.0049302278551184575, 1470.857370442032, 1348.753232484873, 7.446602787096828
0.002953507014028056, 0.9737095689557572, 7.050978611087234E-4, 28.32353964224461, 0.004980933219903699, 1490.65151867079, 1365.8739384275943, 7.449959530460098
0.0029593186372745485, 0.9743910895103375, 7.06485283959324E-4, 28.678175232255455, 0.005032224653043434, 1510.3000517347548, 1382.820797599529, 7.453316273823368
0.002965130260521042, 0.9750726100649177, 7.078727068099248E-4, 29.037054627910464, 0.0050841089040522675, 1529.7874928190759, 1399.578799690014, 7.456673017186638
0.002970941883767535, 0.975754130619498, 7.092601296605254E-4, 29.400216843665362, 0.005136592784850104, 1549.0979459242951, 1416.1325422378695, 7.460029760549907
0.0029767535070140275, 0.9764356511740783, 7.106475525111262E-4, 29.76770112711074, 0.005189683170142189, 1568.21508938751, 1432.466224712712, 7.463386503913178
0.0029825651302605206, 0.9771171717286586, 7.120349753617269E-4, 30.139546959642786, 0.0052433869978002895, 1587.122169343068, 1448.5636425430996, 7.4667432472764474
0.0029883767535070138, 0.9777986922832389, 7.134223982123276E-4, 30.51579405713406, 0.005297711269245074, 1605.8019931265744, 1464.4081810935452, 7.470099990639717
0.0029941883767535065, 0.9784802128378192, 7.148098210629282E-4, 30.896482370604872, 0.0053526630498295265, 1624.2369226200162, 1479.9828095888174, 7.473456734002987
0.0029999999999999996, 0.9791617333923994, 7.161972439135289E-4, 31.281652086894724, 0.005408249469223459, 1642.4088675361156, 1495.2700749835744, 7.476813477366257
