Starting reduced density rho*: 1.6
Maximum reduced density rho*: 1.951
Reduced-density increment: 0.02
Number of particles: 108
Initial configuration: FCC
Dry microgel radius [nm]: 50.0
Box length [units of dry radius]: 3.8053028646111455
Number of monomers: 0.0
Flory interaction parameter (chi): 0.0
Young's calibration factor: 1.0
x-link fraction: 5.0E-5
betaEpsilon: 150.0
Tstar: 0.006666666666666667
Reduced-density increment: 0.02
MC steps: 20000
Equilibration steps: 10000.0
Snapshot interval: 100
Displacement tolerance: 0.1
Particle radius change tolerance: 0.0
Particle radius bin width: 0.001
g(r) bin width: 0.005
rho, geometric_volume_fraction, mu_from_dF/kT, Z_from_dF_total, Pstar_from_dF_total, Z_virial_measured, Pstar_virial_measured, Z_einstein_contribution, Z_pair_contribution, Z_FR_contribution, <F_total>/V, <F_pair>/V, <S_solid>/V, <F_reference>/V, <F_FR>/V, radius, zeta, beta_u_Hertz_nn, SpringConstant, LindemannParameter, Tstar
1.62, 0.8002937632246849, 77.51596704626031, 71.56837333182754, 115.94076479756063, 13.33643211666355, 21.605020028994954, 91.15076634652803, -19.582393014700486, 0.0, 9.635101817381098, 2.5310854859012535, -3.571991632777191, 7.104016331479846, 0.0, 0.5, 0.0, 0.06186814695810513, 62.56887506347651, 0.16200675693815758, 0.006666666666666667
1.64, 0.808205005831925, 19.318414213718675, 13.229626811866698, 21.696587971461387, 13.747373876178719, 22.5456931569331, 9.77747699839699, 3.4521498134696795, 0.0, 9.985611339037234, 2.5845656467492106, -3.7098025138289854, 7.401045692288023, 0.0, 0.5, 0.0, 0.07640968532643902, 68.17503209104203, 0.15583891077629614, 0.006666666666666667
1.66, 0.8158344901572296, 21.128738674226824, 14.858956514028124, 24.665867813286688, 14.235031175175529, 23.63015175079138, 10.595924067332769, 4.263032446695369, 0.0, 10.407838385929846, 2.732209664946119, -3.8852291835412123, 7.675628720983727, 0.0, 0.5, 0.0, 0.09254961062735974, 73.45855510434178, 0.15073778712173844, 0.006666666666666667
1.68, 0.823619567284841, 20.924696557042324, 14.477815077276661, 24.322729329824792, 14.689903391722849, 24.67903769809439, 9.7491195241094, 4.728695553167277, 0.0, 10.830760886006308, 2.8209233220856067, -4.109112464478528, 8.009837563920701, 0.0, 0.5, 0.0, 0.11027654796398877, 80.92059813522737, 0.14419410819267942, 0.006666666666666667
1.7, 0.8307085735020102, 21.595909627859225, 14.981305952440673, 25.468220119149148, 15.250355022916782, 25.925603538958534, 7.813017456486254, 7.168288495954399, 0.0, 11.24482624821154, 2.9885223280748487, -4.258140061943889, 8.256303920136691, 0.0, 0.5, 0.0, 0.12957453064006313, 85.90205633276764, 0.14050393604513728, 0.006666666666666667
1.72, 0.8378503546011296, 22.45752722712935, 15.658342767175473, 26.932349559541816, 15.769785448406774, 27.124030971259653, 6.204050029162172, 9.454292738013308, 0.0, 11.694597271120678, 3.1779730343490735, -4.4522704700279645, 8.516624236771603, 0.0, 0.5, 0.0, 0.15042387310847952, 91.55839153904854, 0.13662631928933391, 0.006666666666666667
1.74, 0.8451710237760591, 23.07455131289642, 16.09574249835808, 28.006591947143065, 16.398285959633746, 28.533017569762723, 6.283880673597363, 9.811861824760728, 0.0, 12.143127337296715, 3.4406003872314064, -4.547618889960977, 8.702526950065309, 0.0, 0.5, 0.0, 0.17280188651339348, 94.67976795883993, 0.13487406714239286, 0.006666666666666667
1.76, 0.851885207472539, 24.136032868464397, 16.96695370730728, 29.861838524860815, 16.96059359698041, 29.850644730685524, 6.666458048244554, 10.300495659062712, 0.0, 12.617579323636535, 3.6495417691149377, -4.722170608675578, 8.968037554521597, 0.0, 0.5, 0.0, 0.19668346989207613, 100.85636265147022, 0.1311776567655058, 0.006666666666666667
1.78, 0.8582410271534237, 25.64654762223755, 18.282183210981774, 32.54228611554756, 17.57355351081855, 31.28092524925702, 7.170154508243924, 11.11202870273786, 0.0, 13.108568652035292, 3.935564344710164, -4.87889644495378, 9.173004307325128, 0.0, 0.5, 0.0, 0.22204160177025847, 104.85578153483297, 0.12913712306326858, 0.006666666666666667
1.8, 0.8642566261552852, 26.45631399867738, 18.876624427274027, 33.977923969093254, 18.176507324465113, 32.71771318403721, 3.553575430572129, 15.323048996701878, 0.0, 13.643441228526038, 4.182462565420186, -5.096136691638267, 9.460978663105852, 0.0, 0.5, 0.0, 0.24884775102163112, 112.35239917806022, 0.1252199780207409, 0.006666666666666667
1.82, 0.8707498521699171, 26.750523896106834, 18.96655619721541, 34.519132278932055, 18.94873407181567, 34.48669601070453, 2.8032035796673225, 16.16335261754809, 0.0, 14.166821211982388, 4.641429917143133, -5.120637069415337, 9.525391294839254, 0.0, 0.5, 0.0, 0.27707222163390444, 110.6664024129782, 0.12663580932305363, 0.006666666666666667
1.84, 0.8767032079218731, 27.291746958079408, 19.29530011874772, 35.503352218495806, 19.586104412297555, 36.038432118627505, 4.736543856037923, 14.558756262709814, 0.0, 14.713462184370313, 4.931006118850531, -5.302482713999258, 9.782456065519781, 0.0, 0.5, 0.0, 0.30668444290886626, 117.00094769741528, 0.1236095090482642, 0.006666666666666667
1.86, 0.8826946463423249, 28.255181374350897, 20.051691540853287, 37.29614626598712, 20.286638158177816, 37.73314697421074, 4.071522845702839, 15.980168695150448, 0.0, 15.258491090305565, 5.330975952843929, -5.408664200374515, 9.927515137461636, 0.0, 0.5, 0.0, 0.33765321428603773, 118.64376353521256, 0.12319388589161863, 0.006666666666666667
1.88, 0.8877629885259612, 29.27192633127091, 20.844442586938808, 39.18755206344497, 21.009015061653244, 39.49694831590811, 4.074815106620962, 16.769627480317848, 0.0, 15.84366943934435, 5.684857510803731, -5.526442850159672, 10.158811928540619, 0.0, 0.5, 0.0, 0.36994691219622716, 124.04420288093002, 0.12091263259073608, 0.006666666666666667
1.9, 0.8929876701143203, 29.83182296086697, 21.184787095837283, 40.25109548209085, 21.703654150703738, 41.23694288633711, 1.4283292010303683, 19.756457894806935, 0.0, 16.429368143556403, 6.122715467180127, -5.652708658609746, 10.306652676376276, 0.0, 0.5, 0.0, 0.40353366497124904, 125.79533194252303, 0.12049237585695113, 0.006666666666666667
1.92, 0.8978566317971115, 31.097997066109222, 22.224589588099313, 42.671212009150686, 22.42363410465178, 43.053377480931424, 2.4509403644223693, 19.773649223676983, 0.0, 17.03694235777903, 6.604015099589275, -5.769007478886566, 10.432927258189755, 0.0, 0.5, 0.0, 0.43838150075456944, 126.57354596582746, 0.12054140049466996, 0.006666666666666667
