Starting dry volume fraction: 0.002
Maximum dry volume fraction: 0.0032
DryVolFrac increment: 3.42857E-5
Number of particles: 108
Initial configuration: FCC
Dry microgel radius [nm]: 50.0
Box length [units of dry radius]: 51.90924159388345
Number of monomers: 2916666.666666667
Flory interaction parameter (chi): 0.0
Young's calibration factor: 1.0
x-link fraction: 5.0E-5
DryVolFrac increment: 3.42857E-5
MC steps: 70000
Equilibration steps: 7000.0
Snapshot interval: 100
Displacement tolerance: 0.1
Particle radius change tolerance: 0.0
Particle radius bin width: 0.001
g(r) bin width: 0.005
phi0, phi, mu/kT, (PV/NkT)_from_dF_FR+dF_pair, (PV/NkT)_from_dF_total, (PV/NkT)_virial_measured, (PV/NkT)_virial+dF_total, (PV/NkT)_einstein, (PV/NkT)_pair_contribution, (PV/NkT)_FR_contribution, <F_total>/V, <F_pair>/V, EntropySolid, <F_reference>/V, <F_FR>/V, <alpha>, zeta, u_Hertz_nn, SpringConstant, LindemannParameter, kT/E
0.0020343, 0.42491824546899987, -7.7081362646384175, -3.3479476219092943, 2.781511014371092, 1.5849041709248732, 4.366415185295965, 6.488102798232664, -3.7065917838615796, 0.3586441619522851, -0.005094296542555334, -2.992482373286903E-4, 1.5051262946444193, -0.004795048305226644, 1.9624710414186652E-5, 6.328, 0.5156701196019963, 0.0, 0.004481485911355004, 1.2811620277615614, 0.0034285714285714284
0.0020686, 0.4323281619321347, -9.681972016192313, 3.2078864258917315, 0.7330438310764047, 1.6191341764852447, 2.3521780075616494, -2.346820630741483, 3.0798644618179316, 0.12802196407379995, -0.0051432998214112026, -3.3349248821973565E-4, 1.5051803503032968, -0.004809807333191467, 2.3027890654148505E-5, 6.328, 0.5243611854732445, 0.0, 0.004903055608168284, 1.2316893597453507, 0.0034285714285714284
0.0021029, 0.4327758439907196, -9.176535774821357, 4.539367809045288, 1.286774277794244, 1.705892067575531, 2.992666345369775, -3.1974091385793395, 4.484183416373572, 0.0551843926717165, -0.005252792514770057, -2.5988518631087055E-4, 1.5052871724860486, -0.0049929073284591865, 2.2483812789421736E-5, 6.328, 0.5330522513444926, 0.0, 0.004268184389585764, 1.327372332306199, 0.0034285714285714284
0.0021371, 0.45360864734630907, -8.75949795752586, 1.9305394172014152, 1.6157805767098599, 1.8054957942571286, 3.4212763709669884, -0.2762712340605703, 1.892051810770403, 0.03848760643101227, -0.005293521693232466, -2.6855995115810175E-4, 1.5053314589640912, -0.005024961742074364, 2.4664438594141098E-5, 6.328, 0.5417433172157408, 0.0, 0.004554776453018327, 1.2918797011902, 0.0034285714285714284
0.0021714, 0.45262566598058973, -11.164881467138175, 3.3250361257819177, -0.7553759863503997, 1.8484335454223118, 1.093057559071912, -4.1114466328986925, 3.3560706465482806, -0.031034520766362997, -0.005396187387484939, -2.3752878314869174E-4, 1.5054317761237546, -0.005158658604336248, 2.3905235268790458E-5, 6.328, 0.550434383086989, 0.0, 0.004251081613623816, 1.34434236077888, 0.0034285714285714284
0.0022057, 0.4685304997844935, -11.744515806156224, 2.164892490804079, -1.3446900397572317, 2.0411474665776312, 0.6964574268203996, -3.534625868810776, 2.189935829053548, -0.025043338249469086, -0.005476293213315019, -2.2112125617109441E-4, 1.5055136725908396, -0.005255171957143925, 2.491129866560537E-5, 6.328, 0.5591254489582371, 0.0, 0.004169640956640295, 1.3645145685652909, 0.0034285714285714284
0.00224, 0.4557688852074271, -2.15588808555421, -3.6546150936005746, 8.294485043051301, 1.8863971614770114, 10.180882204528313, 12.787624066566687, -4.493139023515347, 0.8385239299147728, -0.0055884476468385895, -2.0855329417230747E-4, 1.5056251653483446, -0.005379894352666282, 2.42697146403741E-5, 6.328, 0.5678165148294853, 0.0, 0.003949469322642174, 1.4092597701638787, 0.0034285714285714284
0.0022743, 0.4672367088391461, 2.7585511770500233, 0.2356097398299707, 12.909816099424726, 1.871320714590647, 14.781136814015372, 13.577745662498716, -0.6679295630740123, 0.903539302903983, -0.005511585566725522, -3.0105919418208687E-4, 1.5055668533003015, -0.0052105263725434345, 3.938106660497221E-5, 6.328, 0.5765075807007335, 0.0, 0.005394857795384387, 1.211907371021259, 0.0034285714285714284
0.0023086, 0.4889914788607072, -1.7413972210655126, 3.0977724893251812, 8.316631762859336, 2.342777838051109, 10.659409600910445, 5.631740959895438, 2.684890802963895, 0.4128816863612862, -0.0055432895685070885, -2.2856460363150167E-4, 1.5055990169872369, -0.005314724964875587, 4.024821650771589E-5, 6.328, 0.5851986465719816, 0.0, 0.005228050203622288, 1.237244836158432, 0.0034285714285714284
0.0023429, 0.49741935547360727, 38.95380957849808, -26.402896707608363, 48.85893211911686, 2.3764463702892282, 51.23537848940609, 79.50482582123733, -30.64589370212045, 4.242996994512085, -0.00554009261519697, -2.638959972593885E-4, 1.5056038951494601, -0.005276196617937581, 4.73355200985603E-5, 6.328, 0.5938897124432297, 0.0, 0.006021035245505469, 1.1585748665652138, 0.0034285714285714284
0.0023771, 0.5222773871311539, 74.80898396082443, 17.83307779893344, 83.45321040491889, 2.7826537269105946, 86.23586413182949, 69.46728803528192, 13.985922369636912, 3.847155429296531, -0.004905607295692655, -7.379682824330697E-4, 1.5050446798592996, -0.004167639013259585, 1.1109242272237224E-4, 6.328, 0.602580778314478, 0.0, 0.024561002487727242, 0.5764210077321933, 0.0034285714285714284
0.0024114, 0.606894216213172, 108.41669741108599, -13.178037718452826, 115.91288884574573, 4.783915719535226, 120.69680456528096, 131.74819510494385, -15.835306259198108, 2.6572685407452816, -0.004315453396715778, -5.6230967694452675E-5, 1.5044561915616386, -0.004259222429021325, 1.135188730594227E-4, 6.328, 0.6112718441857261, 0.0, 0.023671761187990147, 0.5899573265155712, 0.0034285714285714284
0.0024457, 0.5164926910735819, 143.8478521723921, 20.54729861532673, 149.2099977575492, 2.5249764929159255, 151.73497425046511, 131.97333406416433, 17.236663693384877, 3.310634921941854, -0.003130802552222897, -9.98794649003578E-4, 1.5033198806412291, -0.0021320079032193188, 1.5782050614174175E-4, 6.328, 0.6199629100569742, 0.0, 0.29457932923695834, 0.1680267865693798, 0.0034285714285714284
0.00248, 0.6246806692576143, 75.05591823196879, 64.16666531929746, 78.36748313891805, 4.876150269620052, 83.2436334085381, 14.705593624386124, 63.661889514531914, 0.5047758047655494, -0.001960633000319969, 1.9793335956381976E-4, 1.5021615845633198, -0.002158566359883789, 1.7213955398435841E-4, 6.328, 0.6286539759282225, 0.0, 0.29567051539613265, 0.16849653197727885, 0.0034285714285714284
0.0025143, 0.633237009198684, 7.050365722810158, -7.526252988229427, 10.219292112601563, 4.9562692933300925, 15.175561405931656, 18.103129953067633, -7.883837840466072, 0.3575848522366453, -0.0019021209664106798, 4.883703671266226E-5, 1.5021027609564888, -0.0019509580031233421, 1.708434124502262E-4, 6.328, 0.6373450417994706, 0.0, 0.3858128556473077, 0.1481815989628586, 0.0034285714285714284
0.0025486, 0.6418218093354702, 7.685567537269653, -0.02188064305848081, 10.718336195565778, 5.031364531887402, 15.74970072745318, 11.634574144551664, -0.9162379489858881, 0.8943573059274073, -0.0018452169912840718, 7.020515075930617E-5, 1.5020556761402828, -0.0019154221420433779, 1.8265265946680354E-4, 6.328, 0.6460361076707187, 0.0, 0.4132250563367352, 0.14383018102815184, 0.0034285714285714284
0.0025829, 0.6503597307610045, 8.577392269036958, -3.191378638710362, 11.458146346661136, 5.133867003763604, 16.59201335042474, 15.337938580075692, -3.87979223341455, 0.6884135947041878, -0.0017763065665338524, 3.572695088012717E-5, 1.5019931239261202, -0.0018120335174139797, 1.903986543614292E-4, 6.328, 0.6547271735419669, 0.0, 0.47573235398316815, 0.1346469534575718, 0.0034285714285714284
0.0026171, 0.6588793698177541, 8.443788523697435, -1.314854598571998, 11.172360922679092, 5.259065357802727, 16.43142628048182, 13.412182957932966, -2.2398220352538734, 0.9249674366818754, -0.0017048032280058427, 7.640617077114472E-6, 1.5019287813547104, -0.001712443845082957, 1.9897696853943576E-4, 6.328, 0.6634182394132151, 0.0, 0.543448648766682, 0.1265341152418064, 0.0034285714285714284
0.0026514, 0.6673175501464003, 8.970577939957602, 1.3189118255221461, 11.558456007873255, 5.444582145188914, 17.00303815306217, 11.40753598022449, 0.15092002764876186, 1.1679917978733843, -0.0016380799254114922, -7.392286313498591E-7, 1.5018712058376333, -0.0016373406967801424, 2.107539396924342E-4, 6.328, 0.6721093052844632, 0.0, 0.6027735740358324, 0.12066851110415179, 0.0034285714285714284
0.0026857, 0.6758539404957986, 10.120237843123506, 1.060682341731706, 12.550108624006013, 5.5523752710570795, 18.10248389506309, 12.65037159912679, -0.10026297512076553, 1.1609453168524715, -0.0015579529304069976, 1.009209253708406E-5, 1.5018005560758083, -0.0015680450229440816, 2.2354777764666144E-4, 6.328, 0.6808003711557113, 0.0, 0.6627559751960663, 0.11557241513462636, 0.0034285714285714284
0.00272, 0.6843413790150146, 10.836240289085952, -0.5061596322352908, 13.103745785128808, 5.696663569918848, 18.800409355047655, 14.792815637702274, -1.6890698525734624, 1.1829102203381716, -0.0014724094469895851, -2.1228848127577027E-6, 1.5017238960643033, -0.0014702865621768273, 2.3546646623658884E-4, 6.328, 0.6894914370269596, 0.0, 0.7487269482908783, 0.10919572770826484, 0.0034285714285714284
0.0027543, 0.6928352929946342, 10.965182314412704, 1.4720343445036723, 13.064776571074722, 5.840713521464369, 18.90549009253909, 13.302527384332494, -0.23775081325777217, 1.7097851577614445, -0.0013805613373618355, -1.7611863702948803E-5, 1.5016411326559274, -0.0013629494736588867, 2.4884840092273547E-4, 6.328, 0.6981825028982077, 0.0, 0.8515913149981734, 0.10281704754494017, 0.0034285714285714284
0.0027886, 0.7012227038342163, 11.777232223509287, 3.152337464302362, 13.719343854240313, 6.065451830985953, 19.784795685226264, 12.411229871992248, 1.3081139822480568, 1.844223482054305, -0.0012929070451516151, -6.453386458593124E-6, 1.5015676384711516, -0.001286453658693022, 2.6965141240591984E-4, 6.328, 0.7068735687694558, 0.0, 0.9358909244145239, 0.0984824966499593, 0.0034285714285714284
0.0028229, 0.7096269279015448, 13.434510586470587, 3.8722760305929467, 15.19701604029202, 6.272544034146088, 21.469560074438107, 13.400438796227112, 1.7965772440648982, 2.0756987865280485, -0.001187765503192736, 3.6435548209373764E-6, 1.5014730196586872, -0.0011914090580136736, 2.8566950794114E-4, 6.328, 0.7155646346407041, 0.0, 1.0453617321897988, 0.09356370495946648, 0.0034285714285714284
0.0028571, 0.7179682907730858, 14.465800204015245, 2.912494974219155, 16.0388730091698, 6.5343974686165005, 22.573270477786302, 15.6248309335886, 0.41404207558121037, 2.4984528986379444, -0.0010729812063792511, 2.3045478280990473E-5, 1.501373755068238, -0.0010960266846602416, 3.105703879040437E-4, 6.328, 0.7242557005119522, 0.0, 1.164928547498763, 0.08898949663427165, 0.0034285714285714284
0.0028914, 0.7263726245107378, 15.28977330644867, 1.5381525826580131, 16.66741786744704, 6.748810316736358, 23.416228184183396, 17.411682131057947, -0.7442642636109049, 2.282416846268918, -9.50957230728731E-4, 1.0974604306109505E-5, 1.501265765187256, -9.619318350348405E-4, 3.34023408436276E-4, 6.328, 0.7329467663832003, 0.0, 1.3446383253841443, 0.08315961853853183, 0.0034285714285714284
0.0029257, 0.7346812567992578, 16.6615163023492, 6.60781799132564, 17.839366264334707, 7.033824338971453, 24.87319060330616, 14.531880796729224, 3.3074854676054852, 3.300332523720155, -8.226843163350098E-4, 1.1121978821971647E-5, 1.5011500999628562, -8.338062951569814E-4, 3.558555459189777E-4, 6.328, 0.7416378322544486, 9.172550600115906E-7, 1.5379898080515852, 0.07806295434348264, 0.0034285714285714284
0.00296, 0.742949018208853, 18.464002828341, 9.152477415907459, 19.42375188853425, 7.354864982587384, 26.778616871121635, 14.561930441904966, 4.8618214466292775, 4.2906559692781805, -6.782046116862668E-4, 6.537952679171615E-5, 1.5010273613706628, -7.435841384779829E-4, 3.963909263636709E-4, 6.328, 0.7503288981256967, 3.478466014745492E-4, 1.6915091724213551, 0.0747258962674224, 0.0034285714285714284
0.0029943, 0.7512081147232558, 20.384807554420938, 8.587992463203161, 21.112844218913864, 7.678312140437653, 28.79115635935152, 17.04252654021198, 4.070317678701875, 4.517674784501285, -5.204246037104508E-4, 9.222562876226868E-5, 1.500889942831943, -6.126502324727195E-4, 4.3527730927392486E-4, 6.328, 0.7590199639969448, 0.0017152458531550523, 1.9288224606000033, 0.0702472551503583, 0.0034285714285714284
0.0030286, 0.7593234780500836, 22.352928671512974, 11.00509851812891, 22.82940488472877, 8.09553173528393, 30.9249366200127, 17.338680599650587, 5.490724285078189, 5.514374233050721, -3.4450091099961415E-4, 1.3412354267394069E-4, 1.5007360507432967, -4.7862445367355486E-4, 4.8031441781973364E-4, 6.328, 0.7677110298681931, 0.004452857798426868, 2.1992192570622677, 0.06603731628062944, 0.0034285714285714284
0.0030629, 0.7674559646148906, 24.764358195044935, 14.23457236367718, 24.975656970219887, 8.51665508602144, 33.49231205624133, 17.54520757122353, 7.430449398996361, 6.804122964680821, -1.5450233542536505E-4, 1.8514672936161637E-4, 1.500572159288976, -3.396490647869814E-4, 5.364238464363423E-4, 6.328, 0.7764020957394412, 0.008787547105275687, 2.5115802225576136, 0.06202685946890931, 0.0034285714285714284
0.0030971, 0.775404365542271, 27.526981125632798, 20.155280550694204, 27.444619827036853, 9.057476868171742, 36.50209669520859, 16.266878211923313, 11.177741615113543, 8.977538935580661, 6.089697920632451E-5, 2.599066784506721E-4, 1.5003863081765725, -1.990096992443476E-4, 6.037088655737705E-4, 6.328, 0.7850931616106893, 0.014881381477656936, 2.8642168716942282, 0.058299102517430076, 0.0034285714285714284
0.0031314, 0.7833663061708759, 30.909724276299862, 25.038184066125268, 30.513615624048885, 9.589898475141752, 40.10351409919063, 16.536419666757666, 13.977195957291212, 11.060988108834055, 2.961202885965688E-4, 3.738831626995005E-4, 1.5001895874601, -7.776287410293167E-5, 6.967543413862858E-4, 6.328, 0.7937842274819374, 0.02285386672897847, 3.200620416278733, 0.05535304156436454, 0.0034285714285714284
0.0031657, 0.7911820736948855, 35.2051246926299, 28.770305524096003, 34.45502285548961, 10.22486952851556, 44.67989238400517, 18.71875355422211, 15.736269301267491, 13.03403622282851, 5.668958389291056E-4, 4.969036142696535E-4, 1.4999584382450062, 6.999222465945216E-5, 8.000370192272505E-4, 6.328, 0.8024752933531857, 0.032793841179924246, 3.653151187870912, 0.05199973781291499, 0.0034285714285714284
