phi0, phi, F_fitted, mu_kT_from_fit, P_from_fit
2.5829000000e-03, 6.5040615117e-01, -2.2115255097e-03, 9.0052625897e+00, 1.2591780222e+01
2.5858286432e-03, 6.5113942808e-01, -2.2052230262e-03, 9.0234962545e+00, 1.2595742480e+01
2.5887572864e-03, 6.5187270499e-01, -2.1989076225e-03, 9.0422217529e+00, 1.2600207957e+01
2.5916859296e-03, 6.5260598189e-01, -2.1925789547e-03, 9.0614390848e+00, 1.2605176057e+01
2.5946145729e-03, 6.5333925880e-01, -2.1862366789e-03, 9.0811482504e+00, 1.2610646189e+01
2.5975432161e-03, 6.5407253571e-01, -2.1798804513e-03, 9.1013492495e+00, 1.2616617764e+01
2.6004718593e-03, 6.5480581262e-01, -2.1735099280e-03, 9.1220420823e+00, 1.2623090195e+01
2.6034005025e-03, 6.5553908953e-01, -2.1671247651e-03, 9.1432267486e+00, 1.2630062900e+01
2.6063291457e-03, 6.5627236644e-01, -2.1607246187e-03, 9.1649032485e+00, 1.2637535296e+01
2.6092577889e-03, 6.5700564334e-01, -2.1543091450e-03, 9.1870715820e+00, 1.2645506806e+01
2.6121864322e-03, 6.5773892025e-01, -2.1478780002e-03, 9.2097317491e+00, 1.2653976853e+01
2.6151150754e-03, 6.5847219716e-01, -2.1414308403e-03, 9.2328837498e+00, 1.2662944864e+01
2.6180437186e-03, 6.5920282298e-01, -2.1349673214e-03, 9.2565275841e+00, 1.2672410268e+01
2.6209723618e-03, 6.5992787276e-01, -2.1284870997e-03, 9.2806632520e+00, 1.2682372497e+01
2.6239010050e-03, 6.6065292253e-01, -2.1219898314e-03, 9.3052907534e+00, 1.2692830986e+01
2.6268296482e-03, 6.6137797231e-01, -2.1154751725e-03, 9.3304100885e+00, 1.2703785171e+01
2.6297582915e-03, 6.6210302209e-01, -2.1089427791e-03, 9.3560212572e+00, 1.2715234492e+01
2.6326869347e-03, 6.6282807187e-01, -2.1023923075e-03, 9.3821242594e+00, 1.2727178390e+01
2.6356155779e-03, 6.6355312164e-01, -2.0958234138e-03, 9.4087190953e+00, 1.2739616310e+01
2.6385442211e-03, 6.6427817142e-01, -2.0892357539e-03, 9.4358057647e+00, 1.2752547698e+01
2.6414728643e-03, 6.6500322120e-01, -2.0826289842e-03, 9.4633842677e+00, 1.2765972005e+01
2.6444015075e-03, 6.6572827097e-01, -2.0760027607e-03, 9.4914546043e+00, 1.2779888681e+01
2.6473301508e-03, 6.6645332075e-01, -2.0693567396e-03, 9.5200167745e+00, 1.2794297181e+01
2.6502587940e-03, 6.6717837053e-01, -2.0626905769e-03, 9.5490707784e+00, 1.2809196961e+01
2.6531874372e-03, 6.6790300874e-01, -2.0560039288e-03, 9.5786166157e+00, 1.2824587480e+01
2.6561160804e-03, 6.6862738419e-01, -2.0492964515e-03, 9.6086542867e+00, 1.2840468200e+01
2.6590447236e-03, 6.6935175963e-01, -2.0425678010e-03, 9.6391837913e+00, 1.2856838583e+01
2.6619733668e-03, 6.7007613508e-01, -2.0358176335e-03, 9.6702051295e+00, 1.2873698098e+01
2.6649020101e-03, 6.7080051052e-01, -2.0290456052e-03, 9.7017183013e+00, 1.2891046211e+01
2.6678306533e-03, 6.7152488597e-01, -2.0222513721e-03, 9.7337233066e+00, 1.2908882393e+01
2.6707592965e-03, 6.7224926141e-01, -2.0154345904e-03, 9.7662201456e+00, 1.2927206117e+01
2.6736879397e-03, 6.7297363685e-01, -2.0085949161e-03, 9.7992088181e+00, 1.2946016860e+01
2.6766165829e-03, 6.7369801230e-01, -2.0017320056e-03, 9.8326893242e+00, 1.2965314098e+01
2.6795452261e-03, 6.7442238774e-01, -1.9948455147e-03, 9.8666616640e+00, 1.2985097311e+01
2.6824738693e-03, 6.7514676319e-01, -1.9879350998e-03, 9.9011258373e+00, 1.3005365983e+01
2.6854025126e-03, 6.7587113863e-01, -1.9810004169e-03, 9.9360818442e+00, 1.3026119596e+01
2.6883311558e-03, 6.7659302020e-01, -1.9740411222e-03, 9.9715296847e+00, 1.3047357638e+01
2.6912597990e-03, 6.7731461981e-01, -1.9670568717e-03, 1.0007469359e+01, 1.3069079598e+01
2.6941884422e-03, 6.7803621941e-01, -1.9600473216e-03, 1.0043900866e+01, 1.3091284967e+01
2.6971170854e-03, 6.7875781902e-01, -1.9530121281e-03, 1.0080824208e+01, 1.3113973238e+01
2.7000457286e-03, 6.7947941862e-01, -1.9459509472e-03, 1.0118239383e+01, 1.3137143907e+01
2.7029743719e-03, 6.8020101823e-01, -1.9388634351e-03, 1.0156146391e+01, 1.3160796472e+01
2.7059030151e-03, 6.8092261783e-01, -1.9317492480e-03, 1.0194545233e+01, 1.3184930433e+01
2.7088316583e-03, 6.8164421744e-01, -1.9246080419e-03, 1.0233435909e+01, 1.3209545291e+01
2.7117603015e-03, 6.8236581704e-01, -1.9174394730e-03, 1.0272818418e+01, 1.3234640552e+01
2.7146889447e-03, 6.8308741665e-01, -1.9102431974e-03, 1.0312692761e+01, 1.3260215721e+01
2.7176175879e-03, 6.8380901625e-01, -1.9030188712e-03, 1.0353058937e+01, 1.3286270307e+01
2.7205462312e-03, 6.8453170357e-01, -1.8957661506e-03, 1.0393916947e+01, 1.3312803821e+01
2.7234748744e-03, 6.8525913501e-01, -1.8884846917e-03, 1.0435266791e+01, 1.3339815775e+01
2.7264035176e-03, 6.8598656645e-01, -1.8811741506e-03, 1.0477108468e+01, 1.3367305684e+01
2.7293321608e-03, 6.8671399789e-01, -1.8738341834e-03, 1.0519441979e+01, 1.3395273065e+01
2.7322608040e-03, 6.8744142933e-01, -1.8664644464e-03, 1.0562267323e+01, 1.3423717438e+01
2.7351894472e-03, 6.8816886077e-01, -1.8590645955e-03, 1.0605584501e+01, 1.3452638323e+01
2.7381180905e-03, 6.8889629221e-01, -1.8516342870e-03, 1.0649393513e+01, 1.3482035243e+01
2.7410467337e-03, 6.8962372365e-01, -1.8441731769e-03, 1.0693694358e+01, 1.3511907723e+01
2.7439753769e-03, 6.9035115509e-01, -1.8366809215e-03, 1.0738487037e+01, 1.3542255291e+01
2.7469040201e-03, 6.9107858653e-01, -1.8291571767e-03, 1.0783771549e+01, 1.3573077476e+01
2.7498326633e-03, 6.9180601797e-01, -1.8216015988e-03, 1.0829547895e+01, 1.3604373809e+01
2.7527613065e-03, 6.9253344941e-01, -1.8140138439e-03, 1.0875816075e+01, 1.3636143824e+01
2.7556899497e-03, 6.9325681811e-01, -1.8063935681e-03, 1.0922576088e+01, 1.3668387054e+01
2.7586185930e-03, 6.9397568928e-01, -1.7987404276e-03, 1.0969827934e+01, 1.3701103038e+01
2.7615472362e-03, 6.9469456045e-01, -1.7910540784e-03, 1.1017571615e+01, 1.3734291315e+01
2.7644758794e-03, 6.9541343162e-01, -1.7833341767e-03, 1.1065807129e+01, 1.3767951425e+01
2.7674045226e-03, 6.9613230279e-01, -1.7755803786e-03, 1.1114534476e+01, 1.3802082913e+01
2.7703331658e-03, 6.9685117396e-01, -1.7677923402e-03, 1.1163753657e+01, 1.3836685321e+01
2.7732618090e-03, 6.9757004513e-01, -1.7599697178e-03, 1.1213464672e+01, 1.3871758199e+01
2.7761904523e-03, 6.9828891630e-01, -1.7521121674e-03, 1.1263667520e+01, 1.3907301093e+01
2.7791190955e-03, 6.9900778747e-01, -1.7442193450e-03, 1.1314362202e+01, 1.3943313556e+01
2.7820477387e-03, 6.9972665864e-01, -1.7362909070e-03, 1.1365548718e+01, 1.3979795139e+01
2.7849763819e-03, 7.0044552981e-01, -1.7283265094e-03, 1.1417227067e+01, 1.4016745397e+01
2.7879050251e-03, 7.0116440099e-01, -1.7203258082e-03, 1.1469397249e+01, 1.4054163886e+01
2.7908336683e-03, 7.0188432771e-01, -1.7122884598e-03, 1.1522059266e+01, 1.4092050164e+01
2.7937623116e-03, 7.0260458285e-01, -1.7042141201e-03, 1.1575213115e+01, 1.4130403793e+01
2.7966909548e-03, 7.0332483799e-01, -1.6961024453e-03, 1.1628858799e+01, 1.4169224332e+01
2.7996195980e-03, 7.0404509313e-01, -1.6879530916e-03, 1.1682996316e+01, 1.4208511347e+01
2.8025482412e-03, 7.0476534827e-01, -1.6797657150e-03, 1.1737625666e+01, 1.4248264402e+01
2.8054768844e-03, 7.0548560341e-01, -1.6715399717e-03, 1.1792746851e+01, 1.4288483065e+01
2.8084055276e-03, 7.0620585855e-01, -1.6632755178e-03, 1.1848359868e+01, 1.4329166906e+01
2.8113341709e-03, 7.0692611369e-01, -1.6549720095e-03, 1.1904464720e+01, 1.4370315494e+01
2.8142628141e-03, 7.0764636883e-01, -1.6466291029e-03, 1.1961061405e+01, 1.4411928404e+01
2.8171914573e-03, 7.0836662397e-01, -1.6382464541e-03, 1.2018149923e+01, 1.4454005208e+01
2.8201201005e-03, 7.0908687911e-01, -1.6298237192e-03, 1.2075730275e+01, 1.4496545484e+01
2.8230487437e-03, 7.0980697662e-01, -1.6213605544e-03, 1.2133802461e+01, 1.4539548810e+01
2.8259773869e-03, 7.1052412821e-01, -1.6128566158e-03, 1.2192366481e+01, 1.4583014766e+01
2.8289060302e-03, 7.1124127980e-01, -1.6043115595e-03, 1.2251422333e+01, 1.4626942932e+01
2.8318346734e-03, 7.1195843140e-01, -1.5957250416e-03, 1.2310970020e+01, 1.4671332892e+01
2.8347633166e-03, 7.1267558299e-01, -1.5870967184e-03, 1.2371009540e+01, 1.4716184232e+01
2.8376919598e-03, 7.1339273458e-01, -1.5784262458e-03, 1.2431540894e+01, 1.4761496538e+01
2.8406206030e-03, 7.1410988617e-01, -1.5697132801e-03, 1.2492564081e+01, 1.4807269398e+01
2.8435492462e-03, 7.1482703777e-01, -1.5609574774e-03, 1.2554079102e+01, 1.4853502402e+01
2.8464778894e-03, 7.1554418936e-01, -1.5521584937e-03, 1.2616085957e+01, 1.4900195142e+01
2.8494065327e-03, 7.1626134095e-01, -1.5433159853e-03, 1.2678584645e+01, 1.4947347213e+01
2.8523351759e-03, 7.1697849254e-01, -1.5344296082e-03, 1.2741575166e+01, 1.4994958207e+01
2.8552638191e-03, 7.1769564413e-01, -1.5254990186e-03, 1.2805057522e+01, 1.5043027724e+01
2.8581924623e-03, 7.1841069719e-01, -1.5165238726e-03, 1.2869031710e+01, 1.5091555360e+01
2.8611211055e-03, 7.1912222308e-01, -1.5075038264e-03, 1.2933497733e+01, 1.5140540717e+01
2.8640497487e-03, 7.1983374897e-01, -1.4984385360e-03, 1.2998455589e+01, 1.5189983395e+01
2.8669783920e-03, 7.2054527486e-01, -1.4893276576e-03, 1.3063905279e+01, 1.5239882998e+01
2.8699070352e-03, 7.2125680075e-01, -1.4801708473e-03, 1.3129846802e+01, 1.5290239132e+01
2.8728356784e-03, 7.2196832665e-01, -1.4709677613e-03, 1.3196280159e+01, 1.5341051402e+01
2.8757643216e-03, 7.2267985254e-01, -1.4617180557e-03, 1.3263205349e+01, 1.5392319417e+01
2.8786929648e-03, 7.2339137843e-01, -1.4524213866e-03, 1.3330622373e+01, 1.5444042787e+01
2.8816216080e-03, 7.2410290432e-01, -1.4430774101e-03, 1.3398531231e+01, 1.5496221123e+01
2.8845502513e-03, 7.2481443021e-01, -1.4336857824e-03, 1.3466931922e+01, 1.5548854038e+01
2.8874788945e-03, 7.2552595610e-01, -1.4242461596e-03, 1.3535824447e+01, 1.5601941146e+01
2.8904075377e-03, 7.2623748199e-01, -1.4147581978e-03, 1.3605208805e+01, 1.5655482064e+01
2.8933361809e-03, 7.2694825325e-01, -1.4052215531e-03, 1.3675084997e+01, 1.5709476409e+01
2.8962648241e-03, 7.2765863768e-01, -1.3956358818e-03, 1.3745453023e+01, 1.5763923800e+01
2.8991934673e-03, 7.2836902211e-01, -1.3860008398e-03, 1.3816312882e+01, 1.5818823858e+01
2.9021221106e-03, 7.2907940655e-01, -1.3763160834e-03, 1.3887664574e+01, 1.5874176206e+01
2.9050507538e-03, 7.2978979098e-01, -1.3665812687e-03, 1.3959508101e+01, 1.5929980467e+01
2.9079793970e-03, 7.3050017541e-01, -1.3567960517e-03, 1.4031843461e+01, 1.5986236266e+01
2.9109080402e-03, 7.3121055985e-01, -1.3469600887e-03, 1.4104670654e+01, 1.6042943230e+01
2.9138366834e-03, 7.3192094428e-01, -1.3370730357e-03, 1.4177989681e+01, 1.6100100988e+01
2.9167653266e-03, 7.3263132871e-01, -1.3271345490e-03, 1.4251800542e+01, 1.6157709169e+01
2.9196939698e-03, 7.3334171314e-01, -1.3171442845e-03, 1.4326103236e+01, 1.6215767405e+01
2.9226226131e-03, 7.3405209758e-01, -1.3071018984e-03, 1.4400897764e+01, 1.6274275327e+01
2.9255512563e-03, 7.3476248201e-01, -1.2970070470e-03, 1.4476184126e+01, 1.6333232572e+01
2.9284798995e-03, 7.3547511426e-01, -1.2868593862e-03, 1.4551962321e+01, 1.6392638773e+01
2.9314085427e-03, 7.3618786679e-01, -1.2766585723e-03, 1.4628232349e+01, 1.6452493569e+01
2.9343371859e-03, 7.3690061932e-01, -1.2664042613e-03, 1.4704994212e+01, 1.6512796597e+01
2.9372658291e-03, 7.3761337184e-01, -1.2560961093e-03, 1.4782247908e+01, 1.6573547499e+01
2.9401944724e-03, 7.3832612437e-01, -1.2457337726e-03, 1.4859993437e+01, 1.6634745915e+01
2.9431231156e-03, 7.3903887689e-01, -1.2353169073e-03, 1.4938230800e+01, 1.6696391488e+01
2.9460517588e-03, 7.3975162942e-01, -1.2248451694e-03, 1.5016959997e+01, 1.6758483863e+01
2.9489804020e-03, 7.4046438194e-01, -1.2143182151e-03, 1.5096181027e+01, 1.6821022685e+01
2.9519090452e-03, 7.4117713447e-01, -1.2037357005e-03, 1.5175893891e+01, 1.6884007601e+01
2.9548376884e-03, 7.4188988700e-01, -1.1930972818e-03, 1.5256098588e+01, 1.6947438260e+01
2.9577663317e-03, 7.4260263952e-01, -1.1824026151e-03, 1.5336795119e+01, 1.7011314313e+01
2.9606949749e-03, 7.4331218452e-01, -1.1716513564e-03, 1.5417983484e+01, 1.7075635409e+01
2.9636236181e-03, 7.4401142045e-01, -1.1608431620e-03, 1.5499663682e+01, 1.7140401202e+01
2.9665522613e-03, 7.4471065639e-01, -1.1499776880e-03, 1.5581835714e+01, 1.7205611346e+01
2.9694809045e-03, 7.4540989232e-01, -1.1390545905e-03, 1.5664499579e+01, 1.7271265497e+01
2.9724095477e-03, 7.4610912825e-01, -1.1280735256e-03, 1.5747655278e+01, 1.7337363311e+01
2.9753381910e-03, 7.4680836418e-01, -1.1170341495e-03, 1.5831302811e+01, 1.7403904446e+01
2.9782668342e-03, 7.4750760011e-01, -1.1059361182e-03, 1.5915442177e+01, 1.7470888561e+01
2.9811954774e-03, 7.4820683604e-01, -1.0947790880e-03, 1.6000073376e+01, 1.7538315318e+01
2.9841241206e-03, 7.4890607197e-01, -1.0835627148e-03, 1.6085196410e+01, 1.7606184379e+01
2.9870527638e-03, 7.4960530790e-01, -1.0722866550e-03, 1.6170811277e+01, 1.7674495407e+01
2.9899814070e-03, 7.5030454384e-01, -1.0609505646e-03, 1.6256917977e+01, 1.7743248067e+01
2.9929100503e-03, 7.5100377977e-01, -1.0495540996e-03, 1.6343516511e+01, 1.7812442025e+01
2.9958386935e-03, 7.5170063119e-01, -1.0380969164e-03, 1.6430606879e+01, 1.7882076948e+01
2.9987673367e-03, 7.5239532861e-01, -1.0265786709e-03, 1.6518189080e+01, 1.7952152505e+01
3.0016959799e-03, 7.5309002603e-01, -1.0149990193e-03, 1.6606263115e+01, 1.8022668367e+01
3.0046246231e-03, 7.5378472345e-01, -1.0033576178e-03, 1.6694828984e+01, 1.8093624204e+01
3.0075532663e-03, 7.5447942087e-01, -9.9165412243e-04, 1.6783886686e+01, 1.8165019689e+01
3.0104819095e-03, 7.5517411828e-01, -9.7988818937e-04, 1.6873436221e+01, 1.8236854496e+01
3.0134105528e-03, 7.5586881570e-01, -9.6805947473e-04, 1.6963477591e+01, 1.8309128299e+01
3.0163391960e-03, 7.5656351312e-01, -9.5616763465e-04, 1.7054010794e+01, 1.8381840776e+01
3.0192678392e-03, 7.5725821054e-01, -9.4421232525e-04, 1.7145035830e+01, 1.8454991604e+01
3.0221964824e-03, 7.5795290796e-01, -9.3219320266e-04, 1.7236552700e+01, 1.8528580462e+01
3.0251251256e-03, 7.5864760538e-01, -9.2010992301e-04, 1.7328561404e+01, 1.8602607029e+01
3.0280537688e-03, 7.5934230280e-01, -9.0796214243e-04, 1.7421061941e+01, 1.8677070988e+01
3.0309824121e-03, 7.6003731826e-01, -8.9574951705e-04, 1.7514054312e+01, 1.8751972020e+01
3.0339110553e-03, 7.6073240665e-01, -8.8347170299e-04, 1.7607538516e+01, 1.8827309811e+01
3.0368396985e-03, 7.6142749503e-01, -8.7112835639e-04, 1.7701514554e+01, 1.8903084044e+01
3.0397683417e-03, 7.6212258341e-01, -8.5871913338e-04, 1.7795982426e+01, 1.8979294405e+01
3.0426969849e-03, 7.6281767180e-01, -8.4624369007e-04, 1.7890942131e+01, 1.9055940584e+01
3.0456256281e-03, 7.6351276018e-01, -8.3370168261e-04, 1.7986393670e+01, 1.9133022267e+01
3.0485542714e-03, 7.6420784857e-01, -8.2109276711e-04, 1.8082337042e+01, 1.9210539145e+01
3.0514829146e-03, 7.6490293695e-01, -8.0841659971e-04, 1.8178772248e+01, 1.9288490909e+01
3.0544115578e-03, 7.6559802533e-01, -7.9567283654e-04, 1.8275699287e+01, 1.9366877251e+01
3.0573402010e-03, 7.6629311372e-01, -7.8286113372e-04, 1.8373118161e+01, 1.9445697865e+01
3.0602688442e-03, 7.6698820210e-01, -7.6998114739e-04, 1.8471028867e+01, 1.9524952445e+01
3.0631974874e-03, 7.6768182038e-01, -7.5703253367e-04, 1.8569431408e+01, 1.9604640686e+01
3.0661261307e-03, 7.6836243619e-01, -7.4401494869e-04, 1.8668325782e+01, 1.9684762287e+01
3.0690547739e-03, 7.6904305201e-01, -7.3092804858e-04, 1.8767711989e+01, 1.9765316944e+01
3.0719834171e-03, 7.6972366782e-01, -7.1777148947e-04, 1.8867590030e+01, 1.9846304358e+01
3.0749120603e-03, 7.7040428364e-01, -7.0454492748e-04, 1.8967959905e+01, 1.9927724228e+01
3.0778407035e-03, 7.7108489945e-01, -6.9124801875e-04, 1.9068821613e+01, 2.0009576255e+01
3.0807693467e-03, 7.7176551526e-01, -6.7788041940e-04, 1.9170175155e+01, 2.0091860144e+01
3.0836979899e-03, 7.7244613108e-01, -6.6444178557e-04, 1.9272020531e+01, 2.0174575597e+01
3.0866266332e-03, 7.7312674689e-01, -6.5093177338e-04, 1.9374357740e+01, 2.0257722319e+01
3.0895552764e-03, 7.7380736271e-01, -6.3735003896e-04, 1.9477186782e+01, 2.0341300016e+01
3.0924839196e-03, 7.7448797852e-01, -6.2369623843e-04, 1.9580507659e+01, 2.0425308395e+01
3.0954125628e-03, 7.7516859433e-01, -6.0997002793e-04, 1.9684320368e+01, 2.0509747166e+01
3.0983412060e-03, 7.7584789227e-01, -5.9617106359e-04, 1.9788624912e+01, 2.0594616036e+01
3.1012698492e-03, 7.7652539852e-01, -5.8229900153e-04, 1.9893421289e+01, 2.0679914716e+01
3.1041984925e-03, 7.7720290477e-01, -5.6835349789e-04, 1.9998709499e+01, 2.0765642919e+01
3.1071271357e-03, 7.7788041103e-01, -5.5433420878e-04, 2.0104489544e+01, 2.0851800356e+01
3.1100557789e-03, 7.7855791728e-01, -5.4024079035e-04, 2.0210761421e+01, 2.0938386741e+01
3.1129844221e-03, 7.7923542353e-01, -5.2607289871e-04, 2.0317525133e+01, 2.1025401790e+01
3.1159130653e-03, 7.7991292979e-01, -5.1183019001e-04, 2.0424780678e+01, 2.1112845217e+01
3.1188417085e-03, 7.8059043604e-01, -4.9751232035e-04, 2.0532528056e+01, 2.1200716740e+01
3.1217703518e-03, 7.8126794229e-01, -4.8311894589e-04, 2.0640767269e+01, 2.1289016076e+01
3.1246989950e-03, 7.8194544855e-01, -4.6864972273e-04, 2.0749498314e+01, 2.1377742946e+01
3.1276276382e-03, 7.8262295480e-01, -4.5410430702e-04, 2.0858721194e+01, 2.1466897068e+01
3.1305562814e-03, 7.8330046106e-01, -4.3948235487e-04, 2.0968435907e+01, 2.1556478164e+01
3.1334849246e-03, 7.8396946603e-01, -4.2478352243e-04, 2.1078642453e+01, 2.1646485957e+01
3.1364135678e-03, 7.8463503074e-01, -4.1000746581e-04, 2.1189340833e+01, 2.1736920169e+01
3.1393422111e-03, 7.8530059545e-01, -3.9515384115e-04, 2.1300531047e+01, 2.1827780524e+01
3.1422708543e-03, 7.8596616016e-01, -3.8022230458e-04, 2.1412213094e+01, 2.1919066749e+01
3.1451994975e-03, 7.8663172487e-01, -3.6521251222e-04, 2.1524386975e+01, 2.2010778568e+01
3.1481281407e-03, 7.8729728958e-01, -3.5012412019e-04, 2.1637052690e+01, 2.2102915710e+01
3.1510567839e-03, 7.8796285429e-01, -3.3495678464e-04, 2.1750210238e+01, 2.2195477904e+01
3.1539854271e-03, 7.8862841900e-01, -3.1971016169e-04, 2.1863859620e+01, 2.2288464877e+01
3.1569140704e-03, 7.8929398371e-01, -3.0438390747e-04, 2.1978000835e+01, 2.2381876361e+01
3.1598427136e-03, 7.8995954842e-01, -2.8897767810e-04, 2.2092633884e+01, 2.2475712086e+01
3.1627713568e-03, 7.9062511313e-01, -2.7349112972e-04, 2.2207758766e+01, 2.2569971786e+01
3.1657000000e-03, 7.9129067784e-01, -2.5792391845e-04, 2.2323375482e+01, 2.2664655194e+01

