This fits B3 to B8 into the virial expansion since maxPower is set to 6.
Number of particles: 108
dryVolFracMax: 0.003
dryVolFracIncrement: 1.0E-4
Initial configuration: FCC
Dry microgel radius [nm]: 50.0
Box length [units of dry radius]: 52.648203563095535
Number of monomers: 2916666.666666667
Number of chains: 87.50000000000001
Flory interaction parameter (chi): 0.0
Young's calibration factor: 1.6071428571428572
x-link fraction: 3.0E-5
MC steps: 20000
Equilibration steps: 10000.0
Snapshot interval: 100
Displacement tolerance: 0.1
Particle radius change tolerance: 0.0
Particle radius bin width: 0.001
g(r) bin width: 0.005
phi0, phi, rho, mu/kT, Z_measured, Z_virial_Fit, <F_total>/V, QMelting, <F_id>/V, <F_ex>/V, <F_FR>/V, <alpha>, Zeta, B2_rho, B2_phi0, B2_HS, B2*
2.0E-4, 0.06873363962437216, 4.774648292756861E-5, -9.705815364686163, 1.0, 1.0901748478659874, -5.15470562369819E-4, 1.5005154705623698, -5.213638970822166E-4, 5.893334712397597E-6, 0.0, 7.005, 0.06875648901040608, 4143.394870885471, 989.1626623245423, 5759.344002722824, 0.7194213210613246
3.0E-4, 0.10305049707895389, 7.161972439135293E-5, -9.18900983068448, 1.1894993223576162, 1.154303771500947, -7.40785269481852E-4, 1.5007425090229265, -7.530065463303081E-4, 1.2221276848456119E-5, 0.0, 7.005, 0.10313473351560913, 4143.394870885471, 989.1626623245423, 5759.344002722824, 0.7194213210613246
4.0E-4, 0.1373423385428282, 9.549296585513724E-5, -8.731956262274071, 1.029795865400029, 1.2652103646222685, -9.546590913503294E-4, 1.5009548531581451, -9.765371141186377E-4, 2.187802276830832E-5, 0.0, 7.005, 0.13751297802081217, 4143.394870885471, 989.1626623245423, 5759.344002722824, 0.7194213210613246
5.0E-4, 0.1715949055119078, 1.1936620731892148E-4, -8.282558702321907, 1.6681531290930671, 1.4166323944182808, -0.001157755655279327, 1.5011677180277971, -0.0011940355932402447, 3.627993796091768E-5, 0.0, 7.005, 0.1718912225260152, 4143.394870885471, 989.1626623245423, 5759.344002722824, 0.7194213210613246
6.0E-4, 0.20573853486017996, 1.4323944878270585E-4, -7.8342395168465275, 2.4959376629450274, 1.5914236288675279, -0.0013501267934035463, 1.5013870984223336, -0.001406727072591923, 5.660027918837669E-5, 0.0, 7.005, 0.20626946703121826, 4143.394870885471, 989.1626623245423, 5759.344002722824, 0.7194213210613246
7.0E-4, 0.23990870499303157, 1.6711269024649017E-4, -7.396684222807561, 1.0596218879573647, 1.7701730226716785, -0.0015318981753975663, 1.5015325984848689, -0.0016154210498813184, 8.352287448375203E-5, 0.0, 7.005, 0.24064771153642134, 4143.394870885471, 989.1626623245423, 5759.344002722824, 0.7194213210613246
8.0E-4, 0.27403289963072774, 1.9098593171027449E-4, -6.982208401432775, 2.6676212676997233, 1.9371787737319581, -0.0017034774699335098, 1.501745825497703, -0.0018206928681456847, 1.1721539821217495E-4, 0.0, 7.005, 0.2750259560416244, 4143.394870885471, 989.1626623245423, 5759.344002722824, 0.7194213210613246
9.0E-4, 0.30797550258801165, 2.148591731740588E-4, -6.598418737895827, 2.187257437038375, 2.0841082404765836, -0.0018655205676345547, 1.5019010575094311, -0.0020229727110088343, 1.5745214337427966E-4, 0.0, 7.005, 0.30940420054682743, 4143.394870885471, 989.1626623245423, 5759.344002722824, 0.7194213210613246
0.001, 0.3415801259200291, 2.38732414637843E-4, -6.244526201689583, 1.5032670404170307, 2.2116747103466903, -0.0020187692623931507, 1.5020320860724696, -0.0022225944863660013, 2.0382522397285058E-4, 0.0, 7.005, 0.3437824450520305, 4143.394870885471, 989.1626623245423, 5759.344002722824, 0.7194213210613246
0.0011, 0.37526518168887457, 2.626056561016274E-4, -5.9101939168857855, 1.4802779138761704, 2.329662009748339, -0.0021638327717966328, 1.5021878560690909, -0.0024198249427019227, 2.5599217090528984E-4, 0.0, 7.005, 0.3781606895572336, 4143.394870885471, 989.1626623245423, 5759.344002722824, 0.7194213210613246
0.0012, 0.4090286528151308, 2.864788975654117E-4, -5.576255760542326, 2.457602587017436, 2.4556279457778745, -0.002300965189560198, 1.5023640590850684, -0.00261488210504646, 3.1391691548626196E-4, 0.0, 7.005, 0.41253893406243664, 4143.394870885471, 989.1626623245423, 5759.344002722824, 0.7194213210613246
0.0013, 0.44209260525391264, 3.10352139029196E-4, -5.216802726050955, 2.15900482348444, 2.6126175700285144, -0.00242987733624686, 1.502473246351071, -0.002807947521593494, 3.780701853466339E-4, 0.0, 7.005, 0.4469171785676397, 4143.394870885471, 989.1626623245423, 5759.344002722824, 0.7194213210613246
0.0014, 0.47556328068969583, 3.342253804929803E-4, -4.802199078364284, 2.9928844998463293, 2.8262172547852735, -0.0025496103515057645, 1.5026455670520722, -0.002999174719602353, 4.4956436809658827E-4, 0.0, 7.005, 0.48129542307284273, 4143.394870885471, 989.1626623245423, 5759.344002722824, 0.7194213210613246
0.0015, 0.5084615495706515, 3.580986219567647E-4, -4.302619273815404, 2.7308478446638755, 3.121280571915918, -0.0026584883043014196, 1.5027406991744452, -0.003188695233083918, 5.302069287824983E-4, 0.0, 7.005, 0.5156736675780458, 4143.394870885471, 989.1626623245423, 5759.344002722824, 0.7194213210613246
0.0016, 0.5414374412690379, 3.8197186342054886E-4, -3.691710557166176, 3.6848071042832893, 3.5186569647654053, -0.0027541575182992084, 1.5029110735040407, -0.0033766230161081877, 6.224654978089791E-4, 0.0, 7.005, 0.5500519120832489, 4143.394870885471, 989.1626623245423, 5759.344002722824, 0.7194213210613246
0.0017, 0.573721926632017, 4.0584510488433315E-4, -2.949993304055698, 6.18749091788918, 4.0322542033616315, -0.0028337109719761026, 1.5031739494177991, -0.0035630577486152858, 7.293467766391829E-4, 0.0, 7.005, 0.5844301565884519, 4143.394870885471, 989.1626623245423, 5759.344002722824, 0.7194213210613246
0.0018, 0.6047162561828133, 4.297183463481176E-4, -2.0676150506923223, 3.9115707457295525, 4.6667656132390505, -0.0028938869225833045, 1.503089910273718, -0.003748087361811589, 8.542004392282847E-4, 0.0, 7.005, 0.618808401093655, 4143.394870885471, 989.1626623245423, 5759.344002722824, 0.7194213210613246
0.0019, 0.6367319323548428, 4.535915878119019E-4, -1.0460763463720841, 6.009012020986064, 5.416393068188796, -0.002931321762936507, 1.5032945741890142, -0.003931790000723226, 0.0010004682377867192, 0.0, 7.005, 0.6531866455988581, 4143.394870885471, 989.1626623245423, 5759.344002722824, 0.7194213210613246
0.002, 0.6697401824019731, 4.7746482927568624E-4, 0.10145214414924286, 8.517414541672359, 6.26489673724258, -0.0029428280203914548, 1.503594293590192, -0.004114235572503025, 0.0011714075521115702, 0.0, 7.005, 0.687564890104061, 4143.394870885471, 989.1626623245423, 5759.344002722824, 0.7194213210613246
0.0021, 0.6989782106508255, 5.013380707394704E-4, 1.3516010750699294, 5.4794915972962235, 7.187302576196515, -0.0029256593319861336, 1.503236869608989, -0.0042954869843524115, 0.0013698276523662779, 0.0, 7.005, 0.721943134609264, 4143.394870885471, 989.1626623245423, 5759.344002722824, 0.7194213210613246
0.0022, 0.7322938560331431, 5.252113122032547E-4, 2.67444168424851, 6.677134681787929, 8.153598553984978, -0.0028777151693215267, 1.5033466906463404, -0.0044756011451519695, 0.0015978859758304428, 0.0, 7.005, 0.756321379114467, 4143.394870885471, 989.1626623245423, 5759.344002722824, 0.7194213210613246
0.0023, 0.7623113937656524, 5.490845536670391E-4, 4.039671864217205, 8.340438131102932, 9.13475060420788, -0.0027976290358461353, 1.5034057874222406, -0.004654629784629776, 0.0018570007487836403, 0.0, 7.005, 0.79069962361967, 4143.394870885471, 989.1626623245423, 5759.344002722824, 0.7194213210613246
0.0024, 0.7899741110495512, 5.729577951308231E-4, 5.425727806303481, 8.794625791719582, 10.111369292125858, -0.002684674814490075, 1.5033674675696507, -0.004832620129818146, 0.002147945315328071, 0.0, 7.005, 0.8250778681248729, 4143.394870885471, 989.1626623245423, 5759.344002722824, 0.7194213210613246
0.0025, 0.8158771877029249, 5.968310365946075E-4, 6.8321998438567215, 13.322453805680901, 11.085358187421434, -0.0025384169029904965, 1.5038802263914222, -0.005009615468588517, 0.0024711985655980206, 0.0, 7.005, 0.8594561126300759, 4143.394870885471, 989.1626623245423, 5759.344002722824, 0.7194213210613246
0.0026, 0.8423542756301938, 6.207042780583919E-4, 8.295931024001481, 11.412397368689975, 12.094874933042433, -0.0023580207364452275, 1.5033394828777844, -0.005185655622889315, 0.0028276348864440873, 0.0, 7.005, 0.8938343571352789, 4143.394870885471, 989.1626623245423, 5759.344002722824, 0.7194213210613246
0.0027, 0.8637336347544807, 6.445775195221761E-4, 9.911176869975755, 13.470068200903498, 13.232936000427912, -0.0021411312607566794, 1.5034370015016127, -0.005360777349080229, 0.0032196460883235495, 0.0, 7.005, 0.9282126016404819, 4143.394870885471, 989.1626623245423, 5759.344002722824, 0.7194213210613246
0.0028, 0.8842664749661661, 6.684507609859605E-4, 11.85420474835037, 15.114243250543934, 14.66999612143411, -0.0018822178861152006, 1.503460737115983, -0.005535014678884134, 0.0036527967927689337, 0.0, 7.005, 0.9625908461456849, 4143.394870885471, 989.1626623245423, 5759.344002722824, 0.7194213210613246
0.0029, 0.9017457800476424, 6.923240024497446E-4, 14.41271122108192, 17.547173765560917, 16.68083338725137, -0.0015702754161265094, 1.5036830369753635, -0.005708399211575585, 0.004138123795449075, 0.0, 7.005, 0.9969690906508879, 4143.394870885471, 989.1626623245423, 5759.344002722824, 0.7194213210613246
