This fits B3 to B10 into the virial expansion since maxPower is set to 8.
Number of particles: 108
dryVolFracMax: 0.003
dryVolFracIncrement: 1.0E-4
Initial configuration: FCC
Dry microgel radius [nm]: 50.0
Box length [units of dry radius]: 52.648203563095535
Number of monomers: 2916666.666666667
Number of chains: 87.50000000000001
Flory interaction parameter (chi): 0.0
Young's calibration factor: 1.0
x-link fraction: 3.0E-5
MC steps: 100000
Equilibration steps: 10000.0
Snapshot interval: 100
Displacement tolerance: 0.1
Particle radius change tolerance: 0.0
Particle radius bin width: 0.001
g(r) bin width: 0.005
phi0, phi, rho, mu/kT, Z_measured, Z_virial_Fit, <F_total>/V, QMelting, <F_id>/V, <F_ex>/V, <F_FR>/V, <alpha>, Zeta, B2_rho, B2_phi0, B2_HS, B2*
2.0E-4, 0.06873490199105847, 4.774648292756861E-5, -9.812921682395878, 1.0571718529150194, 1.033040859123162, -5.178565653216875E-4, 1.5005181225761666, -5.213638970822166E-4, 3.5073317605291566E-6, 0.0, 7.005, 0.06875648901040608, 4066.077022346345, 970.7043856481937, 5759.344002722824, 0.7059965545423299
3.0E-4, 0.10308072257461706, 7.161972439135293E-5, -9.332065642616177, 1.0730515133556566, 1.086604560149751, -7.461822884464968E-4, 1.5007467061634232, -7.530065463303081E-4, 6.824257883811328E-6, 0.0, 7.005, 0.10313473351560913, 4066.077022346345, 970.7043856481937, 5759.344002722824, 0.7059965545423299
4.0E-4, 0.13741971891649665, 9.549296585513724E-5, -8.916299882632801, 1.3281517648856618, 1.1778229115537198, -9.639177233228154E-4, 1.5009673318340153, -9.765371141186377E-4, 1.2619390795822302E-5, 0.0, 7.005, 0.13751297802081217, 4066.077022346345, 970.7043856481937, 5759.344002722824, 0.7059965545423299
5.0E-4, 0.1717369656795519, 1.1936620731892148E-4, -8.54509044336007, 1.181754421988968, 1.2755588767629995, -0.0011722536627522357, 1.5011743994674898, -0.0011940355932402447, 2.1781930488009018E-5, 0.0, 7.005, 0.1718912225260152, 4066.077022346345, 970.7043856481937, 5759.344002722824, 0.7059965545423299
6.0E-4, 0.20599916460274395, 1.4323944878270585E-4, -8.224606656818231, 1.311927339179026, 1.356007513493168, -0.0013723218927551844, 1.50137694394273, -0.001406727072591923, 3.440517983673859E-5, 0.0, 7.005, 0.20626946703121826, 4066.077022346345, 970.7043856481937, 5759.344002722824, 0.7059965545423299
7.0E-4, 0.2402500430820151, 1.6711269024649017E-4, -7.954351823295337, 1.3291188588805187, 1.412700392256494, -0.0015653532954202109, 1.5015709915058402, -0.0016154210498813184, 5.006775446110751E-5, 0.0, 7.005, 0.24064771153642134, 4066.077022346345, 970.7043856481937, 5759.344002722824, 0.7059965545423299
8.0E-4, 0.274482706563232, 1.9098593171027449E-4, -7.72039600162622, 1.3672321174670419, 1.4551783681900679, -0.0017524056199962762, 1.501759585126485, -0.0018206928681456847, 6.828724814940858E-5, 0.0, 7.005, 0.2750259560416244, 4066.077022346345, 970.7043856481937, 5759.344002722824, 0.7059965545423299
9.0E-4, 0.30866990675443684, 2.148591731740588E-4, -7.499620753900495, 1.6592133064375534, 1.5019973232033097, -0.0019340802172751815, 1.5019485771657497, -0.0020229727110088343, 8.889249373365276E-5, 0.0, 7.005, 0.30940420054682743, 4066.077022346345, 970.7043856481937, 5759.344002722824, 0.7059965545423299
0.001, 0.342786967773387, 2.38732414637843E-4, -7.267790237702066, 1.6130196613463283, 1.5722171435486576, -0.0021103963075423315, 1.5021252993405998, -0.0022225944863660013, 1.1219817882366972E-4, 0.0, 7.005, 0.3437824450520305, 4066.077022346345, 970.7043856481937, 5759.344002722824, 0.7059965545423299
0.0011, 0.3768774801667377, 2.626056561016274E-4, -7.00730705374924, 1.566260120378795, 1.6781890345271175, -0.002280860398829928, 1.5022956809961618, -0.0024198249427019227, 1.3896454387199496E-4, 0.0, 7.005, 0.3781606895572336, 4066.077022346345, 970.7043856481937, 5759.344002722824, 0.7059965545423299
0.0012, 0.4109193193135308, 2.864788975654117E-4, -6.712285127458987, 2.0818731376276167, 1.8213002991516776, -0.002444692145295675, 1.502476053907788, -0.00261488210504646, 1.7018995975078536E-4, 0.0, 7.005, 0.41253893406243664, 4066.077022346345, 970.7043856481937, 5759.344002722824, 0.7059965545423299
0.0013, 0.44485299670760003, 3.10352139029196E-4, -6.389854184733287, 1.9075267817919133, 1.9913589212085174, -0.0026011274150885316, 1.5026291990424385, -0.002807947521593494, 2.068201065049622E-4, 0.0, 7.005, 0.4469171785676397, 4066.077022346345, 970.7043856481937, 5759.344002722824, 0.7059965545423299
0.0014, 0.4787018250011982, 3.342253804929803E-4, -6.057597557323949, 2.2904338789987895, 2.169502695272053, -0.0027497057122778503, 1.5027933035718435, -0.002999174719602353, 2.4946900732450276E-4, 0.0, 7.005, 0.48129542307284273, 4066.077022346345, 970.7043856481937, 5759.344002722824, 0.7059965545423299
0.0015, 0.5125331505488355, 3.580986219567647E-4, -5.737777085471645, 2.2943476424258202, 2.333899236860269, -0.0028904561679081206, 1.5029367522027501, -0.003188695233083918, 2.9823906517579765E-4, 0.0, 7.005, 0.5156736675780458, 4066.077022346345, 970.7043856481937, 5759.344002722824, 0.7059965545423299
0.0016, 0.5460930393022057, 3.8197186342054886E-4, -5.449536813669888, 2.1031022565837265, 2.467063985035068, -0.0030239187590380555, 1.5030655292964623, -0.0033766230161081877, 3.5270425707013223E-4, 0.0, 7.005, 0.5500519120832489, 4066.077022346345, 970.7043856481937, 5759.344002722824, 0.7059965545423299
0.0017, 0.5796637940159474, 4.0584510488433315E-4, -5.200609220843222, 2.485233664735408, 2.5633632773939183, -0.003150970232866076, 1.5032108486142002, -0.0035630577486152858, 4.120875157492096E-4, 0.0, 7.005, 0.5844301565884519, 4066.077022346345, 970.7043856481937, 5759.344002722824, 0.7059965545423299
0.0018, 0.6131199909080445, 4.297183463481176E-4, -4.980177391436496, 2.885001795615345, 2.6351887335297874, -0.0032724625380559447, 1.5033530039951952, -0.003748087361811589, 4.7562482375564444E-4, 0.0, 7.005, 0.618808401093655, 4066.077022346345, 970.7043856481937, 5759.344002722824, 0.7059965545423299
0.0019, 0.647694962682275, 4.535915878119019E-4, -4.754475420909197, 2.587647028474003, 2.716387527662505, -0.003388720587167793, 1.5034564245698292, -0.003931790000723226, 5.430694135554331E-4, 0.0, 7.005, 0.6531866455988581, 4066.077022346345, 970.7043856481937, 5759.344002722824, 0.7059965545423299
0.002, 0.6811875142222721, 4.7746482927568624E-4, -4.46643823539113, 3.0162960909084955, 2.861810664337014, -0.003498981109798311, 1.5035838495254366, -0.004114235572503025, 6.152544627047139E-4, 0.0, 7.005, 0.687564890104061, 4066.077022346345, 970.7043856481937, 5759.344002722824, 0.7059965545423299
0.0021, 0.7142969872152206, 5.013380707394704E-4, -4.040241288213316, 3.2135022972429654, 3.1422980926438413, -0.003600880436209165, 1.503696601284221, -0.0042954869843524115, 6.946065481432465E-4, 0.0, 7.005, 0.721943134609264, 4066.077022346345, 970.7043856481937, 5759.344002722824, 0.7059965545423299
0.0022, 0.7470209392244677, 5.252113122032547E-4, -3.3909004872895956, 3.692206207608645, 3.63505540467645, -0.00369011151350198, 1.5038116839833138, -0.0044756011451519695, 7.854896316499896E-4, 0.0, 7.005, 0.756321379114467, 4066.077022346345, 970.7043856481937, 5759.344002722824, 0.7059965545423299
0.0023, 0.7788782411637515, 5.490845536670391E-4, -2.4382333247304544, 4.420001904163891, 4.4101919624989705, -0.0037603645421613154, 1.5039206738417343, -0.004654629784629776, 8.942652424684602E-4, 0.0, 7.005, 0.79069962361967, 4066.077022346345, 970.7043856481937, 5759.344002722824, 0.7059965545423299
0.0024, 0.8090780420372122, 5.729577951308231E-4, -1.123413590815236, 5.441970168866541, 5.515184585116231, -0.003803636573642016, 1.504018848390542, -0.004832620129818146, 0.0010289835561761301, 0.0, 7.005, 0.8250778681248729, 4066.077022346345, 970.7043856481937, 5759.344002722824, 0.7059965545423299
0.0025, 0.8365639814290415, 5.968310365946075E-4, 0.5749157016071758, 6.796627899200816, 6.9602044025937175, -0.0038109384743662336, 1.5041130690667157, -0.005009615468588517, 0.0011986769942222836, 0.0, 7.005, 0.8594561126300759, 4066.077022346345, 970.7043856481937, 5759.344002722824, 0.7059965545423299
0.0026, 0.8608993331354673, 6.207042780583919E-4, 2.6294734547098297, 8.716380724309513, 8.708597148608987, -0.003773338083652247, 1.5042306820294982, -0.005185655622889315, 0.001412317539237068, 0.0, 7.005, 0.8938343571352789, 4066.077022346345, 970.7043856481937, 5759.344002722824, 0.7059965545423299
0.0027, 0.8822435126634101, 6.445775195221761E-4, 4.964283983841603, 10.725500284851613, 10.6783390154269, -0.0036831514186730172, 1.5043534455147087, -0.005360777349080229, 0.0016776259304072116, 0.0, 7.005, 0.9282126016404819, 4066.077022346345, 970.7043856481937, 5759.344002722824, 0.7059965545423299
0.0028, 0.9009711588545097, 6.684507609859605E-4, 7.47376631903417, 12.807335359918294, 12.762001236490505, -0.003534924654852181, 1.504478136975924, -0.005535014678884134, 0.002000090024031953, 0.0, 7.005, 0.9625908461456849, 4066.077022346345, 970.7043856481937, 5759.344002722824, 0.7059965545423299
0.0029, 0.9172803411474463, 6.923240024497446E-4, 10.071067007927198, 14.910619594202512, 14.874646791287887, -0.003325633581696871, 1.504607912406654, -0.005708399211575585, 0.0023827656298787137, 0.0, 7.005, 0.9969690906508879, 4066.077022346345, 970.7043856481937, 5759.344002722824, 0.7059965545423299
