This fits B3 to B9 into the virial expansion since maxPower is set to 7.
Number of particles: 108
dryVolFracMax: 0.003
dryVolFracIncrement: 1.0E-4
Initial configuration: FCC
Dry microgel radius [nm]: 50.0
Box length [units of dry radius]: 52.648203563095535
Number of monomers: 2916666.666666667
Number of chains: 87.50000000000001
Flory interaction parameter (chi): 0.0
Young's calibration factor: 1.0
x-link fraction: 3.0E-5
MC steps: 100000
Equilibration steps: 10000.0
Snapshot interval: 100
Displacement tolerance: 0.1
Particle radius change tolerance: 0.0
Particle radius bin width: 0.001
g(r) bin width: 0.005
phi0, phi, rho, mu/kT, Z_measured, Z_virial_Fit, <F_total>/V, QMelting, <F_id>/V, <F_ex>/V, <F_FR>/V, <alpha>, Zeta, B2_rho, B2_phi0, B2_HS, B2*
2.0E-4, 0.06873490199105847, 4.774648292756861E-5, -9.773773934302291, 1.0571718529150194, 1.0489485329282964, -5.167469335114384E-4, 1.5005170129443564, -5.213638970822166E-4, 4.616963570778233E-6, 0.0, 7.005, 0.06875648901040608, 4066.077022346345, 970.7043856481937, 5759.344002722824, 0.7059965545423299
3.0E-4, 0.10308072257461706, 7.161972439135293E-5, -9.315437382244983, 1.0730515133556566, 1.077673044365175, -7.443517043227159E-4, 1.5007448755792996, -7.530065463303081E-4, 8.654842007592223E-6, 0.0, 7.005, 0.10313473351560913, 4066.077022346345, 970.7043856481937, 5759.344002722824, 0.7059965545423299
4.0E-4, 0.13741971891649665, 9.549296585513724E-5, -8.934910041427038, 1.3281517648856618, 1.1403438235178192, -9.621158733070183E-4, 1.5009655299839995, -9.765371141186377E-4, 1.4421240811619338E-5, 0.0, 7.005, 0.13751297802081217, 4066.077022346345, 970.7043856481937, 5759.344002722824, 0.7059965545423299
5.0E-4, 0.1717369656795519, 1.1936620731892148E-4, -8.584121350477654, 1.181754421988968, 1.2276147208726653, -0.0011711897220513425, 1.5011733355267889, -0.0011940355932402447, 2.2845871188902145E-5, 0.0, 7.005, 0.1718912225260152, 4066.077022346345, 970.7043856481937, 5759.344002722824, 0.7059965545423299
6.0E-4, 0.20599916460274395, 1.4323944878270585E-4, -8.255122359122105, 1.311927339179026, 1.3242823229168217, -0.001372148646321727, 1.5013767706962966, -0.001406727072591923, 3.457842627019593E-5, 0.0, 7.005, 0.20626946703121826, 4066.077022346345, 970.7043856481937, 5759.344002722824, 0.7059965545423299
7.0E-4, 0.2402500430820151, 1.6711269024649017E-4, -7.950162649880573, 1.3291188588805187, 1.4179745989101165, -0.0015655346182437645, 1.5015711728286638, -0.0016154210498813184, 4.988643163755395E-5, 0.0, 7.005, 0.24064771153642134, 4066.077022346345, 970.7043856481937, 5759.344002722824, 0.7059965545423299
8.0E-4, 0.274482706563232, 1.9098593171027449E-4, -7.67030594274972, 1.3672321174670419, 1.5028414454066734, -0.0017519421006427195, 1.5017591216071315, -0.0018206928681456847, 6.875076750296532E-5, 0.0, 7.005, 0.2750259560416244, 4066.077022346345, 970.7043856481937, 5759.344002722824, 0.7059965545423299
9.0E-4, 0.30866990675443684, 2.148591731740588E-4, -7.4118399875970695, 1.6592133064375534, 1.5797993564042425, -0.0019319361949314585, 1.501946433143406, -0.0020229727110088343, 9.103651607737574E-5, 0.0, 7.005, 0.30940420054682743, 4066.077022346345, 970.7043856481937, 5759.344002722824, 0.7059965545423299
0.001, 0.342786967773387, 2.38732414637843E-4, -7.166659844011035, 1.6130196613463283, 1.6546713167939928, -0.002105937688339031, 1.5021208407213964, -0.0022225944863660013, 1.1665679802697011E-4, 0.0, 7.005, 0.3437824450520305, 4066.077022346345, 970.7043856481937, 5759.344002722824, 0.7059965545423299
0.0011, 0.3768774801667377, 2.626056561016274E-4, -6.924565704676459, 1.566260120378795, 1.735351886578207, -0.0022741433408374517, 1.5022889639381694, -0.0024198249427019227, 1.4568160186447085E-4, 0.0, 7.005, 0.3781606895572336, 4066.077022346345, 970.7043856481937, 5759.344002722824, 0.7059965545423299
0.0012, 0.4109193193135308, 2.864788975654117E-4, -6.676107428897058, 2.0818731376276167, 1.8289163131177437, -0.0024365098253800463, 1.5024678715878723, -0.00261488210504646, 1.783722796664139E-4, 0.0, 7.005, 0.41253893406243664, 4066.077022346345, 970.7043856481937, 5759.344002722824, 0.7059965545423299
0.0013, 0.44485299670760003, 3.10352139029196E-4, -6.415006472898589, 1.9075267817919133, 1.9393813784663037, -0.002592802139950611, 1.5026208737673006, -0.002807947521593494, 2.1514538164288285E-4, 0.0, 7.005, 0.4469171785676397, 4066.077022346345, 970.7043856481937, 5759.344002722824, 0.7059965545423299
0.0014, 0.4787018250011982, 3.342253804929803E-4, -6.139488415174427, 2.2904338789987895, 2.0666145586416773, -0.002742687888788252, 1.5027862857483538, -0.002999174719602353, 2.5648683081410073E-4, 0.0, 7.005, 0.48129542307284273, 4066.077022346345, 970.7043856481937, 5759.344002722824, 0.7059965545423299
0.0015, 0.5125331505488355, 3.580986219567647E-4, -5.852125742389358, 2.2943476424258202, 2.2066769414813, -0.0028858461357155374, 1.5029321421705575, -0.003188695233083918, 3.028490973683806E-4, 0.0, 7.005, 0.5156736675780458, 4066.077022346345, 970.7043856481937, 5759.344002722824, 0.7059965545423299
0.0016, 0.5460930393022057, 3.8197186342054886E-4, -5.55804202276287, 2.1031022565837265, 2.3536742195206877, -0.0030220529959196557, 1.5030636635333439, -0.0033766230161081877, 3.5457002018853207E-4, 0.0, 7.005, 0.5500519120832489, 4066.077022346345, 970.7043856481937, 5759.344002722824, 0.7059965545423299
0.0017, 0.5796637940159474, 4.0584510488433315E-4, -5.26157327086852, 2.485233664735408, 2.5029789441315984, -0.003151205508076579, 1.5032110838894106, -0.0035630577486152858, 4.118522405387071E-4, 0.0, 7.005, 0.5844301565884519, 4066.077022346345, 970.7043856481937, 5759.344002722824, 0.7059965545423299
0.0018, 0.6131199909080445, 4.297183463481176E-4, -4.961723702939222, 2.885001795615345, 2.655476096948611, -0.003273250501810955, 1.5033537919589501, -0.003748087361811589, 4.7483686000063426E-4, 0.0, 7.005, 0.618808401093655, 4066.077022346345, 970.7043856481937, 5759.344002722824, 0.7059965545423299
0.0019, 0.647694962682275, 4.535915878119019E-4, -4.646992796989432, 2.587647028474003, 2.8222729044063044, -0.003387996089284962, 1.5034557000719464, -0.003931790000723226, 5.437939114382642E-4, 0.0, 7.005, 0.6531866455988581, 4066.077022346345, 970.7043856481937, 5759.344002722824, 0.7059965545423299
0.002, 0.6811875142222721, 4.7746482927568624E-4, -4.290389384988308, 3.0162960909084955, 3.0291026910125254, -0.0034948000344525113, 1.5035796684500906, -0.004114235572503025, 6.194355380505136E-4, 0.0, 7.005, 0.687564890104061, 4066.077022346345, 970.7043856481937, 5759.344002722824, 0.7059965545423299
0.0021, 0.7142969872152206, 5.013380707394704E-4, -3.845686812140464, 3.2135022972429654, 3.3194414367602576, -0.0035921515729044704, 1.5036878724209164, -0.0042954869843524115, 7.033354114479411E-4, 0.0, 7.005, 0.721943134609264, 4066.077022346345, 970.7043856481937, 5759.344002722824, 0.7059965545423299
0.0022, 0.7470209392244677, 5.252113122032547E-4, -3.246211212922585, 3.692206207608645, 3.75514457389977, -0.003677191259998991, 1.503798763729811, -0.0044756011451519695, 7.984098851529786E-4, 0.0, 7.005, 0.756321379114467, 4066.077022346345, 970.7043856481937, 5759.344002722824, 0.7059965545423299
0.0023, 0.7788782411637515, 5.490845536670391E-4, -2.4076927925434077, 4.420001904163891, 4.4132004280578485, -0.003745247109644239, 1.5039055564092172, -0.004654629784629776, 9.093826749855365E-4, 0.0, 7.005, 0.79069962361967, 4066.077022346345, 970.7043856481937, 5759.344002722824, 0.7059965545423299
0.0024, 0.8090780420372122, 5.729577951308231E-4, -1.2369477331161, 5.441970168866541, 5.376985578517747, -0.003789504647375327, 1.5040047164642751, -0.004832620129818146, 0.001043115482442819, 0.0, 7.005, 0.8250778681248729, 4066.077022346345, 970.7043856481937, 5759.344002722824, 0.7059965545423299
0.0025, 0.8365639814290415, 5.968310365946075E-4, 0.3516039937976183, 6.796627899200816, 6.720196282238362, -0.003800973537157977, 1.5041031041295074, -0.005009615468588517, 0.0012086419314305402, 0.0, 7.005, 0.8594561126300759, 4066.077022346345, 970.7043856481937, 5759.344002722824, 0.7059965545423299
0.0026, 0.8608993331354673, 6.207042780583919E-4, 2.4093420086224224, 8.716380724309513, 8.481418976008626, -0.003768964150355555, 1.5042263080962015, -0.005185655622889315, 0.0014166914725337598, 0.0, 7.005, 0.8938343571352789, 4066.077022346345, 970.7043856481937, 5759.344002722824, 0.7059965545423299
0.0027, 0.8822435126634101, 6.445775195221761E-4, 4.91428961066095, 10.725500284851613, 10.627091740904916, -0.003682343826632817, 1.5043526379226684, -0.005360777349080229, 0.0016784335224474117, 0.0, 7.005, 0.9282126016404819, 4066.077022346345, 970.7043856481937, 5759.344002722824, 0.7059965545423299
0.0028, 0.9009711588545097, 6.684507609859605E-4, 7.716680512685529, 12.807335359918294, 13.00039748305835, -0.0035319046296795747, 1.5044751169507513, -0.005535014678884134, 0.0020031100492045595, 0.0, 7.005, 0.9625908461456849, 4066.077022346345, 970.7043856481937, 5759.344002722824, 0.7059965545423299
0.0029, 0.9172803411474463, 6.923240024497446E-4, 10.466292609613632, 14.910619594202512, 15.253418454439725, -0.003314242125119318, 1.5045965209500765, -0.005708399211575585, 0.0023941570864562667, 0.0, 7.005, 0.9969690906508879, 4066.077022346345, 970.7043856481937, 5759.344002722824, 0.7059965545423299
