This fits B3 to B8 into the virial expansion since maxPower is set to 6.
Number of particles: 108
dryVolFracMax: 0.007
dryVolFracIncrement: 1.0E-4
Initial configuration: FCC
Dry microgel radius [nm]: 50.0
Box length [units of dry radius]: 40.130210850472906
Number of monomers: 2916666.666666667
Number of chains: 87.50000000000001
Flory interaction parameter (chi): 0.0
Young's calibration factor: 1.0
x-link fraction: 3.0E-5
MC steps: 100000
Equilibration steps: 10000.0
Snapshot interval: 100
Displacement tolerance: 0.1
Particle radius change tolerance: 0.0
Particle radius bin width: 0.001
g(r) bin width: 0.005
phi0, phi, rho, mu/kT, Z_measured, Z_virial_Fit, <F_total>/V, QMelting, <F_id>/V, <F_ex>/V, <F_FR>/V, <alpha>, Zeta, B2_rho, B2_phi0, B2_HS, B2*
0.0031, 0.9432719011066784, 7.400704853773131E-4, -14.825925531524295, 19.0647841555395, 18.99751950075205, -0.025031733382169016, 1.5271880958030413, -0.006052725597926468, -0.01897900778424255, 0.0, 7.005, 1.0657255796612943, 4066.077022346345, 970.7043856481937, 5759.344002722824, 0.7059965545423299
0.0032, 0.9531992979029656, 7.639437268410974E-4, -12.421818135908435, 21.167986215465067, 20.77012800434926, -0.025356779035496622, 1.5280676998744536, -0.006223720591850009, -0.019133058443646614, 0.0, 7.005, 1.1001038241664973, 4066.077022346345, 970.7043856481937, 5759.344002722824, 0.7059965545423299
0.0033, 0.961241330718521, 7.87816968304882E-4, -10.118882287446773, 23.092987717036355, 22.408517750226366, -0.025625637684519337, 1.528945548579555, -0.006393969425504768, -0.01923166825901457, 0.0, 7.005, 1.1344820686717003, 4066.077022346345, 970.7043856481937, 5759.344002722824, 0.7059965545423299
0.0034, 0.9679913865520116, 8.11690209768666E-4, -7.915598986929131, 24.18158835958027, 23.92008623061716, -0.025840714012357893, 1.5297919874029462, -0.006563494716841306, -0.019277219295516585, 0.0, 7.005, 1.1688603131769033, 4066.077022346345, 970.7043856481937, 5759.344002722824, 0.7059965545423299
0.0035, 0.9746719358146189, 8.355634512324506E-4, -5.806961695439126, 23.442797012304712, 25.314952014194404, -0.026004333628178958, 1.5304893622287286, -0.006732317752748801, -0.019272015875430155, 0.0, 7.005, 1.2032385576821063, 4066.077022346345, 970.7043856481937, 5759.344002722824, 0.7059965545423299
0.0036, 0.9798031027106849, 8.594366926962349E-4, -3.785092583540915, 30.175164725880194, 26.60535653315509, -0.0261186670784065, 1.5333691378837375, -0.006900458603211014, -0.019218208475195488, 0.0, 7.005, 1.2376168021873093, 4066.077022346345, 970.7043856481937, 5759.344002722824, 0.7059965545423299
0.0037, 0.9834091644174228, 8.833099341600189E-4, -1.839894442391115, 22.619074619654977, 27.80504445459573, -0.026185669025274447, 1.5313438517851894, -0.007067936222769609, -0.01911773280250484, 0.0, 7.005, 1.2719950466925123, 4066.077022346345, 970.7043856481937, 5759.344002722824, 0.7059965545423299
0.0038, 0.985366144908344, 9.071831756238031E-4, 0.04027671846474146, 26.775901918557928, 28.928635728556287, -0.026207033265332663, 1.5330761453587014, -0.007234768541011392, -0.018972264724321272, 0.0, 7.005, 1.306373291197715, 4066.077022346345, 970.7043856481937, 5759.344002722824, 0.7059965545423299
0.0039, 0.9857296929968304, 9.310564170875875E-4, 1.8679333595106105, 27.680556964704557, 29.991002405028553, -0.02618416390302615, 1.5328678406542344, -0.0074009725435247534, -0.0187831913595014, 0.0, 7.005, 1.340751535702918, 4066.077022346345, 970.7043856481937, 5759.344002722824, 0.7059965545423299
0.004, 0.9844583336213206, 9.549296585513718E-4, 3.655787357055379, 32.00981618107723, 31.006663312338844, -0.026118162637058795, 1.5341208891316513, -0.00756656434454809, -0.018551598292510706, 0.0, 7.005, 1.375129780208121, 4066.077022346345, 970.7043856481937, 5759.344002722824, 0.7059965545423299
0.0041, 0.9822892117459092, 9.78802900015156E-4, 5.416105176043606, 39.937646039317414, 31.989209689151267, -0.026009831759834397, 1.5384566505843549, -0.007731559252349387, -0.01827827250748501, 0.0, 7.005, 1.4095080247133243, 4066.077022346345, 970.7043856481937, 5759.344002722824, 0.7059965545423299
0.0042, 0.982879217342278, 0.0010026761414789404, 7.160102238369367, 36.218803641748636, 32.950774862520234, -0.02585969211292959, 1.5386694721652259, -0.007895971828223967, -0.017963720284705623, 0.0, 7.005, 1.4438862692185275, 4066.077022346345, 970.7043856481937, 5759.344002722824, 0.7059965545423299
0.0043, 0.9808119935967591, 0.0010265493829427247, 8.897391454223403, 31.40874624858513, 33.901561064299926, -0.02566801488421687, 1.538577283271679, -0.008059815939870624, -0.017608198944346246, 0.0, 7.005, 1.4782645137237305, 4066.077022346345, 970.7043856481937, 5759.344002722824, 0.7059965545423299
0.0044, 0.9749515495593388, 0.0010504226244065094, 10.635500883201615, 35.20555782524753, 34.84943647821456, -0.025434865774922856, 1.5379382416053011, -0.008223104809800185, -0.01721176096512267, 0.0, 7.005, 1.5126427582289337, 4066.077022346345, 970.7043856481937, 5759.344002722824, 0.7059965545423299
0.0045, 0.9752723388605083, 0.0010742958658702937, 12.379475491270016, 33.97023790095495, 35.79961560998447, -0.025160159707636204, 1.5423012356127215, -0.008385851059341299, -0.016774308648294906, 0.0, 7.005, 1.547021002734137, 4066.077022346345, 970.7043856481937, 5759.344002722824, 0.7059965545423299
0.0046, 0.9698527654813279, 0.001098169107334078, 14.131577969225637, 34.07060406552223, 36.75443607283728, -0.024843723888983787, 1.5427977301261433, -0.008548066748732902, -0.016295657140250885, 0.0, 7.005, 1.58139924723934, 4066.077022346345, 970.7043856481937, 5759.344002722824, 0.7059965545423299
0.0047, 0.9648207989669002, 0.001122042348797862, 15.891103577709625, 35.50212674465806, 37.71324488071059, -0.024485366683413556, 1.5503388358855255, -0.008709763413728975, -0.01577560326968458, 0.0, 7.005, 1.615777491744543, 4066.077022346345, 970.7043856481937, 5759.344002722824, 0.7059965545423299
0.0048, 0.9602020249428171, 0.0011459155902616468, 17.654323983575857, 40.46033906758431, 38.672407341524604, -0.024084949397282666, 1.5487533013211283, -0.008870952099086747, -0.01521399729819592, 0.0, 7.005, 1.650155736249746, 4066.077022346345, 970.7043856481937, 5759.344002722824, 0.7059965545423299
0.0049, 0.9526018278804823, 0.001169788831725431, 19.414575052149967, 40.77326633302243, 39.6254516428487, -0.02364245771517487, 1.5454943768675984, -0.009031643389263154, -0.014610814325911714, 0.0, 7.005, 1.6845339807549493, 4066.077022346345, 970.7043856481937, 5759.344002722824, 0.7059965545423299
0.005, 0.9492661275633903, 0.0011936620731892152, 21.162503559472405, 44.19178988232364, 40.563362222318574, -0.023158069173136876, 1.5473628062650324, -0.009191847436604594, -0.01396622173653228, 0.0, 7.005, 1.7189122252601525, 4066.077022346345, 970.7043856481937, 5759.344002722824, 0.7059965545423299
0.0051, 0.9512887263137062, 0.0012175353146529997, 22.886487788653596, 41.265636763328075, 41.475035015083904, -0.022632212696266835, 1.56229883788214, -0.009351573987280678, -0.013280638708986159, 0.0, 7.005, 1.7532904697653555, 4066.077022346345, 970.7043856481937, 5759.344002722824, 0.7059965545423299
0.0052, 0.9301526897920879, 0.0012414085561167842, 24.57324697409749, 39.32382871731907, 42.347907670748555, -0.022065615870886783, 1.546566539483835, -0.009510832405183293, -0.01255478346570349, 0.0, 7.005, 1.7876687142705587, 4066.077022346345, 970.7043856481937, 5759.344002722824, 0.7059965545423299
0.0053, 0.9188301230782121, 0.0012652817975805685, 26.208654557254267, 47.550864198134846, 43.16877783199061, -0.02145933526423138, 1.5620351551231415, -0.00966963169398671, -0.01178970357024467, 0.0, 7.005, 1.822046958775762, 4066.077022346345, 970.7043856481937, 5759.344002722824, 0.7059965545423299
0.0054, 0.9115935767296763, 0.0012891550390443528, 27.778770217536767, 47.87480196566449, 43.92482256734411, -0.02081476474742997, 1.5657233294830892, -0.009827980517542224, -0.010986784229887747, 0.0, 7.005, 1.856425203280965, 4066.077022346345, 970.7043856481937, 5759.344002722824, 0.7059965545423299
0.0055, 0.8966862144213754, 0.0013130282805081375, 29.271105641616646, 27.865319931934756, 44.60483205040282, -0.02013361642030005, 1.536828530566706, -0.009985887218761662, -0.010147729201538391, 0.0, 7.005, 1.8908034477861682, 4066.077022346345, 970.7043856481937, 5759.344002722824, 0.7059965545423299
0.0056, 0.8801605203893182, 0.0013369015219719218, 30.676138994767385, 53.67897965983839, 45.20067057774395, -0.019417868379195485, 1.5603785579892357, -0.010143359837127138, -0.00927450854206835, 0.0, 7.005, 1.9251816922913711, 4066.077022346345, 970.7043856481937, 5759.344002722824, 0.7059965545423299
0.0057, 0.865612119536421, 0.0013607747634357059, 31.989093057172816, 44.35126875393726, 45.70897801810952, -0.01866967321206616, 1.5757556948328482, -0.010300406124949776, -0.008369267087116383, 0.0, 7.005, 1.9595599367965744, 4066.077022346345, 970.7043856481937, 5759.344002722824, 0.7059965545423299
0.0058, 0.8500822296100703, 0.00138464800489949, 33.21199198854448, 37.94492822905314, 46.133124784867505, -0.017891220747468378, 1.552631201158134, -0.010457033562487145, -0.0074341871849812335, 0.0, 7.005, 1.9939381813017776, 4066.077022346345, 970.7043856481937, 5759.344002722824, 0.7059965545423299
0.0059, 0.8294775819326635, 0.0014085212463632744, 34.356011684187074, 44.7825716576919, 46.48543342446828, -0.017084548227263872, 1.5624276957530345, -0.010613249372017875, -0.006471298855245999, 0.0, 7.005, 2.0283164258069806, 4066.077022346345, 970.7043856481937, 5759.344002722824, 0.7059965545423299
0.006, 0.8094618031375338, 0.001432394487827059, 35.444138685580654, 50.20265262612061, 46.789679912862994, -0.01625129071535512, 1.5624840615606086, -0.01076906053096181, -0.005482230184393311, 0.0, 7.005, 2.062694670312184, 4066.077022346345, 970.7043856481937, 5759.344002722824, 0.7059965545423299
0.0061, 0.790082829910058, 0.0014562677292908432, 36.51415260831659, 55.63421304075232, 47.08388775253479, -0.015392364197652608, 1.5693089723049598, -0.010924473784125255, -0.004467890413527353, 0.0, 7.005, 2.097072914817387, 4066.077022346345, 970.7043856481937, 5759.344002722824, 0.7059965545423299
0.0062, 0.7598684729044801, 0.0014801409707546273, 37.621947050730945, 57.04121510534097, 47.42342796233061, -0.014507573471301724, 1.5701253412183453, -0.01107949565514311, -0.0034280778161586145, 0.0, 7.005, 2.13145115932259, 4066.077022346345, 970.7043856481937, 5759.344002722824, 0.7059965545423299
0.0063, 0.7362168557721466, 0.0015040142122184122, 38.84520394573926, 37.45572234194566, 47.88443805234783, -0.01359513656389097, 1.5574788470365348, -0.011234132457182605, -0.0023610041067083642, 0.0, 7.005, 2.165829403827793, 4066.077022346345, 970.7043856481937, 5759.344002722824, 0.7059965545423299
0.0064, 0.716774062737863, 0.0015278874536821963, 40.28743631921252, 50.95349078166575, 48.567573076477856, -0.012651117066201433, 1.5785947160813338, -0.011388390302967299, -0.0012627267632341344, 0.0, 7.005, 2.2002076483329964, 4066.077022346345, 970.7043856481937, 5759.344002722824, 0.7059965545423299
0.0065, 0.7067136204103247, 0.0015517606951459808, 42.082414417513796, 63.60921728196672, 49.6021018547508, -0.011668755404845967, 1.5780533030682686, -0.01154227511417444, -1.2648029067152677E-4, 0.0, 7.005, 2.2345858928381994, 4066.077022346345, 970.7043856481937, 5759.344002722824, 0.7059965545423299
0.0066, 0.6564167027481155, 0.0015756339366097647, 44.3989901672006, 38.1406904061443, 51.15036145773047, -0.010637689723971753, 1.5433024420353105, -0.011695792630253918, 0.0010581029062821656, 0.0, 7.005, 2.2689641373434024, 4066.077022346345, 970.7043856481937, 5759.344002722824, 0.7059965545423299
0.0067, 0.645682253406539, 0.0015995071780735492, 47.446334929582676, 40.51715378032113, 53.41258304567418, -0.009543056687812785, 1.5536308388687075, -0.011848948416712619, 0.0023058917288998337, 0.0, 7.005, 2.303342381848606, 4066.077022346345, 970.7043856481937, 5759.344002722824, 0.7059965545423299
0.0068, 0.5937423697299099, 0.0016233804195373337, 51.47960551319374, 61.272392255127684, 56.63210215435538, -0.00836446215894816, 1.5999367644468034, -0.0120017478729041, 0.00363728571395594, 0.0, 7.005, 2.337720626353809, 4066.077022346345, 970.7043856481937, 5759.344002722824, 0.7059965545423299
