This fits B3 to B4 into the virial expansion since maxPower is set to 2.
Number of particles: 108
dryVolFracMax: 0.003
dryVolFracIncrement: 1.0E-4
Initial configuration: FCC
Dry microgel radius [nm]: 50.0
Box length [units of dry radius]: 52.648203563095535
Number of monomers: 2916666.666666667
Number of chains: 87.50000000000001
Flory interaction parameter (chi): 0.0
Young's calibration factor: 1.0
x-link fraction: 3.0E-5
MC steps: 100000
Equilibration steps: 10000.0
Snapshot interval: 100
Displacement tolerance: 0.1
Particle radius change tolerance: 0.0
Particle radius bin width: 0.001
g(r) bin width: 0.005
phi0, phi, rho, mu/kT, Z_measured, Z_virial_Fit, <F_total>/V, QMelting, <F_id>/V, <F_ex>/V, <F_FR>/V, <alpha>, Zeta, B2_rho, B2_phi0, B2_HS, B2*
2.0E-4, 0.06873490199105847, 4.774648292756861E-5, -9.622693308568445, 1.0571718529150194, 1.133964416043895, -5.135925744059021E-4, 1.5005138585852507, -5.213638970822166E-4, 7.771322676314593E-6, 0.0, 7.005, 0.06875648901040608, 4066.077022346345, 970.7043856481937, 5759.344002722824, 0.7059965545423299
3.0E-4, 0.10308072257461706, 7.161972439135293E-5, -9.125917238629226, 1.0730515133556566, 1.1645247824258562, -7.369986214131617E-4, 1.50073752249639, -7.530065463303081E-4, 1.6007924917146444E-5, 0.0, 7.005, 0.10313473351560913, 4066.077022346345, 970.7043856481937, 5759.344002722824, 0.7059965545423299
4.0E-4, 0.13741971891649665, 9.549296585513724E-5, -8.774635541812058, 1.3281517648856618, 1.1785465914250002, -9.504588815991682E-4, 1.5009538729922915, -9.765371141186377E-4, 2.6078232519469567E-5, 0.0, 7.005, 0.13751297802081217, 4066.077022346345, 970.7043856481937, 5759.344002722824, 0.7059965545423299
5.0E-4, 0.1717369656795519, 1.1936620731892148E-4, -8.507861033220953, 1.181754421988968, 1.1818368458242077, -0.0011566224858878186, 1.5011587682906253, -0.0011940355932402447, 3.7413107352426044E-5, 0.0, 7.005, 0.1718912225260152, 4066.077022346345, 970.7043856481937, 5759.344002722824, 0.7059965545423299
6.0E-4, 0.20599916460274395, 1.4323944878270585E-4, -8.294134515861419, 1.311927339179026, 1.1802025484063599, -0.001357098818667276, 1.501361720868642, -0.001406727072591923, 4.9628253924646887E-5, 0.0, 7.005, 0.20626946703121826, 4066.077022346345, 970.7043856481937, 5759.344002722824, 0.7059965545423299
7.0E-4, 0.2402500430820151, 1.6711269024649017E-4, -8.113062201802727, 1.3291188588805187, 1.179450701954337, -0.0015528968304970667, 1.501558535040917, -0.0016154210498813184, 6.252421938425168E-5, 0.0, 7.005, 0.24064771153642134, 4066.077022346345, 970.7043856481937, 5759.344002722824, 0.7059965545423299
8.0E-4, 0.274482706563232, 1.9098593171027449E-4, -7.9493498309037385, 1.3672321174670419, 1.1853883092510196, -0.0017446064746268358, 1.5017517859811156, -0.0018206928681456847, 7.608639351884888E-5, 0.0, 7.005, 0.2750259560416244, 4066.077022346345, 970.7043856481937, 5759.344002722824, 0.7059965545423299
9.0E-4, 0.30866990675443684, 2.148591731740588E-4, -7.790383802552683, 1.6592133064375534, 1.2038223730792883, -0.0019324877022532986, 1.5019469846507278, -0.0020229727110088343, 9.048500875553575E-5, 0.0, 7.005, 0.30940420054682743, 4066.077022346345, 970.7043856481937, 5759.344002722824, 0.7059965545423299
0.001, 0.342786967773387, 2.38732414637843E-4, -7.625095609402806, 1.6130196613463283, 1.240559896222024, -0.002116519346205103, 1.5021314223792626, -0.0022225944863660013, 1.060751401608981E-4, 0.0, 7.005, 0.3437824450520305, 4066.077022346345, 970.7043856481937, 5759.344002722824, 0.7059965545423299
0.0011, 0.3768774801667377, 2.626056561016274E-4, -7.443370396931878, 1.566260120378795, 1.301407881462107, -0.002296428237260912, 1.5023112488345927, -0.0024198249427019227, 1.233967054410109E-4, 0.0, 7.005, 0.3781606895572336, 4066.077022346345, 970.7043856481937, 5759.344002722824, 0.7059965545423299
0.0012, 0.4109193193135308, 2.864788975654117E-4, -7.235713961723915, 2.0818731376276167, 1.3921733315824185, -0.0024717076401050224, 1.5025030694025974, -0.00261488210504646, 1.4317446494143755E-4, 0.0, 7.005, 0.41253893406243664, 4066.077022346345, 970.7043856481937, 5759.344002722824, 0.7059965545423299
0.0013, 0.44485299670760003, 3.10352139029196E-4, -6.993053499903146, 1.9075267817919133, 1.5186632493658379, -0.0026416294999462636, 1.5026697011272963, -0.002807947521593494, 1.6631802164723038E-4, 0.0, 7.005, 0.4469171785676397, 4066.077022346345, 970.7043856481937, 5759.344002722824, 0.7059965545423299
0.0014, 0.4787018250011982, 3.342253804929803E-4, -6.706612407296116, 2.2904338789987895, 1.6866846375952473, -0.0028052528984194225, 1.5028488507579851, -0.002999174719602353, 1.9392182118293036E-4, 0.0, 7.005, 0.48129542307284273, 4066.077022346345, 970.7043856481937, 5759.344002722824, 0.7059965545423299
0.0015, 0.5125331505488355, 3.580986219567647E-4, -6.367828378672601, 2.2943476424258202, 1.9020444990535283, -0.0029614300812713505, 1.5030077261161132, -0.003188695233083918, 2.272651518125676E-4, 0.0, 7.005, 0.5156736675780458, 4066.077022346345, 970.7043856481937, 5759.344002722824, 0.7059965545423299
0.0016, 0.5460930393022057, 3.8197186342054886E-4, -5.968297993338048, 2.1031022565837265, 2.170549836523557, -0.0031088108716685278, 1.5031504214090927, -0.0033766230161081877, 2.678121444396601E-4, 0.0, 7.005, 0.5500519120832489, 4066.077022346345, 970.7043856481937, 5759.344002722824, 0.7059965545423299
0.0017, 0.5796637940159474, 4.0584510488433315E-4, -5.499738129887031, 2.485233664735408, 2.498007652788218, -0.00324584597600807, 1.5033057243573422, -0.0035630577486152858, 3.172117726072158E-4, 0.0, 7.005, 0.5844301565884519, 4066.077022346345, 970.7043856481937, 5759.344002722824, 0.7059965545423299
0.0018, 0.6131199909080445, 4.297183463481176E-4, -4.953958426597724, 2.885001795615345, 2.890224950630394, -0.0033707895093138584, 1.5034513309664532, -0.003748087361811589, 3.77297852497731E-4, 0.0, 7.005, 0.618808401093655, 4066.077022346345, 970.7043856481937, 5759.344002722824, 0.7059965545423299
0.0019, 0.647694962682275, 4.535915878119019E-4, -4.322841197686145, 2.587647028474003, 3.3530087328329596, -0.0034817009577900364, 1.5035494049404516, -0.003931790000723226, 4.5008904293318964E-4, 0.0, 7.005, 0.6531866455988581, 4066.077022346345, 970.7043856481937, 5759.344002722824, 0.7059965545423299
0.002, 0.6811875142222721, 4.7746482927568624E-4, -3.598326507088168, 3.0162960909084955, 3.8921660021788007, -0.0035764467271279586, 1.5036613151427662, -0.004114235572503025, 5.377888453750664E-4, 0.0, 7.005, 0.687564890104061, 4066.077022346345, 970.7043856481937, 5759.344002722824, 0.7059965545423299
0.0021, 0.7142969872152206, 5.013380707394704E-4, -2.7724008877620214, 3.2135022972429654, 4.513503761450791, -0.0036527013804280887, 1.50374842222844, -0.0042954869843524115, 6.427856039243225E-4, 0.0, 7.005, 0.721943134609264, 4066.077022346345, 970.7043856481937, 5759.344002722824, 0.7059965545423299
0.0022, 0.7470209392244677, 5.252113122032547E-4, -1.8370886876469399, 3.692206207608645, 5.2228290134318165, -0.0037079486398305587, 1.5038295211096424, -0.0044756011451519695, 7.676525053214108E-4, 0.0, 7.005, 0.756321379114467, 4066.077022346345, 970.7043856481937, 5759.344002722824, 0.7059965545423299
0.0023, 0.7788782411637515, 5.490845536670391E-4, -0.7844453408952727, 4.420001904163891, 6.025948760904762, -0.0037394822056835055, 1.5038997915052563, -0.004654629784629776, 9.151475789462703E-4, 0.0, 7.005, 0.79069962361967, 4066.077022346345, 970.7043856481937, 5759.344002722824, 0.7059965545423299
0.0024, 0.8090780420372122, 5.729577951308231E-4, 0.3934479277821552, 5.441970168866541, 6.928670006652485, -0.0037444064329998188, 1.5039596182498998, -0.004832620129818146, 0.0010882136968183272, 0.0, 7.005, 0.8250778681248729, 4066.077022346345, 970.7043856481937, 5759.344002722824, 0.7059965545423299
0.0025, 0.8365639814290415, 5.968310365946075E-4, 1.7044883170160583, 6.796627899200816, 7.9367997534579064, -0.0037196368949920125, 1.5040217674873415, -0.005009615468588517, 0.0012899785735965047, 0.0, 7.005, 0.8594561126300759, 4066.077022346345, 970.7043856481937, 5759.344002722824, 0.7059965545423299
0.0026, 0.8608993331354673, 6.207042780583919E-4, 3.1565548357151503, 8.716380724309513, 9.05614500410388, -0.0036619008563101084, 1.504119244802156, -0.005185655622889315, 0.0015237547665792064, 0.0, 7.005, 0.8938343571352789, 4066.077022346345, 970.7043856481937, 5759.344002722824, 0.7059965545423299
0.0027, 0.8822435126634101, 6.445775195221761E-4, 4.757511050453137, 10.725500284851613, 10.292512761373281, -0.003567737673375904, 1.5042380317694115, -0.005360777349080229, 0.0017930396757043247, 0.0, 7.005, 0.9282126016404819, 4066.077022346345, 970.7043856481937, 5759.344002722824, 0.7059965545423299
0.0028, 0.9009711588545097, 6.684507609859605E-4, 6.515207332965681, 12.807335359918294, 11.651710028049015, -0.003433499135334886, 1.5043767114564068, -0.005535014678884134, 0.002101515543549248, 0.0, 7.005, 0.9625908461456849, 4066.077022346345, 970.7043856481937, 5759.344002722824, 0.7059965545423299
0.0029, 0.9172803411474463, 6.923240024497446E-4, 8.437482713082293, 14.910619594202512, 13.139543806913933, -0.0032553497562447407, 1.504537628581202, -0.005708399211575585, 0.002453049455330844, 0.0, 7.005, 0.9969690906508879, 4066.077022346345, 970.7043856481937, 5759.344002722824, 0.7059965545423299
