This fits B3 to B9 into the virial expansion since maxPower is set to 7.
Number of particles: 108
dryVolFracMax: 0.007
dryVolFracIncrement: 1.0E-4
Initial configuration: FCC
Dry microgel radius [nm]: 50.0
Box length [units of dry radius]: 40.130210850472906
Number of monomers: 2916666.666666667
Number of chains: 87.50000000000001
Flory interaction parameter (chi): 0.0
Young's calibration factor: 1.0
x-link fraction: 3.0E-5
MC steps: 100000
Equilibration steps: 10000.0
Snapshot interval: 100
Displacement tolerance: 0.1
Particle radius change tolerance: 0.0
Particle radius bin width: 0.001
g(r) bin width: 0.005
phi0, phi, rho, mu/kT, Z_measured, Z_virial_Fit, <F_total>/V, QMelting, <F_id>/V, <F_ex>/V, <F_FR>/V, <alpha>, Zeta, B2_rho, B2_phi0, B2_HS, B2*
0.0031, 0.9432719011066784, 7.400704853773131E-4, 116.2897019037827, 19.0647841555395, 19.090843424413606, 0.07193400637294409, 1.4302223560479281, -0.006052725597926468, 0.07798673197087055, 0.0, 7.005, 1.0657255796612943, 4066.077022346345, 970.7043856481937, 5759.344002722824, 0.7059965545423299
0.0032, 0.9531992979029656, 7.639437268410974E-4, 118.10816065489892, 21.167986215465067, 20.284909293364876, 0.07473145921683852, 1.4279794616221184, -0.006223720591850009, 0.08095517980868853, 0.0, 7.005, 1.1001038241664973, 4066.077022346345, 970.7043856481937, 5759.344002722824, 0.7059965545423299
0.0033, 0.961241330718521, 7.87816968304882E-4, 120.12862217364133, 23.092987717036355, 21.660493015821885, 0.07757486298776009, 1.4257450479072753, -0.006393969425504768, 0.08396883241326486, 0.0, 7.005, 1.1344820686717003, 4066.077022346345, 970.7043856481937, 5759.344002722824, 0.7059965545423299
0.0034, 0.9679913865520116, 8.11690209768666E-4, 122.28794880219931, 24.18158835958027, 23.151256463321317, 0.08046828260031169, 1.4234829907902766, -0.006563494716841306, 0.087031777317153, 0.0, 7.005, 1.1688603131769033, 4066.077022346345, 970.7043856481937, 5759.344002722824, 0.7059965545423299
0.0035, 0.9746719358146189, 8.355634512324506E-4, 124.52626378480502, 23.442797012304712, 24.696251601418112, 0.08341430951652289, 1.4210707190840268, -0.006732317752748801, 0.09014662726927168, 0.0, 7.005, 1.2032385576821063, 4066.077022346345, 970.7043856481937, 5759.344002722824, 0.7059965545423299
0.0036, 0.9798031027106849, 8.594366926962349E-4, 126.78929310402197, 30.175164725880194, 26.24184251373424, 0.08641416839434843, 1.4208363024109827, -0.006900458603211014, 0.09331462699755945, 0.0, 7.005, 1.2376168021873093, 4066.077022346345, 970.7043856481937, 5759.344002722824, 0.7059965545423299
0.0037, 0.9834091644174228, 8.833099341600189E-4, 129.0302613060284, 22.619074619654977, 27.743192138536642, 0.08946787439758742, 1.4156903083623276, -0.007067936222769609, 0.09653581062035703, 0.0, 7.005, 1.2719950466925123, 4066.077022346345, 970.7043856481937, 5759.344002722824, 0.7059965545423299
0.0038, 0.985366144908344, 9.071831756238031E-4, 131.21130845393455, 26.775901918557928, 29.1652910790865, 0.09257443010186826, 1.4142946819915003, -0.007234768541011392, 0.09980919864287965, 0.0, 7.005, 1.306373291197715, 4066.077022346345, 970.7043856481937, 5759.344002722824, 0.7059965545423299
0.0039, 0.9857296929968304, 9.310564170875875E-4, 133.30440813012947, 27.680556964704557, 30.483517212691368, 0.0957320502993266, 1.4109516264518818, -0.0074009725435247534, 0.10313302284285136, 0.0, 7.005, 1.340751535702918, 4066.077022346345, 970.7043856481937, 5759.344002722824, 0.7059965545423299
0.004, 0.9844583336213206, 9.549296585513718E-4, 135.2917791899951, 32.00981618107723, 31.68372618637636, 0.09893840267789515, 1.4090643238166973, -0.00756656434454809, 0.10650496702244325, 0.0, 7.005, 1.375129780208121, 4066.077022346345, 970.7043856481937, 5759.344002722824, 0.7059965545423299
0.0041, 0.9822892117459092, 9.78802900015156E-4, 137.16579675211094, 39.937646039317414, 32.76188425055989, 0.10219085232943673, 1.4102559664950838, -0.007731559252349387, 0.10992241158178612, 0.0, 7.005, 1.4095080247133243, 4066.077022346345, 970.7043856481937, 5759.344002722824, 0.7059965545423299
0.0042, 0.982879217342278, 0.0010026761414789404, 138.9284206925723, 36.218803641748636, 33.723266245683135, 0.1054866983244657, 1.4073230817278306, -0.007895971828223967, 0.11338267015268966, 0.0, 7.005, 1.4438862692185275, 4066.077022346345, 970.7043856481937, 5759.344002722824, 0.7059965545423299
0.0043, 0.9808119935967591, 0.0010265493829427247, 140.59017269295322, 31.40874624858513, 34.58125291930264, 0.10882339118001963, 1.4040858772074425, -0.008059815939870624, 0.11688320711989025, 0.0, 7.005, 1.4782645137237305, 4066.077022346345, 970.7043856481937, 5759.344002722824, 0.7059965545423299
0.0044, 0.9749515495593388, 0.0010504226244065094, 142.16870567626026, 35.20555782524753, 35.35577311563611, 0.11219872094083524, 1.400304654889543, -0.008223104809800185, 0.12042182575063543, 0.0, 7.005, 1.5126427582289337, 4066.077022346345, 970.7043856481937, 5759.344002722824, 0.7059965545423299
0.0045, 0.9752723388605083, 0.0010742958658702937, 143.687022246039, 33.97023790095495, 36.071447741653174, 0.11561096679330064, 1.4015301091117847, -0.008385851059341299, 0.12399681785264194, 0.0, 7.005, 1.547021002734137, 4066.077022346345, 970.7043856481937, 5759.344002722824, 0.7059965545423299
0.0046, 0.9698527654813279, 0.001098169107334078, 145.17141152888576, 34.07060406552223, 36.755503777907506, 0.11905900063567529, 1.3988950056014842, -0.008548066748732902, 0.1276070673844082, 0.0, 7.005, 1.58139924723934, 4066.077022346345, 970.7043856481937, 5759.344002722824, 0.7059965545423299
0.0047, 0.9648207989669002, 0.001122042348797862, 146.6491866026586, 35.50212674465806, 37.43553796555443, 0.12254233883753174, 1.4033111303645802, -0.008709763413728975, 0.13125210225126072, 0.0, 7.005, 1.615777491744543, 4066.077022346345, 970.7043856481937, 5759.344002722824, 0.7059965545423299
0.0048, 0.9602020249428171, 0.0011459155902616468, 148.14631747711599, 40.46033906758431, 38.137221163916365, 0.12606113853581044, 1.3986072133880352, -0.008870952099086747, 0.1349320906348972, 0.0, 7.005, 1.650155736249746, 4066.077022346345, 970.7043856481937, 5759.344002722824, 0.7059965545423299
0.0049, 0.9526018278804823, 0.001169788831725431, 149.6850673757087, 40.77326633302243, 38.88204573652547, 0.12961613723485482, 1.3922357819175688, -0.009031643389263154, 0.13864778062411798, 0.0, 7.005, 1.6845339807549493, 4066.077022346345, 970.7043856481937, 5759.344002722824, 0.7059965545423299
0.005, 0.9492661275633903, 0.0011936620731892152, 151.28175285269927, 44.19178988232364, 39.68522968715479, 0.13320853720247341, 1.3909961998894222, -0.009191847436604594, 0.142400384639078, 0.0, 7.005, 1.7189122252601525, 4066.077022346345, 970.7043856481937, 5759.344002722824, 0.7059965545423299
0.0051, 0.9512887263137062, 0.0012175353146529997, 152.9447610613284, 41.265636763328075, 40.55390263001573, 0.1368398391842174, 1.402826786001656, -0.009351573987280678, 0.14619141317149809, 0.0, 7.005, 1.7532904697653555, 4066.077022346345, 970.7043856481937, 5759.344002722824, 0.7059965545423299
0.0052, 0.9301526897920879, 0.0012414085561167842, 154.67297027317144, 39.32382871731907, 41.48571004245423, 0.14051163329372357, 1.3839892903192246, -0.009510832405183293, 0.15002246569890687, 0.0, 7.005, 1.7876687142705587, 4066.077022346345, 970.7043856481937, 5759.344002722824, 0.7059965545423299
0.0053, 0.9188301230782121, 0.0012652817975805685, 156.45473253317144, 47.550864198134846, 42.4679836108553, 0.14422535857665586, 1.3963504612822544, -0.00966963169398671, 0.15389499027064257, 0.0, 7.005, 1.822046958775762, 4066.077022346345, 970.7043856481937, 5759.344002722824, 0.7059965545423299
0.0054, 0.9115935767296763, 0.0012891550390443528, 158.26759011687756, 47.87480196566449, 43.477636844621884, 0.14798204669244006, 1.3969265180432193, -0.009827980517542224, 0.15781002720998227, 0.0, 7.005, 1.856425203280965, 4066.077022346345, 970.7043856481937, 5759.344002722824, 0.7059965545423299
0.0055, 0.8966862144213754, 0.0013130282805081375, 160.07891024106556, 27.865319931934756, 44.48195649581976, 0.15178206940798125, 1.3649128447384247, -0.009985887218761662, 0.16176795662674293, 0.0, 7.005, 1.8908034477861682, 4066.077022346345, 970.7043856481937, 5759.344002722824, 0.7059965545423299
0.0056, 0.8801605203893182, 0.0013369015219719218, 161.84763526305096, 53.67897965983839, 45.44047168625184, 0.15562491415401722, 1.3853357754560232, -0.010143359837127138, 0.16576827399114435, 0.0, 7.005, 1.9251816922913711, 4066.077022346345, 970.7043856481937, 5759.344002722824, 0.7059965545423299
0.0057, 0.865612119536421, 0.0013607747634357059, 163.52735838465836, 44.35126875393726, 46.30809400513317, 0.1595090167559475, 1.3975770048648346, -0.010300406124949776, 0.1698094228808973, 0.0, 7.005, 1.9595599367965744, 4066.077022346345, 970.7043856481937, 5759.344002722824, 0.7059965545423299
0.0058, 0.8500822296100703, 0.00138464800489949, 165.07094766623413, 37.94492822905314, 47.0397332064822, 0.16343168561737323, 1.3713082947932924, -0.010457033562487145, 0.17388871917986037, 0.0, 7.005, 1.9939381813017776, 4066.077022346345, 970.7043856481937, 5759.344002722824, 0.7059965545423299
0.0059, 0.8294775819326635, 0.0014085212463632744, 166.436953933521, 44.7825716576919, 47.5966044972738, 0.1673891571059465, 1.3779539904198241, -0.010613249372017875, 0.1780024064779644, 0.0, 7.005, 2.0283164258069806, 4066.077022346345, 970.7043856481937, 5759.344002722824, 0.7059965545423299
0.006, 0.8094618031375338, 0.001432394487827059, 167.59805094635436, 50.20265262612061, 47.95445476884197, 0.17137682766843867, 1.374855943176815, -0.01076906053096181, 0.18214588819940047, 0.0, 7.005, 2.062694670312184, 4066.077022346345, 970.7043856481937, 5759.344002722824, 0.7059965545423299
0.0061, 0.790082829910058, 0.0014562677292908432, 168.55176898604026, 55.63421304075232, 48.11394649249269, 0.17538971428320477, 1.3785268938241024, -0.010924473784125255, 0.18631418806733002, 0.0, 7.005, 2.097072914817387, 4066.077022346345, 970.7043856481937, 5759.344002722824, 0.7059965545423299
0.0062, 0.7598684729044801, 0.0014801409707546273, 169.33379579152975, 57.04121510534097, 48.11344935740635, 0.17942320124598432, 1.3761945665010593, -0.01107949565514311, 0.19050269690112742, 0.0, 7.005, 2.13145115932259, 4066.077022346345, 970.7043856481937, 5759.344002722824, 0.7059965545423299
0.0063, 0.7362168557721466, 0.0015040142122184122, 170.03413157189104, 37.45572234194566, 48.044501097057946, 0.18347413797726944, 1.3604095724953744, -0.011234132457182605, 0.19470827043445205, 0.0, 7.005, 2.165829403827793, 4066.077022346345, 970.7043856481937, 5759.344002722824, 0.7059965545423299
0.0064, 0.716774062737863, 0.0015278874536821963, 170.81639759361616, 50.95349078166575, 48.07021031087788, 0.1875423595362819, 1.3784012394788505, -0.011388390302967299, 0.1989307498392492, 0.0, 7.005, 2.2002076483329964, 4066.077022346345, 970.7043856481937, 5759.344002722824, 0.7059965545423299
0.0065, 0.7067136204103247, 0.0015517606951459808, 171.94061063267583, 63.60921728196672, 48.4468854531151, 0.19163270883056344, 1.3747518388328592, -0.01154227511417444, 0.20317498394473787, 0.0, 7.005, 2.2345858928381994, 4066.077022346345, 970.7043856481937, 5759.344002722824, 0.7059965545423299
0.0066, 0.6564167027481155, 0.0015756339366097647, 173.78974836330903, 38.1406904061443, 49.54918552131858, 0.19575764711688357, 1.3369071051944552, -0.011695792630253918, 0.20745343974713748, 0.0, 7.005, 2.2689641373434024, 4066.077022346345, 970.7043856481937, 5759.344002722824, 0.7059965545423299
0.0067, 0.645682253406539, 0.0015995071780735492, 176.90044353702135, 40.51715378032113, 51.89909934507159, 0.1999405473033564, 1.3441472348775383, -0.011848948416712619, 0.211789495720069, 0.0, 7.005, 2.303342381848606, 4066.077022346345, 970.7043856481937, 5759.344002722824, 0.7059965545423299
0.0068, 0.5937423697299099, 0.0016233804195373337, 181.99815759297599, 61.272392255127684, 56.19907173336833, 0.20421977277960635, 1.387352529508249, -0.0120017478729041, 0.21622152065251043, 0.0, 7.005, 2.337720626353809, 4066.077022346345, 970.7043856481937, 5759.344002722824, 0.7059965545423299
