This fits B3 to B7 into the virial expansion since maxPower is set to 5.
Number of particles: 108
dryVolFracMax: 0.003
dryVolFracIncrement: 1.0E-4
Initial configuration: FCC
Dry microgel radius [nm]: 50.0
Box length [units of dry radius]: 52.648203563095535
Number of monomers: 2916666.666666667
Number of chains: 87.50000000000001
Flory interaction parameter (chi): 0.0
Young's calibration factor: 1.0
x-link fraction: 3.0E-5
MC steps: 100000
Equilibration steps: 10000.0
Snapshot interval: 100
Displacement tolerance: 0.1
Particle radius change tolerance: 0.0
Particle radius bin width: 0.001
g(r) bin width: 0.005
phi0, phi, rho, mu/kT, Z_measured, Z_virial_Fit, <F_total>/V, QMelting, <F_id>/V, <F_ex>/V, <F_FR>/V, <alpha>, Zeta, B2_rho, B2_phi0, B2_HS, B2*
2.0E-4, 0.06873490199105847, 4.774648292756861E-5, -9.72004332992542, 1.0571718529150194, 1.0756082035223362, -5.154543916337432E-4, 1.5005157204024786, -5.213638970822166E-4, 5.909505448473508E-6, 0.0, 7.005, 0.06875648901040608, 4066.077022346345, 970.7043856481937, 5759.344002722824, 0.7059965545423299
3.0E-4, 0.10308072257461706, 7.161972439135293E-5, -9.271323283960877, 1.0730515133556566, 1.0864208612462392, -7.41818780995883E-4, 1.5007423426559727, -7.530065463303081E-4, 1.1187765334425164E-5, 0.0, 7.005, 0.10313473351560913, 4066.077022346345, 970.7043856481937, 5759.344002722824, 0.7059965545423299
4.0E-4, 0.13741971891649665, 9.549296585513724E-5, -8.928213781259698, 1.3281517648856618, 1.1138032197790477, -9.589419865969004E-4, 1.5009623560972893, -9.765371141186377E-4, 1.7595127521737378E-5, 0.0, 7.005, 0.13751297802081217, 4066.077022346345, 970.7043856481937, 5759.344002722824, 0.7059965545423299
5.0E-4, 0.1717369656795519, 1.1936620731892148E-4, -8.619738425374596, 1.181754421988968, 1.1684216624593737, -0.0011683755463151825, 1.5011705213510527, -0.0011940355932402447, 2.5660046925062135E-5, 0.0, 7.005, 0.1718912225260152, 4066.077022346345, 970.7043856481937, 5759.344002722824, 0.7059965545423299
6.0E-4, 0.20599916460274395, 1.4323944878270585E-4, -8.315956756008491, 1.311927339179026, 1.252194216872639, -0.0013705366712252033, 1.5013751587212, -0.001406727072591923, 3.6190401366719494E-5, 0.0, 7.005, 0.20626946703121826, 4066.077022346345, 970.7043856481937, 5759.344002722824, 0.7059965545423299
7.0E-4, 0.2402500430820151, 1.6711269024649017E-4, -8.006373449493102, 1.3291188588805187, 1.3608645339215497, -0.0015653843395875295, 1.5015710225500076, -0.0016154210498813184, 5.003671029378894E-5, 0.0, 7.005, 0.24064771153642134, 4066.077022346345, 970.7043856481937, 5759.344002722824, 0.7059965545423299
8.0E-4, 0.274482706563232, 1.9098593171027449E-4, -7.69115101749077, 1.3672321174670419, 1.4863128949025828, -0.001752766496045865, 1.5017599460025346, -0.0018206928681456847, 6.792637209981981E-5, 0.0, 7.005, 0.2750259560416244, 4066.077022346345, 970.7043856481937, 5759.344002722824, 0.7059965545423299
9.0E-4, 0.30866990675443684, 2.148591731740588E-4, -7.376176319369879, 1.6592133064375534, 1.6186042465884731, -0.0019326111152839036, 1.5019471080637585, -0.0020229727110088343, 9.036159572493077E-5, 0.0, 7.005, 0.30940420054682743, 4066.077022346345, 970.7043856481937, 5759.344002722824, 0.7059965545423299
0.001, 0.342786967773387, 2.38732414637843E-4, -7.069717177235814, 1.6130196613463283, 1.7477732643167003, -0.0021050207841579326, 1.5021199238172154, -0.0022225944863660013, 1.175737022080689E-4, 0.0, 7.005, 0.3437824450520305, 4066.077022346345, 970.7043856481937, 5759.344002722824, 0.7059965545423299
0.0011, 0.3768774801667377, 2.626056561016274E-4, -6.779929917445449, 1.566260120378795, 1.8653464430839888, -0.0022702984708367216, 1.5022851190681685, -0.0024198249427019227, 1.495264718652009E-4, 0.0, 7.005, 0.3781606895572336, 4066.077022346345, 970.7043856481937, 5759.344002722824, 0.7059965545423299
0.0012, 0.4109193193135308, 2.864788975654117E-4, -6.512932151503508, 2.0818731376276167, 1.965601216646801, -0.002428920892279257, 1.5024602826547715, -0.00261488210504646, 1.8596121276720276E-4, 0.0, 7.005, 0.41253893406243664, 4066.077022346345, 970.7043856481937, 5759.344002722824, 0.7059965545423299
0.0013, 0.44485299670760003, 3.10352139029196E-4, -6.2713161077708115, 1.9075267817919133, 2.0465621046278484, -0.002581471295402269, 1.5026095429227522, -0.002807947521593494, 2.2647622619122496E-4, 0.0, 7.005, 0.4469171785676397, 4066.077022346345, 970.7043856481937, 5759.344002722824, 0.7059965545423299
0.0014, 0.4787018250011982, 3.342253804929803E-4, -6.053042815560357, 2.2904338789987895, 2.1107338876285966, -0.002728541374883057, 1.5027721392344486, -0.002999174719602353, 2.706333447192956E-4, 0.0, 7.005, 0.48129542307284273, 4066.077022346345, 970.7043856481937, 5759.344002722824, 0.7059965545423299
0.0015, 0.5125331505488355, 3.580986219567647E-4, -5.850686388971848, 2.2943476424258202, 2.1655718103477826, -0.002870611014425977, 1.5029169070492678, -0.003188695233083918, 3.180842186579413E-4, 0.0, 7.005, 0.5156736675780458, 4066.077022346345, 970.7043856481937, 5759.344002722824, 0.7059965545423299
0.0016, 0.5460930393022057, 3.8197186342054886E-4, -5.651011597737424, 2.1031022565837265, 2.223688812705902, -0.0030079139896555954, 1.5030495245270798, -0.0033766230161081877, 3.687090264525922E-4, 0.0, 7.005, 0.5500519120832489, 4066.077022346345, 970.7043856481937, 5759.344002722824, 0.7059965545423299
0.0017, 0.5796637940159474, 4.0584510488433315E-4, -5.434875067888046, 2.485233664735408, 2.302799788975756, -0.003140297463844752, 1.503200175845179, -0.0035630577486152858, 4.2276028477053387E-4, 0.0, 7.005, 0.5844301565884519, 4066.077022346345, 970.7043856481937, 5759.344002722824, 0.7059965545423299
0.0018, 0.6131199909080445, 4.297183463481176E-4, -5.177444328720555, 2.885001795615345, 2.4254028749190226, -0.0032670829278853976, 1.5033476243850248, -0.003748087361811589, 4.810044339261917E-4, 0.0, 7.005, 0.618808401093655, 4066.077022346345, 970.7043856481937, 5759.344002722824, 0.7059965545423299
0.0019, 0.647694962682275, 4.535915878119019E-4, -4.84873111628424, 2.587647028474003, 2.6181977629286237, -0.0033869361264007164, 1.5034546401090623, -0.003931790000723226, 5.448538743225097E-4, 0.0, 7.005, 0.6531866455988581, 4066.077022346345, 970.7043856481937, 5759.344002722824, 0.7059965545423299
0.002, 0.6811875142222721, 4.7746482927568624E-4, -4.414436635054808, 3.0162960909084955, 2.9112410451774764, -0.0034977534429208226, 1.503582621858559, -0.004114235572503025, 6.164821295822026E-4, 0.0, 7.005, 0.687564890104061, 4066.077022346345, 970.7043856481937, 5759.344002722824, 0.7059965545423299
0.0021, 0.7142969872152206, 5.013380707394704E-4, -3.8371072657883403, 3.2135022972429654, 3.3368385847728703, -0.0035965721723097963, 1.5036922930203216, -0.0042954869843524115, 6.989148120426151E-4, 0.0, 7.005, 0.721943134609264, 4066.077022346345, 970.7043856481937, 5759.344002722824, 0.7059965545423299
0.0022, 0.7470209392244677, 5.252113122032547E-4, -3.077599700691234, 3.692206207608645, 3.928174914917115, -0.003679512078863934, 1.5038010845486758, -0.0044756011451519695, 7.960890662880356E-4, 0.0, 7.005, 0.756321379114467, 4066.077022346345, 970.7043856481937, 5759.344002722824, 0.7059965545423299
0.0023, 0.7788782411637515, 5.490845536670391E-4, -2.0968548045234456, 4.420001904163891, 4.717679666073927, -0.0037417556182366097, 1.5039020649178094, -0.004654629784629776, 9.128741663931659E-4, 0.0, 7.005, 0.79069962361967, 4066.077022346345, 970.7043856481937, 5759.344002722824, 0.7059965545423299
0.0024, 0.8090780420372122, 5.729577951308231E-4, -0.8579797094741402, 5.441970168866541, 5.735131021141044, -0.003777574187266647, 1.5039927860041666, -0.004832620129818146, 0.0010550459425514988, 0.0, 7.005, 0.8250778681248729, 4066.077022346345, 970.7043856481937, 5759.344002722824, 0.7059965545423299
0.0025, 0.8365639814290415, 5.968310365946075E-4, 0.6713622075481505, 6.796627899200816, 7.005496198629146, -0.0037804077558260037, 1.5040825383481755, -0.005009615468588517, 0.0012292077127625135, 0.0, 7.005, 0.8594561126300759, 4066.077022346345, 970.7043856481937, 5759.344002722824, 0.7059965545423299
0.0026, 0.8608993331354673, 6.207042780583919E-4, 2.516253720001549, 8.716380724309513, 8.546508963845653, -0.0037430052276380887, 1.504200349173484, -0.005185655622889315, 0.001442650395251226, 0.0, 7.005, 0.8938343571352789, 4066.077022346345, 970.7043856481937, 5759.344002722824, 0.7059965545423299
0.0027, 0.8822435126634101, 6.445775195221761E-4, 4.691518706588801, 10.725500284851613, 10.365984168085873, -0.003657632871786049, 1.5043279269678218, -0.005360777349080229, 0.00170314447729418, 0.0, 7.005, 0.9282126016404819, 4066.077022346345, 970.7043856481937, 5759.344002722824, 0.7059965545423299
0.0028, 0.9009711588545097, 6.684507609859605E-4, 7.198409805585002, 12.807335359918294, 12.458869315829787, -0.003516358162758894, 1.5044595704838308, -0.005535014678884134, 0.0020186565161252404, 0.0, 7.005, 0.9625908461456849, 4066.077022346345, 970.7043856481937, 5759.344002722824, 0.7059965545423299
0.0029, 0.9172803411474463, 6.923240024497446E-4, 10.02098887394017, 14.910619594202512, 14.804033159943373, -0.003311416363980123, 1.5045936951889374, -0.005708399211575585, 0.0023969828475954615, 0.0, 7.005, 0.9969690906508879, 4066.077022346345, 970.7043856481937, 5759.344002722824, 0.7059965545423299
0.0031, 0.9432719011066784, 7.400704853773131E-4, 19.546225396445625, 19.0647841555395, 19.38919621848707, 1.162126599501866E-4, 1.502040149760922, -0.006052725597926468, 0.006168938257876655, 0.0, 7.005, 1.0657255796612943, 4066.077022346345, 970.7043856481937, 5759.344002722824, 0.7059965545423299
0.0032, 0.9531992979029656, 7.639437268410974E-4, 21.472691559055495, 21.167986215465067, 20.67974764023135, 6.057645325225104E-4, 1.5021051563064345, -0.006223720591850009, 0.00682948512437252, 0.0, 7.005, 1.1001038241664973, 4066.077022346345, 970.7043856481937, 5759.344002722824, 0.7059965545423299
0.0033, 0.961241330718521, 7.87816968304882E-4, 23.433714539175902, 23.092987717036355, 21.984477872456324, 0.001141733237131297, 1.5021781776579042, -0.006393969425504768, 0.007535702662636065, 0.0, 7.005, 1.1344820686717003, 4066.077022346345, 970.7043856481937, 5759.344002722824, 0.7059965545423299
0.0034, 0.9679913865520116, 8.11690209768666E-4, 25.422441728362692, 24.18158835958027, 23.297416082842755, 0.001724862511975879, 1.5022264108786125, -0.006563494716841306, 0.008288357228817185, 0.0, 7.005, 1.1688603131769033, 4066.077022346345, 970.7043856481937, 5759.344002722824, 0.7059965545423299
0.0035, 0.9746719358146189, 8.355634512324506E-4, 27.431775337721078, 23.442797012304712, 24.612444930717373, 0.002355729445040618, 1.502129299155509, -0.006732317752748801, 0.009088047197789419, 0.0, 7.005, 1.2032385576821063, 4066.077022346345, 970.7043856481937, 5759.344002722824, 0.7059965545423299
0.0036, 0.9798031027106849, 8.594366926962349E-4, 29.454439959420995, 30.175164725880194, 25.923360307490704, 0.003034739417701944, 1.504215731387629, -0.006900458603211014, 0.009935198020912958, 0.0, 7.005, 1.2376168021873093, 4066.077022346345, 970.7043856481937, 5759.344002722824, 0.7059965545423299
0.0037, 0.9834091644174228, 8.833099341600189E-4, 31.48305495925611, 22.619074619654977, 27.223935285181156, 0.003762122718886792, 1.501396060041028, -0.007067936222769609, 0.0108300589416564, 0.0, 7.005, 1.2719950466925123, 4066.077022346345, 970.7043856481937, 5759.344002722824, 0.7059965545423299
0.0038, 0.985366144908344, 9.071831756238031E-4, 33.51021171279394, 26.775901918557928, 28.507988273024825, 0.004537932945269568, 1.502331179148099, -0.007234768541011392, 0.01177270148628096, 0.0, 7.005, 1.306373291197715, 4066.077022346345, 970.7043856481937, 5759.344002722824, 0.7059965545423299
0.0039, 0.9857296929968304, 9.310564170875875E-4, 35.528555695382416, 27.680556964704557, 29.769455382171113, 0.005362047303266516, 1.5013216294479417, -0.0074009725435247534, 0.01276301984679127, 0.0, 7.005, 1.340751535702918, 4066.077022346345, 970.7043856481937, 5759.344002722824, 0.7059965545423299
0.004, 0.9844583336213206, 9.549296585513718E-4, 37.5308734344591, 32.00981618107723, 31.0024669984645, 0.006234168928808911, 1.5017685575657835, -0.00756656434454809, 0.013800733273357001, 0.0, 7.005, 1.375129780208121, 4066.077022346345, 970.7043856481937, 5759.344002722824, 0.7059965545423299
0.0041, 0.9822892117459092, 9.78802900015156E-4, 39.510184331147414, 39.937646039317414, 32.201428563311836, 0.00715383134105994, 1.5052929874834606, -0.007731559252349387, 0.014885390593409327, 0.0, 7.005, 1.4095080247133243, 4066.077022346345, 970.7043856481937, 5759.344002722824, 0.7059965545423299
0.0042, 0.982879217342278, 0.0010026761414789404, 41.459837356946785, 36.218803641748636, 33.36110556263596, 0.008120405146392378, 1.5046893749059038, -0.007895971828223967, 0.016016376974616345, 0.0, 7.005, 1.4438862692185275, 4066.077022346345, 970.7043856481937, 5759.344002722824, 0.7059965545423299
0.0043, 0.9808119935967591, 0.0010265493829427247, 43.37361263036608, 31.40874624858513, 34.476712723914794, 0.00913310710907074, 1.5037761612783913, -0.008059815939870624, 0.017192923048941364, 0.0, 7.005, 1.4782645137237305, 4066.077022346345, 970.7043856481937, 5759.344002722824, 0.7059965545423299
0.0044, 0.9749515495593388, 0.0010504226244065094, 45.24582787756952, 35.20555782524753, 35.5440074213067, 0.01019101170518836, 1.5023123641251899, -0.008223104809800185, 0.018414116514988546, 0.0, 7.005, 1.5126427582289337, 4066.077022346345, 970.7043856481937, 5759.344002722824, 0.7059965545423299
0.0045, 0.9752723388605083, 0.0010742958658702937, 47.07144978046332, 33.97023790095495, 36.55938728886132, 0.011293065276498187, 1.505848010628587, -0.008385851059341299, 0.019678916335839486, 0.0, 7.005, 1.547021002734137, 4066.077022346345, 970.7043856481937, 5759.344002722824, 0.7059965545423299
0.0046, 0.9698527654813279, 0.001098169107334078, 48.84621021512472, 34.07060406552223, 37.519992041816856, 0.012438102900852503, 1.505515903336307, -0.008548066748732902, 0.020986169649585405, 0.0, 7.005, 1.58139924723934, 4066.077022346345, 970.7043856481937, 5759.344002722824, 0.7059965545423299
0.0047, 0.9648207989669002, 0.001122042348797862, 50.566727383036756, 35.50212674465806, 38.42380950598256, 0.01362486809602947, 1.5122286011060824, -0.008709763413728975, 0.022334631509758444, 0.0, 7.005, 1.615777491744543, 4066.077022346345, 970.7043856481937, 5759.344002722824, 0.7059965545423299
0.0048, 0.9602020249428171, 0.0011459155902616468, 52.23063183723064, 40.46033906758431, 39.26978585520786, 0.014852035473779918, 1.5098163164500658, -0.008870952099086747, 0.023722987572866665, 0.0, 7.005, 1.650155736249746, 4066.077022346345, 970.7043856481937, 5759.344002722824, 0.7059965545423299
0.0049, 0.9526018278804823, 0.001169788831725431, 53.83669740513167, 40.77326633302243, 40.05794005693667, 0.016118236460973226, 1.5057336826914505, -0.009031643389263154, 0.02514987985023638, 0.0, 7.005, 1.6845339807549493, 4066.077022346345, 970.7043856481937, 5759.344002722824, 0.7059965545423299
0.005, 0.9492661275633903, 0.0011936620731892152, 55.38497700965434, 44.19178988232364, 40.78948252584813, 0.017422088204761876, 1.5067826488871339, -0.009191847436604594, 0.02661393564136647, 0.0, 7.005, 1.7189122252601525, 4066.077022346345, 970.7043856481937, 5759.344002722824, 0.7059965545423299
0.0051, 0.9512887263137062, 0.0012175353146529997, 56.87694338987376, 41.265636763328075, 41.466937985583, 0.018762225778717584, 1.5209043994071558, -0.009351573987280678, 0.02811379976599826, 0.0, 7.005, 1.7532904697653555, 4066.077022346345, 970.7043856481937, 5759.344002722824, 0.7059965545423299
0.0052, 0.9301526897920879, 0.0012414085561167842, 58.315634722423056, 39.32382871731907, 42.094272538555884, 0.020137337806921885, 1.5043635858060262, -0.009510832405183293, 0.02964817021210518, 0.0, 7.005, 1.7876687142705587, 4066.077022346345, 970.7043856481937, 5759.344002722824, 0.7059965545423299
0.0053, 0.9188301230782121, 0.0012652817975805685, 59.70580514461192, 47.550864198134846, 42.67702494385355, 0.021546205623019905, 1.5190296142358903, -0.00966963169398671, 0.031215837317006615, 0.0, 7.005, 1.822046958775762, 4066.077022346345, 970.7043856481937, 5759.344002722824, 0.7059965545423299
0.0054, 0.9115935767296763, 0.0012891550390443528, 61.05408018013188, 47.87480196566449, 43.22244210321895, 0.022987746081267378, 1.521920818654392, -0.009827980517542224, 0.0328157265988096, 0.0, 7.005, 1.856425203280965, 4066.077022346345, 970.7043856481937, 5759.344002722824, 0.7059965545423299
0.0055, 0.8966862144213754, 0.0013130282805081375, 62.36911706810123, 27.865319931934756, 43.73961875512143, 0.02446105813662111, 1.4922338560097848, -0.009985887218761662, 0.03444694535538277, 0.0, 7.005, 1.8908034477861682, 4066.077022346345, 970.7043856481937, 5759.344002722824, 0.7059965545423299
0.0056, 0.8801605203893182, 0.0013369015219719218, 63.6617699961095, 53.67897965983839, 44.23964137691226, 0.02596547331093916, 1.5149952162991012, -0.010143359837127138, 0.036108833148066295, 0.0, 7.005, 1.9251816922913711, 4066.077022346345, 970.7043856481937, 5759.344002722824, 0.7059965545423299
0.0057, 0.865612119536421, 0.0013607747634357059, 64.94526023783777, 44.35126875393726, 44.73573629506649, 0.02750061016237275, 1.5295854114584093, -0.010300406124949776, 0.03780101628732253, 0.0, 7.005, 1.9595599367965744, 4066.077022346345, 970.7043856481937, 5759.344002722824, 0.7059965545423299
0.0058, 0.8500822296100703, 0.00138464800489949, 66.23535119576344, 37.94492822905314, 45.243422003511, 0.029066432875043666, 1.505673547535622, -0.010457033562487145, 0.03952346643753081, 0.0, 7.005, 1.9939381813017776, 4066.077022346345, 970.7043856481937, 5759.344002722824, 0.7059965545423299
0.0059, 0.8294775819326635, 0.0014085212463632744, 67.55052834939352, 44.7825716576919, 45.78066569003798, 0.03066331408611278, 1.514679833439658, -0.010613249372017875, 0.041276563458130654, 0.0, 7.005, 2.0283164258069806, 4066.077022346345, 970.7043856481937, 5759.344002722824, 0.7059965545423299
0.006, 0.8094618031375338, 0.001432394487827059, 68.91218410942083, 50.20265262612061, 46.36804397080357, 0.03229210206735601, 1.5139406687778976, -0.01076906053096181, 0.043061162598317826, 0.0, 7.005, 2.062694670312184, 4066.077022346345, 970.7043856481937, 5759.344002722824, 0.7059965545423299
0.0061, 0.790082829910058, 0.0014562677292908432, 70.34480757815318, 55.63421304075232, 47.028907832914456, 0.0339541923783717, 1.5199624157289353, -0.010924473784125255, 0.04487866616249696, 0.0, 7.005, 2.097072914817387, 4066.077022346345, 970.7043856481937, 5759.344002722824, 0.7059965545423299
0.0062, 0.7598684729044801, 0.0014801409707546273, 71.87617921652144, 57.04121510534097, 47.7895517850983, 0.035651604108551664, 1.5199661636384918, -0.01107949565514311, 0.04673109976369477, 0.0, 7.005, 2.13145115932259, 4066.077022346345, 970.7043856481937, 5759.344002722824, 0.7059965545423299
0.0063, 0.7362168557721466, 0.0015040142122184122, 73.53757041794191, 37.45572234194566, 48.67938721646078, 0.03738706082495623, 1.5064966496476877, -0.011234132457182605, 0.04862119328213883, 0.0, 7.005, 2.165829403827793, 4066.077022346345, 970.7043856481937, 5759.344002722824, 0.7059965545423299
0.0064, 0.716774062737863, 0.0015278874536821963, 75.36394798927613, 50.95349078166575, 49.73111996332983, 0.03916407634323674, 1.5267795226718957, -0.011388390302967299, 0.05055246664620404, 0.0, 7.005, 2.2002076483329964, 4066.077022346345, 970.7043856481937, 5759.344002722824, 0.7059965545423299
0.0065, 0.7067136204103247, 0.0015517606951459808, 77.394183539107, 63.60921728196672, 50.980932084182484, 0.04098704543875914, 1.5253975022246635, -0.01154227511417444, 0.05252932055293358, 0.0, 7.005, 2.2345858928381994, 4066.077022346345, 970.7043856481937, 5759.344002722824, 0.7059965545423299
0.0066, 0.6564167027481155, 0.0015756339366097647, 79.6712677735222, 38.1406904061443, 52.468667842661716, 0.04286133961508207, 1.4898034126962567, -0.011695792630253918, 0.05455713224533598, 0.0, 7.005, 2.2689641373434024, 4066.077022346345, 970.7043856481937, 5759.344002722824, 0.7059965545423299
0.0067, 0.645682253406539, 0.0015995071780735492, 82.24252969958228, 40.51715378032113, 54.23802389867615, 0.04479340804695146, 1.4992943741339433, -0.011848948416712619, 0.056642356463664084, 0.0, 7.005, 2.303342381848606, 4066.077022346345, 970.7043856481937, 5759.344002722824, 0.7059965545423299
0.0068, 0.5937423697299099, 0.0016233804195373337, 85.15986073662543, 61.272392255127684, 56.33674370758649, 0.04679088381497472, 1.5447814184728805, -0.0120017478729041, 0.05879263168787882, 0.0, 7.005, 2.337720626353809, 4066.077022346345, 970.7043856481937, 5759.344002722824, 0.7059965545423299
