rho, F_total_perV, F_total_perN, F_pair_perV, F_reference_perV, Z_virial_measured, springConstant, lindemannParameter, Tstar
1.55, -0.42886708716790345, -0.27668844333413123, 5.721447712870213, -6.1503148000381165, 14.012592791985348, 0.22666966857741963, 2.652290917909153, 0.00625
1.57, 2.3694641543061477, 1.5092128371376736, -0.20078011480651575, 2.5702442691126635, 12.541569507767939, 9.848079988624882, 0.4041085730965772, 0.00625
1.59, 9.266274221244945, 5.827845422166632, 2.161800299417422, 7.104473921827522, 13.055379896889107, 66.17172571904578, 0.15655614106003343, 0.00625
1.61, 9.642396173448994, 5.9890659462416105, 2.305453892964638, 7.336942280484355, 13.531172735716652, 70.24474198449957, 0.15258400550712733, 0.00625
1.6300000000000001, 10.039703652022999, 6.15932739387914, 2.3793100951667587, 7.660393556856239, 13.961565659818625, 77.30900784014227, 0.14604547824317915, 0.00625
1.6500000000000001, 10.453361223966452, 6.335370438767546, 2.560162302728858, 7.893198921237594, 14.497261720903056, 81.80551376285129, 0.14255331577716457, 0.00625
1.6700000000000002, 10.891911061260412, 6.522102431892462, 2.704675814922558, 8.187235246337854, 14.992243451022292, 88.60566004641828, 0.13752512702288247, 0.00625
1.6900000000000002, 11.293231266520097, 6.682385364804791, 2.8887325912596276, 8.40449867526047, 15.655783827261816, 92.90595787145239, 0.1348386562308653, 0.00625
1.7100000000000002, 11.777979387834364, 6.88770724434758, 3.101942542159745, 8.676036845674618, 16.162112423048892, 99.40752975048859, 0.13086686321130744, 0.00625
1.7300000000000002, 12.244141558964044, 7.07753847338962, 3.2799059426694632, 8.96423561629458, 16.77316995874643, 106.88820198810798, 0.1266945049228276, 0.00625
1.7500000000000002, 12.701063489371522, 7.257750565355154, 3.5321632743448315, 9.16890021502669, 17.398800768924367, 111.11434942298877, 0.12473880310165873, 0.00625
1.7700000000000002, 13.221684187917345, 7.469878072269686, 3.952014377673134, 9.269669810244212, 18.161709452690136, 110.93690225824015, 0.12531230015057446, 0.00625
1.7900000000000003, 13.757544914235641, 7.685779281695888, 4.226157454000005, 9.531387460235637, 18.871043924048486, 117.67209425703744, 0.12212977748279374, 0.00625
1.8100000000000003, 14.296727942511016, 7.898744719619344, 4.542061976493076, 9.75466596601794, 19.524758999911498, 122.88494322017625, 0.1199547597632436, 0.00625
1.8300000000000003, 14.858688810973023, 8.119502082498919, 4.999167162328915, 9.859521648644108, 20.30808374393186, 122.74418673882164, 0.12046397614185637, 0.00625
1.8500000000000003, 15.42711782552924, 8.338982608394183, 5.283710903749446, 10.143406921779794, 21.01246418175593, 130.8561299200762, 0.11709387285997587, 0.00625
1.8700000000000003, 16.03710910657186, 8.575994174637358, 5.724789146144248, 10.312319960427615, 21.78298058502408, 133.66725432151105, 0.11627204710949879, 0.00625
1.8900000000000003, 16.658759716860768, 8.814158580349611, 6.142991968323739, 10.515767748537028, 22.527100539912485, 138.1656687750332, 0.11476985330738994, 0.00625
