Starting reduced density rho*: 1.55
Maximum reduced density rho*: 1.901
Reduced-density increment: 0.02
Number of particles: 108
Initial configuration: FCC
Dry microgel radius [nm]: 50.0
Box length [units of dry radius]: 3.8382223447344197
Number of monomers: 0.0
Flory interaction parameter (chi): 0.0
Young's calibration factor: 1.0
x-link fraction: 5.0E-5
betaEpsilon: 160.0
Tstar: 0.00625
Reduced-density increment: 0.02
MC steps: 20000
Equilibration steps: 10000.0
Snapshot interval: 100
Displacement tolerance: 0.1
Particle radius change tolerance: 0.0
Particle radius bin width: 0.001
g(r) bin width: 0.005
rho, geometric_volume_fraction, mu_from_dF/kT, Z_from_dF_total, Pstar_from_dF_total, Z_virial_measured, Pstar_virial_measured, Z_einstein_contribution, Z_pair_contribution, Z_FR_contribution, <F_total>/V, <F_pair>/V, <S_solid>/V, <F_reference>/V, <F_FR>/V, radius, zeta, beta_u_Hertz_nn, SpringConstant, LindemannParameter, Tstar
1.57, 0.7697919118790094, 242.378532710321, 240.86931987318334, 378.1648322008979, 12.541569507767939, 19.690264127195665, 329.73261978605944, -88.86329991287609, 0.0, 2.3694641543061477, -0.20078011480651575, 3.136677894072458, 2.5702442691126635, 0.0, 0.5, 0.0, 0.034695509835156194, 9.848079988624882, 0.4041085730965772, 0.00625
1.59, 0.790018934604234, 181.82330047857099, 175.9954550564044, 279.83277353968305, 13.055379896889107, 20.758054036053682, 114.69922769194785, 61.296227364456534, 0.0, 9.266274221244945, 2.161800299417422, -3.525212750915608, 7.104473921827522, 0.0, 0.5, 0.0, 0.04593432207241495, 66.17172571904578, 0.15655614106003343, 0.00625
1.61, 0.7983698596921869, 19.33573576945132, 13.346669823209707, 21.48813841536763, 13.531172735716652, 21.78518810450381, 9.340883869205891, 4.0057859540038265, 0.0, 9.642396173448994, 2.305453892964638, -3.6978822851627244, 7.336942280484355, 0.0, 0.5, 0.0, 0.05887873318977295, 70.24474198449957, 0.15258400550712733, 0.00625
1.63, 0.806051650110434, 20.274126262936434, 14.114798869057298, 23.007122156563398, 13.961565659818625, 22.75735202550436, 9.20678806983939, 4.90801079921791, 0.0, 10.039703652022999, 2.3793100951667587, -3.9143205412589843, 7.660393556856239, 0.0, 0.5, 0.0, 0.07353452158949247, 77.30900784014227, 0.14604547824317915, 0.00625
1.65, 0.8141616360364051, 21.305185230935322, 14.969814792167771, 24.700194407076825, 14.497261720903056, 23.920481839490044, 8.387285315078184, 6.582529477089601, 0.0, 10.453361223966452, 2.560162302728858, -4.075755639660015, 7.893198921237594, 0.0, 0.5, 0.0, 0.08989913753318161, 81.80551376285129, 0.14255331577716457, 0.00625
1.67, 0.8221348582110416, 20.996751063841117, 14.474648631948655, 24.172663215354255, 14.992243451022292, 25.03704656320723, 7.879957774920486, 6.594690857028179, 0.0, 10.891911061260412, 2.704675814922558, -4.272471486880793, 8.187235246337854, 0.0, 0.5, 0.0, 0.10796331112826352, 88.60566004641828, 0.13752512702288247, 0.00625
1.69, 0.8292943367711294, 22.151708164348772, 15.469322799543987, 26.14315553122934, 15.655783827261816, 26.458274668072473, 7.246963844211708, 8.222358955332258, 0.0, 11.293231266520097, 2.8887325912596276, -4.353218231620444, 8.40449867526047, 0.0, 0.5, 0.0, 0.12771233160885434, 92.90595787145239, 0.1348386562308653, 0.00625
1.71, 0.8364771356944672, 23.772757311098648, 16.885050066751067, 28.873435614144327, 16.162112423048892, 27.637212243413607, 8.919717768148287, 7.9653322986027595, 0.0, 11.777979387834364, 3.101942542159745, -4.608754194343138, 8.676036845674618, 0.0, 0.5, 0.0, 0.1491270794999792, 99.40752975048859, 0.13086686321130744, 0.00625
1.73, 0.8437944348713825, 23.077102538428942, 15.999564065039317, 27.67924583251802, 16.77316995874643, 29.017584028631326, 7.139945149238455, 8.859618915800876, 0.0, 12.244141558964044, 3.2799059426694632, -4.782224887434998, 8.96423561629458, 0.0, 0.5, 0.0, 0.172184868710642, 106.88820198810798, 0.1266945049228276, 0.00625
1.75, 0.8508351541137408, 24.438565723832518, 17.18081515847737, 30.0664265273354, 17.398800768924367, 30.447901345617648, 2.3964832972969567, 14.784331861180416, 0.0, 12.701063489371522, 3.5321632743448315, -4.920310848397534, 9.16890021502669, 0.0, 0.5, 0.0, 0.19686013968594443, 111.11434942298877, 0.12473880310165873, 0.00625
1.77, 0.8567845236003913, 26.412035621602946, 18.942157549333263, 33.52761886231988, 18.161709452690136, 32.146225731261545, 3.8250795425150557, 15.117078006818243, 0.0, 13.221684187917345, 3.952014377673134, -5.017280989577918, 9.269669810244212, 0.0, 0.5, 0.0, 0.22312503404118653, 110.93690225824015, 0.12531230015057446, 0.00625
1.79, 0.8636060222820225, 26.87609386484173, 19.19031458314584, 34.35066310383106, 18.871043924048486, 33.7791686240468, 6.800106430524418, 12.390208152621446, 0.0, 13.757544914235641, 4.226157454000005, -5.170767277100263, 9.531387460235637, 0.0, 0.5, 0.0, 0.25094987367005056, 117.67209425703744, 0.12212977748279374, 0.00625
1.81, 0.8693126065030237, 27.52859741843452, 19.62985269881517, 35.530033384855464, 19.524758999911498, 35.339813789839816, 2.814036496942198, 16.81581620187295, 0.0, 14.296727942511016, 4.542061976493076, -5.3397711403685335, 9.75466596601794, 0.0, 0.5, 0.0, 0.2803035620231376, 122.88494322017625, 0.1199547597632436, 0.00625
1.83, 0.8754435087213246, 28.259747075455596, 20.140244992956678, 36.85664833711073, 20.30808374393186, 37.16379325139531, 4.330807146153386, 15.809437846803267, 0.0, 14.858688810973023, 4.999167162328915, -5.436219278727162, 9.859521648644108, 0.0, 0.5, 0.0, 0.3111539213916176, 122.74418673882164, 0.12046397614185637, 0.00625
1.85, 0.8814005859535776, 29.460507389970942, 21.121524781576763, 39.07482084591702, 21.01246418175593, 38.87305873624848, 5.837035134166155, 15.284489647410645, 0.0, 15.42711782552924, 5.283710903749446, -5.61132534240115, 10.143406921779794, 0.0, 0.5, 0.0, 0.3434679771584975, 130.8561299200762, 0.11709387285997587, 0.00625
1.87, 0.8868334502793709, 30.791047283288158, 22.2150531086508, 41.542149313177, 21.78298058502408, 40.73417369399504, 3.7944110644240907, 18.420642044226685, 0.0, 16.03710910657186, 5.724789146144248, -5.743702038708181, 10.312319960427615, 0.0, 0.5, 0.0, 0.3772121978062011, 133.66725432151105, 0.11627204710949879, 0.00625
