This fits B3 to B5 into the virial expansion since maxPower is set to 3.
Number of particles: 108
dryVolFracMax: 0.007
dryVolFracIncrement: 1.0E-4
Initial configuration: FCC
Dry microgel radius [nm]: 50.0
Box length [units of dry radius]: 40.130210850472906
Number of monomers: 2916666.666666667
Number of chains: 204.16666666666666
Flory interaction parameter (chi): 0.0
Young's calibration factor: 1.0
x-link fraction: 7.0E-5
MC steps: 100000
Equilibration steps: 10000.0
Snapshot interval: 100
Displacement tolerance: 0.1
Particle radius change tolerance: 0.0
Particle radius bin width: 0.001
g(r) bin width: 0.005
phi0, phi, rho, mu/kT, Z_measured, Z_virial_Fit, <F_total>/V, QMelting, <F_id>/V, <F_ex>/V, <F_FR>/V, <alpha>, Zeta, B2_rho, B2_phi0, B2_HS, B2*
2.0E-4, 0.040524620791356, 4.774648292756861E-5, -8.954909475662932, 1.835830204332593, 1.5968588695741297, -5.038098271515202E-4, 1.5005189964415655, -5.213638970822166E-4, 1.7554069930696415E-5, 0.0, 5.9190000000000005, 0.041489417409125866, 2708.6928464705306, 646.6527837501619, 3474.5104366925552, 0.7795897856185405
3.0E-4, 0.0606284771037799, 7.161972439135293E-5, -7.578224514397681, 2.5333595783456913, 2.215699623819972, -7.01438147488967E-4, 1.5007520569666517, -7.530065463303081E-4, 5.1568398841341144E-5, 0.0, 5.9190000000000005, 0.062234126113688795, 2708.6928464705306, 646.6527837501619, 3474.5104366925552, 0.7795897856185405
4.0E-4, 0.07994678707858965, 9.549296585513724E-5, -6.028112854303343, 8.120890126298793, 3.022203896792091, -8.642415884905324E-4, 1.501408042401004, -9.765371141186377E-4, 1.1229552562810529E-4, 0.0, 5.9190000000000005, 0.08297883481825173, 2708.6928464705306, 646.6527837501619, 3474.5104366925552, 0.7795897856185405
5.0E-4, 0.09987640654849075, 1.1936620731892148E-4, -4.276313447986093, 6.539105444407143, 3.997786904582698, -9.876479780622878E-4, 1.5018986844710704, -0.0011940355932402447, 2.0638761517795682E-4, 0.0, 5.9190000000000005, 0.10372354352281465, 2708.6928464705306, 646.6527837501619, 3474.5104366925552, 0.7795897856185405
6.0E-4, 0.11803222258726985, 1.4323944878270585E-4, -2.3232199991766986, 10.622144560886527, 5.1245624527055345, -0.0010668162530611202, 1.502288718524715, -0.001406727072591923, 3.399108195308027E-4, 0.0, 5.9190000000000005, 0.12446825222737759, 2708.6928464705306, 646.6527837501619, 3474.5104366925552, 0.7795897856185405
7.0E-4, 0.13551235213844923, 1.6711269024649017E-4, -0.17941838389281273, 9.953824837462914, 6.385342936095838, -0.001097054925009403, 1.5020882864303142, -0.0016154210498813184, 5.183661248719154E-4, 0.0, 5.9190000000000005, 0.14521296093194053, 2708.6928464705306, 646.6527837501619, 3474.5104366925552, 0.7795897856185405
8.0E-4, 0.15306908571232855, 1.9098593171027449E-4, 2.140279230835228, 8.113520613493872, 7.763639339110375, -0.0010739826696213187, 1.5021200172094302, -0.0018206928681456847, 7.46710198524366E-4, 0.0, 5.9190000000000005, 0.16595766963650346, 2708.6928464705306, 646.6527837501619, 3474.5104366925552, 0.7795897856185405
9.0E-4, 0.16989907357833206, 2.148591731740588E-4, 4.619253255224615, 17.471994324560256, 9.24366123552743, -9.935964750673822E-4, 1.5045115006750627, -0.0020229727110088343, 0.0010293762359414522, 0.0, 5.9190000000000005, 0.1867023783410664, 2708.6928464705306, 646.6527837501619, 3474.5104366925552, 0.7795897856185405
0.001, 0.18874101167618912, 2.38732414637843E-4, 7.240212243004404, 15.33567016115473, 10.810316788546787, -8.522996786668737E-4, 1.504813953289805, -0.0022225944863660013, 0.0013702948076991276, 0.0, 5.9190000000000005, 0.20744708704562936, 2708.6928464705306, 646.6527837501619, 3474.5104366925552, 0.7795897856185405
0.0011, 0.20241234930489585, 2.626056561016274E-4, 9.985784331856069, 23.249991709216904, 12.449212750789785, -6.46910236213484E-4, 1.5072074823178028, -0.0024198249427019227, 0.0017729147064884387, 0.0, 5.9190000000000005, 0.2281917957501923, 2708.6928464705306, 646.6527837501619, 3474.5104366925552, 0.7795897856185405
0.0012, 0.21763597283970743, 2.864788975654117E-4, 12.83885024513166, 12.067465234180206, 14.146654464299226, -3.7465831093852096E-4, 1.504563648118421, -0.00261488210504646, 0.002240223794107939, 0.0, 5.9190000000000005, 0.24893650445475524, 2708.6928464705306, 646.6527837501619, 3474.5104366925552, 0.7795897856185405
0.0013, 0.23468631200179346, 3.10352139029196E-4, 15.782742543419966, 19.582991435343782, 15.889645860539472, -3.317767313735674E-5, 1.5055158119535466, -0.002807947521593494, 0.0027747698484561372, 0.0, 5.9190000000000005, 0.26968121315931814, 2708.6928464705306, 646.6527837501619, 3474.5104366925552, 0.7795897856185405
0.0014, 0.2538036736555633, 3.342253804929803E-4, 18.801370824384335, 15.34827343284294, 17.665889460396382, 3.7950669092156166E-4, 1.504222420409247, -0.002999174719602353, 0.0033786814105239145, 0.0, 5.9190000000000005, 0.2904259218638811, 2708.6928464705306, 646.6527837501619, 3474.5104366925552, 0.7795897856185405
0.0015, 0.2653891814368784, 3.580986219567647E-4, 21.8793036235218, 23.917470875873104, 19.463786374177335, 8.649933983030443E-4, 1.5076837057979493, -0.003188695233083918, 0.004053688631386962, 0.0, 5.9190000000000005, 0.3111706305684441, 2708.6928464705306, 646.6527837501619, 3474.5104366925552, 0.7795897856185405
0.0016, 0.2789258729472154, 3.8197186342054886E-4, 25.001823828570558, 13.706702418716887, 21.272436301611222, 0.0014245211030900098, 1.503050949222237, -0.0033766230161081877, 0.0048011441191981976, 0.0, 5.9190000000000005, 0.331915339273007, 2708.6928464705306, 646.6527837501619, 3474.5104366925552, 0.7795897856185405
0.0017, 0.28961030804304444, 4.0584510488433315E-4, 28.154967264756667, 19.1348601990055, 23.081637531848457, 0.0020589860375649334, 1.505356876544505, -0.0035630577486152858, 0.005622043786180219, 0.0, 5.9190000000000005, 0.35266004797756995, 2708.6928464705306, 646.6527837501619, 3474.5104366925552, 0.7795897856185405
0.0018, 0.3051140256738693, 4.297183463481176E-4, 31.325550234399433, 18.695776109969934, 24.881886943460994, 0.002768960333806131, 1.5033248656801217, -0.003748087361811589, 0.00651704769561772, 0.0, 5.9190000000000005, 0.37340475668213285, 2708.6928464705306, 646.6527837501619, 3474.5104366925552, 0.7795897856185405
0.0019, 0.31557849216488826, 4.535915878119019E-4, 34.50118960065717, 22.46905725714923, 26.664380004442236, 0.0035547109081266754, 1.5072075225182198, -0.003931790000723226, 0.007486500908849902, 0.0, 5.9190000000000005, 0.3941494653866958, 2708.6928464705306, 646.6527837501619, 3474.5104366925552, 0.7795897856185405
0.002, 0.3339395635688934, 4.7746482927568624E-4, 37.670317713745284, 26.414867642018823, 28.42101077220717, 0.004416218759759914, 1.5115622302206093, -0.004114235572503025, 0.00853045433226294, 0.0, 5.9190000000000005, 0.4148941740912587, 2708.6928464705306, 646.6527837501619, 3474.5104366925552, 0.7795897856185405
0.0021, 0.34199678136105793, 5.013380707394704E-4, 40.82219369163373, 27.310345870667888, 30.14437189359225, 0.005353198579929969, 1.508453838172491, -0.0042954869843524115, 0.00964868556428238, 0.0, 5.9190000000000005, 0.4356388827958216, 2708.6928464705306, 646.6527837501619, 3474.5104366925552, 0.7795897856185405
0.0022, 0.363729707991004, 5.252113122032547E-4, 43.94691207408833, 10.968368240477627, 31.827754604855503, 0.006365118597213637, 1.4981268560081826, -0.0044756011451519695, 0.010840719742365607, 0.0, 5.9190000000000005, 0.4563835915003845, 2708.6928464705306, 646.6527837501619, 3474.5104366925552, 0.7795897856185405
0.0023, 0.37011421650144843, 5.490845536670391E-4, 47.035409551438676, 24.022578079527673, 33.46514873167643, 0.007451220605364462, 1.5018649286592296, -0.004654629784629776, 0.012105850389994238, 0.0, 5.9190000000000005, 0.4771283002049474, 2708.6928464705306, 646.6527837501619, 3474.5104366925552, 0.7795897856185405
0.0024, 0.3744519692291772, 5.729577951308231E-4, 50.079470260232824, 22.16080051743042, 35.051242689156034, 0.008610540133848394, 1.5013551575147603, -0.004832620129818146, 0.013443160263666539, 0.0, 5.9190000000000005, 0.4978730089095103, 2708.6928464705306, 646.6527837501619, 3474.5104366925552, 0.7795897856185405
0.0025, 0.383941726192046, 5.968310365946075E-4, 53.071729997137204, 31.581311238994708, 36.581423481816884, 0.009841926731301433, 1.5071321329206726, -0.005009615468588517, 0.01485154219988995, 0.0, 5.9190000000000005, 0.5186177176140732, 2708.6928464705306, 646.6527837501619, 3474.5104366925552, 0.7795897856185405
0.0026, 0.3912252127177006, 6.207042780583919E-4, 56.00567960587323, 31.56295876922771, 38.051776703603046, 0.011144064339284068, 1.5063559442369534, -0.005185655622889315, 0.016329719962173382, 0.0, 5.9190000000000005, 0.5393624263186361, 2708.6928464705306, 646.6527837501619, 3474.5104366925552, 0.7795897856185405
0.0027, 0.40114076738144033, 6.445775195221761E-4, 58.875667724604035, 50.01510507644598, 39.459086537880076, 0.012515491738939488, 1.5209813200823235, -0.005360777349080229, 0.017876269088019717, 0.0, 5.9190000000000005, 0.560107135023199, 2708.6928464705306, 646.6527837501619, 3474.5104366925552, 0.7795897856185405
0.0028, 0.41060843951213777, 6.684507609859605E-4, 61.676903033431856, 31.475312053587484, 40.80083575743507, 0.013954623057034144, 1.5044038596795044, -0.005535014678884134, 0.01948963773591828, 0.0, 5.9190000000000005, 0.5808518437277619, 2708.6928464705306, 646.6527837501619, 3474.5104366925552, 0.7795897856185405
0.0029, 0.4232844051892553, 6.923240024497446E-4, 64.40545610732944, 49.49880369988016, 42.07520572447664, 0.015459768320761577, 1.5175031549192515, -0.005708399211575585, 0.021168167532337162, 0.0, 5.9190000000000005, 0.6015965524323248, 2708.6928464705306, 646.6527837501619, 3474.5104366925552, 0.7795897856185405
0.003, 0.42891271531528713, 7.161972439135289E-4, 67.05826095481821, 43.16596409518156, 43.281076390634915, 0.01702915405289138, 1.5175039487219324, -0.005880960365824366, 0.022910114418715745, 0.0, 5.9190000000000005, 0.6223412611368877, 2708.6928464705306, 646.6527837501619, 3474.5104366925552, 0.7795897856185405
0.0031, 0.44037055393022695, 7.400704853773128E-4, 69.63311630425541, 42.96545333901395, 44.41802629696153, 0.018660943900530604, 1.5118258208846704, -0.0060527255979264645, 0.024713669498457068, 0.0, 5.9190000000000005, 0.6430859698414505, 2708.6928464705306, 646.6527837501619, 3474.5104366925552, 0.7795897856185405
0.0032, 0.4381087371953089, 7.639437268410973E-4, 72.12868668583654, 46.87333464990789, 45.486332573929666, 0.02035325929207034, 1.51743148878415, -0.006223720591850007, 0.026576979883920347, 0.0, 5.9190000000000005, 0.6638306785460134, 2708.6928464705306, 646.6527837501619, 3474.5104366925552, 0.7795897856185405
0.0033, 0.4489511363762307, 7.878169683048817E-4, 74.54450334705018, 50.74096029546694, 46.48697094143398, 0.022104200117908528, 1.5184439558601148, -0.006393969425504765, 0.028498169543413294, 0.0, 5.9190000000000005, 0.6845753872505763, 2708.6928464705306, 646.6527837501619, 3474.5104366925552, 0.7795897856185405
0.0034, 0.4696498880873034, 8.116902097686655E-4, 76.88096503143211, 42.13228537468043, 47.42161570879067, 0.023911865431343216, 1.5055943808600338, -0.006563494716841305, 0.03047536014818452, 0.0, 5.9190000000000005, 0.7053200959551392, 2708.6928464705306, 646.6527837501619, 3474.5104366925552, 0.7795897856185405
0.0035, 0.4678351291649398, 8.355634512324502E-4, 79.13933864440483, 57.055550580633344, 48.2926397747374, 0.025774374166667443, 1.5235677499265494, -0.006732317752748799, 0.03250669191941624, 0.0, 5.9190000000000005, 0.7260648046597021, 2708.6928464705306, 646.6527837501619, 3474.5104366925552, 0.7795897856185405
0.0036, 0.46626394250834013, 8.594366926962345E-4, 81.32175982529708, 41.800019908184304, 49.103114627433506, 0.027689885872005264, 1.5038980755335307, -0.006900458603211013, 0.03459034447521628, 0.0, 5.9190000000000005, 0.746809513364265, 2708.6928464705306, 646.6527837501619, 3474.5104366925552, 0.7795897856185405
0.0037, 0.465186497969683, 8.833099341600185E-4, 83.43123344097239, 47.81479987169969, 49.85681034445959, 0.02965662145484126, 1.5161797274172732, -0.007067936222769608, 0.03672455767761087, 0.0, 5.9190000000000005, 0.767554222068828, 2708.6928464705306, 646.6527837501619, 3474.5104366925552, 0.7795897856185405
0.0038, 0.49148757345559246, 9.071831756238029E-4, 85.47163401361595, 39.55936467539373, 50.55819559281803, 0.031672883938525534, 1.4949300221867972, -0.007234768541011389, 0.038907652479536925, 0.0, 5.9190000000000005, 0.7882989307733909, 2708.6928464705306, 646.6527837501619, 3474.5104366925552, 0.7795897856185405
0.0039, 0.4890363348118517, 9.310564170875872E-4, 87.44770609294434, 41.775509438776666, 51.212437628932534, 0.03373707922830967, 1.4972969647816796, -0.007400972543524751, 0.041138051771834425, 0.0, 5.9190000000000005, 0.8090436394779537, 2708.6928464705306, 646.6527837501619, 3474.5104366925552, 0.7795897856185405
0.004, 0.4774668786817765, 9.549296585513715E-4, 89.36506458128387, 64.87065047056603, 51.825402298648385, 0.03584773688569085, 1.5284082804598216, -0.007566564344548088, 0.04341430123023894, 0.0, 5.9190000000000005, 0.8297883481825167, 2708.6928464705306, 646.6527837501619, 3474.5104366925552, 0.7795897856185405
0.0041, 0.49886987152205436, 9.788029000151557E-4, 91.23019501850263, 56.534990641236384, 52.40365403723236, 0.03800353091002465, 1.5088635815370313, -0.007731559252349385, 0.04573509016237403, 0.0, 5.9190000000000005, 0.8505330568870797, 2708.6928464705306, 646.6527837501619, 3474.5104366925552, 0.7795897856185405
0.0042, 0.5079323532923727, 0.0010026761414789404, 93.05045383260378, 51.85603239602289, 52.954455869372964, 0.04020330052651967, 1.5084350578045265, -0.007895971828223965, 0.048099272354743636, 0.0, 5.9190000000000005, 0.8712777655916426, 2708.6928464705306, 646.6527837501619, 3474.5104366925552, 0.7795897856185405
0.0043, 0.5038738854081855, 0.0010265493829427243, 94.83406856082641, 47.38382572400452, 53.48576940917985, 0.042446070979853895, 1.4994684936385103, -0.008059815939870624, 0.05050588691972452, 0.0, 5.9190000000000005, 0.8920224742962056, 2708.6928464705306, 646.6527837501619, 3474.5104366925552, 0.7795897856185405
0.0044, 0.5002057171004697, 0.0010504226244065088, 96.59013804532799, 49.561098462481326, 54.006254860184384, 0.044731074332758705, 1.511395621324041, -0.008223104809800184, 0.05295417914255889, 0.0, 5.9190000000000005, 0.9127671830007686, 2708.6928464705306, 646.6527837501619, 3474.5104366925552, 0.7795897856185405
0.0045, 0.5152342804401692, 0.001074295865870293, 98.32863260687212, 46.29082447416763, 54.525271015339484, 0.04705777026900513, 1.4988721694777847, -0.008385851059341297, 0.055443621328346425, 0.0, 5.9190000000000005, 0.9335118917053317, 2708.6928464705306, 646.6527837501619, 3474.5104366925552, 0.7795897856185405
0.0046, 0.4761011570824714, 0.001098169107334078, 100.06039419942617, 37.834285268478716, 55.05287525701959, 0.049425866900304205, 1.4843904266212609, -0.0085480667487329, 0.05797393364903711, 0.0, 5.9190000000000005, 0.9542566004098946, 2708.6928464705306, 646.6527837501619, 3474.5104366925552, 0.7795897856185405
0.0047, 0.5139212650008896, 0.001122042348797862, 101.79713654812994, 73.42495084456318, 55.59982355702053, 0.05183534157669428, 1.529697577829181, -0.008709763413728974, 0.06054510499042326, 0.0, 5.9190000000000005, 0.9750013091144576, 2708.6928464705306, 646.6527837501619, 3474.5104366925552, 0.7795897856185405
0.0048, 0.475272655383555, 0.0011459155902616468, 103.5514452727397, 72.18876858027635, 56.177570476559765, 0.054286461700045786, 1.5298745772406295, -0.008870952099086745, 0.06315741379913253, 0.0, 5.9190000000000005, 0.9957460178190206, 2708.6928464705306, 646.6527837501619, 3474.5104366925552, 0.7795897856185405
0.0049, 0.5259945808007788, 0.0011697888317254304, 105.33677799834182, 57.04867644049146, 56.798269166276185, 0.05677980554035644, 1.5061988656297636, -0.009031643389263154, 0.0658114489296196, 0.0, 5.9190000000000005, 1.0164907265235836, 2708.6928464705306, 646.6527837501619, 3474.5104366925552, 0.7795897856185405
0.005, 0.47890590768461244, 0.0011936620731892152, 107.16746445488177, 71.55864439003584, 57.47477136623033, 0.05931628305455494, 1.5184475722069883, -0.009191847436604592, 0.06850813049115953, 0.0, 5.9190000000000005, 1.0372354352281465, 2708.6928464705306, 646.6527837501619, 3474.5104366925552, 0.7795897856185405
0.0051, 0.5121759760762089, 0.0012175353146529997, 109.05870656683533, 62.13860015291433, 58.220627405904, 0.06189715670755841, 1.5103699143079994, -0.009351573987280676, 0.07124873069483909, 0.0, 5.9190000000000005, 1.0579801439327094, 2708.6928464705306, 646.6527837501619, 3474.5104366925552, 0.7795897856185405
0.0052, 0.49181831935226783, 0.0012414085561167842, 111.02657853417398, 76.91207566553997, 59.05008620420088, 0.06452406229536684, 1.5309114752360946, -0.009510832405183292, 0.07403489470055012, 0.0, 5.9190000000000005, 1.0787248526372726, 2708.6928464705306, 646.6527837501619, 3474.5104366925552, 0.7795897856185405
0.0053, 0.523244101387999, 0.0012652817975805685, 113.08802690561647, 62.662581768011556, 59.97809526944607, 0.06719902976999473, 1.5130524105266807, -0.009669631693986708, 0.07686866146398144, 0.0, 5.9190000000000005, 1.0994695613418355, 2708.6928464705306, 646.6527837501619, 3474.5104366925552, 0.7795897856185405
0.0054, 0.49033449502271453, 0.0012891550390443521, 115.26087064503332, 46.689955506421306, 61.020300699385785, 0.06992450406606923, 1.4872058670256085, -0.009827980517542224, 0.07975248458361145, 0.0, 5.9190000000000005, 1.1202142700463984, 2708.6928464705306, 646.6527837501619, 3474.5104366925552, 0.7795897856185405
0.0055, 0.5081445063743065, 0.0013130282805081366, 117.56380119175934, 85.17399171749773, 62.19304718118809, 0.07270336592893914, 1.5369792376683806, -0.009985887218761662, 0.0826892531477008, 0.0, 5.9190000000000005, 1.1409589787509615, 2708.6928464705306, 646.6527837501619, 3474.5104366925552, 0.7795897856185405
0.0056, 0.4991696996953253, 0.0013369015219719213, 120.01638251546906, 87.47390892900897, 63.513377991442724, 0.07553895274415717, 1.5396847780060854, -0.010143359837127136, 0.08568231258128431, 0.0, 5.9190000000000005, 1.1617036874555244, 2708.6928464705306, 646.6527837501619, 3474.5104366925552, 0.7795897856185405
0.0057, 0.47776463932722135, 0.0013607747634357059, 122.63905116619875, 66.85717371844736, 64.99903499616056, 0.07843507936821391, 1.5194750262236516, -0.010300406124949774, 0.08873548549316368, 0.0, 5.9190000000000005, 1.1824483961600873, 2708.6928464705306, 646.6527837501619, 3474.5104366925552, 0.7795897856185405
0.0058, 0.4706900953562498, 0.00138464800489949, 125.45311632001462, 50.546085540119776, 66.66845865077448, 0.08139605896041276, 1.4813368597930574, -0.010457033562487143, 0.0918530925228999, 0.0, 5.9190000000000005, 1.2031931048646505, 2708.6928464705306, 646.6527837501619, 3474.5104366925552, 0.7795897856185405
0.0059, 0.4800350193045129, 0.0014085212463632744, 128.4807598207787, 74.92654444365563, 68.54078800013838, 0.08442672381578785, 1.5237631092093713, -0.010613249372017875, 0.09503997318780573, 0.0, 5.9190000000000005, 1.2239378135692134, 2708.6928464705306, 646.6527837501619, 3474.5104366925552, 0.7795897856185405
0.006, 0.46725701150910565, 0.0014323944878270583, 131.7450362184053, 98.23569673390813, 70.63586067852788, 0.08753244619897628, 1.5608031389583408, -0.010769060530961808, 0.09830150672993809, 0.0, 5.9190000000000005, 1.2446825222737763, 2708.6928464705306, 646.6527837501619, 3474.5104366925552, 0.7795897856185405
0.0061, 0.468324799093128, 0.0014562677292908432, 135.26987280395298, 56.13892794890053, 72.97421290964007, 0.09071915917896553, 1.4886899813840766, -0.010924473784125253, 0.10164363296309079, 0.0, 5.9190000000000005, 1.2654272309783394, 2708.6928464705306, 646.6527837501619, 3474.5104366925552, 0.7795897856185405
0.0062, 0.45088619886338155, 0.0014801409707546273, 139.08006964186566, 80.45344388381012, 75.57707950659386, 0.09399337746464265, 1.524052506814279, -0.011079495655143108, 0.10507287311978575, 0.0, 5.9190000000000005, 1.2861719396829023, 2708.6928464705306, 646.6527837501619, 3474.5104366925552, 0.7795897856185405
0.0063, 0.4613007352528836, 0.0015040142122184116, 143.2012995996324, 83.1015904754502, 78.46639387192903, 0.09736221824108487, 1.5317856860081844, -0.011234132457182605, 0.10859635069826748, 0.0, 5.9190000000000005, 1.3069166483874652, 2708.6928464705306, 646.6527837501619, 3474.5104366925552, 0.7795897856185405
0.0064, 0.4521869228484836, 0.0015278874536821963, 147.6601083751122, 71.38071799229706, 81.66478799760768, 0.10083342200652616, 1.5120153190787329, -0.011388390302967297, 0.11222181230949346, 0.0, 5.9190000000000005, 1.3276613570920284, 2708.6928464705306, 646.6527837501619, 3474.5104366925552, 0.7795897856185405
0.0065, 0.43947885162027994, 0.0015517606951459808, 152.48391452174002, 85.5704709218358, 85.19559246501274, 0.10441537340995344, 1.5421366674556434, -0.011542275114174438, 0.11595764852412788, 0.0, 5.9190000000000005, 1.3484060657965913, 2708.6928464705306, 646.6527837501619, 3474.5104366925552, 0.7795897856185405
0.0066, 0.4525592044029543, 0.0015756339366097647, 157.70100947180808, 89.47159968922017, 89.08283644494895, 0.10811712208927962, 1.5257640429098558, -0.011695792630253918, 0.11981291471953354, 0.0, 5.9190000000000005, 1.3691507745011542, 2708.6928464705306, 646.6527837501619, 3474.5104366925552, 0.7795897856185405
0.0067, 0.4286910291421759, 0.0015995071780735492, 163.34055755799758, 107.40440300186408, 93.35124769764218, 0.11194840351005213, 1.5690499064280203, -0.011848948416712617, 0.12379735192676475, 0.0, 5.9190000000000005, 1.3898954832057173, 2708.6928464705306, 646.6527837501619, 3474.5104366925552, 0.7795897856185405
0.0068, 0.4191422142716138, 0.0016233804195373337, 169.43259603331592, 75.5724969316588, 98.02625257274121, 0.11591965980465445, 1.4901619110655955, -0.012001747872904098, 0.12792140767755855, 0.0, 5.9190000000000005, 1.4106401919102802, 2708.6928464705306, 646.6527837501619, 3474.5104366925552, 0.7795897856185405
