This fits B3 to B11 into the virial expansion since maxPower is set to 9.
Number of particles: 108
dryVolFracMax: 0.007
dryVolFracIncrement: 1.0E-4
Initial configuration: FCC
Dry microgel radius [nm]: 50.0
Box length [units of dry radius]: 40.130210850472906
Number of monomers: 2916666.666666667
Number of chains: 204.16666666666666
Flory interaction parameter (chi): 0.0
Young's calibration factor: 1.0
x-link fraction: 7.0E-5
MC steps: 100000
Equilibration steps: 10000.0
Snapshot interval: 100
Displacement tolerance: 0.1
Particle radius change tolerance: 0.0
Particle radius bin width: 0.001
g(r) bin width: 0.005
phi0, phi, rho, mu/kT, Z_measured, Z_virial_Fit, <F_total>/V, QMelting, <F_id>/V, <F_ex>/V, <F_FR>/V, <alpha>, Zeta, B2_rho, B2_phi0, B2_HS, B2*
2.0E-4, 0.040524620791356, 4.774648292756861E-5, -8.467701922384602, 1.835830204332593, 1.96440132254135, -4.980962394824901E-4, 1.5005132828538965, -5.213638970822166E-4, 2.3267657599726554E-5, 0.0, 5.9190000000000005, 0.041489417409125866, 2708.6928464705306, 646.6527837501619, 3474.5104366925552, 0.7795897856185405
3.0E-4, 0.0606284771037799, 7.161972439135293E-5, -6.124469920949901, 2.5333595783456913, 3.2809359222362824, -6.736125742778146E-4, 1.5007242313934406, -7.530065463303081E-4, 7.939397205249343E-5, 0.0, 5.9190000000000005, 0.062234126113688795, 2708.6928464705306, 646.6527837501619, 3474.5104366925552, 0.7795897856185405
4.0E-4, 0.07994678707858965, 9.549296585513724E-5, -3.139872245276427, 8.120890126298793, 5.084419063074322, -7.853619690910398E-4, 1.5013291627816043, -9.765371141186377E-4, 1.911751450275979E-4, 0.0, 5.9190000000000005, 0.08297883481825173, 2708.6928464705306, 646.6527837501619, 3474.5104366925552, 0.7795897856185405
5.0E-4, 0.09987640654849075, 1.1936620731892148E-4, 0.32932716639575155, 6.539105444407143, 7.196066760560054, -8.196566620020625E-4, 1.5017306931550103, -0.0011940355932402447, 3.743789312381821E-4, 0.0, 5.9190000000000005, 0.10372354352281465, 2708.6928464705306, 646.6527837501619, 3474.5104366925552, 0.7795897856185405
6.0E-4, 0.11803222258726985, 1.4323944878270585E-4, 4.053236652146824, 10.622144560886527, 9.412170215983503, -7.676106897471065E-4, 1.501989512961401, -0.001406727072591923, 6.391163828448164E-4, 0.0, 5.9190000000000005, 0.12446825222737759, 2708.6928464705306, 646.6527837501619, 3474.5104366925552, 0.7795897856185405
7.0E-4, 0.13551235213844923, 1.6711269024649017E-4, 7.798092874704301, 9.953824837462914, 11.543899144209004, -6.259717628391015E-4, 1.501617203268144, -0.0016154210498813184, 9.89449287042217E-4, 0.0, 5.9190000000000005, 0.14521296093194053, 2708.6928464705306, 646.6527837501619, 3474.5104366925552, 0.7795897856185405
8.0E-4, 0.15306908571232855, 1.9098593171027449E-4, 11.364183135922252, 8.113520613493872, 13.441385326174531, -3.96716395655951E-4, 1.5014427509354649, -0.0018206928681456847, 0.0014239764724897337, 0.0, 5.9190000000000005, 0.16595766963650346, 2708.6928464705306, 646.6527837501619, 3474.5104366925552, 0.7795897856185405
9.0E-4, 0.16989907357833206, 2.148591731740588E-4, 14.605541029128721, 17.471994324560256, 15.005675618509267, -8.597258703263704E-5, 1.503603876787028, -0.0020229727110088343, 0.0019370001239761973, 0.0, 5.9190000000000005, 0.1867023783410664, 2708.6928464705306, 646.6527837501619, 3474.5104366925552, 0.7795897856185405
0.001, 0.18874101167618912, 2.38732414637843E-4, 17.437250998154344, 15.33567016115473, 16.19162660559338, 2.973709189678757E-4, 1.5036642826921702, -0.0022225944863660013, 0.002519965405333877, 0.0, 5.9190000000000005, 0.20744708704562936, 2708.6928464705306, 646.6527837501619, 3474.5104366925552, 0.7795897856185405
0.0011, 0.20241234930489585, 2.626056561016274E-4, 19.834136822395173, 23.249991709216904, 17.00434048062952, 7.431205249633574E-4, 1.505817451556626, -0.0024198249427019227, 0.00316294546766528, 0.0, 5.9190000000000005, 0.2281917957501923, 2708.6928464705306, 646.6527837501619, 3474.5104366925552, 0.7795897856185405
0.0012, 0.21763597283970743, 2.864788975654117E-4, 21.823667112996343, 12.067465234180206, 17.491311823379647, 0.0012411283672311012, 1.5029478614402514, -0.00261488210504646, 0.0038560104722775612, 0.0, 5.9190000000000005, 0.24893650445475524, 2708.6928464705306, 646.6527837501619, 3474.5104366925552, 0.7795897856185405
0.0013, 0.23468631200179346, 3.10352139029196E-4, 23.475307085591993, 19.582991435343782, 17.732065934654415, 0.001782427176154051, 1.5037002071042553, -0.002807947521593494, 0.004590374697747545, 0.0, 5.9190000000000005, 0.26968121315931814, 2708.6928464705306, 646.6527837501619, 3474.5104366925552, 0.7795897856185405
0.0014, 0.2538036736555633, 3.342253804929803E-4, 24.88808174250533, 15.34827343284294, 17.826719522926815, 0.0023600864746374317, 1.5022418406255311, -0.002999174719602353, 0.0053592611942397846, 0.0, 5.9190000000000005, 0.2904259218638811, 2708.6928464705306, 646.6527837501619, 3474.5104366925552, 0.7795897856185405
0.0015, 0.2653891814368784, 3.580986219567647E-4, 26.17772924255428, 23.917470875873104, 17.884582048099098, 0.0029697645820189757, 1.5055789346142334, -0.003188695233083918, 0.006158459815102894, 0.0, 5.9190000000000005, 0.3111706305684441, 2708.6928464705306, 646.6527837501619, 3474.5104366925552, 0.7795897856185405
0.0016, 0.2789258729472154, 3.8197186342054886E-4, 27.464491675750025, 13.706702418716887, 18.013639142973094, 0.0036099597528578037, 1.5008655105724693, -0.0033766230161081877, 0.0069865827689659914, 0.0, 5.9190000000000005, 0.331915339273007, 2708.6928464705306, 646.6527837501619, 3474.5104366925552, 0.7795897856185405
0.0017, 0.28961030804304444, 4.0584510488433315E-4, 28.862303526427485, 19.1348601990055, 18.31151648588399, 0.004281985273081915, 1.5031338773089877, -0.0035630577486152858, 0.0078450430216972, 0.0, 5.9190000000000005, 0.35266004797756995, 2708.6928464705306, 646.6527837501619, 3474.5104366925552, 0.7795897856185405
0.0018, 0.3051140256738693, 4.297183463481176E-4, 30.469890353822517, 18.695776109969934, 18.85831151976043, 0.004989708455064425, 1.5011041175588633, -0.003748087361811589, 0.008737795816876014, 0.0, 5.9190000000000005, 0.37340475668213285, 2708.6928464705306, 646.6527837501619, 3474.5104366925552, 0.7795897856185405
0.0019, 0.31557849216488826, 4.535915878119019E-4, 32.36407809657308, 22.46905725714923, 19.711499735054097, 0.00573910310891609, 1.5050231303174302, -0.003931790000723226, 0.009670893109639317, 0.0, 5.9190000000000005, 0.3941494653866958, 2708.6928464705306, 646.6527837501619, 3474.5104366925552, 0.7795897856185405
0.002, 0.3339395635688934, 4.7746482927568624E-4, 34.59543419405413, 26.414867642018823, 20.90297008812436, 0.006537670036702109, 1.5094407789436672, -0.004114235572503025, 0.010651905609205134, 0.0, 5.9190000000000005, 0.4148941740912587, 2708.6928464705306, 646.6527837501619, 3474.5104366925552, 0.7795897856185405
0.0021, 0.34199678136105793, 5.013380707394704E-4, 37.18621307036948, 27.310345870667888, 22.438118744125973, 0.007393781156603656, 1.5064132555958172, -0.0042954869843524115, 0.011689268140956067, 0.0, 5.9190000000000005, 0.4356388827958216, 2708.6928464705306, 646.6527837501619, 3474.5104366925552, 0.7795897856185405
0.0022, 0.363729707991004, 5.252113122032547E-4, 40.13045828891458, 10.968368240477627, 24.296829945972313, 0.00831600071893688, 1.4961759738864593, -0.0044756011451519695, 0.012791601864088849, 0.0, 5.9190000000000005, 0.4563835915003845, 2708.6928464705306, 646.6527837501619, 3474.5104366925552, 0.7795897856185405
0.0023, 0.37011421650144843, 5.490845536670391E-4, 43.39601979389388, 24.022578079527673, 26.436095649737496, 0.009312432378920509, 1.5000037168856735, -0.004654629784629776, 0.013967062163550285, 0.0, 5.9190000000000005, 0.4771283002049474, 2708.6928464705306, 646.6527837501619, 3474.5104366925552, 0.7795897856185405
0.0024, 0.3744519692291772, 5.729577951308231E-4, 46.928175097172684, 22.16080051743042, 28.79396986379059, 0.01039013424696993, 1.4995755634016388, -0.004832620129818146, 0.015222754376788074, 0.0, 5.9190000000000005, 0.4978730089095103, 2708.6928464705306, 646.6527837501619, 3474.5104366925552, 0.7795897856185405
0.0025, 0.383941726192046, 5.968310365946075E-4, 50.65449605933795, 31.581311238994708, 31.294517615100226, 0.01155463600332473, 1.5054194236486493, -0.005009615468588517, 0.016564251471913247, 0.0, 5.9190000000000005, 0.5186177176140732, 2708.6928464705306, 646.6527837501619, 3474.5104366925552, 0.7795897856185405
0.0026, 0.3912252127177006, 6.207042780583919E-4, 54.49057608306436, 31.56295876922771, 33.85340037352229, 0.012809583249959143, 1.5046904253262783, -0.005185655622889315, 0.017995238872848457, 0.0, 5.9190000000000005, 0.5393624263186361, 2708.6928464705306, 646.6527837501619, 3474.5104366925552, 0.7795897856185405
0.0027, 0.40114076738144033, 6.445775195221761E-4, 58.34622412486416, 50.01510507644598, 36.383737824453476, 0.014156524942061753, 1.5193402868792012, -0.005360777349080229, 0.019517302291141982, 0.0, 5.9190000000000005, 0.560107135023199, 2708.6928464705306, 646.6527837501619, 3474.5104366925552, 0.7795897856185405
0.0028, 0.41060843951213777, 6.684507609859605E-4, 62.13173998256936, 31.475312053587484, 38.80189832406154, 0.015594850410318096, 1.5027636323262206, -0.005535014678884134, 0.02112986508920223, 0.0, 5.9190000000000005, 0.5808518437277619, 2708.6928464705306, 646.6527837501619, 3474.5104366925552, 0.7795897856185405
0.0029, 0.4232844051892553, 6.923240024497446E-4, 65.76390787942366, 49.49880369988016, 41.0328954302137, 0.017121873523473462, 1.5158410497165398, -0.005708399211575585, 0.022830272735049048, 0.0, 5.9190000000000005, 0.6015965524323248, 2708.6928464705306, 646.6527837501619, 3474.5104366925552, 0.7795897856185405
0.003, 0.42891271531528713, 7.161972439135289E-4, 69.17138049180416, 43.16596409518156, 43.01510380882803, 0.018733053271386264, 1.5158000495034376, -0.005880960365824366, 0.02461401363721063, 0.0, 5.9190000000000005, 0.6223412611368877, 2708.6928464705306, 646.6527837501619, 3474.5104366925552, 0.7795897856185405
0.0031, 0.44037055393022695, 7.400704853773128E-4, 72.29917130802583, 42.96545333901395, 44.70405279943293, 0.02042233274870407, 1.5100644320364969, -0.0060527255979264645, 0.026475058346630533, 0.0, 5.9190000000000005, 0.6430859698414505, 2708.6928464705306, 646.6527837501619, 3474.5104366925552, 0.7795897856185405
0.0032, 0.4381087371953089, 7.639437268410973E-4, 75.11202761377886, 46.87333464990789, 46.07510821898677, 0.022182572418440176, 1.51560217565778, -0.006223720591850007, 0.028406293010290184, 0.0, 5.9190000000000005, 0.6638306785460134, 2708.6928464705306, 646.6527837501619, 3474.5104366925552, 0.7795897856185405
0.0033, 0.4489511363762307, 7.878169683048817E-4, 77.59651752797961, 50.74096029546694, 47.12491081880489, 0.02400604881701934, 1.5165421071610041, -0.006393969425504765, 0.030400018242524106, 0.0, 5.9190000000000005, 0.6845753872505763, 2708.6928464705306, 646.6527837501619, 3474.5104366925552, 0.7795897856185405
0.0034, 0.4696498880873034, 8.116902097686655E-4, 79.76173041637065, 42.13228537468043, 47.87150141880625, 0.02588498666459422, 1.5036212596267828, -0.006563494716841305, 0.03244848138143552, 0.0, 5.9190000000000005, 0.7053200959551392, 2708.6928464705306, 646.6527837501619, 3474.5104366925552, 0.7795897856185405
0.0035, 0.4678351291649398, 8.355634512324502E-4, 81.63855874037395, 57.055550580633344, 48.35312635709556, 0.02781209075793686, 1.52153003333528, -0.006732317752748799, 0.03454440851068566, 0.0, 5.9190000000000005, 0.7260648046597021, 2708.6928464705306, 646.6527837501619, 3474.5104366925552, 0.7795897856185405
0.0036, 0.46626394250834013, 8.594366926962345E-4, 83.27759901461849, 41.800019908184304, 48.62578074255475, 0.029781044091666896, 1.501806917313869, -0.006900458603211013, 0.03668150269487791, 0.0, 5.9190000000000005, 0.746809513364265, 2708.6928464705306, 646.6527837501619, 3474.5104366925552, 0.7795897856185405
0.0037, 0.465186497969683, 8.833099341600185E-4, 84.74577809523763, 47.81479987169969, 48.75960931575082, 0.031786940375312184, 1.5140494084968024, -0.007067936222769608, 0.03885487659808179, 0.0, 5.9190000000000005, 0.767554222068828, 2708.6928464705306, 646.6527837501619, 3474.5104366925552, 0.7795897856185405
0.0038, 0.49148757345559246, 9.071831756238029E-4, 86.12187656490927, 39.55936467539373, 48.83434373938144, 0.0338266224398648, 1.492776283685458, -0.007234768541011389, 0.04106139098087619, 0.0, 5.9190000000000005, 0.7882989307733909, 2708.6928464705306, 646.6527837501619, 3474.5104366925552, 0.7795897856185405
0.0039, 0.4890363348118517, 9.310564170875872E-4, 87.49118156824913, 41.775509438776666, 48.9340090873975, 0.03589890286304712, 1.495135141146942, -0.007400972543524751, 0.043299875406571875, 0.0, 5.9190000000000005, 0.8090436394779537, 2708.6928464705306, 646.6527837501619, 3474.5104366925552, 0.7795897856185405
0.004, 0.4774668786817765, 9.549296585513715E-4, 88.9395551389486, 64.87065047056603, 49.141179409565666, 0.03800464934620259, 1.52625136799931, -0.007566564344548088, 0.04557121369075068, 0.0, 5.9190000000000005, 0.8297883481825167, 2708.6928464705306, 646.6527837501619, 3474.5104366925552, 0.7795897856185405
0.0041, 0.49886987152205436, 9.788029000151557E-4, 90.54724890498798, 56.534990641236384, 49.53110075270888, 0.040146724758968834, 1.506720387688087, -0.007731559252349385, 0.04787828401131822, 0.0, 5.9190000000000005, 0.8505330568870797, 2708.6928464705306, 646.6527837501619, 3474.5104366925552, 0.7795897856185405
0.0042, 0.5079323532923727, 0.0010026761414789404, 92.38283010849598, 51.85603239602289, 50.16602814588441, 0.042329780097527775, 1.5063085782335184, -0.007895971828223965, 0.05022575192575174, 0.0, 5.9190000000000005, 0.8712777655916426, 2708.6928464705306, 646.6527837501619, 3474.5104366925552, 0.7795897856185405
0.0043, 0.5038738854081855, 0.0010265493829427243, 94.49760519693513, 47.38382572400452, 51.09013904268977, 0.0445599075957894, 1.4973546570225749, -0.008059815939870624, 0.052619723535660023, 0.0, 5.9190000000000005, 0.8920224742962056, 2708.6928464705306, 646.6527837501619, 3474.5104366925552, 0.7795897856185405
0.0044, 0.5002057171004697, 0.0010504226244065088, 96.92093387474685, 49.561098462481326, 52.32538778484559, 0.0468441705606307, 1.509282525096169, -0.008223104809800184, 0.05506727537043088, 0.0, 5.9190000000000005, 0.9127671830007686, 2708.6928464705306, 646.6527837501619, 3474.5104366925552, 0.7795897856185405
0.0045, 0.5152342804401692, 0.001074295865870293, 99.65681651608942, 46.29082447416763, 53.868652044759074, 0.04919003579739846, 1.4967399039493914, -0.008385851059341297, 0.057575886856739755, 0.0, 5.9190000000000005, 0.9335118917053317, 2708.6928464705306, 646.6527837501619, 3474.5104366925552, 0.7795897856185405
0.0046, 0.4761011570824714, 0.001098169107334078, 102.68210927384892, 37.834285268478716, 55.690491146331624, 0.05160474333137985, 1.4822115501901851, -0.0085480667487329, 0.06015281008011275, 0.0, 5.9190000000000005, 0.9542566004098946, 2708.6928464705306, 646.6527837501619, 3474.5104366925552, 0.7795897856185405
0.0047, 0.5139212650008896, 0.001122042348797862, 105.94667214245467, 73.42495084456318, 57.735785891960404, 0.05409465604616037, 1.5274382633597148, -0.008709763413728974, 0.06280441945988935, 0.0, 5.9190000000000005, 0.9750013091144576, 2708.6928464705306, 646.6527837501619, 3474.5104366925552, 0.7795897856185405
0.0048, 0.475272655383555, 0.0011459155902616468, 109.37568368514064, 72.18876858027635, 59.92645826042644, 0.056664638340716646, 1.5274964005999587, -0.008870952099086745, 0.06553559043980339, 0.0, 5.9190000000000005, 0.9957460178190206, 2708.6928464705306, 646.6527837501619, 3474.5104366925552, 0.7795897856185405
0.0049, 0.5259945808007788, 0.0011697888317254304, 112.87426018831842, 57.04867644049146, 62.16637532686582, 0.059317517391232866, 1.503661153778887, -0.009031643389263154, 0.06834916078049602, 0.0, 5.9190000000000005, 1.0164907265235836, 2708.6928464705306, 646.6527837501619, 3474.5104366925552, 0.7795897856185405
0.005, 0.47890590768461244, 0.0011936620731892152, 116.3343946970398, 71.55864439003584, 64.34842322268378, 0.06205368248703749, 1.5157101727745057, -0.009191847436604592, 0.07124552992364208, 0.0, 5.9190000000000005, 1.0372354352281465, 2708.6928464705306, 646.6527837501619, 3474.5104366925552, 0.7795897856185405
0.0051, 0.5121759760762089, 0.0012175353146529997, 119.6440807891218, 62.13860015291433, 66.36359211789386, 0.06487087653962112, 1.5073961944759366, -0.009351573987280676, 0.0742224505269018, 0.0, 5.9190000000000005, 1.0579801439327094, 2708.6928464705306, 646.6527837501619, 3474.5104366925552, 0.7795897856185405
0.0052, 0.49181831935226783, 0.0012414085561167842, 122.69830508492996, 76.91207566553997, 68.11174032627605, 0.06776422854042281, 1.5276713089910388, -0.009510832405183292, 0.0772750609456061, 0.0, 5.9190000000000005, 1.0787248526372726, 2708.6928464705306, 646.6527837501619, 3474.5104366925552, 0.7795897856185405
0.0053, 0.523244101387999, 0.0012652817975805685, 125.4113794660898, 62.662581768011556, 69.51350291544804, 0.07072656572286096, 1.5095248745738146, -0.009669631693986708, 0.08039619741684767, 0.0, 5.9190000000000005, 1.0994695613418355, 2708.6928464705306, 646.6527837501619, 3474.5104366925552, 0.7795897856185405
0.0054, 0.49033449502271453, 0.0012891550390443521, 127.72983679610917, 46.689955506421306, 70.52257588581415, 0.0737490286727561, 1.4833813424189215, -0.009827980517542224, 0.08357700919029831, 0.0, 5.9190000000000005, 1.1202142700463984, 2708.6928464705306, 646.6527837501619, 3474.5104366925552, 0.7795897856185405
0.0055, 0.5081445063743065, 0.0013130282805081366, 129.64483068644967, 85.17399171749773, 71.13733931301977, 0.0768219907950674, 1.5328606128022524, -0.009985887218761662, 0.08680787801382905, 0.0, 5.9190000000000005, 1.1409589787509615, 2708.6928464705306, 646.6527837501619, 3474.5104366925552, 0.7795897856185405
0.0056, 0.4991696996953253, 0.0013369015219719213, 131.2026585651888, 87.47390892900897, 71.41048002566095, 0.07993625449241945, 1.535287476257823, -0.010143359837127136, 0.09007961432954659, 0.0, 5.9190000000000005, 1.1617036874555244, 2708.6928464705306, 646.6527837501619, 3474.5104366925552, 0.7795897856185405
0.0057, 0.47776463932722135, 0.0013607747634357059, 132.51166608249426, 66.85717371844736, 71.45493468787754, 0.08308445921985262, 1.514825646372013, -0.010300406124949774, 0.09338486534480239, 0.0, 5.9190000000000005, 1.1824483961600873, 2708.6928464705306, 646.6527837501619, 3474.5104366925552, 0.7795897856185405
0.0058, 0.4706900953562498, 0.00138464800489949, 133.74338767589143, 50.546085540119776, 71.44409575365717, 0.08626259026677865, 1.4764703284866916, -0.010457033562487143, 0.0967196238292658, 0.0, 5.9190000000000005, 1.2031931048646505, 2708.6928464705306, 646.6527837501619, 3474.5104366925552, 0.7795897856185405
0.0059, 0.4800350193045129, 0.0014085212463632744, 135.1253311418521, 74.92654444365563, 71.60380394928507, 0.0894714206524401, 1.5187184123727189, -0.010613249372017875, 0.10008467002445798, 0.0, 5.9190000000000005, 1.2239378135692134, 2708.6928464705306, 646.6527837501619, 3474.5104366925552, 0.7795897856185405
0.006, 0.46725701150910565, 0.0014323944878270583, 136.92232119913302, 98.23569673390813, 72.19318991078762, 0.09271765085998097, 1.5556179342973362, -0.010769060530961808, 0.10348671139094279, 0.0, 5.9190000000000005, 1.2446825222737763, 2708.6928464705306, 646.6527837501619, 3474.5104366925552, 0.7795897856185405
0.0061, 0.468324799093128, 0.0014562677292908432, 139.40277643780922, 56.13892794890053, 73.4709225744009, 0.09601443111505564, 1.4833947094479865, -0.010924473784125253, 0.1069389048991809, 0.0, 5.9190000000000005, 1.2654272309783394, 2708.6928464705306, 646.6527837501619, 3474.5104366925552, 0.7795897856185405
0.0062, 0.45088619886338155, 0.0014801409707546273, 142.7857037809678, 80.45344388381012, 75.64287118066568, 0.0993808574264704, 1.518665026852451, -0.011079495655143108, 0.1104603530816135, 0.0, 5.9190000000000005, 1.2861719396829023, 2708.6928464705306, 646.6527837501619, 3474.5104366925552, 0.7795897856185405
0.0063, 0.4613007352528836, 0.0015040142122184116, 147.1635526617542, 83.1015904754502, 78.7865894929273, 0.10283992439469394, 1.5263079798545753, -0.011234132457182605, 0.11407405685187655, 0.0, 5.9190000000000005, 1.3069166483874652, 2708.6928464705306, 646.6527837501619, 3474.5104366925552, 0.7795897856185405
0.0064, 0.4521869228484836, 0.0015278874536821963, 152.3953755759988, 71.38071799229706, 82.7473832599353, 0.1064142936325269, 1.5064344474527323, -0.011388390302967297, 0.1178026839354942, 0.0, 5.9190000000000005, 1.3276613570920284, 2708.6928464705306, 646.6527837501619, 3474.5104366925552, 0.7795897856185405
0.0065, 0.43947885162027994, 0.0015517606951459808, 157.96399066112355, 85.5704709218358, 87.0000233707251, 0.11011909521423663, 1.5364329456513603, -0.011542275114174438, 0.12166137032841107, 0.0, 5.9190000000000005, 1.3484060657965913, 2708.6928464705306, 646.6527837501619, 3474.5104366925552, 0.7795897856185405
0.0066, 0.4525592044029543, 0.0015756339366097647, 162.79003339776986, 89.47159968922017, 90.469415723579, 0.1139508195233909, 1.5199303454757445, -0.011695792630253918, 0.1256466121536448, 0.0, 5.9190000000000005, 1.3691507745011542, 2708.6928464705306, 646.6527837501619, 3474.5104366925552, 0.7795897856185405
0.0067, 0.4286910291421759, 0.0015995071780735492, 164.9949165757632, 107.40440300186408, 91.30273285449948, 0.11787117683033461, 1.5631271331077379, -0.011848948416712617, 0.12972012524704724, 0.0, 5.9190000000000005, 1.3898954832057173, 2708.6928464705306, 646.6527837501619, 3474.5104366925552, 0.7795897856185405
0.0068, 0.4191422142716138, 0.0016233804195373337, 161.60378837028657, 75.5724969316588, 86.58464993559755, 0.1217846004282249, 1.484296970442025, -0.012001747872904098, 0.133786348301129, 0.0, 5.9190000000000005, 1.4106401919102802, 2708.6928464705306, 646.6527837501619, 3474.5104366925552, 0.7795897856185405
