This fits B3 to B4 into the virial expansion since maxPower is set to 2.
Number of particles: 108
dryVolFracMax: 0.007
dryVolFracIncrement: 1.0E-4
Initial configuration: FCC
Dry microgel radius [nm]: 50.0
Box length [units of dry radius]: 40.130210850472906
Number of monomers: 2916666.666666667
Number of chains: 204.16666666666666
Flory interaction parameter (chi): 0.0
Young's calibration factor: 1.0
x-link fraction: 7.0E-5
MC steps: 100000
Equilibration steps: 10000.0
Snapshot interval: 100
Displacement tolerance: 0.1
Particle radius change tolerance: 0.0
Particle radius bin width: 0.001
g(r) bin width: 0.005
phi0, phi, rho, mu/kT, Z_measured, Z_virial_Fit, <F_total>/V, QMelting, <F_id>/V, <F_ex>/V, <F_FR>/V, <alpha>, Zeta, B2_rho, B2_phi0, B2_HS, B2*
2.0E-4, 0.040524620791356, 4.774648292756861E-5, -9.264061274060552, 1.835830204332593, 1.3930773465968238, -5.088408872079493E-4, 1.500524027501622, -5.213638970822166E-4, 1.2523009874267232E-5, 0.0, 5.9190000000000005, 0.041489417409125866, 2708.6928464705306, 646.6527837501619, 3474.5104366925552, 0.7795897856185405
3.0E-4, 0.0606284771037799, 7.161972439135293E-5, -8.243089870231788, 2.5333595783456913, 1.780153974093602, -7.17861961637909E-4, 1.5007684807808006, -7.530065463303081E-4, 3.5144584692399024E-5, 0.0, 5.9190000000000005, 0.062234126113688795, 2708.6928464705306, 646.6527837501619, 3474.5104366925552, 0.7795897856185405
4.0E-4, 0.07994678707858965, 9.549296585513724E-5, -7.156635686047771, 8.120890126298793, 2.287791781556645, -9.018763896852683E-4, 1.5014456772021987, -9.765371141186377E-4, 7.466072443336938E-5, 0.0, 5.9190000000000005, 0.08297883481825173, 2708.6928464705306, 646.6527837501619, 3474.5104366925552, 0.7795897856185405
5.0E-4, 0.09987640654849075, 1.1936620731892148E-4, -5.957918329822332, 6.539105444407143, 2.911142676861466, -0.001058666174847981, 1.5019697026678562, -0.0011940355932402447, 1.3536941839226372E-4, 0.0, 5.9190000000000005, 0.10372354352281465, 2708.6928464705306, 646.6527837501619, 3474.5104366925552, 0.7795897856185405
6.0E-4, 0.11803222258726985, 1.4323944878270585E-4, -4.629685397770798, 10.622144560886527, 3.6453585678835854, -0.00118531273629299, 1.5024072150079468, -0.001406727072591923, 2.21414336298933E-4, 0.0, 5.9190000000000005, 0.12446825222737759, 2708.6928464705306, 646.6527837501619, 3474.5104366925552, 0.7795897856185405
7.0E-4, 0.13551235213844923, 1.6711269024649017E-4, -3.165749895172265, 9.953824837462914, 4.485591362498513, -0.0012786362215633268, 1.5022698677268682, -0.0016154210498813184, 3.367848283179917E-4, 0.0, 5.9190000000000005, 0.14521296093194053, 2708.6928464705306, 646.6527837501619, 3474.5104366925552, 0.7795897856185405
8.0E-4, 0.15306908571232855, 1.9098593171027449E-4, -1.565024355095411, 8.113520613493872, 5.426992968581767, -0.001335376943096865, 1.5023814114829057, -0.0018206928681456847, 4.8531592504881966E-4, 0.0, 5.9190000000000005, 0.16595766963650346, 2708.6928464705306, 646.6527837501619, 3474.5104366925552, 0.7795897856185405
9.0E-4, 0.16989907357833206, 2.148591731740588E-4, 0.17089802986171065, 17.471994324560256, 6.464715294008862, -0.001352284373483273, 1.5048701885734785, -0.0020229727110088343, 6.706883375255612E-4, 0.0, 5.9190000000000005, 0.1867023783410664, 2708.6928464705306, 646.6527837501619, 3474.5104366925552, 0.7795897856185405
0.001, 0.18874101167618912, 2.38732414637843E-4, 2.038878973836029, 15.33567016115473, 7.593910246655305, -0.001326166029148877, 1.505287819640287, -0.0022225944863660013, 8.964284572171244E-4, 0.0, 5.9190000000000005, 0.20744708704562936, 2708.6928464705306, 646.6527837501619, 3474.5104366925552, 0.7795897856185405
0.0011, 0.20241234930489585, 2.626056561016274E-4, 4.034826538139972, 23.249991709216904, 8.809729734396631, -0.0012539165866747369, 1.507814488668264, -0.0024198249427019227, 0.0011659083560271858, 0.0, 5.9190000000000005, 0.2281917957501923, 2708.6928464705306, 646.6527837501619, 3474.5104366925552, 0.7795897856185405
0.0012, 0.21763597283970743, 2.864788975654117E-4, 6.154028132979683, 12.067465234180206, 10.10732566510834, -0.0011325363187522793, 1.5053215261262347, -0.00261488210504646, 0.0014823457862941807, 0.0, 5.9190000000000005, 0.24893650445475524, 2708.6928464705306, 646.6527837501619, 3474.5104366925552, 0.7795897856185405
0.0013, 0.23468631200179346, 3.10352139029196E-4, 8.39134976902112, 19.582991435343782, 11.481849946665944, -9.591433408021809E-4, 1.5064417776212116, -0.002807947521593494, 0.001848804180791313, 0.0, 5.9190000000000005, 0.26968121315931814, 2708.6928464705306, 646.6527837501619, 3474.5104366925552, 0.7795897856185405
0.0014, 0.2538036736555633, 3.342253804929803E-4, 10.741361257227922, 15.34827343284294, 12.928454486944968, -7.309820668758016E-4, 1.5053329091670444, -0.002999174719602353, 0.0022681926527265512, 0.0, 5.9190000000000005, 0.2904259218638811, 2708.6928464705306, 646.6527837501619, 3474.5104366925552, 0.7795897856185405
0.0015, 0.2653891814368784, 3.580986219567647E-4, 13.19841810962048, 23.917470875873104, 14.44229119382093, -4.454292373412892E-4, 1.5089941284335937, -0.003188695233083918, 0.002743265995742629, 0.0, 5.9190000000000005, 0.3111706305684441, 2708.6928464705306, 646.6527837501619, 3474.5104366925552, 0.7795897856185405
0.0016, 0.2789258729472154, 3.8197186342054886E-4, 15.75671695368353, 13.706702418716887, 16.01851197516932, -9.999833219115047E-5, 1.5045754686575183, -0.0033766230161081877, 0.0032766246839170373, 0.0, 5.9190000000000005, 0.331915339273007, 2708.6928464705306, 646.6527837501619, 3474.5104366925552, 0.7795897856185405
0.0017, 0.28961030804304444, 4.0584510488433315E-4, 18.41033411761269, 19.1348601990055, 17.65226873886569, 3.076571231467578E-4, 1.5071082054589229, -0.0035630577486152858, 0.0038707148717620436, 0.0, 5.9190000000000005, 0.35266004797756995, 2708.6928464705306, 646.6527837501619, 3474.5104366925552, 0.7795897856185405
0.0018, 0.3051140256738693, 4.297183463481176E-4, 21.15325316991997, 18.695776109969934, 19.338713392785543, 7.797410324130892E-4, 1.5053140849815148, -0.003748087361811589, 0.004527828394224678, 0.0, 5.9190000000000005, 0.37340475668213285, 2708.6928464705306, 646.6527837501619, 3474.5104366925552, 0.7795897856185405
0.0019, 0.31557849216488826, 4.535915878119019E-4, 23.97938500317951, 22.46905725714923, 21.072997844804377, 0.0013183127659634952, 1.509443920660383, -0.003931790000723226, 0.0052501027666867215, 0.0, 5.9190000000000005, 0.3941494653866958, 2708.6928464705306, 646.6527837501619, 3474.5104366925552, 0.7795897856185405
0.002, 0.3339395635688934, 4.7746482927568624E-4, 26.88258276024562, 26.414867642018823, 22.850274002797725, 0.001925285612461713, 1.5140531633679075, -0.004114235572503025, 0.006039521184964738, 0.0, 5.9190000000000005, 0.4148941740912587, 2708.6928464705306, 646.6527837501619, 3474.5104366925552, 0.7795897856185405
0.0021, 0.34199678136105793, 5.013380707394704E-4, 29.856653114950234, 27.310345870667888, 24.665693774641078, 0.002602425540957626, 1.5112046112114632, -0.0042954869843524115, 0.006897912525310038, 0.0, 5.9190000000000005, 0.4356388827958216, 2708.6928464705306, 646.6527837501619, 3474.5104366925552, 0.7795897856185405
0.0022, 0.363729707991004, 5.252113122032547E-4, 32.89536492614434, 10.968368240477627, 26.51440906820998, 0.0033513501992567477, 1.5011406244061394, -0.0044756011451519695, 0.007826951344408717, 0.0, 5.9190000000000005, 0.4563835915003845, 2708.6928464705306, 646.6527837501619, 3474.5104366925552, 0.7795897856185405
0.0023, 0.37011421650144843, 5.490845536670391E-4, 35.99245596646575, 24.022578079527673, 28.391571791379945, 0.004173528094751847, 1.5051426211698422, -0.004654629784629776, 0.008828157879381623, 0.0, 5.9190000000000005, 0.4771283002049474, 2708.6928464705306, 646.6527837501619, 3474.5104366925552, 0.7795897856185405
0.0024, 0.3744519692291772, 5.729577951308231E-4, 39.14163821799379, 22.16080051743042, 30.292333852026452, 0.005070277917966207, 1.5048954197306426, -0.004832620129818146, 0.009902898047784353, 0.0, 5.9190000000000005, 0.4978730089095103, 2708.6928464705306, 646.6527837501619, 3474.5104366925552, 0.7795897856185405
0.0025, 0.383941726192046, 5.968310365946075E-4, 42.33660208614939, 31.581311238994708, 32.21184715802507, 0.0060427679790188045, 1.5109312916729554, -0.005009615468588517, 0.011052383447607322, 0.0, 5.9190000000000005, 0.5186177176140732, 2708.6928464705306, 646.6527837501619, 3474.5104366925552, 0.7795897856185405
0.0026, 0.3912252127177006, 6.207042780583919E-4, 45.571019786631446, 31.56295876922771, 34.14526361725129, 0.007092015734386334, 1.510407992841851, -0.005185655622889315, 0.012277671357275649, 0.0, 5.9190000000000005, 0.5393624263186361, 2708.6928464705306, 646.6527837501619, 3474.5104366925552, 0.7795897856185405
0.0027, 0.40114076738144033, 6.445775195221761E-4, 48.838548092803826, 50.01510507644598, 36.08773513758061, 0.008218887386569009, 1.525277924434694, -0.005360777349080229, 0.013579664735649238, 0.0, 5.9190000000000005, 0.560107135023199, 2708.6928464705306, 646.6527837501619, 3474.5104366925552, 0.7795897856185405
0.0028, 0.41060843951213777, 6.684507609859605E-4, 52.13283058319237, 31.475312053587484, 38.03441362688857, 0.009424097543138645, 1.5089343851934, -0.005535014678884134, 0.014959112222022779, 0.0, 5.9190000000000005, 0.5808518437277619, 2708.6928464705306, 646.6527837501619, 3474.5104366925552, 0.7795897856185405
0.0029, 0.4232844051892553, 6.923240024497446E-4, 55.44749949441676, 49.49880369988016, 39.98045099305066, 0.010708208924550109, 1.522254714315463, -0.005708399211575585, 0.016416608136125693, 0.0, 5.9190000000000005, 0.6015965524323248, 2708.6928464705306, 646.6527837501619, 3474.5104366925552, 0.7795897856185405
0.003, 0.42891271531528713, 7.161972439135289E-4, 58.77617725986842, 43.16596409518156, 41.92099914394241, 0.012071632112297837, 1.5224614706625261, -0.005880960365824366, 0.0179525924781222, 0.0, 5.9190000000000005, 0.6223412611368877, 2708.6928464705306, 646.6527837501619, 3474.5104366925552, 0.7795897856185405
0.0031, 0.44037055393022695, 7.400704853773128E-4, 62.11247779599749, 42.96545333901395, 43.851209987439304, 0.013514625330684763, 1.5169721394545161, -0.0060527255979264645, 0.019567350928611227, 0.0, 5.9190000000000005, 0.6430859698414505, 2708.6928464705306, 646.6527837501619, 3474.5104366925552, 0.7795897856185405
0.0032, 0.4381087371953089, 7.639437268410973E-4, 65.4500075843158, 46.87333464990789, 45.76623543141695, 0.015037294256776567, 1.5227474538194437, -0.006223720591850007, 0.021261014848626573, 0.0, 5.9190000000000005, 0.6638306785460134, 2708.6928464705306, 646.6527837501619, 3474.5104366925552, 0.7795897856185405
0.0033, 0.4489511363762307, 7.878169683048817E-4, 68.78236658685117, 50.74096029546694, 47.6612273837508, 0.016639591854131938, 1.5239085641238914, -0.006393969425504765, 0.023033561279636704, 0.0, 5.9190000000000005, 0.6845753872505763, 2708.6928464705306, 646.6527837501619, 3474.5104366925552, 0.7795897856185405
0.0034, 0.4696498880873034, 8.116902097686655E-4, 72.10314902490165, 42.13228537468043, 49.53133775231631, 0.01832131822670352, 1.5111849280646734, -0.006563494716841305, 0.024884812943544825, 0.0, 5.9190000000000005, 0.7053200959551392, 2708.6928464705306, 646.6527837501619, 3474.5104366925552, 0.7795897856185405
0.0035, 0.4678351291649398, 8.355634512324502E-4, 75.40594404487538, 57.055550580633344, 51.371718444989106, 0.020082120489940267, 1.5292600036032766, -0.006732317752748799, 0.026814438242689066, 0.0, 5.9190000000000005, 0.7260648046597021, 2708.6928464705306, 646.6527837501619, 3474.5104366925552, 0.7795897856185405
0.0036, 0.46626394250834013, 8.594366926962345E-4, 78.68433629030949, 41.800019908184304, 53.17752136964466, 0.021921492656631132, 1.5096664687489048, -0.006900458603211013, 0.028821951259842146, 0.0, 5.9190000000000005, 0.746809513364265, 2708.6928464705306, 646.6527837501619, 3474.5104366925552, 0.7795897856185405
0.0037, 0.465186497969683, 8.833099341600185E-4, 81.93190639549925, 47.81479987169969, 54.94389843415845, 0.023838775535442013, 1.5219975733366724, -0.007067936222769608, 0.030906711758211622, 0.0, 5.9190000000000005, 0.767554222068828, 2708.6928464705306, 646.6527837501619, 3474.5104366925552, 0.7795897856185405
0.0038, 0.49148757345559246, 9.071831756238029E-4, 85.14223141328482, 39.55936467539373, 56.666001546406044, 0.025833156640428463, 1.5007697494848942, -0.007234768541011389, 0.033067925181439854, 0.0, 5.9190000000000005, 0.7882989307733909, 2708.6928464705306, 646.6527837501619, 3474.5104366925552, 0.7795897856185405
0.0039, 0.4890363348118517, 9.310564170875872E-4, 88.30888518726047, 41.775509438776666, 58.33898261426294, 0.027903670110079146, 1.50313037389991, -0.007400972543524751, 0.0353046426536039, 0.0, 5.9190000000000005, 0.8090436394779537, 2708.6928464705306, 646.6527837501619, 3474.5104366925552, 0.7795897856185405
0.004, 0.4774668786817765, 9.549296585513715E-4, 91.42543867685352, 64.87065047056603, 59.95799354560463, 0.030049196634667506, 1.534206820710845, -0.007566564344548088, 0.037615760979215596, 0.0, 5.9190000000000005, 0.8297883481825167, 2708.6928464705306, 646.6527837501619, 3474.5104366925552, 0.7795897856185405
0.0041, 0.49886987152205436, 9.788029000151557E-4, 94.48546024225632, 56.534990641236384, 61.51818624830663, 0.0322684633908722, 1.5145986490561836, -0.007731559252349385, 0.04000002264322158, 0.0, 5.9190000000000005, 0.8505330568870797, 2708.6928464705306, 646.6527837501619, 3474.5104366925552, 0.7795897856185405
0.0042, 0.5079323532923727, 0.0010026761414789404, 97.48251589501899, 51.85603239602289, 63.014712630244546, 0.03456004398277929, 1.5140783143482668, -0.007895971828223965, 0.04245601581100325, 0.0, 5.9190000000000005, 0.8712777655916426, 2708.6928464705306, 646.6527837501619, 3474.5104366925552, 0.7795897856185405
0.0043, 0.5038738854081855, 0.0010265493829427243, 100.41016951915111, 47.38382572400452, 64.44272459929373, 0.036922358388506035, 1.5049922062298582, -0.008059815939870624, 0.04498217432837666, 0.0, 5.9190000000000005, 0.8920224742962056, 2708.6928464705306, 646.6527837501619, 3474.5104366925552, 0.7795897856185405
0.0044, 0.5002057171004697, 0.0010504226244065088, 103.26198306680361, 49.561098462481326, 65.79737406332987, 0.03935367291179265, 1.516773022745007, -0.008223104809800184, 0.04757677772159283, 0.0, 5.9190000000000005, 0.9127671830007686, 2708.6928464705306, 646.6527837501619, 3474.5104366925552, 0.7795897856185405
0.0045, 0.5152342804401692, 0.001074295865870293, 106.03151673195656, 46.29082447416763, 67.07381293022833, 0.04185210013799606, 1.5040778396087937, -0.008385851059341297, 0.05023795119733736, 0.0, 5.9190000000000005, 0.9335118917053317, 2708.6928464705306, 646.6527837501619, 3474.5104366925552, 0.7795897856185405
0.0046, 0.4761011570824714, 0.001098169107334078, 108.71232910501682, 37.834285268478716, 68.26719310786474, 0.04441559889399789, 1.489400694627567, -0.0085480667487329, 0.05296366564273079, 0.0, 5.9190000000000005, 0.9542566004098946, 2708.6928464705306, 646.6527837501619, 3474.5104366925552, 0.7795897856185405
0.0047, 0.5139212650008896, 0.001122042348797862, 111.297977310787, 73.42495084456318, 69.37266650411453, 0.047041974211599155, 1.534490945194276, -0.008709763413728974, 0.055751737625328125, 0.0, 5.9190000000000005, 0.9750013091144576, 2708.6928464705306, 646.6527837501619, 3474.5104366925552, 0.7795897856185405
0.0048, 0.475272655383555, 0.0011459155902616468, 113.78201713190933, 72.18876858027635, 70.38538502685334, 0.04972887729403281, 1.5344321616466425, -0.008870952099086745, 0.05859982939311956, 0.0, 5.9190000000000005, 0.9957460178190206, 2708.6928464705306, 646.6527837501619, 3474.5104366925552, 0.7795897856185405
0.0049, 0.5259945808007788, 0.0011697888317254304, 116.15800311957899, 57.04867644049146, 71.30050058395646, 0.05247380548526639, 1.5105048656848536, -0.009031643389263154, 0.06150544887452954, 0.0, 5.9190000000000005, 1.0164907265235836, 2708.6928464705306, 646.6527837501619, 3474.5104366925552, 0.7795897856185405
0.005, 0.47890590768461244, 0.0011936620731892152, 118.41948869307346, 71.55864439003584, 72.11316508329965, 0.05527410224181331, 1.5224897530197299, -0.009191847436604592, 0.0644659496784179, 0.0, 5.9190000000000005, 1.0372354352281465, 2708.6928464705306, 646.6527837501619, 3474.5104366925552, 0.7795897856185405
0.0051, 0.5121759760762089, 0.0012175353146529997, 120.56002622942381, 62.13860015291433, 72.8185304327583, 0.05812695710679802, 1.5141401139087596, -0.009351573987280676, 0.0674785310940787, 0.0, 5.9190000000000005, 1.0579801439327094, 2708.6928464705306, 646.6527837501619, 3474.5104366925552, 0.7795897856185405
0.0052, 0.49181831935226783, 0.0012414085561167842, 122.57316714437971, 76.91207566553997, 73.41174854020792, 0.0610294056860577, 1.5344061318454039, -0.009510832405183292, 0.07054023809124099, 0.0, 5.9190000000000005, 1.0787248526372726, 2708.6928464705306, 646.6527837501619, 3474.5104366925552, 0.7795897856185405
0.0053, 0.523244101387999, 0.0012652817975805685, 124.45246196566116, 62.662581768011556, 73.88797131352405, 0.06397832962608185, 1.5162731106705936, -0.009669631693986708, 0.07364796132006857, 0.0, 5.9190000000000005, 1.0994695613418355, 2708.6928464705306, 646.6527837501619, 3474.5104366925552, 0.7795897856185405
0.0054, 0.49033449502271453, 0.0012891550390443521, 126.19146039936328, 46.689955506421306, 74.2423506605822, 0.06697045659361764, 1.49015991449806, -0.009827980517542224, 0.07679843711115986, 0.0, 5.9190000000000005, 1.1202142700463984, 2708.6928464705306, 646.6527837501619, 3474.5104366925552, 0.7795897856185405
0.0055, 0.5081445063743065, 0.0013130282805081366, 127.78371139026824, 85.17399171749773, 74.47003848925792, 0.07000236025678679, 1.539680243340533, -0.009985887218761662, 0.07998824747554845, 0.0, 5.9190000000000005, 1.1409589787509615, 2708.6928464705306, 646.6527837501619, 3474.5104366925552, 0.7795897856185405
0.0056, 0.4991696996953253, 0.0013369015219719213, 129.22276317672163, 87.47390892900897, 74.56618670742665, 0.0730704602675752, 1.5421532704826673, -0.010143359837127136, 0.08321382010470234, 0.0, 5.9190000000000005, 1.1617036874555244, 2708.6928464705306, 646.6527837501619, 3474.5104366925552, 0.7795897856185405
0.0057, 0.47776463932722135, 0.0013607747634357059, 130.50216334065323, 66.85717371844736, 74.52594722296399, 0.07617102224557452, 1.521739083346291, -0.010300406124949774, 0.0864714283705243, 0.0, 5.9190000000000005, 1.1824483961600873, 2708.6928464705306, 646.6527837501619, 3474.5104366925552, 0.7795897856185405
0.0058, 0.4706900953562498, 0.00138464800489949, 131.61545885324594, 50.546085540119776, 74.34447194374539, 0.07930015776286471, 1.4834327609906055, -0.010457033562487143, 0.08975719132535186, 0.0, 5.9190000000000005, 1.2031931048646505, 2708.6928464705306, 646.6527837501619, 3474.5104366925552, 0.7795897856185405
0.0059, 0.4800350193045129, 0.0014085212463632744, 132.5561961167022, 74.92654444365563, 74.01691277764641, 0.08245382432993971, 1.5257360086952194, -0.010613249372017875, 0.09306707370195759, 0.0, 5.9190000000000005, 1.2239378135692134, 2708.6928464705306, 646.6527837501619, 3474.5104366925552, 0.7795897856185405
0.006, 0.46725701150910565, 0.0014323944878270583, 133.31792100249893, 98.23569673390813, 73.53842163254257, 0.08562782538258665, 1.5627077597747305, -0.010769060530961808, 0.09639688591354846, 0.0, 5.9190000000000005, 1.2446825222737763, 2708.6928464705306, 646.6527837501619, 3474.5104366925552, 0.7795897856185405
0.0061, 0.468324799093128, 0.0014562677292908432, 133.89417888648134, 56.13892794890053, 72.9041504163093, 0.08881781026964138, 1.4905913302934009, -0.010924473784125253, 0.09974228405376663, 0.0, 5.9190000000000005, 1.2654272309783394, 2708.6928464705306, 646.6527837501619, 3474.5104366925552, 0.7795897856185405
0.0062, 0.45088619886338155, 0.0014801409707546273, 134.2785146811025, 80.45344388381012, 72.10925103682226, 0.09201927424154538, 1.5260266100373763, -0.011079495655143108, 0.1030987698966885, 0.0, 5.9190000000000005, 1.2861719396829023, 2708.6928464705306, 646.6527837501619, 3474.5104366925552, 0.7795897856185405
0.0063, 0.4613007352528836, 0.0015040142122184116, 134.46447286508382, 83.1015904754502, 71.14887540195684, 0.095227558439643, 1.5339203458096262, -0.011234132457182605, 0.10646169089682561, 0.0, 5.9190000000000005, 1.3069166483874652, 2708.6928464705306, 646.6527837501619, 3474.5104366925552, 0.7795897856185405
0.0064, 0.4521869228484836, 0.0015278874536821963, 134.44559751073967, 71.38071799229706, 70.01817541958852, 0.09843784988615696, 1.514410891199102, -0.011388390302967297, 0.10982624018912426, 0.0, 5.9190000000000005, 1.3276613570920284, 2708.6928464705306, 646.6527837501619, 3474.5104366925552, 0.7795897856185405
0.0065, 0.43947885162027994, 0.0015517606951459808, 134.21543230918354, 85.5704709218358, 68.71230299759296, 0.1016451814747908, 1.544906859390806, -0.011542275114174438, 0.11318745658896524, 0.0, 5.9190000000000005, 1.3484060657965913, 2708.6928464705306, 646.6527837501619, 3474.5104366925552, 0.7795897856185405
0.0066, 0.4525592044029543, 0.0015756339366097647, 133.76752059360982, 89.47159968922017, 67.22641004384568, 0.1048444319619104, 1.529036733037225, -0.011695792630253918, 0.11654022459216432, 0.0, 5.9190000000000005, 1.3691507745011542, 2708.6928464705306, 646.6527837501619, 3474.5104366925552, 0.7795897856185405
0.0067, 0.4286910291421759, 0.0015995071780735492, 133.09540536082463, 107.40440300186408, 65.55564846622195, 0.10803032595825955, 1.572967983979813, -0.011848948416712617, 0.11987927437497217, 0.0, 5.9190000000000005, 1.3898954832057173, 2708.6928464705306, 646.6527837501619, 3474.5104366925552, 0.7795897856185405
0.0068, 0.4191422142716138, 0.0016233804195373337, 132.19262929118247, 75.5724969316588, 63.695170172597585, 0.11119743392116978, 1.49488413694908, -0.012001747872904098, 0.12319918179407388, 0.0, 5.9190000000000005, 1.4106401919102802, 2708.6928464705306, 646.6527837501619, 3474.5104366925552, 0.7795897856185405
