This fits B3 to B7 into the virial expansion since maxPower is set to 5.
Number of particles: 108
dryVolFracMax: 0.007
dryVolFracIncrement: 1.0E-4
Initial configuration: FCC
Dry microgel radius [nm]: 50.0
Box length [units of dry radius]: 40.130210850472906
Number of monomers: 2916666.666666667
Number of chains: 204.16666666666666
Flory interaction parameter (chi): 0.0
Young's calibration factor: 1.0
x-link fraction: 7.0E-5
MC steps: 100000
Equilibration steps: 10000.0
Snapshot interval: 100
Displacement tolerance: 0.1
Particle radius change tolerance: 0.0
Particle radius bin width: 0.001
g(r) bin width: 0.005
phi0, phi, rho, mu/kT, Z_measured, Z_virial_Fit, <F_total>/V, QMelting, <F_id>/V, <F_ex>/V, <F_FR>/V, <alpha>, Zeta, B2_rho, B2_phi0, B2_HS, B2*
2.0E-4, 0.040524620791356, 4.774648292756861E-5, -8.151723190854232, 1.835830204332593, 2.1174937317446068, -4.903189904743641E-4, 1.5005055056048884, -5.213638970822166E-4, 3.1044906607852555E-5, 0.0, 5.9190000000000005, 0.041489417409125866, 2708.6928464705306, 646.6527837501619, 3474.5104366925552, 0.7795897856185405
3.0E-4, 0.0606284771037799, 7.161972439135293E-5, -5.958310108001001, 2.5333595783456913, 3.2484658804423256, -6.593867588252369E-4, 1.5007100055779878, -7.530065463303081E-4, 9.361978750507116E-5, 0.0, 5.9190000000000005, 0.062234126113688795, 2708.6928464705306, 646.6527837501619, 3474.5104366925552, 0.7795897856185405
4.0E-4, 0.07994678707858965, 9.549296585513724E-5, -3.4568813511666256, 8.120890126298793, 4.631032637005827, -7.723388943118384E-4, 1.501316139706825, -9.765371141186377E-4, 2.0419821980679928E-4, 0.0, 5.9190000000000005, 0.08297883481825173, 2708.6928464705306, 646.6527837501619, 3474.5104366925552, 0.7795897856185405
5.0E-4, 0.09987640654849075, 1.1936620731892148E-4, -0.7047912267389549, 6.539105444407143, 6.185296451169951, -8.224436342068209E-4, 1.501733480127215, -0.0011940355932402447, 3.715919590334237E-4, 0.0, 5.9190000000000005, 0.10372354352281465, 2708.6928464705306, 646.6527837501619, 3474.5104366925552, 0.7795897856185405
6.0E-4, 0.11803222258726985, 1.4323944878270585E-4, 2.2271328298033435, 10.622144560886527, 7.84402395562058, -8.045603887345333E-4, 1.5020264626603883, -0.001406727072591923, 6.021666838573896E-4, 0.0, 5.9190000000000005, 0.12446825222737759, 2708.6928464705306, 646.6527837501619, 3474.5104366925552, 0.7795897856185405
7.0E-4, 0.13551235213844923, 1.6711269024649017E-4, 5.271751875225178, 9.953824837462914, 9.551566851516293, -7.152113944452268E-4, 1.5017064428997502, -0.0016154210498813184, 9.002096554360916E-4, 0.0, 5.9190000000000005, 0.14521296093194053, 2708.6928464705306, 646.6527837501619, 3474.5104366925552, 0.7795897856185405
8.0E-4, 0.15306908571232855, 1.9098593171027449E-4, 8.370327205534045, 8.113520613493872, 11.262822928205567, -5.524259905624049E-4, 1.5015984605303712, -0.0018206928681456847, 0.0012682668775832798, 0.0, 5.9190000000000005, 0.16595766963650346, 2708.6928464705306, 646.6527837501619, 3474.5104366925552, 0.7795897856185405
9.0E-4, 0.16989907357833206, 2.148591731740588E-4, 11.473731913192958, 17.471994324560256, 12.942237217139347, -3.155218354076424E-4, 1.503833426035403, -0.0020229727110088343, 0.001707450875601192, 0.0, 5.9190000000000005, 0.1867023783410664, 2708.6928464705306, 646.6527837501619, 3474.5104366925552, 0.7795897856185405
0.001, 0.18874101167618912, 2.38732414637843E-4, 14.542425965565549, 15.33567016115473, 14.562843279979036, -4.87427477035467E-6, 1.5039665278859085, -0.0022225944863660013, 0.0022177202115956467, 0.0, 5.9190000000000005, 0.20744708704562936, 2708.6928464705306, 646.6527837501619, 3474.5104366925552, 0.7795897856185405
0.0011, 0.20241234930489585, 2.626056561016274E-4, 17.54593398076541, 23.249991709216904, 16.105344630900003, 3.783069113944197E-4, 1.506182265170195, -0.0024198249427019227, 0.0027981318540963424, 0.0, 5.9190000000000005, 0.2281917957501923, 2708.6928464705306, 646.6527837501619, 3474.5104366925552, 0.7795897856185405
0.0012, 0.21763597283970743, 2.864788975654117E-4, 20.46211138801103, 12.067465234180206, 17.557236293090416, 8.321854147580756E-4, 1.5033568043927243, -0.00261488210504646, 0.0034470675198045356, 0.0, 5.9190000000000005, 0.24893650445475524, 2708.6928464705306, 646.6527837501619, 3474.5104366925552, 0.7795897856185405
0.0013, 0.23468631200179346, 3.10352139029196E-4, 23.27632366105675, 19.582991435343782, 18.911966489445632, 0.0013544875836969212, 1.5041281466967125, -0.002807947521593494, 0.004162435105290415, 0.0, 5.9190000000000005, 0.26968121315931814, 2708.6928464705306, 646.6527837501619, 3474.5104366925552, 0.7795897856185405
0.0014, 0.2538036736555633, 3.342253804929803E-4, 25.980598323123342, 15.34827343284294, 20.16813846745785, 0.001942671606859966, 1.5026592554933087, -0.002999174719602353, 0.004941846326462319, 0.0, 5.9190000000000005, 0.2904259218638811, 2708.6928464705306, 646.6527837501619, 3474.5104366925552, 0.7795897856185405
0.0015, 0.2653891814368784, 3.580986219567647E-4, 28.572780475977993, 23.917470875873104, 21.328752458301494, 0.0025940764505461423, 1.5059546227457064, -0.003188695233083918, 0.0057827716836300605, 0.0, 5.9190000000000005, 0.3111706305684441, 2708.6928464705306, 646.6527837501619, 3474.5104366925552, 0.7795897856185405
0.0016, 0.2789258729472154, 3.8197186342054886E-4, 31.05570866589064, 13.706702418716887, 22.40048777011368, 0.003306050853876387, 1.5011694194714507, -0.0033766230161081877, 0.006682673869984575, 0.0, 5.9190000000000005, 0.331915339273007, 2708.6928464705306, 646.6527837501619, 3474.5104366925552, 0.7795897856185405
0.0017, 0.28961030804304444, 4.0584510488433315E-4, 33.43642074365731, 19.1348601990055, 23.39302501547035, 0.004076062992700898, 1.503339799589369, -0.0035630577486152858, 0.007639120741316184, 0.0, 5.9190000000000005, 0.35266004797756995, 2708.6928464705306, 646.6527837501619, 3474.5104366925552, 0.7795897856185405
0.0018, 0.3051140256738693, 4.297183463481176E-4, 35.72539550221056, 18.695776109969934, 24.318408473057726, 0.004901791602981968, 1.5011920344109457, -0.003748087361811589, 0.008649878964793557, 0.0, 5.9190000000000005, 0.37340475668213285, 2708.6928464705306, 646.6527837501619, 3474.5104366925552, 0.7795897856185405
0.0019, 0.31557849216488826, 4.535915878119019E-4, 37.935833681597934, 22.46905725714923, 25.190448583539414, 0.005781199463902506, 1.5049810339624439, -0.003931790000723226, 0.009712989464625732, 0.0, 5.9190000000000005, 0.3941494653866958, 2708.6928464705306, 646.6527837501619, 3474.5104366925552, 0.7795897856185405
0.002, 0.3339395635688934, 4.7746482927568624E-4, 40.082980639660995, 26.414867642018823, 26.02416457961852, 0.006712590209926426, 1.5092658587704428, -0.004114235572503025, 0.010826825782429451, 0.0, 5.9190000000000005, 0.4148941740912587, 2708.6928464705306, 646.6527837501619, 3474.5104366925552, 0.7795897856185405
0.0021, 0.34199678136105793, 5.013380707394704E-4, 42.18349220042145, 27.310345870667888, 26.83526725029576, 0.007694649485771398, 1.5061123872666495, -0.0042954869843524115, 0.01199013647012381, 0.0, 5.9190000000000005, 0.4356388827958216, 2708.6928464705306, 646.6527837501619, 3474.5104366925552, 0.7795897856185405
0.0022, 0.363729707991004, 5.252113122032547E-4, 44.254844699039666, 10.968368240477627, 27.639681839322485, 0.008726471488022821, 1.4957655031173733, -0.0044756011451519695, 0.01320207263317479, 0.0, 5.9190000000000005, 0.4563835915003845, 2708.6928464705306, 646.6527837501619, 3474.5104366925552, 0.7795897856185405
0.0023, 0.37011421650144843, 5.490845536670391E-4, 46.314789924727144, 24.022578079527673, 28.45311107784942, 0.00980757195738181, 1.499508577307212, -0.004654629784629776, 0.014462201742011587, 0.0, 5.9190000000000005, 0.4771283002049474, 2708.6928464705306, 646.6527837501619, 3474.5104366925552, 0.7795897856185405
0.0024, 0.3744519692291772, 5.729577951308231E-4, 48.38085545377416, 22.16080051743042, 29.290638351270843, 0.01093788869961896, 1.4990278089489897, -0.004832620129818146, 0.015770508829437105, 0.0, 5.9190000000000005, 0.4978730089095103, 2708.6928464705306, 646.6527837501619, 3474.5104366925552, 0.7795897856185405
0.0025, 0.383941726192046, 5.968310365946075E-4, 50.46989072405059, 31.581311238994708, 30.166371000264036, 0.012117770723266516, 1.5048562889287076, -0.005009615468588517, 0.017127386191855033, 0.0, 5.9190000000000005, 0.5186177176140732, 2708.6928464705306, 646.6527837501619, 3474.5104366925552, 0.7795897856185405
0.0026, 0.3912252127177006, 6.207042780583919E-4, 52.59765910577156, 31.56295876922771, 31.093123756024582, 0.013347957089245868, 1.5041520514869915, -0.005185655622889315, 0.018533612712135182, 0.0, 5.9190000000000005, 0.5393624263186361, 2708.6928464705306, 646.6527837501619, 3474.5104366925552, 0.7795897856185405
0.0027, 0.40114076738144033, 6.445775195221761E-4, 54.77847615594109, 50.01510507644598, 32.08214230969624, 0.014629546572859706, 1.5188672652484032, -0.005360777349080229, 0.019990323921939935, 0.0, 5.9190000000000005, 0.560107135023199, 2708.6928464705306, 646.6527837501619, 3474.5104366925552, 0.7795897856185405
0.0028, 0.41060843951213777, 6.684507609859605E-4, 57.0248941961339, 31.475312053587484, 33.142867015997155, 0.015963959242449664, 1.502394523494089, -0.005535014678884134, 0.0214989739213338, 0.0, 5.9190000000000005, 0.5808518437277619, 2708.6928464705306, 646.6527837501619, 3474.5104366925552, 0.7795897856185405
0.0029, 0.4232844051892553, 6.923240024497446E-4, 59.347433318940276, 49.49880369988016, 34.2827367310415, 0.017352891061922428, 1.5156100321780908, -0.005708399211575585, 0.023061290273498014, 0.0, 5.9190000000000005, 0.6015965524323248, 2708.6928464705306, 646.6527837501619, 3474.5104366925552, 0.7795897856185405
0.003, 0.42891271531528713, 7.161972439135289E-4, 61.75435890338504, 43.16596409518156, 35.50703278435546, 0.018798262626548563, 1.5157348401482753, -0.005880960365824366, 0.024679222992372928, 0.0, 5.9190000000000005, 0.6223412611368877, 2708.6928464705306, 646.6527837501619, 3474.5104366925552, 0.7795897856185405
0.0031, 0.44037055393022695, 7.400704853773128E-4, 64.25150570118386, 42.96545333901395, 36.818763085089905, 0.020302163143123497, 1.5101846016420775, -0.0060527255979264645, 0.02635488874104996, 0.0, 5.9190000000000005, 0.6430859698414505, 2708.6928464705306, 646.6527837501619, 3474.5104366925552, 0.7795897856185405
0.0032, 0.4381087371953089, 7.639437268410973E-4, 66.84214854194201, 46.87333464990789, 38.21858636242815, 0.02186679076688569, 1.5159179573093347, -0.006223720591850007, 0.0280905113587357, 0.0, 5.9190000000000005, 0.6638306785460134, 2708.6928464705306, 646.6527837501619, 3474.5104366925552, 0.7795897856185405
0.0033, 0.4489511363762307, 7.878169683048817E-4, 69.52691969503468, 50.74096029546694, 39.70477654018801, 0.02349439040860542, 1.517053765569418, -0.006393969425504765, 0.029888359834110187, 0.0, 5.9190000000000005, 0.6845753872505763, 2708.6928464705306, 646.6527837501619, 3474.5104366925552, 0.7795897856185405
0.0034, 0.4696498880873034, 8.116902097686655E-4, 72.30377291801382, 42.13228537468043, 41.27322724562187, 0.025187190126059897, 1.504319056165317, -0.006563494716841305, 0.0317506848429012, 0.0, 5.9190000000000005, 0.7053200959551392, 2708.6928464705306, 646.6527837501619, 3474.5104366925552, 0.7795897856185405
0.0035, 0.4678351291649398, 8.355634512324502E-4, 75.16799421532889, 57.055550580633344, 42.91749645240907, 0.0269473372147495, 1.5223947868784673, -0.006732317752748799, 0.0336796549674983, 0.0, 5.9190000000000005, 0.7260648046597021, 2708.6928464705306, 646.6527837501619, 3474.5104366925552, 0.7795897856185405
0.0036, 0.46626394250834013, 8.594366926962345E-4, 78.1122593264553, 41.800019908184304, 44.628891257846774, 0.028776835113215403, 1.5028111262923205, -0.006900458603211013, 0.03567729371642642, 0.0, 5.9190000000000005, 0.746809513364265, 2708.6928464705306, 646.6527837501619, 3474.5104366925552, 0.7795897856185405
0.0037, 0.465186497969683, 8.833099341600185E-4, 81.1267379588592, 47.81479987169969, 46.39659279423242, 0.03067748223873409, 1.5151588666333804, -0.007067936222769608, 0.0377454184615037, 0.0, 5.9190000000000005, 0.767554222068828, 2708.6928464705306, 646.6527837501619, 3474.5104366925552, 0.7795897856185405
0.0038, 0.49148757345559246, 9.071831756238029E-4, 84.1992447783506, 39.55936467539373, 48.2078212744467, 0.032650813869492465, 1.49395209225583, -0.007234768541011389, 0.039885582410503856, 0.0, 5.9190000000000005, 0.7882989307733909, 2708.6928464705306, 646.6527837501619, 3474.5104366925552, 0.7795897856185405
0.0039, 0.4890363348118517, 9.310564170875872E-4, 87.3154371670855, 41.775509438776666, 50.048041171727505, 0.034698048189622015, 1.4963359958203672, -0.007400972543524751, 0.042099020733146766, 0.0, 5.9190000000000005, 0.8090436394779537, 2708.6928464705306, 646.6527837501619, 3474.5104366925552, 0.7795897856185405
0.004, 0.4774668786817765, 9.549296585513715E-4, 90.45905975766505, 64.87065047056603, 51.90120653364184, 0.036820037613690376, 1.5274359797318222, -0.007566564344548088, 0.044386601958238465, 0.0, 5.9190000000000005, 0.8297883481825167, 2708.6928464705306, 646.6527837501619, 3474.5104366925552, 0.7795897856185405
0.0041, 0.49886987152205436, 9.788029000151557E-4, 93.61223575031678, 56.534990641236384, 53.75004643025068, 0.03901722650743403, 1.5078498859396219, -0.007731559252349385, 0.04674878575978341, 0.0, 5.9190000000000005, 0.8505330568870797, 2708.6928464705306, 646.6527837501619, 3474.5104366925552, 0.7795897856185405
0.0042, 0.5079323532923727, 0.0010026761414789404, 96.75580501896634, 51.85603239602289, 55.57639053647483, 0.04128961642166662, 1.5073487419093796, -0.007895971828223965, 0.04918558824989058, 0.0, 5.9190000000000005, 0.8712777655916426, 2708.6928464705306, 646.6527837501619, 3474.5104366925552, 0.7795897856185405
0.0043, 0.5038738854081855, 0.0010265493829427243, 99.86970901103984, 47.38382572400452, 57.3615348486465, 0.04363673995642647, 1.4982778246619377, -0.008059815939870624, 0.05169655589629709, 0.0, 5.9190000000000005, 0.8920224742962056, 2708.6928464705306, 646.6527837501619, 3474.5104366925552, 0.7795897856185405
0.0044, 0.5002057171004697, 0.0010504226244065088, 102.93342244508173, 49.561098462481326, 59.086647535266536, 0.046057644372529113, 1.5100690512842705, -0.008223104809800184, 0.054280749182329294, 0.0, 5.9190000000000005, 0.9127671830007686, 2708.6928464705306, 646.6527837501619, 3474.5104366925552, 0.7795897856185405
0.0045, 0.5152342804401692, 0.001074295865870293, 105.92643180960569, 46.29082447416763, 60.73321492195356, 0.048550886067784, 1.4973790536790057, -0.008385851059341297, 0.0569367371271253, 0.0, 5.9190000000000005, 0.9335118917053317, 2708.6928464705306, 646.6527837501619, 3474.5104366925552, 0.7795897856185405
0.0046, 0.4761011570824714, 0.001098169107334078, 108.82876066607763, 37.834285268478716, 62.28352761058409, 0.05111453703520806, 1.482701756486357, -0.0085480667487329, 0.05966260378394096, 0.0, 5.9190000000000005, 0.9542566004098946, 2708.6928464705306, 646.6527837501619, 3474.5104366925552, 0.7795897856185405
0.0047, 0.5139212650008896, 0.001122042348797862, 111.62154175850301, 73.42495084456318, 63.72120673263146, 0.053746204420632784, 1.5277867149852424, -0.008709763413728974, 0.06245596783436176, 0.0, 5.9190000000000005, 0.9750013091144576, 2708.6928464705306, 646.6527837501619, 3474.5104366925552, 0.7795897856185405
0.0048, 0.475272655383555, 0.0011459155902616468, 114.28763593171493, 72.18876858027635, 65.03177033670454, 0.056443064297153574, 1.5277179746435217, -0.008870952099086745, 0.06531401639624032, 0.0, 5.9190000000000005, 0.9957460178190206, 2708.6928464705306, 646.6527837501619, 3474.5104366925552, 0.7795897856185405
0.0049, 0.5259945808007788, 0.0011697888317254304, 116.81229786016239, 57.04867644049146, 66.20323991027556, 0.05920191077392331, 1.5037767603961967, -0.009031643389263154, 0.06823355416318647, 0.0, 5.9190000000000005, 1.0164907265235836, 2708.6928464705306, 646.6527837501619, 3474.5104366925552, 0.7795897856185405
0.005, 0.47890590768461244, 0.0011936620731892152, 119.18388858874313, 71.55864439003584, 67.22678703560325, 0.06201922155682166, 1.5157446337047216, -0.009191847436604592, 0.07121106899342625, 0.0, 5.9190000000000005, 1.0372354352281465, 2708.6928464705306, 646.6527837501619, 3474.5104366925552, 0.7795897856185405
0.0051, 0.5121759760762089, 0.0012175353146529997, 121.39463488699204, 62.13860015291433, 68.09742017985786, 0.06489124107857916, 1.5073758299369786, -0.009351573987280676, 0.07424281506585984, 0.0, 5.9190000000000005, 1.0579801439327094, 2708.6928464705306, 646.6527837501619, 3474.5104366925552, 0.7795897856185405
0.0052, 0.49181831935226783, 0.0012414085561167842, 123.4414354178219, 76.91207566553997, 68.81471161943477, 0.06781408231594717, 1.5276214552155143, -0.009510832405183292, 0.07732491472113046, 0.0, 5.9190000000000005, 1.0787248526372726, 2708.6928464705306, 646.6527837501619, 3474.5104366925552, 0.7795897856185405
0.0053, 0.523244101387999, 0.0012652817975805685, 125.32671372174765, 62.662581768011556, 69.38356449846742, 0.070783848411549, 1.5094675918851266, -0.009669631693986708, 0.08045348010553571, 0.0, 5.9190000000000005, 1.0994695613418355, 2708.6928464705306, 646.6527837501619, 3474.5104366925552, 0.7795897856185405
0.0054, 0.49033449502271453, 0.0012891550390443521, 127.05931801750131, 46.689955506421306, 69.81502002153411, 0.07379677521805775, 1.4833335958736198, -0.009827980517542224, 0.08362475573559996, 0.0, 5.9190000000000005, 1.1202142700463984, 2708.6928464705306, 646.6527837501619, 3474.5104366925552, 0.7795897856185405
0.0055, 0.5081445063743065, 0.0013130282805081366, 128.6554678197976, 85.17399171749773, 70.12710478055783, 0.07684939588236704, 1.5328332077149527, -0.009985887218761662, 0.0868352831011287, 0.0, 5.9190000000000005, 1.1409589787509615, 2708.6928464705306, 646.6527837501619, 3474.5104366925552, 0.7795897856185405
0.0056, 0.4991696996953253, 0.0013369015219719213, 130.1397473748657, 87.47390892900897, 70.34571821590976, 0.07993872858744103, 1.5352850021628015, -0.010143359837127136, 0.09008208842456816, 0.0, 5.9190000000000005, 1.1617036874555244, 2708.6928464705306, 646.6527837501619, 3474.5104366925552, 0.7795897856185405
0.0057, 0.47776463932722135, 0.0013607747634357059, 131.54614591438533, 66.85717371844736, 70.5055602117036, 0.08306248856954267, 1.5148476170223226, -0.010300406124949774, 0.09336289469449244, 0.0, 5.9190000000000005, 1.1824483961600873, 2708.6928464705306, 646.6527837501619, 3474.5104366925552, 0.7795897856185405
0.0058, 0.4706900953562498, 0.00138464800489949, 132.91914472825601, 50.546085540119776, 70.65109882527122, 0.08621932552855768, 1.4765135932249125, -0.010457033562487143, 0.09667635909104483, 0.0, 5.9190000000000005, 1.2031931048646505, 2708.6928464705306, 646.6527837501619, 3474.5104366925552, 0.7795897856185405
0.0059, 0.4800350193045129, 0.0014085212463632744, 134.31485105674284, 74.92654444365563, 70.83757815086847, 0.08940908754912372, 1.5187807454760354, -0.010613249372017875, 0.1000223369211416, 0.0, 5.9190000000000005, 1.2239378135692134, 2708.6928464705306, 646.6527837501619, 3474.5104366925552, 0.7795897856185405
0.006, 0.46725701150910565, 0.0014323944878270583, 135.80217880229208, 98.23569673390813, 71.13206631753565, 0.09263311265032027, 1.5557024725069968, -0.010769060530961808, 0.10340217318128209, 0.0, 5.9190000000000005, 1.2446825222737763, 2708.6928464705306, 646.6527837501619, 3474.5104366925552, 0.7795897856185405
0.0061, 0.468324799093128, 0.0014562677292908432, 137.46407606144425, 56.13892794890053, 71.61454362117956, 0.09589454908164435, 1.4835145914813979, -0.010924473784125253, 0.10681902286576961, 0.0, 5.9190000000000005, 1.2654272309783394, 2708.6928464705306, 646.6527837501619, 3474.5104366925552, 0.7795897856185405
0.0062, 0.45088619886338155, 0.0014801409707546273, 139.39879947710565, 80.45344388381012, 72.37903079085027, 0.09919870548302123, 1.5188471787959004, -0.011079495655143108, 0.11027820113816433, 0.0, 5.9190000000000005, 1.2861719396829023, 2708.6928464705306, 646.6527837501619, 3474.5104366925552, 0.7795897856185405
0.0063, 0.4613007352528836, 0.0015040142122184116, 141.72123541148537, 83.1015904754502, 73.53475738920042, 0.10255343202663117, 1.526594472222638, -0.011234132457182605, 0.11378756448381377, 0.0, 5.9190000000000005, 1.3069166483874652, 2708.6928464705306, 646.6527837501619, 3474.5104366925552, 0.7795897856185405
0.0064, 0.4521869228484836, 0.0015278874536821963, 144.56426793989732, 71.38071799229706, 75.20737034714693, 0.10596953365828025, 1.5068792074269788, -0.011388390302967297, 0.11735792396124756, 0.0, 5.9190000000000005, 1.3276613570920284, 2708.6928464705306, 646.6527837501619, 3474.5104366925552, 0.7795897856185405
0.0065, 0.43947885162027994, 0.0015517606951459808, 148.0801936656997, 85.5704709218358, 77.54018263273065, 0.10946121655612134, 1.5370908243094754, -0.011542275114174438, 0.12100349167029578, 0.0, 5.9190000000000005, 1.3484060657965913, 2708.6928464705306, 646.6527837501619, 3474.5104366925552, 0.7795897856185405
0.0066, 0.4525592044029543, 0.0015756339366097647, 152.44218335651962, 89.47159968922017, 80.69546205416646, 0.11304656892446394, 1.5208345960746714, -0.011695792630253918, 0.12474236155471785, 0.0, 5.9190000000000005, 1.3691507745011542, 2708.6928464705306, 646.6527837501619, 3474.5104366925552, 0.7795897856185405
0.0067, 0.4286910291421759, 0.0015995071780735492, 157.84579040196306, 107.40440300186408, 84.85576019709242, 0.11674807724048626, 1.5642502326975862, -0.011848948416712617, 0.12859702565719888, 0.0, 5.9190000000000005, 1.3898954832057173, 2708.6928464705306, 646.6527837501619, 3474.5104366925552, 0.7795897856185405
0.0068, 0.4191422142716138, 0.0016233804195373337, 164.51050609295453, 75.5724969316588, 90.22528149601567, 0.12059317907159782, 1.4854883917986519, -0.012001747872904098, 0.13259492694450192, 0.0, 5.9190000000000005, 1.4106401919102802, 2708.6928464705306, 646.6527837501619, 3474.5104366925552, 0.7795897856185405
