This fits B3 to B8 into the virial expansion since maxPower is set to 6.
Number of particles: 108
dryVolFracMax: 0.007
dryVolFracIncrement: 1.0E-4
Initial configuration: FCC
Dry microgel radius [nm]: 50.0
Box length [units of dry radius]: 40.130210850472906
Number of monomers: 2916666.666666667
Number of chains: 204.16666666666666
Flory interaction parameter (chi): 0.0
Young's calibration factor: 1.0
x-link fraction: 7.0E-5
MC steps: 100000
Equilibration steps: 10000.0
Snapshot interval: 100
Displacement tolerance: 0.1
Particle radius change tolerance: 0.0
Particle radius bin width: 0.001
g(r) bin width: 0.005
phi0, phi, rho, mu/kT, Z_measured, Z_virial_Fit, <F_total>/V, QMelting, <F_id>/V, <F_ex>/V, <F_FR>/V, <alpha>, Zeta, B2_rho, B2_phi0, B2_HS, B2*
2.0E-4, 0.040524620791356, 4.774648292756861E-5, -7.612532282523214, 1.835830204332593, 2.4589667507161743, -4.808786566455881E-4, 1.5004960652710597, -5.213638970822166E-4, 4.0485240436628475E-5, 0.0, 5.9190000000000005, 0.041489417409125866, 2708.6928464705306, 646.6527837501619, 3474.5104366925552, 0.7795897856185405
3.0E-4, 0.0606284771037799, 7.161972439135293E-5, -4.960717996113176, 2.5333595783456913, 3.8588489179095733, -6.316549516334042E-4, 1.500682273770796, -7.530065463303081E-4, 1.2135159469690387E-4, 0.0, 5.9190000000000005, 0.062234126113688795, 2708.6928464705306, 646.6527837501619, 3474.5104366925552, 0.7795897856185405
4.0E-4, 0.07994678707858965, 9.549296585513724E-5, -2.0173101555337203, 8.120890126298793, 5.4744016962406095, -7.154057840580124E-4, 1.5012592065965713, -9.765371141186377E-4, 2.611313300606253E-4, 0.0, 5.9190000000000005, 0.08297883481825173, 2708.6928464705306, 646.6527837501619, 3474.5104366925552, 0.7795897856185405
5.0E-4, 0.09987640654849075, 1.1936620731892148E-4, 1.0930002817179538, 6.539105444407143, 7.180574418550788, -7.266506364864928E-4, 1.5016376871294947, -0.0011940355932402447, 4.673849567537519E-4, 0.0, 5.9190000000000005, 0.10372354352281465, 2708.6928464705306, 646.6527837501619, 3474.5104366925552, 0.7795897856185405
6.0E-4, 0.11803222258726985, 1.4323944878270585E-4, 4.257510545855148, 10.622144560886527, 8.884688105771783, -6.627943631021639E-4, 1.5018846966347559, -0.001406727072591923, 7.43932709489759E-4, 0.0, 5.9190000000000005, 0.12446825222737759, 2708.6928464705306, 646.6527837501619, 3474.5104366925552, 0.7795897856185405
7.0E-4, 0.13551235213844923, 1.6711269024649017E-4, 7.388148802855829, 9.953824837462914, 10.521637949448108, -5.236458011452141E-4, 1.5015148773064502, -0.0016154210498813184, 0.0010917752487361043, 0.0, 5.9190000000000005, 0.14521296093194053, 2708.6928464705306, 646.6527837501619, 3474.5104366925552, 0.7795897856185405
8.0E-4, 0.15306908571232855, 1.9098593171027449E-4, 10.422091741868416, 8.113520613493872, 12.049498423733082, -3.1081178140744876E-4, 1.5013568463212164, -0.0018206928681456847, 0.001509881086738236, 0.0, 5.9190000000000005, 0.16595766963650346, 2708.6928464705306, 646.6527837501619, 3474.5104366925552, 0.7795897856185405
9.0E-4, 0.16989907357833206, 2.148591731740588E-4, 13.31928938223333, 17.471994324560256, 13.445515885608224, -2.7120922147782448E-5, 1.503545025122143, -0.0020229727110088343, 0.001995851788861052, 0.0, 5.9190000000000005, 0.1867023783410664, 2708.6928464705306, 646.6527837501619, 3474.5104366925552, 0.7795897856185405
0.001, 0.18874101167618912, 2.38732414637843E-4, 16.059143506853005, 15.33567016115473, 14.702473522076446, 3.2388110133239065E-4, 1.5036377725098058, -0.0022225944863660013, 0.002546475587698392, 0.0, 5.9190000000000005, 0.20744708704562936, 2708.6928464705306, 646.6527837501619, 3474.5104366925552, 0.7795897856185405
0.0011, 0.20241234930489585, 2.626056561016274E-4, 18.637061593797277, 23.249991709216904, 15.825413503079501, 7.383546915898259E-4, 1.5058222173899996, -0.0024198249427019227, 0.0031581796342917486, 0.0, 5.9190000000000005, 0.2281917957501923, 2708.6928464705306, 646.6527837501619, 3474.5104366925552, 0.7795897856185405
0.0012, 0.21763597283970743, 2.864788975654117E-4, 21.06115462896017, 12.067465234180206, 16.82870119888989, 0.0012125085926434748, 1.502976481214839, -0.00261488210504646, 0.003827390697689935, 0.0, 5.9190000000000005, 0.24893650445475524, 2708.6928464705306, 646.6527837501619, 3474.5104366925552, 0.7795897856185405
0.0013, 0.23468631200179346, 3.10352139029196E-4, 23.349186184052897, 19.582991435343782, 17.73341632072752, 0.0017428661893787202, 1.5037397680910305, -0.002807947521593494, 0.004550813710972214, 0.0, 5.9190000000000005, 0.26968121315931814, 2708.6928464705306, 646.6527837501619, 3474.5104366925552, 0.7795897856185405
0.0014, 0.2538036736555633, 3.342253804929803E-4, 25.525815154071854, 15.34827343284294, 18.56505584335166, 0.002326462429145507, 1.502275464671023, -0.002999174719602353, 0.00532563714874786, 0.0, 5.9190000000000005, 0.2904259218638811, 2708.6928464705306, 646.6527837501619, 3474.5104366925552, 0.7795897856185405
0.0015, 0.2653891814368784, 3.580986219567647E-4, 27.620145602605433, 23.917470875873104, 19.351533568378265, 0.0029609785749518526, 1.5055877206213006, -0.003188695233083918, 0.006149673808035771, 0.0, 5.9190000000000005, 0.3111706305684441, 2708.6928464705306, 646.6527837501619, 3474.5104366925552, 0.7795897856185405
0.0016, 0.2789258729472154, 3.8197186342054886E-4, 29.663583223421846, 13.706702418716887, 20.12146118707338, 0.0036448221352103033, 1.5008306481901168, -0.0033766230161081877, 0.007021445151318491, 0.0, 5.9190000000000005, 0.331915339273007, 2708.6928464705306, 646.6527837501619, 3474.5104366925552, 0.7795897856185405
0.0017, 0.28961030804304444, 4.0584510488433315E-4, 31.68799077124302, 19.1348601990055, 20.90269570137216, 0.004377159208840192, 1.5030387033732295, -0.0035630577486152858, 0.007940216957455478, 0.0, 5.9190000000000005, 0.35266004797756995, 2708.6928464705306, 646.6527837501619, 3474.5104366925552, 0.7795897856185405
0.0018, 0.3051140256738693, 4.297183463481176E-4, 33.72413094093885, 18.695776109969934, 21.721138061875077, 0.005157906251219491, 1.5009359197627083, -0.003748087361811589, 0.00890599361303108, 0.0, 5.9190000000000005, 0.37340475668213285, 2708.6928464705306, 646.6527837501619, 3474.5104366925552, 0.7795897856185405
0.0019, 0.31557849216488826, 4.535915878119019E-4, 35.80038298063878, 22.46905725714923, 22.599767881570543, 0.005987687962880125, 1.5047745454634662, -0.003931790000723226, 0.009919477963603351, 0.0, 5.9190000000000005, 0.3941494653866958, 2708.6928464705306, 646.6527837501619, 3474.5104366925552, 0.7795897856185405
0.002, 0.3339395635688934, 4.7746482927568624E-4, 37.94171803280611, 26.414867642018823, 23.557899084034403, 0.006867767658707608, 1.5091106813216617, -0.004114235572503025, 0.010982003231210633, 0.0, 5.9190000000000005, 0.4148941740912587, 2708.6928464705306, 646.6527837501619, 3474.5104366925552, 0.7795897856185405
0.0021, 0.34199678136105793, 5.013380707394704E-4, 40.16891741099779, 27.310345870667888, 24.61064134485818, 0.007799956107030456, 1.5060070806453905, -0.0042954869843524115, 0.012095443091382867, 0.0, 5.9190000000000005, 0.4356388827958216, 2708.6928464705306, 646.6527837501619, 3474.5104366925552, 0.7795897856185405
0.0022, 0.363729707991004, 5.252113122032547E-4, 42.49801752688815, 10.968368240477627, 25.768552185052798, 0.0087865044446441, 1.4957054701607522, -0.0044756011451519695, 0.01326210558979607, 0.0, 5.9190000000000005, 0.4563835915003845, 2708.6928464705306, 646.6527837501619, 3474.5104366925552, 0.7795897856185405
0.0023, 0.37011421650144843, 5.490845536670391E-4, 44.93996486465517, 24.022578079527673, 27.037464575183726, 0.009829986380968353, 1.4994861628836256, -0.004654629784629776, 0.014484616165598128, 0.0, 5.9190000000000005, 0.4771283002049474, 2708.6928464705306, 646.6527837501619, 3474.5104366925552, 0.7795897856185405
0.0024, 0.3744519692291772, 5.729577951308231E-4, 47.50046419060183, 22.16080051743042, 28.418474908981082, 0.010933174505507268, 1.4990325231431014, -0.004832620129818146, 0.015765794635325413, 0.0, 5.9190000000000005, 0.4978730089095103, 2708.6928464705306, 646.6527837501619, 3474.5104366925552, 0.7795897856185405
0.0025, 0.383941726192046, 5.968310365946075E-4, 50.18000304508858, 31.581311238994708, 29.908076205181445, 0.012098915109631694, 1.5048751445423423, -0.005009615468588517, 0.01710853057822021, 0.0, 5.9190000000000005, 0.5186177176140732, 2708.6928464705306, 646.6527837501619, 3474.5104366925552, 0.7795897856185405
0.0026, 0.3912252127177006, 6.207042780583919E-4, 52.97403546728055, 31.56295876922771, 31.498421396346767, 0.013330005527759217, 1.5041700030484781, -0.005185655622889315, 0.01851566115064853, 0.0, 5.9190000000000005, 0.5393624263186361, 2708.6928464705306, 646.6527837501619, 3474.5104366925552, 0.7795897856185405
0.0027, 0.40114076738144033, 6.445775195221761E-4, 55.87330783583894, 50.01510507644598, 33.17770156341541, 0.01462907759513051, 1.5188677342261325, -0.005360777349080229, 0.01998985494421074, 0.0, 5.9190000000000005, 0.560107135023199, 2708.6928464705306, 646.6527837501619, 3474.5104366925552, 0.7795897856185405
0.0028, 0.41060843951213777, 6.684507609859605E-4, 58.86430966093157, 31.475312053587484, 34.93062397472809, 0.01599849041014137, 1.5023599923263973, -0.005535014678884134, 0.021533505089025504, 0.0, 5.9190000000000005, 0.5808518437277619, 2708.6928464705306, 646.6527837501619, 3474.5104366925552, 0.7795897856185405
0.0029, 0.4232844051892553, 6.923240024497446E-4, 61.92983212860064, 49.49880369988016, 36.73897478829007, 0.017440235178984034, 1.515522688061029, -0.005708399211575585, 0.02314863439055962, 0.0, 5.9190000000000005, 0.6015965524323248, 2708.6928464705306, 646.6527837501619, 3474.5104366925552, 0.7795897856185405
0.003, 0.42891271531528713, 7.161972439135289E-4, 65.04961717351408, 43.16596409518156, 38.582251276009586, 0.018955854509443256, 1.5155772482653806, -0.005880960365824366, 0.02483681487526762, 0.0, 5.9190000000000005, 0.6223412611368877, 2708.6928464705306, 646.6527837501619, 3474.5104366925552, 0.7795897856185405
0.0031, 0.44037055393022695, 7.400704853773128E-4, 68.20107983768018, 42.96545333901395, 40.43834842866934, 0.020546378109266187, 1.5099403866759347, -0.0060527255979264645, 0.02659910370719265, 0.0, 5.9190000000000005, 0.6430859698414505, 2708.6928464705306, 646.6527837501619, 3474.5104366925552, 0.7795897856185405
0.0032, 0.4381087371953089, 7.639437268410973E-4, 71.36008665894335, 46.87333464990789, 42.284284800377975, 0.022212276432725303, 1.515572471643495, -0.006223720591850007, 0.02843599702457531, 0.0, 5.9190000000000005, 0.6638306785460134, 2708.6928464705306, 646.6527837501619, 3474.5104366925552, 0.7795897856185405
0.0033, 0.4489511363762307, 7.878169683048817E-4, 74.50177282271005, 50.74096029546694, 44.09695245124962, 0.023953433406898154, 1.5165947225711252, -0.006393969425504765, 0.03034740283240292, 0.0, 5.9190000000000005, 0.6845753872505763, 2708.6928464705306, 646.6527837501619, 3474.5104366925552, 0.7795897856185405
0.0034, 0.4696498880873034, 8.116902097686655E-4, 77.6013808024828, 42.13228537468043, 45.85387584707604, 0.025769138956884888, 1.503737107334492, -0.006563494716841305, 0.03233263367372619, 0.0, 5.9190000000000005, 0.7053200959551392, 2708.6928464705306, 646.6527837501619, 3474.5104366925552, 0.7795897856185405
0.0035, 0.4678351291649398, 8.355634512324502E-4, 80.63510320867206, 57.055550580633344, 47.53396457471868, 0.027658101636709728, 1.5216840224565071, -0.006732317752748799, 0.034390419389458526, 0.0, 5.9190000000000005, 0.7260648046597021, 2708.6928464705306, 646.6527837501619, 3474.5104366925552, 0.7795897856185405
0.0036, 0.46626394250834013, 8.594366926962345E-4, 83.5809125605337, 41.800019908184304, 49.118244731988824, 0.029618481260053085, 1.5019694801454828, -0.006900458603211013, 0.0365189398632641, 0.0, 5.9190000000000005, 0.746809513364265, 2708.6928464705306, 646.6527837501619, 3474.5104366925552, 0.7795897856185405
0.0037, 0.465186497969683, 8.833099341600185E-4, 86.41936069233824, 47.81479987169969, 50.59055385076044, 0.03164794101226508, 1.5141884078598495, -0.007067936222769608, 0.03871587723503468, 0.0, 5.9190000000000005, 0.767554222068828, 2708.6928464705306, 646.6527837501619, 3474.5104366925552, 0.7795897856185405
0.0038, 0.49148757345559246, 9.071831756238029E-4, 89.13433050206693, 39.55936467539373, 51.93818421206879, 0.0337437181123271, 1.4928591880129956, -0.007234768541011389, 0.04097848665333849, 0.0, 5.9190000000000005, 0.7882989307733909, 2708.6928464705306, 646.6527837501619, 3474.5104366925552, 0.7795897856185405
0.0039, 0.4890363348118517, 9.310564170875872E-4, 91.71372274858963, 41.775509438776666, 53.15245941193274, 0.035902711680598456, 1.4951313323293909, -0.007400972543524751, 0.04330368422412321, 0.0, 5.9190000000000005, 0.8090436394779537, 2708.6928464705306, 646.6527837501619, 3474.5104366925552, 0.7795897856185405
0.004, 0.4774668786817765, 9.549296585513715E-4, 94.15006060151103, 64.87065047056603, 54.229229036675974, 0.03812158605529382, 1.5261344312902188, -0.007566564344548088, 0.045688150399841906, 0.0, 5.9190000000000005, 0.8297883481825167, 2708.6928464705306, 646.6527837501619, 3474.5104366925552, 0.7795897856185405
0.0041, 0.49886987152205436, 9.788029000151557E-4, 96.44099464634402, 56.534990641236384, 55.16926630646674, 0.040396887387709725, 1.5064702250593462, -0.007731559252349385, 0.04812844664005911, 0.0, 5.9190000000000005, 0.8505330568870797, 2708.6928464705306, 646.6527837501619, 3474.5104366925552, 0.7795897856185405
0.0042, 0.5079323532923727, 0.0010026761414789404, 98.58969104659384, 51.85603239602289, 55.9785535458559, 0.042725170933266055, 1.50591318739778, -0.007895971828223965, 0.05062114276149002, 0.0, 5.9190000000000005, 0.8712777655916426, 2708.6928464705306, 646.6527837501619, 3474.5104366925552, 0.7795897856185405
0.0043, 0.5038738854081855, 0.0010265493829427243, 100.6050855632322, 47.38382572400452, 56.66844034003623, 0.04510313604244333, 1.4968114285759209, -0.008059815939870624, 0.05316295198231395, 0.0, 5.9190000000000005, 0.8920224742962056, 2708.6928464705306, 646.6527837501619, 3474.5104366925552, 0.7795897856185405
0.0044, 0.5002057171004697, 0.0010504226244065088, 102.5019861314465, 49.561098462481326, 57.25565923559634, 0.04752776544269041, 1.5085989302141092, -0.008223104809800184, 0.05575087025249059, 0.0, 5.9190000000000005, 0.9127671830007686, 2708.6928464705306, 646.6527837501619, 3474.5104366925552, 0.7795897856185405
0.0045, 0.5152342804401692, 0.001074295865870293, 104.30100669371667, 46.29082447416763, 57.76218384452068, 0.04999646498936082, 1.4959334747574289, -0.008385851059341297, 0.058382316048702115, 0.0, 5.9190000000000005, 0.9335118917053317, 2708.6928464705306, 646.6527837501619, 3474.5104366925552, 0.7795897856185405
0.0046, 0.4761011570824714, 0.001098169107334078, 106.02831498788349, 37.834285268478716, 58.21491421013502, 0.052507199650705105, 1.48130909387086, -0.0085480667487329, 0.06105526639943801, 0.0, 5.9190000000000005, 0.9542566004098946, 2708.6928464705306, 646.6527837501619, 3474.5104366925552, 0.7795897856185405
0.0047, 0.5139212650008896, 0.001122042348797862, 107.71517698837673, 73.42495084456318, 58.64517429383682, 0.055058621078896225, 1.526474298326979, -0.008709763413728974, 0.0637683844926252, 0.0, 5.9190000000000005, 0.9750013091144576, 2708.6928464705306, 646.6527837501619, 3474.5104366925552, 0.7795897856185405
0.0048, 0.475272655383555, 0.0011459155902616468, 109.39728069842783, 72.18876858027635, 59.088006441289735, 0.05765018170599693, 1.5265108572346784, -0.008870952099086745, 0.06652113380508368, 0.0, 5.9190000000000005, 0.9957460178190206, 2708.6928464705306, 646.6527837501619, 3474.5104366925552, 0.7795897856185405
0.0049, 0.5259945808007788, 0.0011697888317254304, 111.11382199074227, 57.04867644049146, 59.58124768684502, 0.06028222989075627, 1.5026964412793637, -0.009031643389263154, 0.06931387328001942, 0.0, 5.9190000000000005, 1.0164907265235836, 2708.6928464705306, 646.6527837501619, 3474.5104366925552, 0.7795897856185405
0.005, 0.47890590768461244, 0.0011936620731892152, 112.9063351939666, 71.55864439003584, 60.164372754965825, 0.0629560802289996, 1.5148077750325437, -0.009191847436604592, 0.07214792766560418, 0.0, 5.9190000000000005, 1.0372354352281465, 2708.6928464705306, 646.6527837501619, 3474.5104366925552, 0.7795897856185405
0.0051, 0.5121759760762089, 0.0012175353146529997, 114.81725112188093, 62.13860015291433, 60.877088617388836, 0.06567405272733709, 1.5065930182882206, -0.009351573987280676, 0.07502562671461777, 0.0, 5.9190000000000005, 1.0579801439327094, 2708.6928464705306, 646.6527837501619, 3474.5104366925552, 0.7795897856185405
0.0052, 0.49181831935226783, 0.0012414085561167842, 116.88816524231342, 76.91207566553997, 61.75766546476825, 0.06843947412683811, 1.5269960634046233, -0.009510832405183292, 0.0779503065320214, 0.0, 5.9190000000000005, 1.0787248526372726, 2708.6928464705306, 646.6527837501619, 3474.5104366925552, 0.7795897856185405
0.0053, 0.523244101387999, 0.0012652817975805685, 119.15779868235451, 62.662581768011556, 62.84098895154375, 0.07125663425019246, 1.508994806046483, -0.009669631693986708, 0.08092626594417918, 0.0, 5.9190000000000005, 1.0994695613418355, 2708.6928464705306, 646.6527837501619, 3474.5104366925552, 0.7795897856185405
0.0054, 0.49033449502271453, 0.0012891550390443521, 121.6596347665398, 46.689955506421306, 64.15631857284097, 0.07413068983285806, 1.4829996812588195, -0.009827980517542224, 0.08395867035040028, 0.0, 5.9190000000000005, 1.1202142700463984, 2708.6928464705306, 646.6527837501619, 3474.5104366925552, 0.7795897856185405
0.0055, 0.5081445063743065, 0.0013130282805081366, 124.4192137844531, 85.17399171749773, 65.72473703203377, 0.07706750788554688, 1.532615095711773, -0.009985887218761662, 0.08705339510430854, 0.0, 5.9190000000000005, 1.1409589787509615, 2708.6928464705306, 646.6527837501619, 3474.5104366925552, 0.7795897856185405
0.0056, 0.4991696996953253, 0.0013369015219719213, 127.45106868412633, 87.47390892900897, 67.55627545790594, 0.0800734402223294, 1.535150290527913, -0.010143359837127136, 0.09021680005945654, 0.0, 5.9190000000000005, 1.1617036874555244, 2708.6928464705306, 646.6527837501619, 3474.5104366925552, 0.7795897856185405
0.0057, 0.47776463932722135, 0.0013607747634357059, 130.75528438748827, 66.85717371844736, 69.6466993299482, 0.08315502037556209, 1.5147550852163034, -0.010300406124949774, 0.09345542650051186, 0.0, 5.9190000000000005, 1.1824483961600873, 2708.6928464705306, 646.6527837501619, 3474.5104366925552, 0.7795897856185405
0.0058, 0.4706900953562498, 0.00138464800489949, 134.31366342405818, 50.546085540119776, 71.97393997066865, 0.0863185737057133, 1.476414345047757, -0.010457033562487143, 0.09677560726820045, 0.0, 5.9190000000000005, 1.2031931048646505, 2708.6928464705306, 646.6527837501619, 3474.5104366925552, 0.7795897856185405
0.0059, 0.4800350193045129, 0.0014085212463632744, 138.08548057926492, 74.92654444365563, 74.494156463742, 0.08956973110107727, 1.5186201019240817, -0.010613249372017875, 0.10018298047309515, 0.0, 5.9190000000000005, 1.2239378135692134, 2708.6928464705306, 646.6527837501619, 3474.5104366925552, 0.7795897856185405
0.006, 0.46725701150910565, 0.0014323944878270583, 142.00280925314388, 98.23569673390813, 77.13741285647848, 0.09291283624929682, 1.5554227489080203, -0.010769060530961808, 0.10368189678025863, 0.0, 5.9190000000000005, 1.2446825222737763, 2708.6928464705306, 646.6527837501619, 3474.5104366925552, 0.7795897856185405
0.0061, 0.468324799093128, 0.0014562677292908432, 145.96540222576863, 56.13892794890053, 79.80295550563642, 0.09635023604944765, 1.4830589045135945, -0.010924473784125253, 0.1072747098335729, 0.0, 5.9190000000000005, 1.2654272309783394, 2708.6928464705306, 646.6527837501619, 3474.5104366925552, 0.7795897856185405
0.0062, 0.45088619886338155, 0.0014801409707546273, 149.83510952537077, 80.45344388381012, 82.35407542530083, 0.09988144332037907, 1.5181644409585424, -0.011079495655143108, 0.11096093897552217, 0.0, 5.9190000000000005, 1.2861719396829023, 2708.6928464705306, 646.6527837501619, 3474.5104366925552, 0.7795897856185405
0.0063, 0.4613007352528836, 0.0015040142122184116, 153.4298160949297, 83.1015904754502, 84.61254049530544, 0.10350216054797237, 1.525645743701297, -0.011234132457182605, 0.11473629300515498, 0.0, 5.9190000000000005, 1.3069166483874652, 2708.6928464705306, 646.6527837501619, 3474.5104366925552, 0.7795897856185405
0.0064, 0.4521869228484836, 0.0015278874536821963, 156.51688195359685, 71.38071799229706, 86.35258238931783, 0.10720315300067378, 1.5056455880845854, -0.011388390302967297, 0.11859154330364108, 0.0, 5.9190000000000005, 1.3276613570920284, 2708.6928464705306, 646.6527837501619, 3474.5104366925552, 0.7795897856185405
0.0065, 0.43947885162027994, 0.0015517606951459808, 158.80606754852926, 85.5704709218358, 87.29442308108992, 0.1109689591298118, 1.5355830817357852, -0.011542275114174438, 0.12251123424398624, 0.0, 5.9190000000000005, 1.3484060657965913, 2708.6928464705306, 646.6527837501619, 3474.5104366925552, 0.7795897856185405
0.0066, 0.4525592044029543, 0.0015756339366097647, 159.94192699304708, 89.47159968922017, 87.0973257877231, 0.11477642575789201, 1.5191047392412433, -0.011695792630253918, 0.12647221838814593, 0.0, 5.9190000000000005, 1.3691507745011542, 2708.6928464705306, 646.6527837501619, 3474.5104366925552, 0.7795897856185405
0.0067, 0.4286910291421759, 0.0015995071780735492, 159.49565188738663, 107.40440300186408, 85.35215520866404, 0.11859305514506886, 1.5624052547930036, -0.011848948416712617, 0.13044200356178148, 0.0, 5.9190000000000005, 1.3898954832057173, 2708.6928464705306, 646.6527837501619, 3474.5104366925552, 0.7795897856185405
0.0068, 0.4191422142716138, 0.0016233804195373337, 156.9563484174414, 75.5724969316588, 81.57343191919063, 0.1223751506108247, 1.4837064202594252, -0.012001747872904098, 0.1343768984837288, 0.0, 5.9190000000000005, 1.4106401919102802, 2708.6928464705306, 646.6527837501619, 3474.5104366925552, 0.7795897856185405
