This fits B3 to B3 into the virial expansion since maxPower is set to 1.
Number of particles: 108
dryVolFracMax: 0.007
dryVolFracIncrement: 1.0E-4
Initial configuration: FCC
Dry microgel radius [nm]: 50.0
Box length [units of dry radius]: 40.130210850472906
Number of monomers: 2916666.666666667
Number of chains: 204.16666666666666
Flory interaction parameter (chi): 0.0
Young's calibration factor: 1.0
x-link fraction: 7.0E-5
MC steps: 100000
Equilibration steps: 10000.0
Snapshot interval: 100
Displacement tolerance: 0.1
Particle radius change tolerance: 0.0
Particle radius bin width: 0.001
g(r) bin width: 0.005
phi0, phi, rho, mu/kT, Z_measured, Z_virial_Fit, <F_total>/V, QMelting, <F_id>/V, <F_ex>/V, <F_FR>/V, <alpha>, Zeta, B2_rho, B2_phi0, B2_HS, B2*
2.0E-4, 0.040524620791356, 4.774648292756861E-5, -9.508136166220565, 1.835830204332593, 1.2310789876937758, -5.12759753001857E-4, 1.500527946367416, -5.213638970822166E-4, 8.60414408035953E-6, 0.0, 5.9190000000000005, 0.041489417409125866, 2708.6928464705306, 646.6527837501619, 3474.5104366925552, 0.7795897856185405
3.0E-4, 0.0606284771037799, 7.161972439135293E-5, -8.782562193342848, 2.5333595783456913, 1.422929804748471, -7.309145241814578E-4, 1.500781533343344, -7.530065463303081E-4, 2.2092022148850263E-5, 0.0, 5.9190000000000005, 0.062234126113688795, 2708.6928464705306, 646.6527837501619, 3474.5104366925552, 0.7795897856185405
4.0E-4, 0.07994678707858965, 9.549296585513724E-5, -8.098459932913709, 8.120890126298793, 1.6656548372750382, -9.324042783552749E-4, 1.5014762050908685, -9.765371141186377E-4, 4.413283576336282E-5, 0.0, 5.9190000000000005, 0.08297883481825173, 2708.6928464705306, 646.6527837501619, 3474.5104366925552, 0.7795897856185405
5.0E-4, 0.09987640654849075, 1.1936620731892148E-4, -7.402584870414334, 6.539105444407143, 1.9592540852734759, -0.0011174872096709866, 1.5020285237026791, -0.0011940355932402447, 7.654838356925793E-5, 0.0, 5.9190000000000005, 0.10372354352281465, 2708.6928464705306, 646.6527837501619, 3474.5104366925552, 0.7795897856185405
6.0E-4, 0.11803222258726985, 1.4323944878270585E-4, -6.671220479227404, 10.622144560886527, 2.3037275487437867, -0.0012855666083800262, 1.502507468880034, -0.001406727072591923, 1.2116046421189681E-4, 0.0, 5.9190000000000005, 0.12446825222737759, 2708.6928464705306, 646.6527837501619, 3474.5104366925552, 0.7795897856185405
7.0E-4, 0.13551235213844923, 1.6711269024649017E-4, -5.891715641799366, 9.953824837462914, 2.699075227685969, -0.0014356301735446784, 1.5024268616788496, -0.0016154210498813184, 1.7979087633664007E-4, 0.0, 5.9190000000000005, 0.14521296093194053, 2708.6928464705306, 646.6527837501619, 3474.5104366925552, 0.7795897856185405
8.0E-4, 0.15306908571232855, 1.9098593171027449E-4, -5.056518768366255, 8.113520613493872, 3.1452971221000228, -0.001566431449556836, 1.5026124659893656, -0.0018206928681456847, 2.542614185888486E-4, 0.0, 5.9190000000000005, 0.16595766963650346, 2708.6928464705306, 646.6527837501619, 3474.5104366925552, 0.7795897856185405
9.0E-4, 0.16989907357833206, 2.148591731740588E-4, -4.1607589286934745, 17.471994324560256, 3.642393231985948, -0.001676578821394951, 1.5051944830213901, -0.0020229727110088343, 3.463938896138834E-4, 0.0, 5.9190000000000005, 0.1867023783410664, 2708.6928464705306, 646.6527837501619, 3474.5104366925552, 0.7795897856185405
0.001, 0.18874101167618912, 2.38732414637843E-4, -3.2011102858114473, 15.33567016115473, 4.190363557343742, -0.0017645843983088967, 1.505726238009447, -0.0022225944863660013, 4.580100880571047E-4, 0.0, 5.9190000000000005, 0.20744708704562936, 2708.6928464705306, 646.6527837501619, 3474.5104366925552, 0.7795897856185405
0.0011, 0.20241234930489585, 2.626056561016274E-4, -2.175200655575109, 23.249991709216904, 4.789208098173414, -0.0018288931301380477, 1.5083894652117273, -0.0024198249427019227, 5.909318125638749E-4, 0.0, 5.9190000000000005, 0.2281917957501923, 2708.6928464705306, 646.6527837501619, 3474.5104366925552, 0.7795897856185405
0.0012, 0.21763597283970743, 2.864788975654117E-4, -1.0812785049456615, 12.067465234180206, 5.438926854474953, -0.0018679012432669068, 1.5060568910507495, -0.00261488210504646, 7.469808617795533E-4, 0.0, 5.9190000000000005, 0.24893650445475524, 2708.6928464705306, 646.6527837501619, 3474.5104366925552, 0.7795897856185405
0.0013, 0.23468631200179346, 3.10352139029196E-4, 0.08198629957550096, 19.582991435343782, 6.139519826248364, -0.0018799684872439926, 1.5073626027676532, -0.002807947521593494, 9.279790343495012E-4, 0.0, 5.9190000000000005, 0.26968121315931814, 2708.6928464705306, 646.6527837501619, 3474.5104366925552, 0.7795897856185405
0.0014, 0.2538036736555633, 3.342253804929803E-4, 1.3156276917846528, 15.34827343284294, 6.890987013493648, -0.001863426590683273, 1.5064653536908519, -0.002999174719602353, 0.0011357481289190798, 0.0, 5.9190000000000005, 0.2904259218638811, 2708.6928464705306, 646.6527837501619, 3474.5104366925552, 0.7795897856185405
0.0015, 0.2653891814368784, 3.580986219567647E-4, 2.62046530653485, 23.917470875873104, 7.6933284162108055, -0.0018165852889502673, 1.5103652844852027, -0.003188695233083918, 0.0013721099441336509, 0.0, 5.9190000000000005, 0.3111706305684441, 2708.6928464705306, 646.6527837501619, 3474.5104366925552, 0.7795897856185405
0.0016, 0.2789258729472154, 3.8197186342054886E-4, 3.9971598941434605, 13.706702418716887, 8.546544034399828, -0.0017377367374696157, 1.5062132070627967, -0.0033766230161081877, 0.001638886278638572, 0.0, 5.9190000000000005, 0.331915339273007, 2708.6928464705306, 646.6527837501619, 3474.5104366925552, 0.7795897856185405
0.0017, 0.28961030804304444, 4.0584510488433315E-4, 5.446251905638751, 19.1348601990055, 9.450633868060724, -0.0016251588175360786, 1.5090410213996057, -0.0035630577486152858, 0.0019378989310792072, 0.0, 5.9190000000000005, 0.35266004797756995, 2708.6928464705306, 646.6527837501619, 3474.5104366925552, 0.7795897856185405
0.0018, 0.3051140256738693, 4.297183463481176E-4, 6.968189032365372, 18.695776109969934, 10.4055979171935, -0.0014771176617106702, 1.5075709436756384, -0.003748087361811589, 0.002270969700100919, 0.0, 5.9190000000000005, 0.37340475668213285, 2708.6928464705306, 646.6527837501619, 3474.5104366925552, 0.7795897856185405
0.0019, 0.31557849216488826, 4.535915878119019E-4, 8.563346289730118, 22.46905725714923, 11.411436181798141, -0.0012918696163741628, 1.5120541030427206, -0.003931790000723226, 0.0026399203843490635, 0.0, 5.9190000000000005, 0.3941494653866958, 2708.6928464705306, 646.6527837501619, 3474.5104366925552, 0.7795897856185405
0.002, 0.3339395635688934, 4.7746482927568624E-4, 10.23204094341995, 26.414867642018823, 12.468148661874656, -0.00106766279003402, 1.5170461117704033, -0.004114235572503025, 0.003046572782469005, 0.0, 5.9190000000000005, 0.4148941740912587, 2708.6928464705306, 646.6527837501619, 3474.5104366925552, 0.7795897856185405
0.0021, 0.34199678136105793, 5.013380707394704E-4, 11.974543790099453, 27.310345870667888, 13.575735357423035, -8.027382912463117E-4, 1.5146097750436671, -0.0042954869843524115, 0.0034927486931061, 0.0, 5.9190000000000005, 0.4356388827958216, 2708.6928464705306, 646.6527837501619, 3474.5104366925552, 0.7795897856185405
0.0022, 0.363729707991004, 5.252113122032547E-4, 13.79108781145224, 10.968368240477627, 14.73419626844329, -4.95331230246256E-4, 1.5049873058356424, -0.0044756011451519695, 0.0039802699149057135, 0.0, 5.9190000000000005, 0.4563835915003845, 2708.6928464705306, 646.6527837501619, 3474.5104366925552, 0.7795897856185405
0.0023, 0.37011421650144843, 5.490845536670391E-4, 15.681874902948781, 24.022578079527673, 15.943531394935423, -1.4367153811656753E-4, 1.5094598208027106, -0.004654629784629776, 0.004510958246513208, 0.0, 5.9190000000000005, 0.4771283002049474, 2708.6928464705306, 646.6527837501619, 3474.5104366925552, 0.7795897856185405
0.0024, 0.3744519692291772, 5.729577951308231E-4, 17.64708116950106, 22.16080051743042, 17.203740736899405, 2.5401535675578617E-4, 1.509711682291853, -0.004832620129818146, 0.005086635486573932, 0.0, 5.9190000000000005, 0.4978730089095103, 2708.6928464705306, 646.6527837501619, 3474.5104366925552, 0.7795897856185405
0.0025, 0.383941726192046, 5.968310365946075E-4, 19.686861139362634, 31.581311238994708, 18.51482429433528, 6.995079651447491E-4, 1.5162745516868292, -0.005009615468588517, 0.005709123433733266, 0.0, 5.9190000000000005, 0.5186177176140732, 2708.6928464705306, 646.6527837501619, 3474.5104366925552, 0.7795897856185405
0.0026, 0.3912252127177006, 6.207042780583919E-4, 21.80135115106505, 31.56295876922771, 19.876782067243028, 0.0011945882637472488, 1.5163054203124902, -0.005185655622889315, 0.0063802438866365635, 0.0, 5.9190000000000005, 0.5393624263186361, 2708.6928464705306, 646.6527837501619, 3474.5104366925552, 0.7795897856185405
0.0027, 0.40114076738144033, 6.445775195221761E-4, 23.990672100804815, 50.01510507644598, 21.289614055622636, 0.0017410412948489452, 1.531755770526414, -0.005360777349080229, 0.007101818643929174, 0.0, 5.9190000000000005, 0.560107135023199, 2708.6928464705306, 646.6527837501619, 3474.5104366925552, 0.7795897856185405
0.0028, 0.41060843951213777, 6.684507609859605E-4, 26.254931689940435, 31.475312053587484, 22.75332025947413, 0.002340654825372341, 1.5160178279111662, -0.005535014678884134, 0.007875669504256475, 0.0, 5.9190000000000005, 0.5808518437277619, 2708.6928464705306, 646.6527837501619, 3474.5104366925552, 0.7795897856185405
0.0029, 0.4232844051892553, 6.923240024497446E-4, 28.594226277924236, 49.49880369988016, 24.267900678797478, 0.0029952190546882283, 1.529967704185325, -0.005708399211575585, 0.008703618266263813, 0.0, 5.9190000000000005, 0.6015965524323248, 2708.6928464705306, 646.6527837501619, 3474.5104366925552, 0.7795897856185405
0.003, 0.42891271531528713, 7.161972439135289E-4, 31.008642420980262, 43.16596409518156, 25.833355313592705, 0.0037065263627721933, 1.5308265764120517, -0.005880960365824366, 0.009587486728596559, 0.0, 5.9190000000000005, 0.6223412611368877, 2708.6928464705306, 646.6527837501619, 3474.5104366925552, 0.7795897856185405
0.0031, 0.44037055393022695, 7.400704853773128E-4, 33.498258158391366, 42.96545333901395, 27.44968416385977, 0.004476371091973586, 1.5260103936932274, -0.0060527255979264645, 0.01052909668990005, 0.0, 5.9190000000000005, 0.6430859698414505, 2708.6928464705306, 646.6527837501619, 3474.5104366925552, 0.7795897856185405
0.0032, 0.4381087371953089, 7.639437268410973E-4, 36.063144094501936, 46.87333464990789, 29.11688722959876, 0.005306549356969691, 1.5324781987192506, -0.006223720591850007, 0.011530269948819697, 0.0, 5.9190000000000005, 0.6638306785460134, 2708.6928464705306, 646.6527837501619, 3474.5104366925552, 0.7795897856185405
0.0033, 0.4489511363762307, 7.878169683048817E-4, 38.703364314172475, 50.74096029546694, 30.83496451080961, 0.0061988588784960596, 1.5343492970995274, -0.006393969425504765, 0.012592828304000825, 0.0, 5.9190000000000005, 0.6845753872505763, 2708.6928464705306, 646.6527837501619, 3474.5104366925552, 0.7795897856185405
0.0034, 0.4696498880873034, 8.116902097686655E-4, 41.41897716153369, 42.13228537468043, 32.603916007492295, 0.00715509883724747, 1.5223511474541296, -0.006563494716841305, 0.013718593554088774, 0.0, 5.9190000000000005, 0.7053200959551392, 2708.6928464705306, 646.6527837501619, 3474.5104366925552, 0.7795897856185405
0.0035, 0.4678351291649398, 8.355634512324502E-4, 44.21003590582636, 57.055550580633344, 34.4237417196469, 0.008177069744980173, 1.5411650543482367, -0.006732317752748799, 0.014909387497728972, 0.0, 5.9190000000000005, 0.7260648046597021, 2708.6928464705306, 646.6527837501619, 3474.5104366925552, 0.7795897856185405
0.0036, 0.46626394250834013, 8.594366926962345E-4, 47.07658931342024, 41.800019908184304, 36.29444164727336, 0.009266573330355705, 1.5223213880751802, -0.006900458603211013, 0.01616703193356672, 0.0, 5.9190000000000005, 0.746809513364265, 2708.6928464705306, 646.6527837501619, 3474.5104366925552, 0.7795897856185405
0.0037, 0.465186497969683, 8.833099341600185E-4, 50.01868214144334, 47.81479987169969, 38.21601579037167, 0.010425412437477778, 1.5354109364346367, -0.007067936222769608, 0.017493348660247387, 0.0, 5.9190000000000005, 0.767554222068828, 2708.6928464705306, 646.6527837501619, 3474.5104366925552, 0.7795897856185405
0.0038, 0.49148757345559246, 9.071831756238029E-4, 53.036355565568314, 39.55936467539373, 40.188464148941875, 0.011655390935404979, 1.5149475151899177, -0.007234768541011389, 0.01889015947641637, 0.0, 5.9190000000000005, 0.7882989307733909, 2708.6928464705306, 646.6527837501619, 3474.5104366925552, 0.7795897856185405
0.0039, 0.4890363348118517, 9.310564170875872E-4, 56.129647552222195, 41.775509438776666, 42.211786722983945, 0.012958313637194237, 1.518075730372795, -0.007400972543524751, 0.02035928618071899, 0.0, 5.9190000000000005, 0.8090436394779537, 2708.6928464705306, 646.6527837501619, 3474.5104366925552, 0.7795897856185405
0.004, 0.4774668786817765, 9.549296585513715E-4, 59.29859318366491, 64.87065047056603, 44.28598351249789, 0.014335986227252535, 1.54992003111826, -0.007566564344548088, 0.021902550571800624, 0.0, 5.9190000000000005, 0.8297883481825167, 2708.6928464705306, 646.6527837501619, 3474.5104366925552, 0.7795897856185405
0.0041, 0.49886987152205436, 9.788029000151557E-4, 62.54322494292149, 56.534990641236384, 46.41105451748369, 0.015790215195957247, 1.5310768972510986, -0.007731559252349385, 0.02352177444830663, 0.0, 5.9190000000000005, 0.8505330568870797, 2708.6928464705306, 646.6527837501619, 3474.5104366925552, 0.7795897856185405
0.0042, 0.5079323532923727, 0.0010026761414789404, 65.86357296437464, 51.85603239602289, 48.58699973794142, 0.017322807780658436, 1.5313155505503877, -0.007895971828223965, 0.025218779608882403, 0.0, 5.9190000000000005, 0.8712777655916426, 2708.6928464705306, 646.6527837501619, 3474.5104366925552, 0.7795897856185405
0.0043, 0.5038738854081855, 0.0010265493829427243, 69.25966525486663, 47.38382572400452, 50.81381917387094, 0.01893557191230259, 1.5229789927060617, -0.008059815939870624, 0.026995387852173213, 0.0, 5.9190000000000005, 0.8920224742962056, 2708.6928464705306, 646.6527837501619, 3474.5104366925552, 0.7795897856185405
0.0044, 0.5002057171004697, 0.0010504226244065088, 72.73152788938101, 49.561098462481326, 53.09151282527239, 0.020630316167024345, 1.5354963794897754, -0.008223104809800184, 0.02885342097682453, 0.0, 5.9190000000000005, 0.9127671830007686, 2708.6928464705306, 646.6527837501619, 3474.5104366925552, 0.7795897856185405
0.0045, 0.5152342804401692, 0.001074295865870293, 76.27918518473054, 46.29082447416763, 55.42008069214569, 0.02240884972214035, 1.5235210900246494, -0.008385851059341297, 0.030794700781481648, 0.0, 5.9190000000000005, 0.9335118917053317, 2708.6928464705306, 646.6527837501619, 3474.5104366925552, 0.7795897856185405
0.0046, 0.4761011570824714, 0.001098169107334078, 79.90265985415468, 37.834285268478716, 57.79952277449093, 0.024272982316057096, 1.5095433112055079, -0.0085480667487329, 0.03282104906479, 0.0, 5.9190000000000005, 0.9542566004098946, 2708.6928464705306, 646.6527837501619, 3474.5104366925552, 0.7795897856185405
0.0047, 0.5139212650008896, 0.001122042348797862, 83.60197314528868, 73.42495084456318, 60.22983907230795, 0.02622452421166584, 1.5553083951942095, -0.008709763413728974, 0.034934287625394814, 0.0, 5.9190000000000005, 0.9750013091144576, 2708.6928464705306, 646.6527837501619, 3474.5104366925552, 0.7795897856185405
0.0048, 0.475272655383555, 0.0011459155902616468, 87.37714496360748, 72.18876858027635, 62.71102958559692, 0.02826528616285484, 1.5558957527778206, -0.008870952099086745, 0.03713623826194159, 0.0, 5.9190000000000005, 0.9957460178190206, 2708.6928464705306, 646.6527837501619, 3474.5104366925552, 0.7795897856185405
0.0049, 0.5259945808007788, 0.0011697888317254304, 91.22819398313878, 57.04867644049146, 65.24309431435763, 0.03039707938381237, 1.5325815917863077, -0.009031643389263154, 0.03942872277307553, 0.0, 5.9190000000000005, 1.0164907265235836, 2708.6928464705306, 646.6527837501619, 3474.5104366925552, 0.7795897856185405
0.005, 0.47890590768461244, 0.0011936620731892152, 95.15513774599286, 71.55864439003584, 67.82603325859034, 0.03262171552083759, 1.5451421397407057, -0.009191847436604592, 0.04181356295744219, 0.0, 5.9190000000000005, 1.0372354352281465, 2708.6928464705306, 646.6527837501619, 3474.5104366925552, 0.7795897856185405
0.0051, 0.5121759760762089, 0.0012175353146529997, 99.1579927520334, 62.13860015291433, 70.45984641829489, 0.03494100662640613, 1.5373260643891515, -0.009351573987280676, 0.04429258061368681, 0.0, 5.9190000000000005, 1.0579801439327094, 2708.6928464705306, 646.6527837501619, 3474.5104366925552, 0.7795897856185405
0.0052, 0.49181831935226783, 0.0012414085561167842, 103.23677453984264, 76.91207566553997, 73.14453379347133, 0.03735676513527148, 1.55807877239619, -0.009510832405183292, 0.046867597540454775, 0.0, 5.9190000000000005, 1.0787248526372726, 2708.6928464705306, 646.6527837501619, 3474.5104366925552, 0.7795897856185405
0.0053, 0.523244101387999, 0.0012652817975805685, 107.39149775997326, 62.662581768011556, 75.8800953841196, 0.03987080384240472, 1.5403806364542707, -0.009669631693986708, 0.049540435536391425, 0.0, 5.9190000000000005, 1.0994695613418355, 2708.6928464705306, 646.6527837501619, 3474.5104366925552, 0.7795897856185405
0.0054, 0.49033449502271453, 0.0012891550390443521, 111.62217624135303, 46.689955506421306, 78.66653119023967, 0.04248493588259984, 1.514645435209078, -0.009827980517542224, 0.052312916400142066, 0.0, 5.9190000000000005, 1.1202142700463984, 2708.6928464705306, 646.6527837501619, 3474.5104366925552, 0.7795897856185405
0.0055, 0.5081445063743065, 0.0013130282805081366, 115.92882305159681, 85.17399171749773, 81.50384121183171, 0.04520097471159057, 1.5644816288857293, -0.009985887218761662, 0.05518686193035223, 0.0, 5.9190000000000005, 1.1409589787509615, 2708.6928464705306, 646.6527837501619, 3474.5104366925552, 0.7795897856185405
0.0056, 0.4991696996953253, 0.0013369015219719213, 120.3114505518829, 87.47390892900897, 84.39202544889565, 0.04802073408854009, 1.5672029966617025, -0.010143359837127136, 0.058164093925667223, 0.0, 5.9190000000000005, 1.1617036874555244, 2708.6928464705306, 646.6527837501619, 3474.5104366925552, 0.7795897856185405
0.0057, 0.47776463932722135, 0.0013607747634357059, 124.7700704469735, 66.85717371844736, 87.33108390143144, 0.05094602805978256, 1.5469640775320828, -0.010300406124949774, 0.06124643418473233, 0.0, 5.9190000000000005, 1.1824483961600873, 2708.6928464705306, 646.6527837501619, 3474.5104366925552, 0.7795897856185405
0.0058, 0.4706900953562498, 0.00138464800489949, 129.30469383088428, 50.546085540119776, 90.32101656943905, 0.053978670943705745, 1.5087542478097644, -0.010457033562487143, 0.06443570450619289, 0.0, 5.9190000000000005, 1.2031931048646505, 2708.6928464705306, 646.6527837501619, 3474.5104366925552, 0.7795897856185405
0.0059, 0.4800350193045129, 0.0014085212463632744, 133.91533122865042, 74.92654444365563, 93.36182345291859, 0.0571204773166765, 1.5510693557084825, -0.010613249372017875, 0.06773372668869437, 0.0, 5.9190000000000005, 1.2239378135692134, 2708.6928464705306, 646.6527837501619, 3474.5104366925552, 0.7795897856185405
0.006, 0.46725701150910565, 0.0014323944878270583, 138.60199263458125, 98.23569673390813, 96.45350455186991, 0.06037326199992019, 1.587962323157397, -0.010769060530961808, 0.071142322530882, 0.0, 5.9190000000000005, 1.2446825222737763, 2708.6928464705306, 646.6527837501619, 3474.5104366925552, 0.7795897856185405
0.0061, 0.468324799093128, 0.0014562677292908432, 143.36468754735498, 56.13892794890053, 99.59605986629323, 0.06373884004727612, 1.515670300515766, -0.010924473784125253, 0.07466331383140137, 0.0, 5.9190000000000005, 1.2654272309783394, 2708.6928464705306, 646.6527837501619, 3474.5104366925552, 0.7795897856185405
0.0062, 0.45088619886338155, 0.0014801409707546273, 148.2034250022569, 80.45344388381012, 102.78948939618833, 0.06721902673375446, 1.5508268575451671, -0.011079495655143108, 0.07829852238889758, 0.0, 5.9190000000000005, 1.2861719396829023, 2708.6928464705306, 646.6527837501619, 3474.5104366925552, 0.7795897856185405
0.0063, 0.4613007352528836, 0.0015040142122184116, 153.11821360084136, 83.1015904754502, 106.03379314155532, 0.07081563754483351, 1.5583322667044357, -0.011234132457182605, 0.08204977000201612, 0.0, 5.9190000000000005, 1.3069166483874652, 2708.6928464705306, 646.6527837501619, 3474.5104366925552, 0.7795897856185405
0.0064, 0.4521869228484836, 0.0015278874536821963, 158.10906153825542, 71.38071799229706, 109.32897110239426, 0.07453048816643511, 1.538318252918824, -0.011388390302967297, 0.08591887846940241, 0.0, 5.9190000000000005, 1.3276613570920284, 2708.6928464705306, 646.6527837501619, 3474.5104366925552, 0.7795897856185405
0.0065, 0.43947885162027994, 0.0015517606951459808, 163.17597662844503, 85.5704709218358, 112.675023278705, 0.07836539447552726, 1.5681866463900695, -0.011542275114174438, 0.0899076695897017, 0.0, 5.9190000000000005, 1.3484060657965913, 2708.6928464705306, 646.6527837501619, 3474.5104366925552, 0.7795897856185405
0.0066, 0.4525592044029543, 0.0015756339366097647, 168.31896632743712, 89.47159968922017, 116.07194967048757, 0.08232217253130537, 1.55155899246783, -0.011695792630253918, 0.09401796516155929, 0.0, 5.9190000000000005, 1.3691507745011542, 2708.6928464705306, 646.6527837501619, 3474.5104366925552, 0.7795897856185405
0.0067, 0.4286910291421759, 0.0015995071780735492, 173.5380377548709, 107.40440300186408, 119.51975027774206, 0.08640263856690812, 1.5945956713711644, -0.011848948416712617, 0.09825158698362074, 0.0, 5.9190000000000005, 1.3898954832057173, 2708.6928464705306, 646.6527837501619, 3474.5104366925552, 0.7795897856185405
0.0068, 0.4191422142716138, 0.0016233804195373337, 178.83319771393317, 75.5724969316588, 123.01842510046845, 0.0906086089816272, 1.5154729618886227, -0.012001747872904098, 0.1026103568545313, 0.0, 5.9190000000000005, 1.4106401919102802, 2708.6928464705306, 646.6527837501619, 3474.5104366925552, 0.7795897856185405
