This fits B3 to B12 into the virial expansion since maxPower is set to 10.
Number of particles: 108
dryVolFracMax: 0.007
dryVolFracIncrement: 1.0E-4
Initial configuration: FCC
Dry microgel radius [nm]: 50.0
Box length [units of dry radius]: 40.130210850472906
Number of monomers: 2916666.666666667
Number of chains: 204.16666666666666
Flory interaction parameter (chi): 0.0
Young's calibration factor: 1.0
x-link fraction: 7.0E-5
MC steps: 100000
Equilibration steps: 10000.0
Snapshot interval: 100
Displacement tolerance: 0.1
Particle radius change tolerance: 0.0
Particle radius bin width: 0.001
g(r) bin width: 0.005
phi0, phi, rho, mu/kT, Z_measured, Z_virial_Fit, <F_total>/V, QMelting, <F_id>/V, <F_ex>/V, <F_FR>/V, <alpha>, Zeta, B2_rho, B2_phi0, B2_HS, B2*
2.0E-4, 0.040524620791356, 4.774648292756861E-5, -8.412278302707584, 1.835830204332593, 1.9946298418922932, -4.968932620549127E-4, 1.500512079876469, -5.213638970822166E-4, 2.4470635027303905E-5, 0.0, 5.9190000000000005, 0.041489417409125866, 2708.6928464705306, 646.6527837501619, 3474.5104366925552, 0.7795897856185405
3.0E-4, 0.0606284771037799, 7.161972439135293E-5, -6.061474974333804, 2.5333595783456913, 3.306608931954155, -6.709395874434124E-4, 1.500721558406606, -7.530065463303081E-4, 8.20669588868957E-5, 0.0, 5.9190000000000005, 0.062234126113688795, 2708.6928464705306, 646.6527837501619, 3474.5104366925552, 0.7795897856185405
4.0E-4, 0.07994678707858965, 9.549296585513724E-5, -3.095619390696978, 8.120890126298793, 5.0868039752814305, -7.813638750996531E-4, 1.501325164687613, -9.765371141186377E-4, 1.9517323901898465E-4, 0.0, 5.9190000000000005, 0.08297883481825173, 2708.6928464705306, 646.6527837501619, 3474.5104366925552, 0.7795897856185405
5.0E-4, 0.09987640654849075, 1.1936620731892148E-4, 0.33869155253521654, 6.539105444407143, 7.166420416057469, -8.150000990405817E-4, 1.5017260365920488, -0.0011940355932402447, 3.7903549419966297E-4, 0.0, 5.9190000000000005, 0.10372354352281465, 2708.6928464705306, 646.6527837501619, 3474.5104366925552, 0.7795897856185405
6.0E-4, 0.11803222258726985, 1.4323944878270585E-4, 4.025407197222574, 10.622144560886527, 9.353431591826821, -7.631832773839219E-4, 1.5019850855490378, -0.001406727072591923, 6.43543795208001E-4, 0.0, 5.9190000000000005, 0.12446825222737759, 2708.6928464705306, 646.6527837501619, 3474.5104366925552, 0.7795897856185405
7.0E-4, 0.13551235213844923, 1.6711269024649017E-4, 7.742868765645712, 9.953824837462914, 11.468287591326781, -6.22564762254483E-4, 1.5016137962675593, -0.0016154210498813184, 9.928562876268354E-4, 0.0, 5.9190000000000005, 0.14521296093194053, 2708.6928464705306, 646.6527837501619, 3474.5104366925552, 0.7795897856185405
8.0E-4, 0.15306908571232855, 1.9098593171027449E-4, 11.299104160576801, 8.113520613493872, 13.36619241331031, -3.947847758756708E-4, 1.5014408193156845, -0.0018206928681456847, 0.001425908092270014, 0.0, 5.9190000000000005, 0.16595766963650346, 2708.6928464705306, 646.6527837501619, 3474.5104366925552, 0.7795897856185405
9.0E-4, 0.16989907357833206, 2.148591731740588E-4, 14.550799099505097, 17.471994324560256, 14.948785155008041, -8.551095482016782E-5, 1.5036034151548154, -0.0020229727110088343, 0.0019374617561886665, 0.0, 5.9190000000000005, 0.1867023783410664, 2708.6928464705306, 646.6527837501619, 3474.5104366925552, 0.7795897856185405
0.001, 0.18874101167618912, 2.38732414637843E-4, 17.411087337376514, 15.33567016115473, 16.16770828358134, 2.9683488382264327E-4, 1.5036648187273154, -0.0022225944863660013, 0.0025194293701886446, 0.0, 5.9190000000000005, 0.20744708704562936, 2708.6928464705306, 646.6527837501619, 3474.5104366925552, 0.7795897856185405
0.0011, 0.20241234930489585, 2.626056561016274E-4, 19.849402707405602, 23.249991709216904, 17.02221405864234, 7.424357300315496E-4, 1.505818136351558, -0.0024198249427019227, 0.0031622606727334723, 0.0, 5.9190000000000005, 0.2281917957501923, 2708.6928464705306, 646.6527837501619, 3474.5104366925552, 0.7795897856185405
0.0012, 0.21763597283970743, 2.864788975654117E-4, 21.885830054862325, 12.067465234180206, 17.552649205691967, 0.0012413648726218893, 1.5029476249348606, -0.00261488210504646, 0.0038562469776683493, 0.0, 5.9190000000000005, 0.24893650445475524, 2708.6928464705306, 646.6527837501619, 3474.5104366925552, 0.7795897856185405
0.0013, 0.23468631200179346, 3.10352139029196E-4, 23.581902569863367, 19.582991435343782, 17.831368229678876, 0.0017846906330370952, 1.5036979436473723, -0.002807947521593494, 0.004592638154630589, 0.0, 5.9190000000000005, 0.26968121315931814, 2708.6928464705306, 646.6527837501619, 3474.5104366925552, 0.7795897856185405
0.0014, 0.2538036736555633, 3.342253804929803E-4, 25.029423236431914, 15.34827343284294, 17.952357458818597, 0.002365335002296691, 1.502236592097872, -0.002999174719602353, 0.005364509721899044, 0.0, 5.9190000000000005, 0.2904259218638811, 2708.6928464705306, 646.6527837501619, 3474.5104366925552, 0.7795897856185405
0.0015, 0.2653891814368784, 3.580986219567647E-4, 26.338578224564543, 23.917470875873104, 18.020605088850193, 0.0029786547173727266, 1.5055700444788798, -0.003188695233083918, 0.006167349950456645, 0.0, 5.9190000000000005, 0.3111706305684441, 2708.6928464705306, 646.6527837501619, 3474.5104366925552, 0.7795897856185405
0.0016, 0.2789258729472154, 3.8197186342054886E-4, 27.62633900894894, 13.706702418716887, 18.142027138027167, 0.0036227402785976542, 1.5008527300467294, -0.0033766230161081877, 0.006999363294705842, 0.0, 5.9190000000000005, 0.331915339273007, 2708.6928464705306, 646.6527837501619, 3474.5104366925552, 0.7795897856185405
0.0017, 0.28961030804304444, 4.0584510488433315E-4, 29.005909474260864, 19.1348601990055, 18.41455521784505, 0.00429844927906233, 1.5031174133030074, -0.0035630577486152858, 0.007861507027677616, 0.0, 5.9190000000000005, 0.35266004797756995, 2708.6928464705306, 646.6527837501619, 3474.5104366925552, 0.7795897856185405
0.0018, 0.3051140256738693, 4.297183463481176E-4, 30.577760559078012, 18.695776109969934, 18.920809181764838, 0.005009205869319495, 1.5010846201446082, -0.003748087361811589, 0.008757293231131084, 0.0, 5.9190000000000005, 0.37340475668213285, 2708.6928464705306, 646.6527837501619, 3474.5104366925552, 0.7795897856185405
0.0019, 0.31557849216488826, 4.535915878119019E-4, 32.42260620108655, 22.46905725714923, 19.722615755471477, 0.005760608831422816, 1.5050016245949236, -0.003931790000723226, 0.009692398832146043, 0.0, 5.9190000000000005, 0.3941494653866958, 2708.6928464705306, 646.6527837501619, 3474.5104366925552, 0.7795897856185405
0.002, 0.3339395635688934, 4.7746482927568624E-4, 34.59650930807165, 26.414867642018823, 20.857492812498627, 0.006559897165475266, 1.509418551814894, -0.004114235572503025, 0.01067413273797829, 0.0, 5.9190000000000005, 0.4148941740912587, 2708.6928464705306, 646.6527837501619, 3474.5104366925552, 0.7795897856185405
0.0021, 0.34199678136105793, 5.013380707394704E-4, 37.12816431077455, 27.310345870667888, 22.337097586714098, 0.0074153248556200115, 1.5063917118968009, -0.0042954869843524115, 0.011710811839972423, 0.0, 5.9190000000000005, 0.4356388827958216, 2708.6928464705306, 646.6527837501619, 3474.5104366925552, 0.7795897856185405
0.0022, 0.363729707991004, 5.252113122032547E-4, 40.01828276484535, 10.968368240477627, 24.147535270328746, 0.008335496117242302, 1.4961564784881538, -0.0044756011451519695, 0.012811097262394272, 0.0, 5.9190000000000005, 0.4563835915003845, 2708.6928464705306, 646.6527837501619, 3474.5104366925552, 0.7795897856185405
0.0023, 0.37011421650144843, 5.490845536670391E-4, 43.24090966912788, 24.022578079527673, 26.251341507898086, 0.009328709450805578, 1.4999874398137885, -0.004654629784629776, 0.013983339235435354, 0.0, 5.9190000000000005, 0.4771283002049474, 2708.6928464705306, 646.6527837501619, 3474.5104366925552, 0.7795897856185405
0.0024, 0.3744519692291772, 5.729577951308231E-4, 46.746419822102695, 22.16080051743042, 28.59088755253543, 0.01040235373859913, 1.4995633439100096, -0.004832620129818146, 0.015234973868417274, 0.0, 5.9190000000000005, 0.4978730089095103, 2708.6928464705306, 646.6527837501619, 3474.5104366925552, 0.7795897856185405
0.0025, 0.383941726192046, 5.968310365946075E-4, 50.46588474568704, 31.581311238994708, 31.092909502296763, 0.011562392896436048, 1.505411666755538, -0.005009615468588517, 0.016572008365024565, 0.0, 5.9190000000000005, 0.5186177176140732, 2708.6928464705306, 646.6527837501619, 3474.5104366925552, 0.7795897856185405
0.0026, 0.3912252127177006, 6.207042780583919E-4, 54.316460485802445, 31.56295876922771, 33.67383219857009, 0.012812967688257522, 1.5046870408879798, -0.005185655622889315, 0.017998623311146836, 0.0, 5.9190000000000005, 0.5393624263186361, 2708.6928464705306, 646.6527837501619, 3474.5104366925552, 0.7795897856185405
0.0027, 0.40114076738144033, 6.445775195221761E-4, 58.20742388671004, 50.01510507644598, 36.245543073644875, 0.014156134658531704, 1.5193406771627314, -0.005360777349080229, 0.019516912007611933, 0.0, 5.9190000000000005, 0.560107135023199, 2708.6928464705306, 646.6527837501619, 3474.5104366925552, 0.7795897856185405
0.0028, 0.41060843951213777, 6.684507609859605E-4, 62.04647857676666, 31.475312053587484, 38.72127042438785, 0.015591753139615572, 1.5027667295969231, -0.005535014678884134, 0.021126767818499707, 0.0, 5.9190000000000005, 0.5808518437277619, 2708.6928464705306, 646.6527837501619, 3474.5104366925552, 0.7795897856185405
0.0029, 0.4232844051892553, 6.923240024497446E-4, 65.74596065150273, 49.49880369988016, 41.02123311917097, 0.017117522324668732, 1.5158454009153444, -0.005708399211575585, 0.022825921536244315, 0.0, 5.9190000000000005, 0.6015965524323248, 2708.6928464705306, 646.6527837501619, 3474.5104366925552, 0.7795897856185405
0.003, 0.42891271531528713, 7.161972439135289E-4, 69.22859655876421, 43.16596409518156, 43.0777533865007, 0.018729161805995192, 1.5158039409688286, -0.005880960365824366, 0.024610122171819557, 0.0, 5.9190000000000005, 0.6223412611368877, 2708.6928464705306, 646.6527837501619, 3474.5104366925552, 0.7795897856185405
0.0031, 0.44037055393022695, 7.400704853773128E-4, 72.43250054836038, 42.96545333901395, 44.8395597684818, 0.020420721075963162, 1.5100660437092377, -0.0060527255979264645, 0.026473446673889626, 0.0, 5.9190000000000005, 0.6430859698414505, 2708.6928464705306, 646.6527837501619, 3474.5104366925552, 0.7795897856185405
0.0032, 0.4381087371953089, 7.639437268410973E-4, 75.31514472279756, 46.87333464990789, 46.27505214838976, 0.022184996549115148, 1.5155997515271051, -0.006223720591850007, 0.028408717140965153, 0.0, 5.9190000000000005, 0.6638306785460134, 2708.6928464705306, 646.6527837501619, 3474.5104366925552, 0.7795897856185405
0.0033, 0.4489511363762307, 7.878169683048817E-4, 77.85608959621132, 50.74096029546694, 47.37435348821657, 0.024014028929285305, 1.516534127048738, -0.006393969425504765, 0.03040799835479007, 0.0, 5.9190000000000005, 0.6845753872505763, 2708.6928464705306, 646.6527837501619, 3474.5104366925552, 0.7795897856185405
0.0034, 0.4696498880873034, 8.116902097686655E-4, 80.05832542600734, 42.13228537468043, 48.15003196439176, 0.025899649413225374, 1.5036065968781516, -0.006563494716841305, 0.03246314413006668, 0.0, 5.9190000000000005, 0.7053200959551392, 2708.6928464705306, 646.6527837501619, 3474.5104366925552, 0.7795897856185405
0.0035, 0.4678351291649398, 8.355634512324502E-4, 81.94814261778501, 57.055550580633344, 48.63644090398256, 0.027834040450430638, 1.5215080836427863, -0.006732317752748799, 0.03456635820317944, 0.0, 5.9190000000000005, 0.7260648046597021, 2708.6928464705306, 646.6527837501619, 3474.5104366925552, 0.7795897856185405
0.0036, 0.46626394250834013, 8.594366926962345E-4, 83.57352132062078, 41.800019908184304, 48.887690551142896, 0.029810275679956137, 1.5017776857255798, -0.006900458603211013, 0.03671073428316715, 0.0, 5.9190000000000005, 0.746809513364265, 2708.6928464705306, 646.6527837501619, 3474.5104366925552, 0.7795897856185405
0.0037, 0.465186497969683, 8.833099341600185E-4, 85.00110393012946, 47.81479987169969, 48.974333398632496, 0.0318228043061876, 1.5140135445659268, -0.007067936222769608, 0.038890740528957204, 0.0, 5.9190000000000005, 0.767554222068828, 2708.6928464705306, 646.6527837501619, 3474.5104366925552, 0.7795897856185405
0.0038, 0.49148757345559246, 9.071831756238029E-4, 86.31188751498156, 39.55936467539373, 48.97891167912758, 0.03386784757432537, 1.4927350585509973, -0.007234768541011389, 0.04110261611533676, 0.0, 5.9190000000000005, 0.7882989307733909, 2708.6928464705306, 646.6527837501619, 3474.5104366925552, 0.7795897856185405
0.0039, 0.4890363348118517, 9.310564170875872E-4, 87.59584399301166, 41.775509438776666, 48.99057961800497, 0.035943679129755185, 1.495090364880234, -0.007400972543524751, 0.04334465167327994, 0.0, 5.9190000000000005, 0.8090436394779537, 2708.6928464705306, 646.6527837501619, 3474.5104366925552, 0.7795897856185405
0.004, 0.4774668786817765, 9.549296585513715E-4, 88.94574192909494, 64.87065047056603, 49.09907210751953, 0.0380507668071798, 1.5262052505383328, -0.007566564344548088, 0.04561733115172789, 0.0, 5.9190000000000005, 0.8297883481825167, 2708.6928464705306, 646.6527837501619, 3474.5104366925552, 0.7795897856185405
0.0041, 0.49886987152205436, 9.788029000151557E-4, 90.45050273963781, 56.534990641236384, 49.38834338902552, 0.04019176065329979, 1.5066753517937561, -0.007731559252349385, 0.04792331990564917, 0.0, 5.9190000000000005, 0.8505330568870797, 2708.6928464705306, 646.6527837501619, 3474.5104366925552, 0.7795897856185405
0.0042, 0.5079323532923727, 0.0010026761414789404, 92.18847339589395, 51.85603239602289, 49.930241860291744, 0.04237132054190537, 1.5062670377891407, -0.007895971828223965, 0.050267292370129335, 0.0, 5.9190000000000005, 0.8712777655916426, 2708.6928464705306, 646.6527837501619, 3474.5104366925552, 0.7795897856185405
0.0043, 0.5038738854081855, 0.0010265493829427243, 94.22103486743157, 47.38382572400452, 50.778617899631854, 0.04459578633195738, 1.4973187782864068, -0.008059815939870624, 0.052655602271828, 0.0, 5.9190000000000005, 0.8920224742962056, 2708.6928464705306, 646.6527837501619, 3474.5104366925552, 0.7795897856185405
0.0044, 0.5002057171004697, 0.0010504226244065088, 96.58698787505088, 49.561098462481326, 51.96427817935955, 0.04687270382683903, 1.5092539918299606, -0.008223104809800184, 0.05509580863663921, 0.0, 5.9190000000000005, 0.9127671830007686, 2708.6928464705306, 646.6527837501619, 3474.5104366925552, 0.7795897856185405
0.0045, 0.5152342804401692, 0.001074295865870293, 99.29816228942867, 46.29082447416763, 53.491199801298535, 0.049210230429208426, 1.4967197093175812, -0.008385851059341297, 0.05759608148854972, 0.0, 5.9190000000000005, 0.9335118917053317, 2708.6928464705306, 646.6527837501619, 3474.5104366925552, 0.7795897856185405
0.0046, 0.4761011570824714, 0.001098169107334078, 102.33668086362353, 37.834285268478716, 55.33439810683012, 0.05161645489792174, 1.4821998386236432, -0.0085480667487329, 0.060164521646654645, 0.0, 5.9190000000000005, 0.9542566004098946, 2708.6928464705306, 646.6527837501619, 3474.5104366925552, 0.7795897856185405
0.0047, 0.5139212650008896, 0.001122042348797862, 105.65426899834577, 73.42495084456318, 57.4398005003377, 0.05409867547973657, 1.5274342439261386, -0.008709763413728974, 0.06280843889346555, 0.0, 5.9190000000000005, 0.9750013091144576, 2708.6928464705306, 646.6527837501619, 3474.5104366925552, 0.7795897856185405
0.0048, 0.475272655383555, 0.0011459155902616468, 109.17393686245748, 72.18876858027635, 59.726412283805985, 0.05666268931463723, 1.5274983496260381, -0.008870952099086745, 0.06553364141372398, 0.0, 5.9190000000000005, 0.9957460178190206, 2708.6928464705306, 646.6527837501619, 3474.5104366925552, 0.7795897856185405
0.0049, 0.5259945808007788, 0.0011697888317254304, 112.79426531804505, 57.04867644049146, 62.09096646236321, 0.059312152733367374, 1.5036665184367526, -0.009031643389263154, 0.06834379612263053, 0.0, 5.9190000000000005, 1.0164907265235836, 2708.6928464705306, 646.6527837501619, 3474.5104366925552, 0.7795897856185405
0.005, 0.47890590768461244, 0.0011936620731892152, 116.39639948899448, 71.55864439003584, 64.4151247800146, 0.06204807613648036, 1.5157157791250628, -0.009191847436604592, 0.07123992357308495, 0.0, 5.9190000000000005, 1.0372354352281465, 2708.6928464705306, 646.6527837501619, 3474.5104366925552, 0.7795897856185405
0.0051, 0.5121759760762089, 0.0012175353146529997, 119.85369016831879, 62.13860015291433, 66.57513884934633, 0.06486851774460514, 1.5073985532709526, -0.009351573987280676, 0.07422009173188582, 0.0, 5.9190000000000005, 1.0579801439327094, 2708.6928464705306, 646.6527837501619, 3474.5104366925552, 0.7795897856185405
0.0052, 0.49181831935226783, 0.0012414085561167842, 123.04372015604494, 76.91207566553997, 68.45368498510652, 0.06776853674023926, 1.5276670007912223, -0.009510832405183292, 0.07727936914542255, 0.0, 5.9190000000000005, 1.0787248526372726, 2708.6928464705306, 646.6527837501619, 3474.5104366925552, 0.7795897856185405
0.0053, 0.523244101387999, 0.0012652817975805685, 125.8622065675536, 62.662581768011556, 69.95335106218045, 0.0707404571952982, 1.5095109831013773, -0.009669631693986708, 0.08041008888928491, 0.0, 5.9190000000000005, 1.0994695613418355, 2708.6928464705306, 646.6527837501619, 3474.5104366925552, 0.7795897856185405
0.0054, 0.49033449502271453, 0.0012891550390443521, 128.23797753638866, 46.689955506421306, 71.01097504317659, 0.07377447863402384, 1.4833558924576538, -0.009827980517542224, 0.08360245915156606, 0.0, 5.9190000000000005, 1.1202142700463984, 2708.6928464705306, 646.6527837501619, 3474.5104366925552, 0.7795897856185405
0.0055, 0.5081445063743065, 0.0013130282805081366, 130.14787888091286, 85.17399171749773, 71.61170940657394, 0.07685964595256482, 1.532822957644755, -0.009985887218761662, 0.08684553317132648, 0.0, 5.9190000000000005, 1.1409589787509615, 2708.6928464705306, 646.6527837501619, 3474.5104366925552, 0.7795897856185405
0.0056, 0.4991696996953253, 0.0013369015219719213, 131.63006941014964, 87.47390892900897, 71.80131003101997, 0.07998515947251703, 1.5352385712777255, -0.010143359837127136, 0.09012851930964416, 0.0, 5.9190000000000005, 1.1617036874555244, 2708.6928464705306, 646.6527837501619, 3474.5104366925552, 0.7795897856185405
0.0057, 0.47776463932722135, 0.0013607747634357059, 132.79370873885003, 66.85717371844736, 71.69471864114166, 0.08314196379683102, 1.5147681417950345, -0.010300406124949774, 0.09344236992178079, 0.0, 5.9190000000000005, 1.1824483961600873, 2708.6928464705306, 646.6527837501619, 3474.5104366925552, 0.7795897856185405
0.0058, 0.4706900953562498, 0.00138464800489949, 133.82252476726353, 50.546085540119776, 71.47852099439478, 0.08632450044248999, 1.4764084183109802, -0.010457033562487143, 0.09678153400497713, 0.0, 5.9190000000000005, 1.2031931048646505, 2708.6928464705306, 646.6527837501619, 3474.5104366925552, 0.7795897856185405
0.0059, 0.4800350193045129, 0.0014085212463632744, 134.96916533779296, 74.92654444365563, 71.40431486175657, 0.08953244241759031, 1.5186573906075687, -0.010613249372017875, 0.1001456917896082, 0.0, 5.9190000000000005, 1.2239378135692134, 2708.6928464705306, 646.6527837501619, 3474.5104366925552, 0.7795897856185405
0.006, 0.46725701150910565, 0.0014323944878270583, 136.5365857741554, 98.23569673390813, 71.76940875363653, 0.09277214735639873, 1.5555634378009184, -0.010769060530961808, 0.10354120788736054, 0.0, 5.9190000000000005, 1.2446825222737763, 2708.6928464705306, 646.6527837501619, 3474.5104366925552, 0.7795897856185405
0.0061, 0.468324799093128, 0.0014562677292908432, 138.84199683509127, 56.13892794890053, 72.8805902274471, 0.09605746782312491, 1.4833516727399172, -0.010924473784125253, 0.10698194160725016, 0.0, 5.9190000000000005, 1.2654272309783394, 2708.6928464705306, 646.6527837501619, 3474.5104366925552, 0.7795897856185405
0.0062, 0.45088619886338155, 0.0014801409707546273, 142.15809169891295, 80.45344388381012, 74.99594765483926, 0.09940944108349037, 1.5186364431954311, -0.011079495655143108, 0.11048893673863347, 0.0, 5.9190000000000005, 1.2861719396829023, 2708.6928464705306, 646.6527837501619, 3474.5104366925552, 0.7795897856185405
0.0063, 0.4613007352528836, 0.0015040142122184116, 146.62538149674262, 83.1015904754502, 78.23889732296811, 0.10285424412353131, 1.526293660125738, -0.011234132457182605, 0.11408837658071391, 0.0, 5.9190000000000005, 1.3069166483874652, 2708.6928464705306, 646.6527837501619, 3474.5104366925552, 0.7795897856185405
0.0064, 0.4521869228484836, 0.0015278874536821963, 152.12849207104347, 71.38071799229706, 82.47765447827987, 0.10641864089807533, 1.5064301001871838, -0.011388390302967297, 0.11780703120104263, 0.0, 5.9190000000000005, 1.3276613570920284, 2708.6928464705306, 646.6527837501619, 3474.5104366925552, 0.7795897856185405
0.0065, 0.43947885162027994, 0.0015517606951459808, 158.1282054285228, 85.5704709218358, 87.16238837884157, 0.11012196559713333, 1.5364300752684636, -0.011542275114174438, 0.12166424071130777, 0.0, 5.9190000000000005, 1.3484060657965913, 2708.6928464705306, 646.6527837501619, 3474.5104366925552, 0.7795897856185405
0.0066, 0.4525592044029543, 0.0015756339366097647, 163.43986308468024, 89.47159968922017, 91.11121289792936, 0.11396347582504027, 1.519917689174095, -0.011695792630253918, 0.12565926845529418, 0.0, 5.9190000000000005, 1.3691507745011542, 2708.6928464705306, 646.6527837501619, 3474.5104366925552, 0.7795897856185405
0.0067, 0.4286910291421759, 0.0015995071780735492, 165.94748025932378, 107.40440300186408, 92.23498162883334, 0.11790367067478531, 1.5630946392632872, -0.011848948416712617, 0.12975261909149793, 0.0, 5.9190000000000005, 1.3898954832057173, 2708.6928464705306, 646.6527837501619, 3474.5104366925552, 0.7795897856185405
0.0068, 0.4191422142716138, 0.0016233804195373337, 162.24154480455582, 75.5724969316588, 87.18957502295962, 0.12183789819547695, 1.484243672674773, -0.012001747872904098, 0.13383964606838106, 0.0, 5.9190000000000005, 1.4106401919102802, 2708.6928464705306, 646.6527837501619, 3474.5104366925552, 0.7795897856185405
