This fits B3 to B6 into the virial expansion since maxPower is set to 4.
Number of particles: 108
dryVolFracMax: 0.007
dryVolFracIncrement: 1.0E-4
Initial configuration: FCC
Dry microgel radius [nm]: 50.0
Box length [units of dry radius]: 40.130210850472906
Number of monomers: 2916666.666666667
Number of chains: 204.16666666666666
Flory interaction parameter (chi): 0.0
Young's calibration factor: 1.0
x-link fraction: 7.0E-5
MC steps: 100000
Equilibration steps: 10000.0
Snapshot interval: 100
Displacement tolerance: 0.1
Particle radius change tolerance: 0.0
Particle radius bin width: 0.001
g(r) bin width: 0.005
phi0, phi, rho, mu/kT, Z_measured, Z_virial_Fit, <F_total>/V, QMelting, <F_id>/V, <F_ex>/V, <F_FR>/V, <alpha>, Zeta, B2_rho, B2_phi0, B2_HS, B2*
2.0E-4, 0.040524620791356, 4.774648292756861E-5, -8.585628744498486, 1.835830204332593, 1.8379219729730356, -4.976878863763994E-4, 1.5005128745007905, -5.213638970822166E-4, 2.3676010705817206E-5, 0.0, 5.9190000000000005, 0.041489417409125866, 2708.6928464705306, 646.6527837501619, 3474.5104366925552, 0.7795897856185405
3.0E-4, 0.0606284771037799, 7.161972439135293E-5, -6.81348491264735, 2.5333595783456913, 2.7089055518654135, -6.81990980615251E-4, 1.500732609799778, -7.530065463303081E-4, 7.1015565715057E-5, 0.0, 5.9190000000000005, 0.062234126113688795, 2708.6928464705306, 646.6527837501619, 3474.5104366925552, 0.7795897856185405
4.0E-4, 0.07994678707858965, 9.549296585513724E-5, -4.780304772059347, 8.120890126298793, 3.8162441874634716, -8.209099562637278E-4, 1.501364710768777, -9.765371141186377E-4, 1.5562715785490992E-4, 0.0, 5.9190000000000005, 0.08297883481825173, 2708.6928464705306, 646.6527837501619, 3474.5104366925552, 0.7795897856185405
5.0E-4, 0.09987640654849075, 1.1936620731892148E-4, -2.4922551807746895, 6.539105444407143, 5.116265201720097, -9.082002213671129E-4, 1.5018192367143754, -0.0011940355932402447, 2.8583537187313175E-4, 0.0, 5.9190000000000005, 0.10372354352281465, 2708.6928464705306, 646.6527837501619, 3474.5104366925552, 0.7795897856185405
6.0E-4, 0.11803222258726985, 1.4323944878270585E-4, 0.01985355719234505, 10.622144560886527, 6.569180438290227, -9.381219723462184E-4, 1.502160024244, -0.001406727072591923, 4.686051002457045E-4, 0.0, 5.9190000000000005, 0.12446825222737759, 2708.6928464705306, 646.6527837501619, 3474.5104366925552, 0.7795897856185405
7.0E-4, 0.13551235213844923, 1.6711269024649017E-4, 2.7188569318918816, 9.953824837462914, 8.138941813531456, -9.057649659351183E-4, 1.50189699647124, -0.0016154210498813184, 7.096560839462001E-4, 0.0, 5.9190000000000005, 0.14521296093194053, 2708.6928464705306, 646.6527837501619, 3474.5104366925552, 0.7795897856185405
8.0E-4, 0.15306908571232855, 1.9098593171027449E-4, 5.567028769913453, 8.113520613493872, 9.793096867504744, -8.071195530895393E-4, 1.5018531540928983, -0.0018206928681456847, 0.0010135733150561455, 0.0, 5.9190000000000005, 0.16595766963650346, 2708.6928464705306, 646.6527837501619, 3474.5104366925552, 0.7795897856185405
9.0E-4, 0.16989907357833206, 2.148591731740588E-4, 8.528326763846996, 17.471994324560256, 11.502644314975045, -6.39059409792463E-4, 1.5041569636097878, -0.0020229727110088343, 0.0013839133012163714, 0.0, 5.9190000000000005, 0.1867023783410664, 2708.6928464705306, 646.6527837501619, 3474.5104366925552, 0.7795897856185405
0.001, 0.18874101167618912, 2.38732414637843E-4, 11.56935469974795, 15.33567016115473, 13.241889596411935, -3.9928829444664873E-4, 1.5043609419055848, -0.0022225944863660013, 0.0018233061919193526, 0.0, 5.9190000000000005, 0.20744708704562936, 2708.6928464705306, 646.6527837501619, 3474.5104366925552, 0.7795897856185405
0.0011, 0.20241234930489585, 2.626056561016274E-4, 14.65978055877863, 23.249991709216904, 14.988300428990351, -8.627117605936908E-5, 1.5066468432576487, -0.0024198249427019227, 0.0023335537666425536, 0.0, 5.9190000000000005, 0.2281917957501923, 2708.6928464705306, 646.6527837501619, 3474.5104366925552, 0.7795897856185405
0.0012, 0.21763597283970743, 2.864788975654117E-4, 17.77249618012715, 12.067465234180206, 16.722362357591127, 3.008411797762729E-4, 1.5038881486277063, -0.00261488210504646, 0.002915723284822733, 0.0, 5.9190000000000005, 0.24893650445475524, 2708.6928464705306, 646.6527837501619, 3474.5104366925552, 0.7795897856185405
0.0013, 0.23468631200179346, 3.10352139029196E-4, 20.88364317377438, 19.582991435343782, 18.42743430580176, 7.622896760777829E-4, 1.5047203446043316, -0.002807947521593494, 0.003570237197671277, 0.0, 5.9190000000000005, 0.26968121315931814, 2708.6928464705306, 646.6527837501619, 3474.5104366925552, 0.7795897856185405
0.0014, 0.2538036736555633, 3.342253804929803E-4, 23.972564781532533, 15.34827343284294, 20.08960412691698, 0.0012977840022281523, 1.5033041430979404, -0.002999174719602353, 0.004296958721830505, 0.0, 5.9190000000000005, 0.2904259218638811, 2708.6928464705306, 646.6527837501619, 3474.5104366925552, 0.7795897856185405
0.0015, 0.2653891814368784, 3.580986219567647E-4, 27.021714439005066, 23.917470875873104, 21.69754415493948, 0.0019065780417870507, 1.5066421211544654, -0.003188695233083918, 0.005095273274870969, 0.0, 5.9190000000000005, 0.3111706305684441, 2708.6928464705306, 646.6527837501619, 3474.5104366925552, 0.7795897856185405
0.0016, 0.2789258729472154, 3.8197186342054886E-4, 30.016537851195075, 13.706702418716887, 23.24236675558047, 0.00258754275652153, 1.5018879275688055, -0.0033766230161081877, 0.005964165772629718, 0.0, 5.9190000000000005, 0.331915339273007, 2708.6928464705306, 646.6527837501619, 3474.5104366925552, 0.7795897856185405
0.0017, 0.28961030804304444, 4.0584510488433315E-4, 32.94533823895251, 19.1348601990055, 24.717479877260466, 0.003339236039774351, 1.5040766265422953, -0.0035630577486152858, 0.006902293788389637, 0.0, 5.9190000000000005, 0.35266004797756995, 2708.6928464705306, 646.6527837501619, 3474.5104366925552, 0.7795897856185405
0.0018, 0.3051140256738693, 4.297183463481176E-4, 35.79913053978064, 18.695776109969934, 26.11844260210981, 0.0041599692120880835, 1.5019338568018397, -0.003748087361811589, 0.007908056573899673, 0.0, 5.9190000000000005, 0.37340475668213285, 2708.6928464705306, 646.6527837501619, 3474.5104366925552, 0.7795897856185405
0.0019, 0.31557849216488826, 4.535915878119019E-4, 38.571488152782415, 22.46905725714923, 27.442820696969402, 0.005047869941512861, 1.5057143634848336, -0.003931790000723226, 0.008979659942236087, 0.0, 5.9190000000000005, 0.3941494653866958, 2708.6928464705306, 646.6527837501619, 3474.5104366925552, 0.7795897856185405
0.002, 0.3339395635688934, 4.7746482927568624E-4, 41.258384526079375, 26.414867642018823, 28.69004216439137, 0.006000941440001746, 1.5099775075403674, -0.004114235572503025, 0.010115177012504771, 0.0, 5.9190000000000005, 0.4148941740912587, 2708.6928464705306, 646.6527837501619, 3474.5104366925552, 0.7795897856185405
0.0021, 0.34199678136105793, 5.013380707394704E-4, 43.858031098709894, 27.310345870667888, 29.86125279363961, 0.007017117832032021, 1.5067899189203888, -0.0042954869843524115, 0.011312604816384433, 0.0, 5.9190000000000005, 0.4356388827958216, 2708.6928464705306, 646.6527837501619, 3474.5104366925552, 0.7795897856185405
0.0022, 0.363729707991004, 5.252113122032547E-4, 46.3707126158714, 10.968368240477627, 30.95917171169064, 0.008094315621358903, 1.4963976589840373, -0.0044756011451519695, 0.012569916766510873, 0.0, 5.9190000000000005, 0.4563835915003845, 2708.6928464705306, 646.6527837501619, 3474.5104366925552, 0.7795897856185405
0.0023, 0.37011421650144843, 5.490845536670391E-4, 48.798620518888775, 24.022578079527673, 31.987946934234024, 0.009230481202072444, 1.5000856680625216, -0.004654629784629776, 0.013885110986702219, 0.0, 5.9190000000000005, 0.4771283002049474, 2708.6928464705306, 646.6527837501619, 3474.5104366925552, 0.7795897856185405
0.0024, 0.3744519692291772, 5.729577951308231E-4, 51.14568490207017, 22.16080051743042, 32.9530109166732, 0.01042363437420692, 1.4995420632744019, -0.004832620129818146, 0.015256254504025065, 0.0, 5.9190000000000005, 0.4978730089095103, 2708.6928464705306, 646.6527837501619, 3474.5104366925552, 0.7795897856185405
0.0025, 0.383941726192046, 5.968310365946075E-4, 53.41740538780744, 31.581311238994708, 33.860936105126044, 0.01167190783411333, 1.5053021518178606, -0.005009615468588517, 0.016681523302701846, 0.0, 5.9190000000000005, 0.5186177176140732, 2708.6928464705306, 646.6527837501619, 3474.5104366925552, 0.7795897856185405
0.0026, 0.3912252127177006, 6.207042780583919E-4, 55.6206811747137, 31.56295876922771, 34.71929048742561, 0.01297358261696955, 1.5045264259592679, -0.005185655622889315, 0.018159238239858863, 0.0, 5.9190000000000005, 0.5393624263186361, 2708.6928464705306, 646.6527837501619, 3474.5104366925552, 0.7795897856185405
0.0027, 0.40114076738144033, 6.445775195221761E-4, 57.76364044621088, 50.01510507644598, 35.53649314412066, 0.014327119474035347, 1.5191696923472275, -0.005360777349080229, 0.019687896823115576, 0.0, 5.9190000000000005, 0.560107135023199, 2708.6928464705306, 646.6527837501619, 3474.5104366925552, 0.7795897856185405
0.0028, 0.41060843951213777, 6.684507609859605E-4, 59.85546927922756, 31.475312053587484, 36.3216697994764, 0.01573118617113067, 1.502627296565408, -0.005535014678884134, 0.021266200850014804, 0.0, 5.9190000000000005, 0.5808518437277619, 2708.6928464705306, 646.6527837501619, 3474.5104366925552, 0.7795897856185405
0.0029, 0.4232844051892553, 6.923240024497446E-4, 61.906240158331684, 49.49880369988016, 37.084508372475156, 0.017184680697718245, 1.515778242542295, -0.005708399211575585, 0.022893079909293828, 0.0, 5.9190000000000005, 0.6015965524323248, 2708.6928464705306, 646.6527837501619, 3474.5104366925552, 0.7795897856185405
0.003, 0.42891271531528713, 7.161972439135289E-4, 63.92674017560901, 43.16596409518156, 37.83511452781691, 0.018686750378172256, 1.5158463523966517, -0.005880960365824366, 0.02456771074399662, 0.0, 5.9190000000000005, 0.6223412611368877, 2708.6928464705306, 646.6527837501619, 3474.5104366925552, 0.7795897856185405
0.0031, 0.44037055393022695, 7.400704853773128E-4, 65.92829897815147, 42.96545333901395, 38.58386722692022, 0.020236806878500525, 1.5102499579067004, -0.0060527255979264645, 0.02628953247642699, 0.0, 5.9190000000000005, 0.6430859698414505, 2708.6928464705306, 646.6527837501619, 3474.5104366925552, 0.7795897856185405
0.0032, 0.4381087371953089, 7.639437268410973E-4, 67.92261651125999, 46.87333464990789, 39.3412742789225, 0.02183453710309273, 1.5159502109731275, -0.006223720591850007, 0.02805825769494274, 0.0, 5.9190000000000005, 0.6638306785460134, 2708.6928464705306, 646.6527837501619, 3474.5104366925552, 0.7795897856185405
0.0033, 0.4489511363762307, 7.878169683048817E-4, 69.92159059510038, 50.74096029546694, 40.11782789168097, 0.023479909977086048, 1.5170682460009373, -0.006393969425504765, 0.029873879402590814, 0.0, 5.9190000000000005, 0.6845753872505763, 2708.6928464705306, 646.6527837501619, 3474.5104366925552, 0.7795897856185405
0.0034, 0.4696498880873034, 8.116902097686655E-4, 71.93714436465825, 42.13228537468043, 40.92386022277311, 0.025173179110741996, 1.504333067180635, -0.006563494716841305, 0.0317366738275833, 0.0, 5.9190000000000005, 0.7053200959551392, 2708.6928464705306, 646.6527837501619, 3474.5104366925552, 0.7795897856185405
0.0035, 0.4678351291649398, 8.355634512324502E-4, 73.98105359677899, 57.055550580633344, 41.769398930497516, 0.026914881342866053, 1.522427242750351, -0.006732317752748799, 0.03364719909561485, 0.0, 5.9190000000000005, 0.7260648046597021, 2708.6928464705306, 646.6527837501619, 3474.5104366925552, 0.7795897856185405
0.0036, 0.46626394250834013, 8.594366926962345E-4, 76.06477394338862, 41.800019908184304, 42.66402272487447, 0.02870583116080947, 1.5028821302447264, -0.006900458603211013, 0.035606289764020485, 0.0, 5.9190000000000005, 0.746809513364265, 2708.6928464705306, 646.6527837501619, 3474.5104366925552, 0.7795897856185405
0.0037, 0.465186497969683, 8.833099341600185E-4, 78.19926808632242, 47.81479987169969, 43.6167169186465, 0.03054711099500534, 1.5152892378771092, -0.007067936222769608, 0.03761504721777495, 0.0, 5.9190000000000005, 0.767554222068828, 2708.6928464705306, 646.6527837501619, 3474.5104366925552, 0.7795897856185405
0.0038, 0.49148757345559246, 9.071831756238029E-4, 80.39483282631338, 39.55936467539373, 44.63572897827899, 0.03244005738632117, 1.4941628487390015, -0.007234768541011389, 0.03967482592733256, 0.0, 5.9190000000000005, 0.7882989307733909, 2708.6928464705306, 646.6527837501619, 3474.5104366925552, 0.7795897856185405
0.0039, 0.4890363348118517, 9.310564170875872E-4, 82.66092611640202, 41.775509438776666, 45.72842407496124, 0.034386243024783804, 1.4966478009852053, -0.007400972543524751, 0.041787215568308556, 0.0, 5.9190000000000005, 0.8090436394779537, 2708.6928464705306, 646.6527837501619, 3474.5104366925552, 0.7795897856185405
0.004, 0.4774668786817765, 9.549296585513715E-4, 85.00599404821583, 64.87065047056603, 46.90114063560668, 0.03638745465845293, 1.5278685626870596, -0.007566564344548088, 0.04395401900300102, 0.0, 5.9190000000000005, 0.8297883481825167, 2708.6928464705306, 646.6527837501619, 3474.5104366925552, 0.7795897856185405
0.0041, 0.49886987152205436, 9.788029000151557E-4, 87.43729779810218, 56.534990641236384, 48.15904589385343, 0.03844566687140458, 1.5084214455756513, -0.007731559252349385, 0.04617722612375396, 0.0, 5.9190000000000005, 0.8505330568870797, 2708.6928464705306, 646.6527837501619, 3474.5104366925552, 0.7795897856185405
0.0042, 0.5079323532923727, 0.0010026761414789404, 89.96074053892248, 51.85603239602289, 49.50599144106599, 0.04056301172993738, 1.5080753466011088, -0.007895971828223965, 0.04845898355816134, 0.0, 5.9190000000000005, 0.8712777655916426, 2708.6928464705306, 646.6527837501619, 3474.5104366925552, 0.7795897856185405
0.0043, 0.5038738854081855, 0.0010265493829427243, 92.58069432235322, 47.38382572400452, 50.94436877733406, 0.04274174429624173, 1.4991728203221226, -0.008059815939870624, 0.050801560236112354, 0.0, 5.9190000000000005, 0.8920224742962056, 2708.6928464705306, 646.6527837501619, 3474.5104366925552, 0.7795897856185405
0.0044, 0.5002057171004697, 0.0010504226244065088, 95.29982693576966, 49.561098462481326, 52.47496486247482, 0.044984204008877246, 1.5111424916479224, -0.008223104809800184, 0.053207308818677426, 0.0, 5.9190000000000005, 0.9127671830007686, 2708.6928464705306, 646.6527837501619, 3474.5104366925552, 0.7795897856185405
0.0045, 0.5152342804401692, 0.001074295865870293, 98.1189287371351, 46.29082447416763, 54.09681766703312, 0.04729277192949339, 1.4986371678172963, -0.008385851059341297, 0.055678622988834685, 0.0, 5.9190000000000005, 0.9335118917053317, 2708.6928464705306, 646.6527837501619, 3474.5104366925552, 0.7795897856185405
0.0046, 0.4761011570824714, 0.001098169107334078, 101.03673947079749, 37.834285268478716, 55.80707172328198, 0.04966982385530591, 1.4841464696662592, -0.0085480667487329, 0.05821789060403881, 0.0, 5.9190000000000005, 0.9542566004098946, 2708.6928464705306, 646.6527837501619, 3474.5104366925552, 0.7795897856185405
0.0047, 0.5139212650008896, 0.001122042348797862, 104.04977506666049, 73.42495084456318, 57.60083367622269, 0.052117679296900726, 1.5294152401089744, -0.008709763413728974, 0.0608274427106297, 0.0, 5.9190000000000005, 0.9750013091144576, 2708.6928464705306, 646.6527837501619, 3474.5104366925552, 0.7795897856185405
0.0048, 0.475272655383555, 0.0011459155902616468, 107.15215442482742, 72.18876858027635, 59.47102783458695, 0.05463854632099568, 1.5295224926196798, -0.008870952099086745, 0.06350949842008242, 0.0, 5.9190000000000005, 0.9957460178190206, 2708.6928464705306, 646.6527837501619, 3474.5104366925552, 0.7795897856185405
0.0049, 0.5259945808007788, 0.0011697888317254304, 110.33542618751675, 57.04867644049146, 61.40825172183605, 0.057234462257834726, 1.5057442089122852, -0.009031643389263154, 0.06626610564709788, 0.0, 5.9190000000000005, 1.0164907265235836, 2708.6928464705306, 646.6527837501619, 3474.5104366925552, 0.7795897856185405
0.005, 0.47890590768461244, 0.0011936620731892152, 113.58839549978974, 71.55864439003584, 63.40063162716211, 0.05990723027293142, 1.5178566249886118, -0.009191847436604592, 0.06909907770953601, 0.0, 5.9190000000000005, 1.0372354352281465, 2708.6928464705306, 646.6527837501619, 3474.5104366925552, 0.7795897856185405
0.0051, 0.5121759760762089, 0.0012175353146529997, 116.896950760425, 62.13860015291433, 65.43367815648872, 0.06265835180290663, 1.509608719212651, -0.009351573987280676, 0.0720099257901873, 0.0, 5.9190000000000005, 1.0579801439327094, 2708.6928464705306, 646.6527837501619, 3474.5104366925552, 0.7795897856185405
0.0052, 0.49181831935226783, 0.0012414085561167842, 120.24389036408374, 76.91207566553997, 67.49014178347232, 0.06548895485520442, 1.529946582676257, -0.009510832405183292, 0.07499978726038771, 0.0, 5.9190000000000005, 1.0787248526372726, 2708.6928464705306, 646.6527837501619, 3474.5104366925552, 0.7795897856185405
0.0053, 0.523244101387999, 0.0012652817975805685, 123.6087494357604, 62.662581768011556, 69.5498684005014, 0.0683997181714864, 1.511851722125189, -0.009669631693986708, 0.07806934986547312, 0.0, 5.9190000000000005, 1.0994695613418355, 2708.6928464705306, 646.6527837501619, 3474.5104366925552, 0.7795897856185405
0.0054, 0.49033449502271453, 0.0012891550390443521, 126.96762655839058, 46.689955506421306, 71.58965486969805, 0.07139079125453326, 1.4857395798371444, -0.009827980517542224, 0.08121877177207548, 0.0, 5.9190000000000005, 1.1202142700463984, 2708.6928464705306, 646.6527837501619, 3474.5104366925552, 0.7795897856185405
0.0055, 0.5081445063743065, 0.0013130282805081366, 130.2930104943627, 85.17399171749773, 73.58310457391838, 0.07446171025849892, 1.535220893338821, -0.009985887218761662, 0.08444759747726058, 0.0, 5.9190000000000005, 1.1409589787509615, 2708.6928464705306, 646.6527837501619, 3474.5104366925552, 0.7795897856185405
0.0056, 0.4991696996953253, 0.0013369015219719213, 133.55360690159455, 87.47390892900897, 75.50048296775299, 0.07761130974237737, 1.5376124210078652, -0.010143359837127136, 0.08775466957950451, 0.0, 5.9190000000000005, 1.1617036874555244, 2708.6928464705306, 646.6527837501619, 3474.5104366925552, 0.7795897856185405
0.0057, 0.47776463932722135, 0.0013607747634357059, 136.71416504475715, 66.85717371844736, 77.30857312852902, 0.08083763028656331, 1.517072475305302, -0.010300406124949774, 0.09113803641151308, 0.0, 5.9190000000000005, 1.1824483961600873, 2708.6928464705306, 646.6527837501619, 3474.5104366925552, 0.7795897856185405
0.0058, 0.4706900953562498, 0.00138464800489949, 139.7353045021414, 50.546085540119776, 78.97053130730853, 0.08413782197239542, 1.4785950967810748, -0.010457033562487143, 0.09459485553488256, 0.0, 5.9190000000000005, 1.2031931048646505, 2708.6928464705306, 646.6527837501619, 3474.5104366925552, 0.7795897856185405
0.0059, 0.4800350193045129, 0.0014085212463632744, 142.57334186862778, 74.92654444365563, 80.44574247989101, 0.08750804372458174, 1.5206817893005773, -0.010613249372017875, 0.09812129309659962, 0.0, 5.9190000000000005, 1.2239378135692134, 2708.6928464705306, 646.6527837501619, 3474.5104366925552, 0.7795897856185405
0.006, 0.46725701150910565, 0.0014323944878270583, 145.18011745514042, 98.23569673390813, 81.68967589781266, 0.09094335851642178, 1.5573922266408953, -0.010769060530961808, 0.1017124190473836, 0.0, 5.9190000000000005, 1.2446825222737763, 2708.6928464705306, 646.6527837501619, 3474.5104366925552, 0.7795897856185405
0.0061, 0.468324799093128, 0.0014562677292908432, 147.50282198494227, 56.13892794890053, 82.65374063934803, 0.09443762443774495, 1.4849715161252972, -0.010924473784125253, 0.1053620982218702, 0.0, 5.9190000000000005, 1.2654272309783394, 2708.6928464705306, 646.6527837501619, 3474.5104366925552, 0.7795897856185405
0.0062, 0.45088619886338155, 0.0014801409707546273, 149.48382328707513, 80.45344388381012, 83.28514116051065, 0.09798338162549053, 1.5200625026534311, -0.011079495655143108, 0.10906287728063363, 0.0, 5.9190000000000005, 1.2861719396829023, 2708.6928464705306, 646.6527837501619, 3474.5104366925552, 0.7795897856185405
0.0063, 0.4613007352528836, 0.0015040142122184116, 151.06049298722402, 83.1015904754502, 83.52673284605271, 0.10157173505687003, 1.5275761691923992, -0.011234132457182605, 0.11280586751405264, 0.0, 5.9190000000000005, 1.3069166483874652, 2708.6928464705306, 646.6527837501619, 3474.5104366925552, 0.7795897856185405
0.0064, 0.4521869228484836, 0.0015278874536821963, 152.16503319623604, 71.38071799229706, 83.31687756046722, 0.10519223320504965, 1.5076565078802093, -0.011388390302967297, 0.11658062350801696, 0.0, 5.9190000000000005, 1.3276613570920284, 2708.6928464705306, 646.6527837501619, 3474.5104366925552, 0.7795897856185405
0.0065, 0.43947885162027994, 0.0015517606951459808, 152.7243031965334, 85.5704709218358, 82.58929919898765, 0.10883274255729808, 1.5377192983082988, -0.011542275114174438, 0.12037501767147252, 0.0, 5.9190000000000005, 1.3484060657965913, 2708.6928464705306, 646.6527837501619, 3474.5104366925552, 0.7795897856185405
0.0066, 0.4525592044029543, 0.0015756339366097647, 152.65964612659454, 89.47159968922017, 81.2729392385877, 0.11247931799555602, 1.5214018470035793, -0.011695792630253918, 0.12417511062580994, 0.0, 5.9190000000000005, 1.3691507745011542, 2708.6928464705306, 646.6527837501619, 3474.5104366925552, 0.7795897856185405
0.0067, 0.4286910291421759, 0.0015995071780735492, 151.88671566368018, 107.40440300186408, 79.29181228898392, 0.11611606903938328, 1.564882240898689, -0.011848948416712617, 0.1279650174560959, 0.0, 5.9190000000000005, 1.3898954832057173, 2708.6928464705306, 646.6527837501619, 3474.5104366925552, 0.7795897856185405
0.0068, 0.4191422142716138, 0.0016233804195373337, 150.31530270498342, 75.5724969316588, 76.56486164363605, 0.11972502195123312, 1.4863565489190167, -0.012001747872904098, 0.13172676982413722, 0.0, 5.9190000000000005, 1.4106401919102802, 2708.6928464705306, 646.6527837501619, 3474.5104366925552, 0.7795897856185405
