This fits B3 to B10 into the virial expansion since maxPower is set to 8.
Number of particles: 108
dryVolFracMax: 0.007
dryVolFracIncrement: 1.0E-4
Initial configuration: FCC
Dry microgel radius [nm]: 50.0
Box length [units of dry radius]: 40.130210850472906
Number of monomers: 2916666.666666667
Number of chains: 204.16666666666666
Flory interaction parameter (chi): 0.0
Young's calibration factor: 1.0
x-link fraction: 7.0E-5
MC steps: 100000
Equilibration steps: 10000.0
Snapshot interval: 100
Displacement tolerance: 0.1
Particle radius change tolerance: 0.0
Particle radius bin width: 0.001
g(r) bin width: 0.005
phi0, phi, rho, mu/kT, Z_measured, Z_virial_Fit, <F_total>/V, QMelting, <F_id>/V, <F_ex>/V, <F_FR>/V, <alpha>, Zeta, B2_rho, B2_phi0, B2_HS, B2*
2.0E-4, 0.040524620791356, 4.774648292756861E-5, -7.765655640486471, 1.835830204332593, 2.3695233260945643, -4.839191494957138E-4, 1.5004991057639099, -5.213638970822166E-4, 3.744474758650282E-5, 0.0, 5.9190000000000005, 0.041489417409125866, 2708.6928464705306, 646.6527837501619, 3474.5104366925552, 0.7795897856185405
3.0E-4, 0.0606284771037799, 7.161972439135293E-5, -5.173921518171965, 2.5333595783456913, 3.7507158996903565, -6.39180072160055E-4, 1.5006897988913228, -7.530065463303081E-4, 1.138264741702531E-4, 0.0, 5.9190000000000005, 0.062234126113688795, 2708.6928464705306, 646.6527837501619, 3474.5104366925552, 0.7795897856185405
4.0E-4, 0.07994678707858965, 9.549296585513724E-5, -2.226464898788824, 8.120890126298793, 5.398265387621519, -7.28108108894813E-4, 1.5012719089214082, -9.765371141186377E-4, 2.484290052238247E-4, 0.0, 5.9190000000000005, 0.08297883481825173, 2708.6928464705306, 646.6527837501619, 3474.5104366925552, 0.7795897856185405
5.0E-4, 0.09987640654849075, 1.1936620731892148E-4, 0.9519570443043737, 6.539105444407143, 7.181927281225826, -7.436479188910764E-4, 1.5016546844118992, -0.0011940355932402447, 4.5038767434916826E-4, 0.0, 5.9190000000000005, 0.10372354352281465, 2708.6928464705306, 646.6527837501619, 3474.5104366925552, 0.7795897856185405
6.0E-4, 0.11803222258726985, 1.4323944878270585E-4, 4.231473726237809, 10.622144560886527, 8.991724836682629, -6.818557451273793E-4, 1.501903758016781, -0.001406727072591923, 7.248713274645436E-4, 0.0, 5.9190000000000005, 0.12446825222737759, 2708.6928464705306, 646.6527837501619, 3474.5104366925552, 0.7795897856185405
7.0E-4, 0.13551235213844923, 1.6711269024649017E-4, 7.498703448646564, 9.953824837462914, 10.740313164721583, -5.417141203824579E-4, 1.5015329456256874, -0.0016154210498813184, 0.0010737069294988605, 0.0, 5.9190000000000005, 0.14521296093194053, 2708.6928464705306, 646.6527837501619, 3474.5104366925552, 0.7795897856185405
8.0E-4, 0.15306908571232855, 1.9098593171027449E-4, 10.66390977637179, 8.113520613493872, 12.363709275491535, -3.24637791060043E-4, 1.5013706723308688, -0.0018206928681456847, 0.0014960550770856417, 0.0, 5.9190000000000005, 0.16595766963650346, 2708.6928464705306, 646.6527837501619, 3474.5104366925552, 0.7795897856185405
9.0E-4, 0.16989907357833206, 2.148591731740588E-4, 13.663036035471775, 17.471994324560256, 13.820712734327042, -3.3878285144859754E-5, 1.50355178248514, -0.0020229727110088343, 0.0019890944258639746, 0.0, 5.9190000000000005, 0.1867023783410664, 2708.6928464705306, 646.6527837501619, 3474.5104366925552, 0.7795897856185405
0.001, 0.18874101167618912, 2.38732414637843E-4, 16.457219413761962, 15.33567016115473, 15.091309164608823, 3.2608705195890514E-4, 1.5036355665591792, -0.0022225944863660013, 0.0025486815383249065, 0.0, 5.9190000000000005, 0.20744708704562936, 2708.6928464705306, 646.6527837501619, 3474.5104366925552, 0.7795897856185405
0.0011, 0.20241234930489585, 2.626056561016274E-4, 19.030826567588747, 23.249991709216904, 16.17431780505873, 7.501353577442421E-4, 1.5058104367238452, -0.0024198249427019227, 0.003169960300446165, 0.0, 5.9190000000000005, 0.2281917957501923, 2708.6928464705306, 646.6527837501619, 3474.5104366925552, 0.7795897856185405
0.0012, 0.21763597283970743, 2.864788975654117E-4, 21.38856565200956, 12.067465234180206, 17.084514690639995, 0.0012330197744785014, 1.502955970033004, -0.00261488210504646, 0.0038479018795249615, 0.0, 5.9190000000000005, 0.24893650445475524, 2708.6928464705306, 646.6527837501619, 3474.5104366925552, 0.7795897856185405
0.0013, 0.23468631200179346, 3.10352139029196E-4, 23.552036740765715, 19.582991435343782, 17.849434778750034, 0.0017698147169436518, 1.5037128195634657, -0.002807947521593494, 0.004577762238537146, 0.0, 5.9190000000000005, 0.26968121315931814, 2708.6928464705306, 646.6527837501619, 3474.5104366925552, 0.7795897856185405
0.0014, 0.2538036736555633, 3.342253804929803E-4, 25.555987205239422, 15.34827343284294, 18.506029485594688, 0.002356274801307682, 1.502245652298861, -0.002999174719602353, 0.005355449520910035, 0.0, 5.9190000000000005, 0.2904259218638811, 2708.6928464705306, 646.6527837501619, 3474.5104366925552, 0.7795897856185405
0.0015, 0.2653891814368784, 3.580986219567647E-4, 27.444480813970493, 23.917470875873104, 19.097330631521455, 0.0029891029776011597, 1.5055595962186512, -0.003188695233083918, 0.006177798210685078, 0.0, 5.9190000000000005, 0.3111706305684441, 2708.6928464705306, 646.6527837501619, 3474.5104366925552, 0.7795897856185405
0.0016, 0.2789258729472154, 3.8197186342054886E-4, 29.267148057749807, 13.706702418716887, 19.66924771866216, 0.0036661278774460277, 1.500809342447881, -0.0033766230161081877, 0.007042750893554215, 0.0, 5.9190000000000005, 0.331915339273007, 2708.6928464705306, 646.6527837501619, 3474.5104366925552, 0.7795897856185405
0.0017, 0.28961030804304444, 4.0584510488433315E-4, 31.075652278342123, 19.1348601990055, 20.267602779496453, 0.004386393982454086, 1.5030294685996157, -0.0035630577486152858, 0.007949451731069371, 0.0, 5.9190000000000005, 0.35266004797756995, 2708.6928464705306, 646.6527837501619, 3474.5104366925552, 0.7795897856185405
0.0018, 0.3051140256738693, 4.297183463481176E-4, 32.92047807899746, 18.695776109969934, 20.935485740892318, 0.00515017108852536, 1.5009436549254025, -0.003748087361811589, 0.00889825845033695, 0.0, 5.9190000000000005, 0.37340475668213285, 2708.6928464705306, 646.6527837501619, 3474.5104366925552, 0.7795897856185405
0.0019, 0.31557849216488826, 4.535915878119019E-4, 34.84812362015472, 22.46905725714923, 21.710993344811037, 0.005958891780884927, 1.5048033416454614, -0.003931790000723226, 0.009890681781608153, 0.0, 5.9190000000000005, 0.3941494653866958, 2708.6928464705306, 646.6527837501619, 3474.5104366925552, 0.7795897856185405
0.002, 0.3339395635688934, 4.7746482927568624E-4, 36.89875597648682, 26.414867642018823, 22.625396154183722, 0.006815027310746383, 1.5091634216696228, -0.004114235572503025, 0.010929262883249408, 0.0, 5.9190000000000005, 0.4148941740912587, 2708.6928464705306, 646.6527837501619, 3474.5104366925552, 0.7795897856185405
0.0021, 0.34199678136105793, 5.013380707394704E-4, 39.10436835450183, 27.310345870667888, 23.70176105046543, 0.007721913430163308, 1.5060851233222576, -0.0042954869843524115, 0.01201740041451572, 0.0, 5.9190000000000005, 0.4356388827958216, 2708.6928464705306, 646.6527837501619, 3474.5104366925552, 0.7795897856185405
0.0022, 0.363729707991004, 5.252113122032547E-4, 41.487459431385176, 10.968368240477627, 24.954040898068452, 0.00868353844308892, 1.4958084361623072, -0.0044756011451519695, 0.01315913958824089, 0.0, 5.9190000000000005, 0.4563835915003845, 2708.6928464705306, 646.6527837501619, 3474.5104366925552, 0.7795897856185405
0.0023, 0.37011421650144843, 5.490845536670391E-4, 44.0602382580868, 24.022578079527673, 26.386628710244125, 0.009704306010262728, 1.4996118432543313, -0.004654629784629776, 0.014358935794892504, 0.0, 5.9190000000000005, 0.4771283002049474, 2708.6928464705306, 646.6527837501619, 3474.5104366925552, 0.7795897856185405
0.0024, 0.3744519692291772, 5.729577951308231E-4, 46.82434300546055, 22.16080051743042, 27.994360701050326, 0.010788785143487259, 1.4991769125051215, -0.004832620129818146, 0.015621405273305406, 0.0, 5.9190000000000005, 0.4978730089095103, 2708.6928464705306, 646.6527837501619, 3474.5104366925552, 0.7795897856185405
0.0025, 0.383941726192046, 5.968310365946075E-4, 49.77104828167894, 31.581311238994708, 29.762941048784935, 0.01194145938010438, 1.5050326002718697, -0.005009615468588517, 0.016951074848692897, 0.0, 5.9190000000000005, 0.5186177176140732, 2708.6928464705306, 646.6527837501619, 3474.5104366925552, 0.7795897856185405
0.0026, 0.3912252127177006, 6.207042780583919E-4, 52.881923788012365, 31.56295876922771, 31.669751027696588, 0.013166486379241782, 1.5043335221969956, -0.005185655622889315, 0.018352142002131096, 0.0, 5.9190000000000005, 0.5393624263186361, 2708.6928464705306, 646.6527837501619, 3474.5104366925552, 0.7795897856185405
0.0027, 0.40114076738144033, 6.445775195221761E-4, 56.12989669331756, 50.01510507644598, 33.68499638691107, 0.014467478165425944, 1.519029333655837, -0.005360777349080229, 0.019828255514506173, 0.0, 5.9190000000000005, 0.560107135023199, 2708.6928464705306, 646.6527837501619, 3474.5104366925552, 0.7795897856185405
0.0028, 0.41060843951213777, 6.684507609859605E-4, 59.480661285676334, 31.475312053587484, 35.773139468304905, 0.015847310999913142, 1.5025111717366255, -0.005535014678884134, 0.021382325678797276, 0.0, 5.9190000000000005, 0.5808518437277619, 2708.6928464705306, 646.6527837501619, 3474.5104366925552, 0.7795897856185405
0.0029, 0.4232844051892553, 6.923240024497446E-4, 62.89437219632856, 49.49880369988016, 37.89455655855286, 0.017307972422851203, 1.515654950817162, -0.005708399211575585, 0.023016371634426786, 0.0, 5.9190000000000005, 0.6015965524323248, 2708.6928464705306, 646.6527837501619, 3474.5104366925552, 0.7795897856185405
0.003, 0.42891271531528713, 7.161972439135289E-4, 66.32755178230704, 43.16596409518156, 40.007356364764775, 0.018850451417309743, 1.5156826513575141, -0.005880960365824366, 0.024731411783134108, 0.0, 5.9190000000000005, 0.6223412611368877, 2708.6928464705306, 646.6527837501619, 3474.5104366925552, 0.7795897856185405
0.0031, 0.44037055393022695, 7.400704853773128E-4, 69.73513809715725, 42.96545333901395, 42.06929228795806, 0.02047467593638765, 1.5100120888488133, -0.0060527255979264645, 0.026527401534314113, 0.0, 5.9190000000000005, 0.6430859698414505, 2708.6928464705306, 646.6527837501619, 3474.5104366925552, 0.7795897856185405
0.0032, 0.4381087371953089, 7.639437268410973E-4, 73.07259727209755, 46.87333464990789, 44.03969934420812, 0.022179500244029454, 1.5156052478321909, -0.006223720591850007, 0.028403220835879463, 0.0, 5.9190000000000005, 0.6638306785460134, 2708.6928464705306, 646.6527837501619, 3474.5104366925552, 0.7795897856185405
0.0033, 0.4489511363762307, 7.878169683048817E-4, 76.29802307141719, 50.74096029546694, 45.88138614948704, 0.023962742685865925, 1.5165854132921575, -0.006393969425504765, 0.03035671211137069, 0.0, 5.9190000000000005, 0.6845753872505763, 2708.6928464705306, 646.6527837501619, 3474.5104366925552, 0.7795897856185405
0.0034, 0.4696498880873034, 8.116902097686655E-4, 79.37414687515081, 42.13228537468043, 47.5624133412048, 0.025821272665274182, 1.5036849736261029, -0.006563494716841305, 0.03238476738211549, 0.0, 5.9190000000000005, 0.7053200959551392, 2708.6928464705306, 646.6527837501619, 3474.5104366925552, 0.7795897856185405
0.0035, 0.4678351291649398, 8.355634512324502E-4, 82.2701833782601, 57.055550580633344, 49.057692156980465, 0.027751143788881282, 1.5215909803043355, -0.006732317752748799, 0.03448346154163008, 0.0, 5.9190000000000005, 0.7260648046597021, 2708.6928464705306, 646.6527837501619, 3474.5104366925552, 0.7795897856185405
0.0036, 0.46626394250834013, 8.594366926962345E-4, 84.96344087841658, 41.800019908184304, 50.35034062956129, 0.029747768401841894, 1.501840193003694, -0.006900458603211013, 0.03664822700505291, 0.0, 5.9190000000000005, 0.746809513364265, 2708.6928464705306, 646.6527837501619, 3474.5104366925552, 0.7795897856185405
0.0037, 0.465186497969683, 8.833099341600185E-4, 87.44063015340478, 47.81479987169969, 51.43273998566906, 0.03180612709330546, 1.514030221778809, -0.007067936222769608, 0.03887406331607506, 0.0, 5.9190000000000005, 0.767554222068828, 2708.6928464705306, 646.6527837501619, 3474.5104366925552, 0.7795897856185405
0.0038, 0.49148757345559246, 9.071831756238029E-4, 89.69881260433466, 39.55936467539373, 52.30724035634921, 0.03392100525349345, 1.492681900871829, -0.007234768541011389, 0.041155773794504844, 0.0, 5.9190000000000005, 0.7882989307733909, 2708.6928464705306, 646.6527837501619, 3474.5104366925552, 0.7795897856185405
0.0039, 0.4890363348118517, 9.310564170875872E-4, 91.74593656156087, 41.775509438776666, 52.986472816626815, 0.03608724744259404, 1.4949467965673953, -0.007400972543524751, 0.04348821998611879, 0.0, 5.9190000000000005, 0.8090436394779537, 2708.6928464705306, 646.6527837501619, 3474.5104366925552, 0.7795897856185405
0.004, 0.4774668786817765, 9.549296585513715E-4, 93.60092041680826, 64.87065047056603, 53.49323407339034, 0.03830001922520556, 1.525955998120307, -0.007566564344548088, 0.04586658356975365, 0.0, 5.9190000000000005, 0.8297883481825167, 2708.6928464705306, 646.6527837501619, 3474.5104366925552, 0.7795897856185405
0.0041, 0.49886987152205436, 9.788029000151557E-4, 95.29325255696423, 56.534990641236384, 53.859920812105656, 0.0405550652691597, 1.5063120471778961, -0.007731559252349385, 0.048286624521509086, 0.0, 5.9190000000000005, 0.8505330568870797, 2708.6928464705306, 646.6527837501619, 3474.5104366925552, 0.7795897856185405
0.0042, 0.5079323532923727, 0.0010026761414789404, 96.86209093265104, 51.85603239602289, 54.12750279536044, 0.042848951941193675, 1.5057894063898525, -0.007895971828223965, 0.05074492376941764, 0.0, 5.9190000000000005, 0.8712777655916426, 2708.6928464705306, 646.6527837501619, 3474.5104366925552, 0.7795897856185405
0.0043, 0.5038738854081855, 0.0010265493829427243, 98.35485949768184, 47.38382572400452, 54.344037279454824, 0.045179282390931635, 1.4967352822274327, -0.008059815939870624, 0.05323909833080226, 0.0, 5.9190000000000005, 0.8920224742962056, 2708.6928464705306, 646.6527837501619, 3474.5104366925552, 0.7795897856185405
0.0044, 0.5002057171004697, 0.0010504226244065088, 99.82535470366744, 49.561098462481326, 54.56274217869395, 0.04754487223598744, 1.5085818234208122, -0.008223104809800184, 0.05576797704578762, 0.0, 5.9190000000000005, 0.9127671830007686, 2708.6928464705306, 646.6527837501619, 3474.5104366925552, 0.7795897856185405
0.0045, 0.5152342804401692, 0.001074295865870293, 101.33139272816346, 46.29082447416763, 54.839661662098024, 0.049945874481435795, 1.495984065265354, -0.008385851059341297, 0.05833172554077709, 0.0, 5.9190000000000005, 0.9335118917053317, 2708.6928464705306, 646.6527837501619, 3474.5104366925552, 0.7795897856185405
0.0046, 0.4761011570824714, 0.001098169107334078, 102.93204715326577, 37.834285268478716, 55.23097551164028, 0.05238384326357223, 1.4814324502579928, -0.0085480667487329, 0.060931910012305135, 0.0, 5.9190000000000005, 0.9542566004098946, 2708.6928464705306, 646.6527837501619, 3474.5104366925552, 0.7795897856185405
0.0047, 0.5139212650008896, 0.001122042348797862, 104.68454739640632, 73.42495084456318, 55.79002260769357, 0.054861727437285124, 1.52667119196859, -0.008709763413728974, 0.0635714908510141, 0.0, 5.9190000000000005, 0.9750013091144576, 2708.6928464705306, 646.6527837501619, 3474.5104366925552, 0.7795897856185405
0.0048, 0.475272655383555, 0.0011459155902616468, 106.64093032422068, 72.18876858027635, 56.56412933332649, 0.05738378696590161, 1.5267772519747738, -0.008870952099086745, 0.06625473906498835, 0.0, 5.9190000000000005, 0.9957460178190206, 2708.6928464705306, 646.6527837501619, 3474.5104366925552, 0.7795897856185405
0.0049, 0.5259945808007788, 0.0011697888317254304, 108.84456115576698, 57.04867644049146, 57.59135550663723, 0.059955427558464, 1.503023243611656, -0.009031643389263154, 0.06898707094772716, 0.0, 5.9190000000000005, 1.0164907265235836, 2708.6928464705306, 646.6527837501619, 3474.5104366925552, 0.7795897856185405
0.005, 0.47890590768461244, 0.0011936620731892152, 111.32666498090465, 71.55864439003584, 58.89729365812218, 0.06258295206916412, 1.515180903192379, -0.009191847436604592, 0.0717747995057687, 0.0, 5.9190000000000005, 1.0372354352281465, 2708.6928464705306, 646.6527837501619, 3474.5104366925552, 0.7795897856185405
0.0051, 0.5121759760762089, 0.0012175353146529997, 114.10303698561489, 62.13860015291433, 60.49208206837466, 0.06527323086401518, 1.5069938401515426, -0.009351573987280676, 0.07462480485129586, 0.0, 5.9190000000000005, 1.0579801439327094, 2708.6928464705306, 646.6527837501619, 3474.5104366925552, 0.7795897856185405
0.0052, 0.49181831935226783, 0.0012414085561167842, 117.17112778622104, 76.91207566553997, 62.367817971402474, 0.0680332977076364, 1.5274022398238252, -0.009510832405183292, 0.07754413011281969, 0.0, 5.9190000000000005, 1.0787248526372726, 2708.6928464705306, 646.6527837501619, 3474.5104366925552, 0.7795897856185405
0.0053, 0.523244101387999, 0.0012652817975805685, 120.50773013061554, 62.662581768011556, 64.49658470791655, 0.07086988276500328, 1.5093815575316722, -0.009669631693986708, 0.08053951445898999, 0.0, 5.9190000000000005, 1.0994695613418355, 2708.6928464705306, 646.6527837501619, 3474.5104366925552, 0.7795897856185405
0.0054, 0.49033449502271453, 0.0012891550390443521, 124.06752462528021, 46.689955506421306, 66.82933538390353, 0.07378890008629, 1.4833414710053876, -0.009827980517542224, 0.08361688060383221, 0.0, 5.9190000000000005, 1.1202142700463984, 2708.6928464705306, 646.6527837501619, 3474.5104366925552, 0.7795897856185405
0.0055, 0.5081445063743065, 0.0013130282805081366, 127.78277509408706, 85.17399171749773, 69.29590575212205, 0.0767949134843791, 1.5328876901129407, -0.009985887218761662, 0.08678080070314076, 0.0, 5.9190000000000005, 1.1409589787509615, 2708.6928464705306, 646.6527837501619, 3474.5104366925552, 0.7795897856185405
0.0056, 0.4991696996953253, 0.0013369015219719213, 131.56449866475077, 87.47390892900897, 71.8064605835898, 0.07989061206078749, 1.535333118689455, -0.010143359837127136, 0.09003397189791462, 0.0, 5.9190000000000005, 1.1617036874555244, 2708.6928464705306, 646.6527837501619, 3474.5104366925552, 0.7795897856185405
0.0057, 0.47776463932722135, 0.0013607747634357059, 135.3054717179921, 66.85717371844736, 74.2547107424507, 0.08307633482404718, 1.5148337707678183, -0.010300406124949774, 0.09337674094899695, 0.0, 5.9190000000000005, 1.1824483961600873, 2708.6928464705306, 646.6527837501619, 3474.5104366925552, 0.7795897856185405
0.0058, 0.4706900953562498, 0.00138464800489949, 138.88547041342827, 50.546085540119776, 76.52327250751841, 0.08634969291167008, 1.4763832258418002, -0.010457033562487143, 0.09680672647415722, 0.0, 5.9190000000000005, 1.2031931048646505, 2708.6928464705306, 646.6527837501619, 3474.5104366925552, 0.7795897856185405
0.0059, 0.4800350193045129, 0.0014085212463632744, 142.17918363656355, 74.92654444365563, 78.4915764097459, 0.08970534790901089, 1.518484485116148, -0.010613249372017875, 0.10031859728102877, 0.0, 5.9190000000000005, 1.2239378135692134, 2708.6928464705306, 646.6527837501619, 3474.5104366925552, 0.7795897856185405
0.006, 0.46725701150910565, 0.0014323944878270583, 145.06727688077723, 98.23569673390813, 80.04676997041679, 0.09313501569407336, 1.5552005694632438, -0.010769060530961808, 0.10390407622503517, 0.0, 5.9190000000000005, 1.2446825222737763, 2708.6928464705306, 646.6527837501619, 3474.5104366925552, 0.7795897856185405
0.0061, 0.468324799093128, 0.0014562677292908432, 147.45112779814866, 56.13892794890053, 81.09809722711361, 0.09662777716133569, 1.4827813634017064, -0.010924473784125253, 0.10755225094546095, 0.0, 5.9190000000000005, 1.2654272309783394, 2708.6928464705306, 646.6527837501619, 3474.5104366925552, 0.7795897856185405
0.0062, 0.45088619886338155, 0.0014801409707546273, 149.2717979141104, 80.45344388381012, 81.59527783381054, 0.10017079012894314, 1.5178750941499783, -0.011079495655143108, 0.11125028578408624, 0.0, 5.9190000000000005, 1.2861719396829023, 2708.6928464705306, 646.6527837501619, 3474.5104366925552, 0.7795897856185405
0.0063, 0.4613007352528836, 0.0015040142122184116, 150.53385030957767, 83.1015904754502, 81.5514498079283, 0.10375051074747113, 1.5253973935017981, -0.011234132457182605, 0.11498464320465374, 0.0, 5.9190000000000005, 1.3069166483874652, 2708.6928464705306, 646.6527837501619, 3474.5104366925552, 0.7795897856185405
0.0064, 0.4521869228484836, 0.0015278874536821963, 151.33466992867517, 71.38071799229706, 81.07128267196822, 0.10735454784272284, 1.5054941932425363, -0.011388390302967297, 0.11874293814569015, 0.0, 5.9190000000000005, 1.3276613570920284, 2708.6928464705306, 646.6527837501619, 3474.5104366925552, 0.7795897856185405
0.0065, 0.43947885162027994, 0.0015517606951459808, 151.8999915648281, 85.5704709218358, 80.38491180847632, 0.11097428987638575, 1.5355777509892112, -0.011542275114174438, 0.12251656499056018, 0.0, 5.9190000000000005, 1.3484060657965913, 2708.6928464705306, 646.6527837501619, 3474.5104366925552, 0.7795897856185405
0.0066, 0.4525592044029543, 0.0015756339366097647, 152.62639052864264, 89.47159968922017, 79.88839030536474, 0.11460846163284485, 1.5192727033662905, -0.011695792630253918, 0.12630425426309877, 0.0, 5.9190000000000005, 1.3691507745011542, 2708.6928464705306, 646.6527837501619, 3474.5104366925552, 0.7795897856185405
0.0067, 0.4286910291421759, 0.0015995071780735492, 154.13154247940722, 107.40440300186408, 80.19140141697426, 0.11826778637716391, 1.5627305235609086, -0.011848948416712617, 0.13011673479387653, 0.0, 5.9190000000000005, 1.3898954832057173, 2708.6928464705306, 646.6527837501619, 3474.5104366925552, 0.7795897856185405
0.0068, 0.4191422142716138, 0.0016233804195373337, 157.31311194906266, 75.5724969316588, 82.17302300664596, 0.12198094911156741, 1.4841006217586825, -0.012001747872904098, 0.13398269698447152, 0.0, 5.9190000000000005, 1.4106401919102802, 2708.6928464705306, 646.6527837501619, 3474.5104366925552, 0.7795897856185405
