This fits B3 to B9 into the virial expansion since maxPower is set to 7.
Number of particles: 108
dryVolFracMax: 0.007
dryVolFracIncrement: 1.0E-4
Initial configuration: FCC
Dry microgel radius [nm]: 50.0
Box length [units of dry radius]: 40.130210850472906
Number of monomers: 2916666.666666667
Number of chains: 204.16666666666666
Flory interaction parameter (chi): 0.0
Young's calibration factor: 1.0
x-link fraction: 7.0E-5
MC steps: 100000
Equilibration steps: 10000.0
Snapshot interval: 100
Displacement tolerance: 0.1
Particle radius change tolerance: 0.0
Particle radius bin width: 0.001
g(r) bin width: 0.005
phi0, phi, rho, mu/kT, Z_measured, Z_virial_Fit, <F_total>/V, QMelting, <F_id>/V, <F_ex>/V, <F_FR>/V, <alpha>, Zeta, B2_rho, B2_phi0, B2_HS, B2*
2.0E-4, 0.040524620791356, 4.774648292756861E-5, -7.472218393006966, 1.835830204332593, 2.5458402167241956, -4.7832706437691056E-4, 1.500493513678791, -5.213638970822166E-4, 4.303683270530607E-5, 0.0, 5.9190000000000005, 0.041489417409125866, 2708.6928464705306, 646.6527837501619, 3474.5104366925552, 0.7795897856185405
3.0E-4, 0.0606284771037799, 7.161972439135293E-5, -4.721055909471431, 2.5333595783456913, 3.999205222412976, -6.245426988861886E-4, 1.500675161518049, -7.530065463303081E-4, 1.284638474441196E-4, 0.0, 5.9190000000000005, 0.062234126113688795, 2708.6928464705306, 646.6527837501619, 3474.5104366925552, 0.7795897856185405
4.0E-4, 0.07994678707858965, 9.549296585513724E-5, -1.702162076215731, 8.120890126298793, 5.645024209514097, -7.016046091145307E-4, 1.501245405421628, -9.765371141186377E-4, 2.7493250500410703E-4, 0.0, 5.9190000000000005, 0.08297883481825173, 2708.6928464705306, 646.6527837501619, 3474.5104366925552, 0.7795897856185405
5.0E-4, 0.09987640654849075, 1.1936620731892148E-4, 1.4450588142382426, 6.539105444407143, 7.349584275428867, -7.048008103203311E-4, 1.5016158373033286, -0.0011940355932402447, 4.892347829199135E-4, 0.0, 5.9190000000000005, 0.10372354352281465, 2708.6928464705306, 646.6527837501619, 3474.5104366925552, 0.7795897856185405
6.0E-4, 0.11803222258726985, 1.4323944878270585E-4, 4.603295076920864, 10.622144560886527, 9.019181895717743, -6.325291938112807E-4, 1.5018544314654652, -0.001406727072591923, 7.741978787806422E-4, 0.0, 5.9190000000000005, 0.12446825222737759, 2708.6928464705306, 646.6527837501619, 3474.5104366925552, 0.7795897856185405
7.0E-4, 0.13551235213844923, 1.6711269024649017E-4, 7.6871258477216475, 9.953824837462914, 10.593008178037744, -4.856098137588627E-4, 1.5014768413190638, -0.0016154210498813184, 0.0011298112361224557, 0.0, 5.9190000000000005, 0.14521296093194053, 2708.6928464705306, 646.6527837501619, 3474.5104366925552, 0.7795897856185405
8.0E-4, 0.15306908571232855, 1.9098593171027449E-4, 10.641248829043532, 8.113520613493872, 12.036822670851754, -2.665349704482295E-4, 1.501312569510257, -0.0018206928681456847, 0.0015541578976974552, 0.0, 5.9190000000000005, 0.16595766963650346, 2708.6928464705306, 646.6527837501619, 3474.5104366925552, 0.7795897856185405
9.0E-4, 0.16989907357833206, 2.148591731740588E-4, 13.436028864333077, 17.471994324560256, 13.337364764276725, 2.119888696007011E-5, 1.5034967053130353, -0.0020229727110088343, 0.0020441715979689044, 0.0, 5.9190000000000005, 0.1867023783410664, 2708.6928464705306, 646.6527837501619, 3474.5104366925552, 0.7795897856185405
0.001, 0.18874101167618912, 2.38732414637843E-4, 16.062574325531884, 15.33567016115473, 14.497453196925475, 3.7364514623290873E-4, 1.5035880084649051, -0.0022225944863660013, 0.00259623963259891, 0.0, 5.9190000000000005, 0.20744708704562936, 2708.6928464705306, 646.6527837501619, 3474.5104366925552, 0.7795897856185405
0.0011, 0.20241234930489585, 2.626056561016274E-4, 18.52802542369693, 23.249991709216904, 15.531725659084135, 7.868452655632953E-4, 1.505773726816026, -0.0024198249427019227, 0.003206670208265218, 0.0, 5.9190000000000005, 0.2281917957501923, 2708.6928464705306, 646.6527837501619, 3474.5104366925552, 0.7795897856185405
0.0012, 0.21763597283970743, 2.864788975654117E-4, 20.851286725015136, 12.067465234180206, 16.462971959054286, 0.0012571595763224736, 1.50293183023116, -0.00261488210504646, 0.0038720416813689336, 0.0, 5.9190000000000005, 0.24893650445475524, 2708.6928464705306, 646.6527837501619, 3474.5104366925552, 0.7795897856185405
0.0013, 0.23468631200179346, 3.10352139029196E-4, 23.059276816954053, 19.582991435343782, 17.31901569597673, 0.0017815023174814308, 1.5037011319629279, -0.002807947521593494, 0.004589449839074925, 0.0, 5.9190000000000005, 0.26968121315931814, 2708.6928464705306, 646.6527837501619, 3474.5104366925552, 0.7795897856185405
0.0014, 0.2538036736555633, 3.342253804929803E-4, 25.183704740193452, 15.34827343284294, 18.130100858940533, 0.002357493441058514, 1.50224443365911, -0.002999174719602353, 0.005356668160660867, 0.0, 5.9190000000000005, 0.2904259218638811, 2708.6928464705306, 646.6527837501619, 3474.5104366925552, 0.7795897856185405
0.0015, 0.2653891814368784, 3.580986219567647E-4, 27.25835551725563, 23.917470875873104, 18.926741248669153, 0.0029835395882561347, 1.5055651596079964, -0.003188695233083918, 0.006172234821340053, 0.0, 5.9190000000000005, 0.3111706305684441, 2708.6928464705306, 646.6527837501619, 3474.5104366925552, 0.7795897856185405
0.0016, 0.2789258729472154, 3.8197186342054886E-4, 29.31685482987836, 13.706702418716887, 19.73799209456201, 0.00365885604845844, 1.5008166142768686, -0.0033766230161081877, 0.007035479064566628, 0.0, 5.9190000000000005, 0.331915339273007, 2708.6928464705306, 646.6527837501619, 3474.5104366925552, 0.7795897856185405
0.0017, 0.28961030804304444, 4.0584510488433315E-4, 31.390877402686268, 19.1348601990055, 20.59010471635751, 0.004383440723714927, 1.5030324218583548, -0.0035630577486152858, 0.007946498472330213, 0.0, 5.9190000000000005, 0.35266004797756995, 2708.6928464705306, 646.6527837501619, 3474.5104366925552, 0.7795897856185405
0.0018, 0.3051140256738693, 4.297183463481176E-4, 33.50876143809424, 18.695776109969934, 21.5055265561711, 0.005158010244288041, 1.5009358157696397, -0.003748087361811589, 0.00890609760609963, 0.0, 5.9190000000000005, 0.37340475668213285, 2708.6928464705306, 646.6527837501619, 3474.5104366925552, 0.7795897856185405
0.0019, 0.31557849216488826, 4.535915878119019E-4, 35.694490914686064, 22.46905725714923, 22.50221038314972, 0.005983907473159571, 1.5047783259531868, -0.003931790000723226, 0.009915697473882797, 0.0, 5.9190000000000005, 0.3941494653866958, 2708.6928464705306, 646.6527837501619, 3474.5104366925552, 0.7795897856185405
0.002, 0.3339395635688934, 4.7746482927568624E-4, 37.96700793090896, 26.414867642018823, 23.59319794946897, 0.006862988728829343, 1.50911546025154, -0.004114235572503025, 0.010977224301332368, 0.0, 5.9190000000000005, 0.4148941740912587, 2708.6928464705306, 646.6527837501619, 3474.5104366925552, 0.7795897856185405
0.0021, 0.34199678136105793, 5.013380707394704E-4, 40.33981815065172, 27.310345870667888, 24.786444852891176, 0.007797498162590004, 1.5060095385898309, -0.0042954869843524115, 0.012092985146942415, 0.0, 5.9190000000000005, 0.4356388827958216, 2708.6928464705306, 646.6527837501619, 3474.5104366925552, 0.7795897856185405
0.0022, 0.363729707991004, 5.252113122032547E-4, 42.820853575174056, 10.968368240477627, 26.084854837583197, 0.008789935858002078, 1.495702038747394, -0.0044756011451519695, 0.013265537003154047, 0.0, 5.9190000000000005, 0.4563835915003845, 2708.6928464705306, 646.6527837501619, 3474.5104366925552, 0.7795897856185405
0.0023, 0.37011421650144843, 5.490845536670391E-4, 45.41255820943004, 24.022578079527673, 27.486493241390615, 0.009842925381982205, 1.4994732238826118, -0.004654629784629776, 0.01449755516661198, 0.0, 5.9190000000000005, 0.4771283002049474, 2708.6928464705306, 646.6527837501619, 3474.5104366925552, 0.7795897856185405
0.0024, 0.3744519692291772, 5.729577951308231E-4, 48.112163642640525, 22.16080051743042, 28.984950774236648, 0.010959085712078494, 1.4990066119365302, -0.004832620129818146, 0.01579170584189664, 0.0, 5.9190000000000005, 0.4978730089095103, 2708.6928464705306, 646.6527837501619, 3474.5104366925552, 0.7795897856185405
0.0025, 0.383941726192046, 5.968310365946075E-4, 50.91212308323471, 31.581311238994708, 30.569830288820643, 0.012140911695200936, 1.5048331479567731, -0.005009615468588517, 0.017150527163789453, 0.0, 5.9190000000000005, 0.5186177176140732, 2708.6928464705306, 646.6527837501619, 3474.5104366925552, 0.7795897856185405
0.0026, 0.3912252127177006, 6.207042780583919E-4, 53.80067395274181, 31.56295876922771, 32.22733068126074, 0.013390666460630581, 1.5041093421156069, -0.005185655622889315, 0.018576322083519895, 0.0, 5.9190000000000005, 0.5393624263186361, 2708.6928464705306, 646.6527837501619, 3474.5104366925552, 0.7795897856185405
0.0027, 0.40114076738144033, 6.445775195221761E-4, 56.762500736904634, 50.01510507644598, 33.94090353582388, 0.014710288515406419, 1.5187865233058566, -0.005360777349080229, 0.020071065864486648, 0.0, 5.9190000000000005, 0.560107135023199, 2708.6928464705306, 646.6527837501619, 3474.5104366925552, 0.7795897856185405
0.0028, 0.41060843951213777, 6.684507609859605E-4, 59.7794714055545, 31.475312053587484, 35.691959604368385, 0.016101315593760938, 1.5022571671427778, -0.005535014678884134, 0.021636330272645072, 0.0, 5.9190000000000005, 0.5808518437277619, 2708.6928464705306, 646.6527837501619, 3474.5104366925552, 0.7795897856185405
0.0029, 0.4232844051892553, 6.923240024497446E-4, 62.831422339544375, 49.49880369988016, 37.460603687617684, 0.01756482671452827, 1.515398096525485, -0.005708399211575585, 0.023273225926103855, 0.0, 5.9190000000000005, 0.6015965524323248, 2708.6928464705306, 646.6527837501619, 3474.5104366925552, 0.7795897856185405
0.003, 0.42891271531528713, 7.161972439135289E-4, 65.89696833901185, 43.16596409518156, 39.22637796185987, 0.01910140332166285, 1.5154316994531611, -0.005880960365824366, 0.024982363687487213, 0.0, 5.9190000000000005, 0.6223412611368877, 2708.6928464705306, 646.6527837501619, 3474.5104366925552, 0.7795897856185405
0.0031, 0.44037055393022695, 7.400704853773128E-4, 68.9543159298971, 42.96545333901395, 40.96899527116451, 0.02071110984334759, 1.5097756549418533, -0.0060527255979264645, 0.026763835441274055, 0.0, 5.9190000000000005, 0.6430859698414505, 2708.6928464705306, 646.6527837501619, 3474.5104366925552, 0.7795897856185405
0.0032, 0.4381087371953089, 7.639437268410973E-4, 71.98205983291052, 46.87333464990789, 42.66904538170345, 0.02239349350480168, 1.5153912545714185, -0.006223720591850007, 0.028617214096651685, 0.0, 5.9190000000000005, 0.6638306785460134, 2708.6928464705306, 646.6527837501619, 3474.5104366925552, 0.7795897856185405
0.0033, 0.4489511363762307, 7.878169683048817E-4, 74.95994410980884, 50.74096029546694, 44.30865867121366, 0.0241476027688807, 1.5164005532091427, -0.006393969425504765, 0.030541572194385466, 0.0, 5.9190000000000005, 0.6845753872505763, 2708.6928464705306, 646.6527837501619, 3474.5104366925552, 0.7795897856185405
0.0034, 0.4696498880873034, 8.116902097686655E-4, 77.86957115503468, 42.13228537468043, 45.87211320318923, 0.02597202335699622, 1.5035342229343807, -0.006563494716841305, 0.032535518073837526, 0.0, 5.9190000000000005, 0.7053200959551392, 2708.6928464705306, 646.6527837501619, 3474.5104366925552, 0.7795897856185405
0.0035, 0.4678351291649398, 8.355634512324502E-4, 80.69504335572276, 57.055550580633344, 47.34637261180892, 0.027864930420798652, 1.5214771936724183, -0.006732317752748799, 0.03459724817354745, 0.0, 5.9190000000000005, 0.7260648046597021, 2708.6928464705306, 646.6527837501619, 3474.5104366925552, 0.7795897856185405
0.0036, 0.46626394250834013, 8.594366926962345E-4, 83.42352389944949, 41.800019908184304, 48.721543700130965, 0.02982415509251147, 1.5017638063130245, -0.006900458603211013, 0.03672461369572248, 0.0, 5.9190000000000005, 0.746809513364265, 2708.6928464705306, 646.6527837501619, 3474.5104366925552, 0.7795897856185405
0.0037, 0.465186497969683, 8.833099341600185E-4, 86.04570486650178, 47.81479987169969, 49.99124413059732, 0.03184726333880683, 1.5139890855333076, -0.007067936222769608, 0.038915199561576436, 0.0, 5.9190000000000005, 0.767554222068828, 2708.6928464705306, 646.6527837501619, 3474.5104366925552, 0.7795897856185405
0.0038, 0.49148757345559246, 9.071831756238029E-4, 88.55617240158433, 39.55936467539373, 51.152872063305665, 0.0339316447796896, 1.492671261345633, -0.007234768541011389, 0.04116641332070099, 0.0, 5.9190000000000005, 0.7882989307733909, 2708.6928464705306, 646.6527837501619, 3474.5104366925552, 0.7795897856185405
0.0039, 0.4890363348118517, 9.310564170875872E-4, 90.95366041863285, 41.775509438776666, 52.207771074059906, 0.03607460891002818, 1.494959435099961, -0.007400972543524751, 0.04347558145355293, 0.0, 5.9190000000000005, 0.8090436394779537, 2708.6928464705306, 646.6527837501619, 3474.5104366925552, 0.7795897856185405
0.004, 0.4774668786817765, 9.549296585513715E-4, 93.24118595170796, 64.87065047056603, 53.16128516067994, 0.038273485977145645, 1.5259825313683668, -0.007566564344548088, 0.045840050321693734, 0.0, 5.9190000000000005, 0.8297883481825167, 2708.6928464705306, 646.6527837501619, 3474.5104366925552, 0.7795897856185405
0.0041, 0.49886987152205436, 9.788029000151557E-4, 95.42606092442136, 56.534990641236384, 54.022700122513015, 0.040525729623280486, 1.5063413828237755, -0.007731559252349385, 0.04825728887562987, 0.0, 5.9190000000000005, 0.8505330568870797, 2708.6928464705306, 646.6527837501619, 3474.5104366925552, 0.7795897856185405
0.0042, 0.5079323532923727, 0.0010026761414789404, 97.51977677033297, 51.85603239602289, 54.80506907462154, 0.04282901829673467, 1.5058093400343115, -0.007895971828223965, 0.05072499012495863, 0.0, 5.9190000000000005, 0.8712777655916426, 2708.6928464705306, 646.6527837501619, 3474.5104366925552, 0.7795897856185405
0.0043, 0.5038738854081855, 0.0010265493829427243, 99.53775999668898, 47.38382572400452, 55.52492133454001, 0.045181352370187375, 1.496733212248177, -0.008059815939870624, 0.053241168310058, 0.0, 5.9190000000000005, 0.8920224742962056, 2708.6928464705306, 646.6527837501619, 3474.5104366925552, 0.7795897856185405
0.0044, 0.5002057171004697, 0.0010504226244065088, 101.498998444399, 49.561098462481326, 56.201855396102815, 0.04758114387890422, 1.5085455517778954, -0.008223104809800184, 0.0558042486887044, 0.0, 5.9190000000000005, 0.9127671830007686, 2708.6928464705306, 646.6527837501619, 3474.5104366925552, 0.7795897856185405
0.0045, 0.5152342804401692, 0.001074295865870293, 103.42553965720732, 46.29082447416763, 56.85801818118546, 0.05002729580551449, 1.4959026439412753, -0.008385851059341297, 0.05841314686485578, 0.0, 5.9190000000000005, 0.9335118917053317, 2708.6928464705306, 646.6527837501619, 3474.5104366925552, 0.7795897856185405
0.0046, 0.4761011570824714, 0.001098169107334078, 105.34186443389909, 37.834285268478716, 57.51747423675704, 0.052519267891589214, 1.4812970256299758, -0.0085480667487329, 0.061067334640322116, 0.0, 5.9190000000000005, 0.9542566004098946, 2708.6928464705306, 646.6527837501619, 3474.5104366925552, 0.7795897856185405
0.0047, 0.5139212650008896, 0.001122042348797862, 107.27414029767581, 73.42495084456318, 58.205470021194174, 0.055057126049403146, 1.526475793356472, -0.008709763413728974, 0.06376688946313212, 0.0, 5.9190000000000005, 0.9750013091144576, 2708.6928464705306, 646.6527837501619, 3474.5104366925552, 0.7795897856185405
0.0048, 0.475272655383555, 0.0011459155902616468, 109.24936127776357, 72.18876858027635, 58.94759990018065, 0.05764157258018419, 1.526519466360491, -0.008870952099086745, 0.06651252467927093, 0.0, 5.9190000000000005, 0.9957460178190206, 2708.6928464705306, 646.6527837501619, 3474.5104366925552, 0.7795897856185405
0.0049, 0.5259945808007788, 0.0011697888317254304, 111.29438205892414, 57.04867644049146, 59.76888194904541, 0.0602739545775946, 1.5027047165925254, -0.009031643389263154, 0.06930559796685776, 0.0, 5.9190000000000005, 1.0164907265235836, 2708.6928464705306, 646.6527837501619, 3474.5104366925552, 0.7795897856185405
0.005, 0.47890590768461244, 0.0011936620731892152, 113.43485621535469, 71.55864439003584, 60.692753134936765, 0.06295624810732511, 1.5148076071542182, -0.009191847436604592, 0.0721480955439297, 0.0, 5.9190000000000005, 1.0372354352281465, 2708.6928464705306, 646.6527837501619, 3474.5104366925552, 0.7795897856185405
0.0051, 0.5121759760762089, 0.0012175353146529997, 115.69408990633389, 62.13860015291433, 61.73999492860003, 0.06569101600552349, 1.5065760550100342, -0.009351573987280676, 0.07504258999280417, 0.0, 5.9190000000000005, 1.0579801439327094, 2708.6928464705306, 646.6527837501619, 3474.5104366925552, 0.7795897856185405
0.0052, 0.49181831935226783, 0.0012414085561167842, 118.09182407181069, 76.91207566553997, 62.927601872185505, 0.06848133743013458, 1.526954200101327, -0.009510832405183292, 0.07799216983531787, 0.0, 5.9190000000000005, 1.0787248526372726, 2708.6928464705306, 646.6527837501619, 3474.5104366925552, 0.7795897856185405
0.0053, 0.523244101387999, 0.0012652817975805685, 120.64295982704108, 62.662581768011556, 64.26760710574536, 0.07133070763043103, 1.5089207326662444, -0.009669631693986708, 0.08100033932441775, 0.0, 5.9190000000000005, 1.0994695613418355, 2708.6928464705306, 646.6527837501619, 3474.5104366925552, 0.7795897856185405
0.0054, 0.49033449502271453, 0.0012891550390443521, 123.35624341629119, 46.689955506421306, 65.76588033190046, 0.07424290677061876, 1.4828874643210588, -0.009827980517542224, 0.08407088728816098, 0.0, 5.9190000000000005, 1.1202142700463984, 2708.6928464705306, 646.6527837501619, 3474.5104366925552, 0.7795897856185405
0.0055, 0.5081445063743065, 0.0013130282805081366, 126.23292874646329, 85.17399171749773, 67.42091517424251, 0.07722183705393697, 1.532460766543383, -0.009985887218761662, 0.08720772427269863, 0.0, 5.9190000000000005, 1.1409589787509615, 2708.6928464705306, 646.6527837501619, 3474.5104366925552, 0.7795897856185405
0.0056, 0.4991696996953253, 0.0013369015219719213, 129.26543718283256, 87.47390892900897, 69.22262436206029, 0.08027132784356802, 1.5349524029066746, -0.010143359837127136, 0.09041468768069516, 0.0, 5.9190000000000005, 1.1617036874555244, 2708.6928464705306, 646.6527837501619, 3474.5104366925552, 0.7795897856185405
0.0057, 0.47776463932722135, 0.0013607747634357059, 132.4360359494058, 66.85717371844736, 71.15116264973767, 0.08339490896652345, 1.514515196625342, -0.010300406124949774, 0.09369531509147322, 0.0, 5.9190000000000005, 1.1824483961600873, 2708.6928464705306, 646.6527837501619, 3474.5104366925552, 0.7795897856185405
0.0058, 0.4706900953562498, 0.00138464800489949, 135.71555813790837, 50.546085540119776, 73.17579885646228, 0.08659555291593327, 1.476137365837537, -0.010457033562487143, 0.09705258647842041, 0.0, 5.9190000000000005, 1.2031931048646505, 2708.6928464705306, 646.6527837501619, 3474.5104366925552, 0.7795897856185405
0.0059, 0.4800350193045129, 0.0014085212463632744, 139.0621889904267, 74.92654444365563, 75.25385988774451, 0.08987538723607538, 1.5183144457890836, -0.010613249372017875, 0.10048863660809326, 0.0, 5.9190000000000005, 1.2239378135692134, 2708.6928464705306, 646.6527837501619, 3474.5104366925552, 0.7795897856185405
0.006, 0.46725701150910565, 0.0014323944878270583, 142.42034478122065, 98.23569673390813, 77.3297710769848, 0.0932353789834426, 1.5551002061738746, -0.010769060530961808, 0.10400443951440441, 0.0, 5.9190000000000005, 1.2446825222737763, 2708.6928464705306, 646.6527837501619, 3474.5104366925552, 0.7795897856185405
0.0061, 0.468324799093128, 0.0014562677292908432, 145.7196722846433, 56.13892794890053, 79.3342186619193, 0.09667499380508143, 1.4827341467579607, -0.010924473784125253, 0.10759946758920669, 0.0, 5.9190000000000005, 1.2654272309783394, 2708.6928464705306, 646.6527837501619, 3474.5104366925552, 0.7795897856185405
0.0062, 0.45088619886338155, 0.0014801409707546273, 148.87419847728566, 80.45344388381012, 81.18346168716471, 0.10019183286361255, 1.517854051415309, -0.011079495655143108, 0.11127132851875565, 0.0, 5.9190000000000005, 1.2861719396829023, 2708.6928464705306, 646.6527837501619, 3474.5104366925552, 0.7795897856185405
0.0063, 0.4613007352528836, 0.0015040142122184116, 151.78166178274884, 83.1015904754502, 82.77882210013195, 0.10378125156606757, 1.5253666526832017, -0.011234132457182605, 0.11501538402325018, 0.0, 5.9190000000000005, 1.3069166483874652, 2708.6928464705306, 646.6527837501619, 3474.5104366925552, 0.7795897856185405
0.0064, 0.4521869228484836, 0.0015278874536821963, 154.32305782927625, 71.38071799229706, 84.00638328517198, 0.1074359648205269, 1.5054127762647322, -0.011388390302967297, 0.11882435512349421, 0.0, 5.9190000000000005, 1.3276613570920284, 2708.6928464705306, 646.6527837501619, 3474.5104366925552, 0.7795897856185405
0.0065, 0.43947885162027994, 0.0015517606951459808, 156.36243435090802, 85.5704709218358, 84.73692875601773, 0.1111456443520607, 1.5354063965135363, -0.011542275114174438, 0.12268791946623514, 0.0, 5.9190000000000005, 1.3484060657965913, 2708.6928464705306, 646.6527837501619, 3474.5104366925552, 0.7795897856185405
0.0066, 0.4525592044029543, 0.0015756339366097647, 157.74697152441453, 89.47159968922017, 84.82615420396723, 0.11489651445544077, 1.5189846505436946, -0.011695792630253918, 0.1265923070856947, 0.0, 5.9190000000000005, 1.3691507745011542, 2708.6928464705306, 646.6527837501619, 3474.5104366925552, 0.7795897856185405
0.0067, 0.4286910291421759, 0.0015995071780735492, 158.3073856945982, 107.40440300186408, 84.11518757526574, 0.11867095344888297, 1.5623273564891895, -0.011848948416712617, 0.1305199018655956, 0.0, 5.9190000000000005, 1.3898954832057173, 2708.6928464705306, 646.6527837501619, 3474.5104366925552, 0.7795897856185405
0.0068, 0.4191422142716138, 0.0016233804195373337, 157.8586961018682, 75.5724969316588, 82.43145332815038, 0.1224471090184883, 1.4836344618517616, -0.012001747872904098, 0.1344488568913924, 0.0, 5.9190000000000005, 1.4106401919102802, 2708.6928464705306, 646.6527837501619, 3474.5104366925552, 0.7795897856185405
