rho, F_total_perV, F_total_perN, F_pair_perV, F_reference_perV, Z_virial_measured, springConstant, lindemannParameter, Tstar
1.5, 2.6391092542230465, 1.759406169482031, 3.7053111604635784, -1.066201906240532, 12.912942132260136, 2.029248803479898, 0.8768057731104661, 0.005555555555555556
1.52, 8.349272663073563, 5.492942541495765, 1.7885246206784282, 6.560748042395136, 12.233326192168613, 59.75740558649894, 0.16229032348221847, 0.005555555555555556
1.54, 8.704064436751366, 5.6519898939943936, 1.7904655159883613, 6.913598920763005, 12.650952111877363, 67.13254051291713, 0.15378512473111786, 0.005555555555555556
1.56, 9.067226303847024, 5.812324553748092, 1.8186983159260388, 7.248527987920985, 13.073915797476948, 74.61407292565451, 0.14650028044605118, 0.005555555555555556
1.58, 9.465451085975678, 5.990791826566885, 1.969990228189094, 7.4954608577865836, 13.574427183234151, 79.66554900150028, 0.14238286120219917, 0.005555555555555556
1.6, 9.871152823754409, 6.169470514846505, 2.0884419455589573, 7.782710878195451, 14.065655547169657, 86.37190556658007, 0.13731807517563926, 0.005555555555555556
1.62, 10.251505867935665, 6.328090041935595, 2.122885405875125, 8.128620462060539, 14.582820318914825, 95.76108340298406, 0.13095370082304703, 0.005555555555555556
1.6400000000000001, 10.693659954797505, 6.520524362681405, 2.370209939972115, 8.32345001482539, 15.223230035413117, 99.5384314757652, 0.12897133139721384, 0.005555555555555556
1.6600000000000001, 11.142631678400313, 6.712428721927899, 2.494857388869239, 8.647774289531075, 15.834472886106498, 108.9392145801901, 0.12378020749059104, 0.005555555555555556
1.6800000000000002, 11.592998514305867, 6.900594353753491, 2.818976692482878, 8.77402182182299, 16.57578696259978, 109.89773111511786, 0.12373218844271339, 0.005555555555555556
1.7000000000000002, 12.070310039923264, 7.100182376425448, 2.986091554827926, 9.084218485095338, 17.175099041956994, 119.21331686940611, 0.11926908430720538, 0.005555555555555556
1.7200000000000002, 12.574608950677874, 7.310819157370856, 3.3068582850002666, 9.267750665677607, 17.935888444958735, 122.83378296833452, 0.11795722099686329, 0.005555555555555556
1.7400000000000002, 13.09277185838286, 7.524581527806241, 3.6285114158803524, 9.464260442502509, 18.67467656276786, 127.11342964233062, 0.1164022373931461, 0.005555555555555556
1.7600000000000002, 13.62161101203315, 7.73955171138247, 3.8099760863825844, 9.811634925650564, 19.386352463577854, 139.2440582488031, 0.11164086259091174, 0.005555555555555556
1.7800000000000002, 14.167554256233926, 7.959300143951642, 4.221238728276328, 9.946315527957598, 20.23170300749398, 140.45994888759066, 0.11157606596772175, 0.005555555555555556
1.8000000000000003, 14.750851889618367, 8.194917716454647, 4.533894321000459, 10.216957568617909, 21.052228927975143, 149.04515139578777, 0.1087191059587919, 0.005555555555555556
