Starting reduced density rho*: 1.5
Maximum reduced density rho*: 1.801
Reduced-density increment: 0.02
Number of particles: 108
Initial configuration: FCC
Dry microgel radius [nm]: 50.0
Box length [units of dry radius]: 3.9004746154944545
Number of monomers: 0.0
Flory interaction parameter (chi): 0.0
Young's calibration factor: 1.0
x-link fraction: 5.0E-5
betaEpsilon: 180.0
Tstar: 0.005555555555555556
Reduced-density increment: 0.02
MC steps: 20000
Equilibration steps: 10000.0
Snapshot interval: 100
Displacement tolerance: 0.1
Particle radius change tolerance: 0.0
Particle radius bin width: 0.001
g(r) bin width: 0.005
rho, geometric_volume_fraction, mu_from_dF/kT, Z_from_dF_total, Pstar_from_dF_total, Z_virial_measured, Pstar_virial_measured, Z_einstein_contribution, Z_pair_contribution, Z_FR_contribution, <F_total>/V, <F_pair>/V, <S_solid>/V, <F_reference>/V, <F_FR>/V, radius, zeta, beta_u_Hertz_nn, SpringConstant, LindemannParameter, Tstar
1.52, 0.7637023143424635, 151.62387956320785, 146.13093702171213, 222.11902427300242, 12.233326192168613, 18.594655812096292, 195.1787390682494, -49.04780204653726, 0.0, 8.349272663073563, 1.7885246206784282, -3.2822867891428373, 6.560748042395136, 0.0, 0.5, 0.0, 0.015661497811864843, 59.75740558649894, 0.16229032348221847, 0.005555555555555556
1.54, 0.773090866229518, 17.9488410193365, 12.296851125342105, 18.937150733026844, 12.650952111877363, 19.48246625229114, 12.705148689598817, -0.4082975642567235, 0.0, 8.704064436751366, 1.7904655159883613, -3.4735769509047807, 6.913598920763005, 0.0, 0.5, 0.0, 0.02362099938914752, 67.13254051291713, 0.15378512473111786, 0.005555555555555556
1.56, 0.7807571916034945, 19.034666230607773, 13.222341676859678, 20.626853015901098, 13.073915797476948, 20.39530864406404, 9.900056125640104, 3.322285551219568, 0.0, 9.067226303847024, 1.8186983159260388, -3.671389529257379, 7.248527987920985, 0.0, 0.5, 0.0, 0.03342501659381886, 74.61407292565451, 0.14650028044605118, 0.005555555555555556
1.58, 0.7893810667149832, 20.098162997684614, 14.10737117111773, 22.289646450366014, 13.574427183234151, 21.44759494950996, 8.610609688642285, 5.4967614824754305, 0.0, 9.465451085975678, 1.969990228189094, -3.8544727704225235, 7.4954608577865836, 0.0, 0.5, 0.0, 0.045115261936011154, 79.66554900150028, 0.14238286120219917, 0.005555555555555556
1.6, 0.7975382898078702, 19.651369548999646, 13.48189903415314, 21.571038454645024, 14.065655547169657, 22.505048875471452, 10.96479580797671, 2.517103226176429, 0.0, 9.871152823754409, 2.0884419455589573, -4.064487403238914, 7.782710878195451, 0.0, 0.5, 0.0, 0.05871684361424092, 86.37190556658007, 0.13731807517563926, 0.005555555555555556
1.62, 0.8058587353730983, 20.56267827607739, 14.234588234141794, 23.060032939309707, 14.582820318914825, 23.624168916642017, 8.500811463859238, 5.733776770282558, 0.0, 10.251505867935665, 2.122885405875125, -4.241917007126684, 8.128620462060539, 0.0, 0.5, 0.0, 0.07424177634972615, 95.76108340298406, 0.13095370082304703, 0.005555555555555556
1.64, 0.8136315130582973, 22.278145261616203, 15.757620898934796, 25.842498274253067, 15.223230035413117, 24.966097258077514, 7.90357128747961, 7.854049611455207, 0.0, 10.693659954797505, 2.370209939972115, -4.411417813649533, 8.32345001482539, 0.0, 0.5, 0.0, 0.09169162239172682, 99.5384314757652, 0.12897133139721384, 0.005555555555555556
1.66, 0.8216556743679445, 22.48346398770902, 15.771035265781121, 26.179918541196663, 15.834472886106498, 26.28522499093679, 6.054792590885113, 9.716242674896034, 0.0, 11.142631678400313, 2.494857388869239, -4.605778815768098, 8.647774289531075, 0.0, 0.5, 0.0, 0.11105953275283169, 108.9392145801901, 0.12378020749059104, 0.005555555555555556
1.68, 0.8288168645238855, 23.19195903807374, 16.291364684320246, 27.369492669658015, 16.57578696259978, 27.84732209716763, 5.688472852307175, 10.602891832013063, 0.0, 11.592998514305867, 2.818976692482878, -4.708109790784387, 8.77402182182299, 0.0, 0.5, 0.0, 0.13233185755678653, 109.89773111511786, 0.12373218844271339, 0.005555555555555556
1.7, 0.8365098261620878, 24.540260909300148, 17.440078532874697, 29.64813350588699, 17.175099041956994, 29.19766837132689, 6.999563163956399, 10.44051536891828, 0.0, 12.070310039923264, 2.986091554827926, -4.932745172084145, 9.084218485095338, 0.0, 0.5, 0.0, 0.15548943676807575, 119.21331686940611, 0.11926908430720538, 0.005555555555555556
1.72, 0.8437591324570293, 25.5615454614899, 18.25072630411905, 31.39124924308477, 17.935888444958735, 30.849728125329026, 4.11282180397135, 14.137904500147707, 0.0, 12.574608950677874, 3.3068582850002666, -5.079323244962901, 9.267750665677607, 0.0, 0.5, 0.0, 0.18050864773017541, 122.83378296833452, 0.11795722099686329, 0.005555555555555556
1.74, 0.8503428852603433, 26.175051533881863, 18.650470006075622, 32.45181781057158, 18.67467656276786, 32.49393721921608, 8.15787635995466, 10.492593646120952, 0.0, 13.09277185838286, 3.6285114158803524, -5.222400771431224, 9.464260442502509, 0.0, 0.5, 0.0, 0.20736226381607217, 127.11342964233062, 0.1164022373931461, 0.005555555555555556
1.76, 0.8573222422798069, 26.8695599462766, 19.130008234894127, 33.66881449341367, 19.386352463577854, 34.119980335897026, 6.4765845649848535, 12.653423669909264, 0.0, 13.62161101203315, 3.8099760863825844, -5.425002297263944, 9.811634925650564, 0.0, 0.5, 0.0, 0.23602016387049138, 139.2440582488031, 0.11164086259091174, 0.005555555555555556
1.78, 0.8634678783279359, 28.231021939630427, 20.27172179567879, 36.08366479630825, 20.23170300749398, 36.01243135333929, 4.545248361847892, 15.726473433830941, 0.0, 14.167554256233926, 4.221238728276328, -5.536683636990512, 9.946315527957598, 0.0, 0.5, 0.0, 0.2664499221243102, 140.45994888759066, 0.11157606596772175, 0.005555555555555556
