This fits B3 to B3 into the virial expansion since maxPower is set to 1.
Number of particles: 108
dryVolFracMax: 1.101
dryVolFracIncrement: 0.05
Initial configuration: FCC
Dry microgel radius [nm]: 50.0
Box length [units of dry radius]: 4.613285758971775
Number of monomers: 0.0
Number of chains: 0.0
Flory interaction parameter (chi): 0.0
Young's calibration factor: 1.0
x-link fraction: 3.0E-5
MC steps: 200000
Equilibration steps: 50000.0
Snapshot interval: 100
Displacement tolerance: 0.1
Particle radius change tolerance: 0.0
Particle radius bin width: 0.001
g(r) bin width: 0.005
phi0, phi, rho, mu_virialFit/kT, Z_measured, Z_virial_Fit, <F_total_virialFit>/V, QMelting, <F_id>/V, <F_ex_virialFit>/V, <F_FR>/V, <alpha>, Zeta, B2_rho, B2_phi0, B2_HS, B2*, <F_ex_virialFit>/N, <F_ex_measuredTI>/N, mu_measuredTI/kT, P_virialFit*, P_measured*, <F_ex_measuredTI>/V, <F_total_measuredTI>/V
0.05, 0.0, 0.05000000000000001, -2.7449747072437893, 1.1062497036392, 1.1148344547616502, -0.19299045810027202, 1.693125970337703, -0.1982773524986409, 0.005286894398368874, 0.0, 0.5, 0.0, 1.932826423462091, 0.46142831914893107, 2.0943951023931953, 0.9228566382978622, 0.10573788796737746, 0.10144551240615231, -2.7578518339274645, 0.05574172273808252, 0.05531248518196001, 0.005072275620307616, -0.19320507687833327
0.1, 0.0, 0.1, -1.7766757831891788, 1.234254623305019, 1.266055176700392, -0.30427309598895713, 1.8048811110809793, -0.3272399869412872, 0.022966890952330066, 0.0, 0.5, 0.0, 1.932826423462091, 0.46142831914893107, 2.0943951023931953, 0.9228566382978622, 0.22966890952330066, 0.21313402005200704, -1.8250112260558458, 0.12660551767003922, 0.12342546233050189, 0.021313402005200707, -0.3059265849360865
0.15, 0.0, 0.14999999999999997, -1.041479530820713, 1.3660654117800433, 1.4536621658162252, -0.37427125449554055, 1.8756791504965922, -0.430040214195706, 0.055768959700165405, 0.0, 0.5, 0.0, 1.932826423462091, 0.46142831914893107, 2.0943951023931953, 0.9228566382978622, 0.37179306466776946, 0.33270857784160224, -1.1681607716830618, 0.21804932487243373, 0.20490981176700646, 0.04990628667624032, -0.3801339275194657
0.2, 0.0, 0.20000000000000004, -0.36948691334299166, 1.4825802154258794, 1.6776554221091504, -0.40942846709042857, 1.9118209989245174, -0.5158505377705854, 0.10642207068015688, 0.0, 0.5, 0.0, 1.932826423462091, 0.46142831914893107, 2.0943951023931953, 0.9228566382978622, 0.5321103534007843, 0.45404200673317785, -0.6426304666938694, 0.33553108442183016, 0.29651604308517593, 0.09080840134663559, -0.42504213642394983
0.25, 0.0, 0.25000000000000006, 0.2925465837627952, 1.675837369698331, 1.9380349455791668, -0.41137209045409295, 1.9156363407614991, -0.5890272843846792, 0.17765519393058626, 0.0, 0.5, 0.0, 1.932826423462091, 0.46142831914893107, 2.0943951023931953, 0.9228566382978622, 0.7106207757223449, 0.5819482706312459, -0.09832349720913935, 0.4845087363947918, 0.4189593424245829, 0.1454870676578115, -0.4435402167268677
0.3, 0.0, 0.29999999999999993, 0.9683374871139623, 1.8646457517907056, 2.2348007362262736, -0.37993897473369337, 1.8865039917482336, -0.6521362742234285, 0.2721972994897351, 0.0, 0.5, 0.0, 1.932826423462091, 0.46142831914893107, 2.0943951023931953, 0.9228566382978622, 0.9073243316324505, 0.7215858202503042, 0.41244399129624787, 0.6704402208678819, 0.5593937255372116, 0.2164757460750912, -0.4356605281483372
0.35, 0.0, 0.34999999999999987, 1.6705369142640707, 2.092450633378524, 2.5679527940504725, -0.31409555792524047, 1.8237513246754242, -0.7068729153211261, 0.3927773573958856, 0.0, 0.5, 0.0, 1.932826423462091, 0.46142831914893107, 2.0943951023931953, 0.9228566382978622, 1.1222210211311021, 0.8716718209979955, 0.944485553459016, 0.898783477917665, 0.7323577216824831, 0.3050851373492983, -0.40178777797182774
0.4, 0.0, 0.4000000000000001, 2.4066964549770846, 2.362228024050549, 2.937491119051765, -0.2123178656298722, 1.7260865819850837, -0.7544422033171926, 0.5421243376873204, 0.0, 0.5, 0.0, 1.932826423462091, 0.46142831914893107, 2.0943951023931953, 0.9228566382978622, 1.3553108442183006, 1.0348432605996214, 1.5109657763571893, 1.1749964476207062, 0.9448912096202198, 0.41393730423984865, -0.34050489907734394
0.45, 0.0, 0.44999999999999996, 3.181687039487592, 2.6413825653474436, 3.343415711230146, -0.07277790228414949, 1.5914337139461148, -0.795745112686469, 0.7229672104023195, 0.0, 0.5, 0.0, 1.932826423462091, 0.46142831914893107, 2.0943951023931953, 0.9228566382978622, 1.6065938008940435, 1.2111704323998604, 2.0842305251107063, 1.5045370700535656, 1.1886221544063496, 0.5450266945799371, -0.25071841810653184
0.5, 0.0, 0.5, 3.9988345047651825, 2.9832402936229263, 3.7857265705856205, 0.10655396708978082, 1.4185163544592232, -0.8314809784893857, 0.9380349455791666, 0.0, 0.5, 0.0, 1.932826423462091, 0.46142831914893107, 2.0943951023931953, 0.9228566382978622, 1.8760698911583331, 1.4015203673780872, 2.721798704022242, 1.8928632852928102, 1.4916201468114632, 0.7007601836890436, -0.13072079480034215
0.55, 0.0, 0.5499999999999998, 4.860511034954904, 3.4294772231046355, 4.264423697118184, 0.32784803581019595, 1.2063380207268828, -0.8622084774459454, 1.1900565132561414, 0.0, 0.5, 0.0, 1.932826423462091, 0.46142831914893107, 2.0943951023931953, 0.9228566382978622, 2.163739115011167, 1.6111131649276254, 3.472938610857814, 2.3454330334150004, 1.8862124727075489, 0.8861122407101937, 0.023903763264248257
0.6, 0.0, 0.5999999999999999, 5.768468163095572, 3.8696774332979795, 4.779507090827841, 0.5933766433606383, 0.9504042011043285, -0.88838424011089, 1.4817608834715283, 0.0, 0.5, 0.0, 1.932826423462091, 0.46142831914893107, 2.0943951023931953, 0.9228566382978622, 2.4696014724525477, 1.8411138408501007, 4.230150873963263, 2.867704254496704, 2.321806459978787, 1.10466830451006, 0.21628406439917003
0.65, 0.0, 0.65, 6.7240360226857865, 4.43017703621212, 5.330976751714591, 0.9054885261312766, 0.6511800047119068, -0.9103885001323322, 1.8158770262636088, 0.0, 0.5, 0.0, 1.932826423462091, 0.46142831914893107, 2.0943951023931953, 0.9228566382978622, 2.793656963482475, 2.0926136199123424, 5.122192963613182, 3.465134888614484, 2.8796150735378783, 1.3601988529430227, 0.4498103528106905
0.7, 0.0, 0.7, 7.728248547521819, 5.009195348509781, 5.918832679778429, 1.2665911074203717, 0.3051659206410886, -0.9285428042502909, 2.1951339116706627, 0.0, 0.5, 0.0, 1.932826423462091, 0.46142831914893107, 2.0943951023931953, 0.9228566382978622, 3.1359055881009468, 2.3677290540815643, 6.050434682233787, 4.1431828758449, 3.5064367439568467, 1.657410337857095, 0.7288675336068041
0.75, 0.0, 0.7500000000000001, 8.781925372456723, 5.8175796677568234, 6.5430748750193635, 1.6791378730780193, -0.08643520451013553, -0.9431226366529553, 2.6222605097309746, 0.0, 0.5, 0.0, 1.932826423462091, 0.46142831914893107, 2.0943951023931953, 0.9228566382978622, 3.4963473463079655, 2.6715005911678564, 7.231583410054073, 4.907306156264523, 4.363184750817618, 2.0036254433758924, 1.0605028067229372
0.8, 0.0, 0.8000000000000004, 9.885727247807885, 6.685683902799086, 7.203703337437389, 2.145619128296398, -0.5287068344179202, -0.9543666621864287, 3.0999857904828265, 0.0, 0.5, 0.0, 1.932826423462091, 0.46142831914893107, 2.0943951023931953, 0.9228566382978622, 3.8749822381035313, 3.009764202055557, 8.502489777121607, 5.762962669949914, 5.348547122239271, 2.4078113616444465, 1.453444699458018
0.85, 0.0, 0.8500000000000002, 11.040194624603542, 7.683560052645768, 7.900718067032502, 2.668555073935384, -1.0217992256039135, -0.9624836500291108, 3.631038723964495, 0.0, 0.5, 0.0, 1.932826423462091, 0.46142831914893107, 2.0943951023931953, 0.9228566382978622, 4.27181026348764, 3.3840171196840787, 9.935243466413246, 6.715610356977628, 6.531026044748904, 2.8764145517314677, 1.913930901702357
0.9, 0.0, 0.9000000000000002, 12.24577519418835, 8.855092901759578, 8.634119063804707, 3.25049051734528, -1.5681628426345084, -0.9676577628689872, 4.218148280214267, 0.0, 0.5, 0.0, 1.932826423462091, 0.46142831914893107, 2.0943951023931953, 0.9228566382978622, 4.686831422460296, 3.798789440399008, 11.578707050081935, 7.770707157424239, 7.969583611583622, 3.4189104963591084, 2.4512527334901213
0.95, 0.0, 0.9500000000000003, 13.502843971969126, 10.28744446768022, 9.403906327754006, 3.8939907620043654, -2.164915766829943, -0.9700526672660578, 4.864043429270423, 0.0, 0.5, 0.0, 1.932826423462091, 0.46142831914893107, 2.0943951023931953, 0.9228566382978622, 5.120045715021496, 4.261392898807891, 13.527729295681734, 8.93371101136631, 9.773072244296213, 4.048323253867498, 3.0782705866014397
1.0, 0.0, 1.0000000000000002, 14.811718223632813, 12.118532518359487, 10.210079858880395, 4.601638364752418, -2.811473665461885, -0.9698147764188261, 5.571453141171244, 0.0, 0.5, 0.0, 1.932826423462091, 0.46142831914893107, 2.0943951023931953, 0.9228566382978622, 5.571453141171243, 4.783762645126883, 15.932480387067544, 10.210079858880396, 12.11853251835949, 4.783762645126884, 3.8139478687080577
1.05, 0.0, 1.0500000000000003, 16.172668745844017, 14.075987870737045, 11.052639657183875, 5.376030543093151, -3.516035469433641, -0.9670758428618638, 6.343106385955014, 0.0, 0.5, 0.0, 1.932826423462091, 0.46142831914893107, 2.0943951023931953, 0.9228566382978622, 6.0410537009095355, 5.373059002627229, 18.52802226111488, 11.605271640043071, 14.779787264273901, 5.641711952758592, 4.674636109896728
1.1, 0.0, 1.1000000000000003, 17.585928520286323, 14.421853210425448, 11.931585722664448, 6.2197770773840615, -4.336487135526057, -0.9619550562759513, 7.181732133660013, 0.0, 0.5, 0.0, 1.932826423462091, 0.46142831914893107, 2.0943951023931953, 0.9228566382978622, 6.528847394236374, 5.9894341655873475, 19.536782779398294, 13.124744294930895, 15.864038531467997, 6.588377582146084, 5.626422525870132
