phi0, phi, rho, Z_fit_curve, F_ex_fit_per_V, mu_kT, PV_NkT, alpha
1.0000000000000005E-4, 0.028959452074557957, 2.387324146378431E-5, 1.059233518576764, 1.6932687465448913E-6, -47.89897998073312, -50.56439580606201, 6.615684495884774
1.0641282565130265E-4, 0.03081647418484148, 2.540419081617128E-5, 1.0617637458291511, 1.8973997081756402E-6, -44.76780581512254, -44.48118337879521, 6.615707482434004
1.1282565130260525E-4, 0.032673496295125, 2.6935140168558247E-5, 1.0641959642479364, 2.11103134208936E-6, -41.794921317877204, -39.0652846387354, 6.615730468983235
1.1923847695390786E-4, 0.03453051840540852, 2.8466089520945217E-5, 1.0665382241859418, 2.33390780750909E-6, -38.974819449483775, -34.22069993337108, 6.615753455532465
1.2565130260521045E-4, 0.03638754051569204, 2.9997038873332187E-5, 1.068798317848397, 2.565790056379237E-6, -36.30212626422329, -29.870314130473258, 6.615776442081695
1.3206412825651306E-4, 0.038244562625975566, 3.152798822571916E-5, 1.070983784748719, 2.8064553367376093E-6, -33.77159873880882, -25.951335338327187, 6.615799428630925
1.3847695390781567E-4, 0.040101584736259084, 3.305893757810612E-5, 1.0731019170958056, 3.0556967061134392E-6, -31.37812262277627, -22.41200053331645, 6.615822415180156
1.4488977955911825E-4, 0.0419586068465426, 3.458988693049309E-5, 1.0751597651132332, 3.3133225548292202E-6, -29.116710310526297, -19.209155587055584, 6.615845401729386
1.513026052104209E-4, 0.04381562895682613, 3.612083628288006E-5, 1.0771641422907519, 3.5791561390847226E-6, -26.98249873491465, -16.30645027397454, 6.615868388278616
1.5771543086172347E-4, 0.045672651067109646, 3.765178563526703E-5, 1.079121630568477, 3.853035123702373E-6, -24.97074728229013, -13.672973225604814, 6.615891374827846
1.6412825651302606E-4, 0.047529673177393164, 3.9182734987653996E-5, 1.0810385854541558, 4.134811134413782E-6, -23.07683572887643, -11.282206509190186, 6.615914361377076
1.705410821643287E-4, 0.049386695287676696, 4.071368434004097E-5, 1.0829211410739188, 4.4243493195679305E-6, -21.29626219839725, -9.111215703907044, 6.615937347926306
1.7695390781563127E-4, 0.051243717397960215, 4.2244633692427936E-5, 1.0847752151568928, 4.72152792114217E-6, -19.624641140841945, -7.140015738029647, 6.615960334475536
1.833667334669339E-4, 0.05310073950824374, 4.377558304481491E-5, 1.0866065139540837, 5.026237854937984E-6, -18.057701332269545, -5.351069463559657, 6.615983321024767
1.897795591182365E-4, 0.054957761618527265, 4.5306532397201875E-5, 1.0884205370919047, 5.338382299844002E-6, -16.591283895549388, -3.7288875752396997, 6.616006307573997
1.961923847695391E-4, 0.05681478372881078, 4.683748174958884E-5, 1.0902225823607599, 5.657876296049528E-6, -15.221340341936102, -2.2597066898641023, 6.616029294123227
2.0260521042084168E-4, 0.05867180727247452, 4.836843110197581E-5, 1.092018421357958, 5.984678803386945E-6, -13.943930633377024, -0.9312282723285215, 6.616060869021996
2.090180360721443E-4, 0.060528832911078585, 4.9899380454362775E-5, 1.0938133454975292, 6.318749616770138E-6, -12.75522126544978, 0.2675946556220588, 6.616104996123936
2.154308617234469E-4, 0.06238585854968266, 5.143032980674975E-5, 1.0956111256256849, 6.659993044359248E-6, -11.651483370828204, 1.346732976943259, 6.616149123225876
2.218436873747495E-4, 0.06424288418828673, 5.2961279159136715E-5, 1.097416298792457, 7.008368209145204E-6, -10.629090843174065, 2.315226762470642, 6.616193250327816
2.2825651302605212E-4, 0.0660999098268908, 5.449222851152369E-5, 1.0992332231942177, 7.363844216726515E-6, -9.684518481353415, 3.181306307375697, 6.616237377429756
2.3466933867735473E-4, 0.06795693546549487, 5.6023177863910654E-5, 1.1010660825807903, 7.726399804812685E-6, -8.814340153874294, 3.952493555812465, 6.616281504531696
2.4108216432865734E-4, 0.06981396110409896, 5.755412721629763E-5, 1.1029188906003524, 8.09602300088012E-6, -8.015226983444919, 4.635687562367406, 6.616325631633636
2.4749498997995995E-4, 0.07167098674270302, 5.9085076568684594E-5, 1.1047954950825334, 8.47271078786928E-6, -7.283945551549314, 5.237236882636342, 6.616369758735576
2.539078156312625E-4, 0.07352801238130709, 6.061602592107156E-5, 1.1066995822600867, 8.85646877781252E-6, -6.61735612293891, 5.7630012008668725, 6.616413885837516
2.6032064128256516E-4, 0.07538503801991117, 6.214697527345853E-5, 1.1086346809295424, 9.247310893282757E-6, -6.012410889937824, 6.218404047788546, 6.616458012939456
2.667334669338677E-4, 0.07724206365851524, 6.36779246258455E-5, 1.1106041665512196, 9.645259056553683E-6, -5.466152236459868, 6.608478105345156, 6.616502140041396
2.7314629258517033E-4, 0.0790990892971193, 6.520887397823247E-5, 1.112611265289006, 1.005034288636317E-5, -4.975711021634932, 6.937904313947329, 6.616546267143336
2.7955911823647294E-4, 0.08095611493572337, 6.673982333061943E-5, 1.1146590579902838, 1.0462599402171868E-5, -4.538304882942922, 7.211045774798, 6.616590394245276
2.859719438877756E-4, 0.08281314057432745, 6.827077268300641E-5, 1.1167504841064018, 1.0882072735810024E-5, -4.151236558753451, 7.431977261798237, 6.616634521347216
2.923847695390781E-4, 0.08467016621293151, 6.980172203539337E-5, 1.1188883455540877, 1.1308813850405964E-5, -3.8118922301684073, 7.604511014641021, 6.616678648449156
2.9879759519038077E-4, 0.0865271918515356, 7.133267138778035E-5, 1.1210753105181877, 1.1742880266490588E-5, -3.5177398820660266, 7.732219369403335, 6.6167227755510964
3.052104208416834E-4, 0.08838444193817335, 7.286362074016731E-5, 1.1233138626803068, 1.2184331822952474E-5, -3.2663276832444925, 7.818454689450856, 6.616766439504518
3.11623246492986E-4, 0.09024174382051119, 7.439457009255428E-5, 1.125606453315421, 1.2633241040775353E-5, -3.0552823855618843, 7.8663669832933625, 6.616809996577512
3.1803607214428854E-4, 0.09209904570284902, 7.592551944494125E-5, 1.1279553839643324, 1.3089684405084138E-5, -2.88230774197211, 7.878919533671458, 6.616853553650507
3.2444889779559115E-4, 0.09395634758518687, 7.745646879732821E-5, 1.1303628247520012, 1.3553743053952954E-5, -2.745182943353464, 7.8589028108960965, 6.616897110723501
3.308617234468938E-4, 0.09581364946752471, 7.898741814971519E-5, 1.132830830218905, 1.4025503417365777E-5, -2.641761074028037, 7.808946901140668, 6.616940667796495
3.372745490981963E-4, 0.09767095134986253, 8.051836750210215E-5, 1.1353613427800082, 1.4505056984194145E-5, -2.569967585869779, 7.731532645308476, 6.61698422486949
3.43687374749499E-4, 0.0995282532322004, 8.204931685448913E-5, 1.1379561961278097, 1.4992500075629743E-5, -2.5277987909003308, 7.629001654908435, 6.617027781942484
3.501002004008016E-4, 0.10138555511453823, 8.358026620687609E-5, 1.1406171185798608, 1.5487933624971556E-5, -2.513320372268293, 7.503565347000903, 6.617071339015478
3.565130260521042E-4, 0.10324285699687606, 8.511121555926306E-5, 1.1433457363711492, 1.5991462963668127E-5, -2.5246659135122407, 7.3573131198402555, 6.617114896088473
3.629258517034068E-4, 0.10510015887921392, 8.664216491165004E-5, 1.1461435768917423, 1.6503197613515925E-5, -2.560035446003495, 7.192219773665023, 6.6171584531614664
3.6933867735470936E-4, 0.10695746076155174, 8.817311426403699E-5, 1.1490120718700725, 1.7023251084915747E-5, -2.617694014468453, 7.010152266586301, 6.617202010234461
3.75751503006012E-4, 0.10881476264388959, 8.970406361642397E-5, 1.1519525605022758, 1.7551740681089455E-5, -2.6959702604857836, 6.8128758832610306, 6.617245567307456
3.821643286573147E-4, 0.11067206452622745, 9.123501296881095E-5, 1.1549662925279558, 1.8088787308160354E-5, -2.793255023859631, 6.60205988361299, 6.6172891243804495
3.885771543086172E-4, 0.11252936640856527, 9.27659623211979E-5, 1.1580544312527847, 1.863451529100117E-5, -2.907999961764475, 6.379282690002166, 6.617332681453444
3.9498997995991985E-4, 0.11438666829090312, 9.429691167358488E-5, 1.1612180565183154, 1.9189052194753906E-5, -3.038716185559779, 6.146036663666994, 6.617376238526439
4.014028056112224E-4, 0.11624385563507811, 9.582786102597184E-5, 1.1644584816928971, 1.9752558748917018E-5, -3.183972915173759, 5.9037325147773805, 6.6174218240390275
4.07815631262525E-4, 0.11810063391438584, 9.735881037835882E-5, 1.1677774639890415, 2.032525128135201E-5, -3.3423961509520415, 5.653703384874859, 6.617474653978742
4.1422845691382757E-4, 0.11995741219369355, 9.888975973074577E-5, 1.1711747464001974, 2.0907162192857304E-5, -3.5126673628718166, 5.397208635678438, 6.617527483918456
4.2064128256513023E-4, 0.1218141904730013, 1.0042070908313275E-4, 1.1746511035697809, 2.149843054609258E-5, -3.69352219701688, 5.135437374109271, 6.617580313858171
4.270541082164329E-4, 0.12367096875230903, 1.0195165843551973E-4, 1.178207240748228, 2.2099197833386256E-5, -3.883749199212568, 4.869511739804149, 6.617633143797885
4.334669338677354E-4, 0.12552774703161673, 1.0348260778790668E-4, 1.1818437964543833, 2.2709607830321617E-5, -4.082188555719257, 4.6004899782940605, 6.6176859737376
4.3987975951903806E-4, 0.12738452531092448, 1.0501355714029366E-4, 1.1855613450868556, 2.332980645434602E-5, -4.287730850881091, 4.329369320329273, 6.617738803677314
4.462925851703406E-4, 0.12924130359023217, 1.0654450649268062E-4, 1.1893603994857371, 2.3959941628312983E-5, -4.4993158416283245, 4.0570886854905295, 6.617791633617029
4.527054108216433E-4, 0.13109808186953992, 1.080754558450676E-4, 1.1932414134450757, 2.4600163148868643E-5, -4.715931248731922, 3.784531226175639, 6.617844463556743
4.591182364729458E-4, 0.13295486014884764, 1.0960640519745455E-4, 1.1972047841764988, 2.5250622559593027E-5, -4.93661156470623, 3.512526726271152, 6.617897293496457
4.6553106212424844E-4, 0.13481163842815536, 1.1113735454984153E-4, 1.201250854724372, 2.5911473028809048E-5, -5.160436878261589, 3.2418538672395196, 6.617950123436171
4.719438877755511E-4, 0.1366684167074631, 1.1266830390222851E-4, 1.2053799163328949, 2.6582869231971476E-5, -5.386531715199135, 2.973242372993797, 6.6180029533758855
4.783567134268536E-4, 0.13852519498677082, 1.1419925325461546E-4, 1.2095922107655195, 2.7264967238549733E-5, -5.614063895652269, 2.707375043704156, 6.6180557833156
4.8476953907815627E-4, 0.14038197326607854, 1.1573020260700244E-4, 1.2138879325770897, 2.795792440331853E-5, -5.842243407567068, 2.444889687632373, 6.618108613255314
4.911823647294588E-4, 0.14223875154538626, 1.172611519593894E-4, 1.21826723133909, 2.8661899261971087E-5, -6.070321296322408, 2.186380959140393, 6.618161443195029
4.975951903807615E-4, 0.144095529824694, 1.1879210131177638E-4, 1.2227302138183993, 2.9377051430970655E-5, -6.29758857038816, 1.9324021101879587, 6.618214273134743
5.04008016032064E-4, 0.1459524662486673, 1.2032305066416333E-4, 1.2272775546445003, 3.010361473229155E-5, -6.523375122916522, 1.6834666619080427, 6.618270232378333
5.104208416833667E-4, 0.14780949755944, 1.2185400001655031E-4, 1.2319090580715064, 3.084172625032243E-5, -6.7470486691691605, 1.4400500021809497, 6.618328069204249
5.168336673346693E-4, 0.14966652887021267, 1.233849493689373E-4, 1.2366243545981244, 3.159150557730194E-5, -6.968013699672319, 1.202590914564857, 6.6183859060301655
5.232464929859718E-4, 0.15152356018098534, 1.2491589872132424E-4, 1.2414234006453972, 3.2353115847244395E-5, -7.185710449002163, 0.9714930434124553, 6.618443742856082
5.296593186372745E-4, 0.15338059149175803, 1.2644684807371122E-4, 1.246306120039824, 3.3126720834865E-5, -7.399613880097991, 0.7471262995467226, 6.618501579681998
5.36072144288577E-4, 0.1552376228025307, 1.2797779742609817E-4, 1.251272405921383, 3.3912484879125495E-5, -7.609232683997418, 0.5298282104658596, 6.618559416507914
5.424849699398797E-4, 0.1570946541133034, 1.2950874677848515E-4, 1.2563221226078058, 3.471057281044668E-5, -7.814108294896826, 0.31990521866863214, 6.61861725333383
5.488977955911824E-4, 0.1589516854240761, 1.3103969613087213E-4, 1.2614551074154958, 3.5521149881507204E-5, -8.013813920431161, 0.11763393137429223, 6.618675090159745
5.553106212424849E-4, 0.16080871673484876, 1.325706454832591E-4, 1.2666711724374864, 3.634438170155239E-5, -8.207953587071886, -0.07673767538739516, 6.618732926985661
5.617234468937875E-4, 0.16266574804562142, 1.3410159483564607E-4, 1.271970106278829, 3.7180434174133854E-5, -8.396161200541899, -0.26298909560451544, 6.618790763811577
5.6813627254509E-4, 0.1645227793563941, 1.3563254418803302E-4, 1.2773516757498025, 3.802947343820388E-5, -8.578099621145668, -0.4409261725561876, 6.618848600637493
5.745490981963927E-4, 0.16637981066716678, 1.3716349354042E-4, 1.2828156275173423, 3.8891665812488284E-5, -8.753459753909794, -0.610380016261787, 6.6189064374634095
5.809619238476952E-4, 0.16823684197793945, 1.3869444289280695E-4, 1.2883616897150754, 3.976717774306166E-5, -8.921959653435351, -0.7712059570432434, 6.6189642742893255
5.873747494989979E-4, 0.17009387328871214, 1.4022539224519393E-4, 1.2939895735123574, 4.065617575405106E-5, -9.083343643356496, -0.9232825332953795, 6.619022111115242
5.937875751503006E-4, 0.17195090459948484, 1.417563415975809E-4, 1.2996989746427041, 4.155882640139313E-5, -9.237381450308387, -1.0665105117320037, 6.619079947941158
6.002004008016031E-4, 0.17380789343165529, 1.4328729094996787E-4, 1.3054894195839166, 4.247527397589573E-5, -9.383867352295715, -1.2008119384977383, 6.619137114290317
6.066132264529058E-4, 0.17566356542715736, 1.4481824030235485E-4, 1.3113558635464204, 4.340500157270225E-5, -9.522619341365, -1.3261292196804222, 6.61917349586004
6.130260521042083E-4, 0.17751923742265946, 1.4634918965474183E-4, 1.3173027277642426, 4.4348850297514266E-5, -9.653478300476266, -1.442424229864359, 6.619209877429763
6.194388777555109E-4, 0.1793749094181615, 1.4788013900712878E-4, 1.3233296607089415, 4.5306985940493516E-5, -9.776307194473095, -1.5496774474741686, 6.619246258999486
6.258517034068136E-4, 0.1812305814136636, 1.4941108835951576E-4, 1.32943630246305, 4.62795741356299E-5, -9.890990275046255, -1.6478871157503392, 6.619282640569209
6.322645290581161E-4, 0.18308625340916565, 1.509420377119027E-4, 1.3356222860131137, 4.726678033130258E-5, -9.997432299595115, -1.7370684282919693, 6.619319022138932
6.386773547094188E-4, 0.18494192540466775, 1.524729870642897E-4, 1.341887238504879, 4.826876976339546E-5, -10.095557763877038, -1.8172527381695942, 6.6193554037086555
6.450901803607213E-4, 0.1867975974001698, 1.5400393641667664E-4, 1.3482307824610131, 4.9285707430897824E-5, -10.185310148346277, -1.8884867896907147, 6.619391785278378
6.51503006012024E-4, 0.1886532693956719, 1.5553488576906362E-4, 1.3546525369617533, 5.031775807392258E-5, -10.266651178082803, -1.9508319719681966, 6.619428166848101
6.579158316633265E-4, 0.19050894139117397, 1.570658351214506E-4, 1.3611521187888758, 5.136508615407399E-5, -10.33956009620503, -2.0043635934907655, 6.619464548417824
6.643286573146292E-4, 0.19236461338667607, 1.5859678447383759E-4, 1.3677291435333823, 5.242785583709939E-5, -10.404032950665885, -2.0491701769611423, 6.619500929987547
6.707414829659318E-4, 0.19422028538217811, 1.6012773382622454E-4, 1.3743832266672902, 5.350623097775854E-5, -10.460081894330015, -2.085352773707489, 6.61953731155727
6.771543086172344E-4, 0.19607595737768022, 1.6165868317861152E-4, 1.381113984579916, 5.46003751068447E-5, -10.507734498230025, -2.1130242970259028, 6.619573693126993
6.83567134268537E-4, 0.19793162937318226, 1.6318963253099847E-4, 1.387921035579067, 5.571045142029432E-5, -10.547033077900704, -2.132308873851587, 6.619610074696716
6.899799599198396E-4, 0.19978730136868436, 1.6472058188338545E-4, 1.3948040008574982, 5.683662277032024E-5, -10.578034032688466, -2.1433412141933545, 6.619646456266439
6.963927855711422E-4, 0.2016429733641864, 1.662515312357724E-4, 1.401762505425056, 5.797905165850543E-5, -10.600807197930795, -2.1462659977972782, 6.619682837836161
7.028056112224449E-4, 0.20349940380305312, 1.6778248058815938E-4, 1.4088001520307225, 5.9138566834588865E-5, -10.615435209910833, -2.141237277552107, 6.619733864581009
7.092184368737473E-4, 0.20535680938338857, 1.6931342994054634E-4, 1.4159178304553612, 6.031556073279134E-5, -10.622012883478627, -2.1284178991584115, 6.61980372083673
7.1563126252505E-4, 0.20721421496372408, 1.7084437929293332E-4, 1.4231101209414263, 6.150935406474085E-5, -10.620646602236882, -2.1079789366232444, 6.619873577092451
7.220440881763525E-4, 0.20907162054405956, 1.7237532864532027E-4, 1.4303766724238365, 6.272010866139205E-5, -10.611453721197536, -2.0800991431712323, 6.619943433348173
7.284569138276552E-4, 0.21092902612439504, 1.7390627799770725E-4, 1.4377171418142212, 6.39479859958394E-5, -10.594561981793484, -2.044964417166802, 6.620013289603894
7.348697394789578E-4, 0.21278643170473052, 1.754372273500942E-4, 1.4451311947353713, 6.519314718688727E-5, -10.570108939156276, -2.002767282687044, 6.620083145859615
7.412825651302605E-4, 0.21464383728506603, 1.769681767024812E-4, 1.4526185062241186, 6.645575300415987E-5, -10.538241401551742, -1.9537063843894023, 6.6201530021153365
7.476953907815631E-4, 0.2165012428654015, 1.7849912605486816E-4, 1.460178761403029, 6.773596387468982E-5, -10.499114881868742, -1.8979859963350323, 6.620222858371058
7.541082164328656E-4, 0.218358648445737, 1.8003007540725514E-4, 1.467811656121314, 6.903393989093104E-5, -10.452893061062783, -1.8358155444552309, 6.620292714626779
7.605210420841682E-4, 0.22021605402607247, 1.815610247596421E-4, 1.475516897565344, 7.034984082013818E-5, -10.39974726345942, -1.767409142366556, 6.6203625708825
7.669338677354709E-4, 0.22207345960640795, 1.8309197411202908E-4, 1.4832942048391586, 7.1683826115058E-5, -10.339855943795099, -1.6929851402247829, 6.620432427138221
7.733466933867734E-4, 0.22393086518674343, 1.8462292346441603E-4, 1.4911433095153566, 7.303605492587595E-5, -10.273404185916203, -1.6127656863671924, 6.620502283393942
7.797595190380761E-4, 0.2257882707670789, 1.86153872816803E-4, 1.4990639561567876, 7.440668611336689E-5, -10.200583213020655, -1.526976301466854, 6.6205721396496635
7.861723446893786E-4, 0.2276456763474144, 1.8768482216918996E-4, 1.5070559028094035, 7.579587826319267E-5, -10.121589909344108, -1.4358454649516728, 6.620641995905385
7.925851703406813E-4, 0.22950308192774987, 1.8921577152157694E-4, 1.5151189214666798, 7.720378970129715E-5, -10.036626353184726, -1.3396042134434436, 6.620711852161106
7.989979959919837E-4, 0.23136048750808536, 1.907467208739639E-4, 1.5232527985060031, 7.86305785103437E-5, -9.94589936117494, -1.2384857509967977, 6.6207817084168274
8.054108216432864E-4, 0.23321679399249903, 1.9227767022635087E-4, 1.5314619519373442, 8.00772902623734E-5, -9.849620043681162, -1.132725070898294, 6.620866409918596
8.11823647294589E-4, 0.23507289694063083, 1.9380861957873783E-4, 1.5397425168045364, 8.154339034343081E-5, -9.748003371251395, -1.022558588835004, 6.620953860540005
8.182364729458916E-4, 0.23692899988876268, 1.953395689311248E-4, 1.5480934768439196, 8.302887483679596E-5, -9.641267751984088, -0.90822378720326, 6.621041311161412
8.246492985971943E-4, 0.23878510283689452, 1.968705182835118E-4, 1.5565146797915168, 8.453390143813033E-5, -9.529634619738353, -0.7899588703765521, 6.62112876178282
8.310621242484969E-4, 0.24064120578502637, 1.9840146763589877E-4, 1.5650059895423252, 8.605862769592124E-5, -9.41332803306485, -0.6680024307285828, 6.621216212404228
8.374749498997995E-4, 0.2424973087331582, 1.9993241698828572E-4, 1.5735672864267083, 8.760321103312486E-5, -9.292574284772904, -0.5425931252393572, 6.6213036630256354
8.438877755511022E-4, 0.24435341168129004, 2.014633663406727E-4, 1.5821984674614917, 8.916780876950718E-5, -9.167601522019053, -0.4139693624925732, 6.621391113647043
8.503006012024046E-4, 0.24620951462942187, 2.0299431569305965E-4, 1.5908994465761794, 9.075257814463617E-5, -9.038639376815446, -0.2823689998917015, 6.621478564268451
8.567134268537073E-4, 0.24806561757755372, 2.0452526504544663E-4, 1.5996701548146348, 9.235767634147914E-5, -8.905918606865317, -0.14802905093328722, 6.621566014889859
8.631262525050098E-4, 0.2499217205256855, 2.060562143978336E-4, 1.60851054051267, 9.39832605105591E-5, -8.76967074661461, -0.01118540236692756, 6.621653465511266
8.695390781563125E-4, 0.2517778234738174, 2.0758716375022057E-4, 1.6174205694519215, 9.562948779462823E-5, -8.630127768417374, 0.1279274589229778, 6.621740916132674
8.75951903807615E-4, 0.2536339264219492, 2.0911811310260752E-4, 1.6264002249903624, 9.72965153538109E-5, -8.487521753728329, 0.26907670944687995, 6.621828366754082
8.823647294589177E-4, 0.25549002937008103, 2.106490624549945E-4, 1.6354495081699278, 9.898450039117438E-5, -8.342084574190137, 0.4120314432435918, 6.6219158173754895
8.887775551102203E-4, 0.25734613231821285, 2.1218001180738145E-4, 1.6445684378015633, 1.0069360017868769E-4, -8.194047582546872, 0.5565629167203452, 6.622003267996897
8.951903807615228E-4, 0.25920223526634467, 2.1371096115976843E-4, 1.6537570505281298, 1.0242397208352135E-4, -8.043641313261531, 0.7024447843752265, 6.622090718618305
9.016032064128254E-4, 0.261058553359361, 2.1524191051215539E-4, 1.6630127895948121, 1.0417521153974241E-4, -7.891095192732922, 0.8494533255406437, 6.62217067161071
9.08016032064128E-4, 0.2629155168870308, 2.1677285986454237E-4, 1.672330411715321, 1.0594631189340011E-4, -7.736637259032857, 0.9973676622636437, 6.622228131716106
9.144288577154307E-4, 0.2647724804147006, 2.1830380921692935E-4, 1.6817177851029845, 1.0773909249854849E-4, -7.580493891029973, 1.14596996849398, 6.622285591821502
9.208416833667334E-4, 0.26662944394237037, 2.1983475856931633E-4, 1.6911750179184566, 1.0955371068489602E-4, -7.4228895468223834, 1.2950456706852493, 6.622343051926898
9.27254509018036E-4, 0.26848640747004016, 2.213657079217033E-4, 1.7007022361503625, 1.1139032401253528E-4, -7.26404651136729, 1.4443836399528798, 6.622400512032294
9.336673346693386E-4, 0.2703433709977099, 2.2289665727409026E-4, 1.7102995835535706, 1.1324909029946456E-4, -7.104184653208867, 1.5937763759123103, 6.62245797213769
9.400801603206412E-4, 0.2722003345253797, 2.2442760662647724E-4, 1.7199672215680444, 1.1513016764918119E-4, -6.943521190195662, 1.7430201823333906, 6.622515432243086
9.464929859719437E-4, 0.2740572980530494, 2.259585559788642E-4, 1.7297053292186984, 1.1703371447830572E-4, -6.782270464093435, 1.8919153347227393, 6.622572892348482
9.529058116232464E-4, 0.2759142615807192, 2.2748950533125117E-4, 1.739514102996631, 1.189598895442061E-4, -6.620643723991477, 2.040266239960846, 6.622630352453878
9.593186372745489E-4, 0.277771225108389, 2.2902045468363812E-4, 1.7493937567221425, 1.2090885197258424E-4, -6.4588489183872895, 2.1878815881282034, 6.622687812559274
9.657314629258516E-4, 0.27962818863605876, 2.305514040360251E-4, 1.759344521389925, 1.2288076128499055E-4, -6.297090495867773, 2.3345744966141875, 6.6227452726646705
9.721442885771541E-4, 0.2814851521637285, 2.3208235338841206E-4, 1.7693666449967962, 1.2487577742623324E-4, -6.135569214269753, 2.4801626466467557, 6.622802732770066
9.785571142284567E-4, 0.2833421156913983, 2.3361330274079904E-4, 1.7794603923524188, 1.2689406079165096E-4, -5.974481958218369, 2.624468412358711, 6.6228601928754625
9.849699398797593E-4, 0.28519907921906806, 2.35144252093186E-4, 1.7896260448733443, 1.2893577225421354E-4, -5.814021564955107, 2.7673189824846407, 6.622917652980858
9.91382765531062E-4, 0.28705604274673785, 2.3667520144557297E-4, 1.7998639003607972, 1.3100107319142276E-4, -5.6543766583325406, 2.908546474831742, 6.622975113086254
9.977955911823647E-4, 0.28891300627440764, 2.3820615079795995E-4, 1.8101742727626213, 1.3309012551197791E-4, -5.495731490895579, 3.047988043607796, 6.62303257319165
0.0010042084168336673, 0.29076873161979516, 2.3973710015034693E-4, 1.820564902751265, 1.3520486833344612E-4, -5.338265793924755, 3.185485979744956, 6.6231091322356646
0.0010106212424849698, 0.292623808393511, 2.4126804950273388E-4, 1.831032726673784, 1.373446762313505E-4, -5.182154635361875, 3.3208878043011048, 6.623195695485621
0.0010170340681362724, 0.2944788851672268, 2.4279899885512086E-4, 1.8415742483551765, 1.395087947732387E-4, -5.02756828550005, 3.4540463550713585, 6.6232822587355775
0.0010234468937875749, 0.29633396194094264, 2.443299482075078E-4, 1.8521898436548183, 1.4169738892061222E-4, -4.874672090339454, 3.584819866504503, 6.623368821985534
0.0010298597194388776, 0.2981890387146585, 2.4586089755989477E-4, 1.862879903164077, 1.4391062429504288E-4, -4.723626352508546, 3.713072043040158, 6.6234553852354905
0.0010362725450901802, 0.30004411548837434, 2.4739184691228175E-4, 1.8736448318812853, 1.4614866720283286E-4, -4.5745862196570615, 3.838672125953641, 6.623541948485447
0.0010426853707414829, 0.3018991922620902, 2.4892279626466873E-4, 1.8844850488736058, 1.4841168465924785E-4, -4.427701580196079, 3.9614949538453144, 6.623628511735404
0.0010490981963927853, 0.30375426903580605, 2.5045374561705566E-4, 1.8954009869261539, 1.5069984441229317E-4, -4.283116966309634, 4.081421016847902, 6.623715074985361
0.0010555110220440878, 0.30560934580952187, 2.5198469496944264E-4, 1.9063930921787997, 1.530133149660129E-4, -4.140971464115144, 4.198336504675361, 6.623801638235317
0.0010619238476953904, 0.30746442258323775, 2.535156443218296E-4, 1.9174618237510495, 1.5535226560328143E-4, -4.001398630887829, 4.312133348604213, 6.623888201485274
0.001068336673346693, 0.30931949935695363, 2.550465936742166E-4, 1.9286076533553267, 1.5771686640807272E-4, -3.8645264192228304, 4.422709257506414, 6.62397476473523
0.0010747494989979955, 0.3111745761306694, 2.565775430266035E-4, 1.9398310648991575, 1.601072882871781E-4, -3.730477108065974, 4.529967748010174, 6.624061327985188
0.0010811623246492984, 0.31302965290438534, 2.5810849237899056E-4, 1.951132554076577, 1.625237029913502E-4, -3.599367240480691, 4.633818168913467, 6.624147891235144
0.0010875751503006009, 0.31488472967810116, 2.596394417313775E-4, 1.9625126279491265, 1.6496628313585995E-4, -3.4713075680621337, 4.734175719945827, 6.624234454485101
0.0010939879759519035, 0.316739806451817, 2.6117039108376446E-4, 1.973971804516944, 1.6743520222043464E-4, -3.3464030019147204, 4.830961464947124, 6.624321017735057
0.0011004008016032062, 0.31859498693245186, 2.6270134043615144E-4, 1.9855125448462745, 1.69931142336259E-4, -3.2247525700407165, 4.924102339631968, 6.624412124351583
0.0011068136272545089, 0.3204517230168717, 2.642322897885384E-4, 1.997162636102281, 1.7246148764853646E-4, -3.10644938108911, 5.013531153968028, 6.624571381466636
0.0011132264529058113, 0.3223084591012914, 2.6576323914092535E-4, 2.008893807988894, 1.7501888956517135E-4, -2.991580594344394, 5.099186589300684, 6.624730638581689
0.001119639278557114, 0.32416519518571124, 2.6729418849331233E-4, 2.0207066178255566, 1.77603526986905E-4, -2.8802273958455546, 5.181013190318386, 6.624889895696742
0.0011260521042084166, 0.32602193127013107, 2.688251378456993E-4, 2.0326016315896704, 1.8021557978901474E-4, -2.7724649805403137, 5.2589613519577165, 6.625049152811796
0.0011324649298597193, 0.32787866735455085, 2.703560871980863E-4, 2.0445794234360424, 1.828552288371834E-4, -2.668362540367118, 5.332987301346258, 6.62520840992685
0.0011388777555110217, 0.3297354034389706, 2.718870365504732E-4, 2.056640575209115, 1.8552265600262744E-4, -2.5679832581775184, 5.403053074870263, 6.625367667041902
0.0011452905811623244, 0.3315921395233904, 2.734179859028602E-4, 2.068785675948365, 1.8821804417647542E-4, -2.4713843073826007, 5.469126490467985, 6.625526924156956
0.0011517034068136269, 0.3334488756078102, 2.749489352552472E-4, 2.0810153213872016, 1.9094157728337746E-4, -2.3786168572145874, 5.531181115267453, 6.62568618127201
0.0011581162324649293, 0.33530561169222994, 2.764798846076341E-4, 2.0933301134459117, 1.9369344029433202E-4, -2.2897260835347426, 5.589196228616333, 6.625845438387063
0.001164529058116232, 0.3371623477766498, 2.780108339600211E-4, 2.1057306597188568, 1.9647381923872548E-4, -2.2047511850366837, 5.643156780658512, 6.626004695502116
0.0011709418837675346, 0.3390190838610696, 2.7954178331240806E-4, 2.118217572956482, 1.992829012155551E-4, -2.1237254047918586, 5.693053346500162, 6.626163952617169
0.0011773547094188373, 0.3408758199454894, 2.8107273266479504E-4, 2.1307914705423925, 2.0212087440384235E-4, -2.0466760569996945, 5.73888207609586, 6.626323209732223
0.0011837675350701397, 0.34273255602990915, 2.8260368201718197E-4, 2.1434529739659967, 2.049879280722139E-4, -1.973624558861992, 5.7806446399295295, 6.626482466847277
0.0011901803607214424, 0.344589292114329, 2.8413463136956895E-4, 2.1562027082910333, 2.0788425258764384E-4, -1.9045864674598014, 5.818348170601442, 6.626641723962329
0.001196593186372745, 0.34644602819874876, 2.856655807219559E-4, 2.1690413016204193, 2.1081003942334856E-4, -1.839571521552025, 5.852005200400904, 6.626800981077383
0.0012030060120240477, 0.3483023677039699, 2.871965300743429E-4, 2.1819499431817375, 2.137598976700683E-4, -1.7785836881764654, 5.88163359496956, 6.626918462666075
0.0012094188376753504, 0.35015825775276577, 2.887274794267299E-4, 2.194926346509999, 2.1673308893885892E-4, -1.7216212139738383, 5.907256483126853, 6.626988598658223
0.001215831663326653, 0.35201414780156165, 2.9025842877911687E-4, 2.207993060885068, 2.197360664634002E-4, -1.6686766810840887, 5.928902183008932, 6.6270587346503715
0.0012222444889779557, 0.35387003785035753, 2.9178937813150385E-4, 2.221150721108965, 2.2276902414582794E-4, -1.619737067579265, 5.946604124534454, 6.627128870642521
0.0012286573146292584, 0.3557259278991534, 2.933203274838908E-4, 2.234399962305474, 2.2583215702068332E-4, -1.5747838122894346, 5.960400768346053, 6.627199006634669
0.0012350701402805608, 0.35758181794794924, 2.9485127683627775E-4, 2.2477414193710823, 2.289256612575569E-4, -1.533792883913746, 5.970335521315711, 6.627269142626817
0.0012414829659318635, 0.3594377079967451, 2.9638222618866473E-4, 2.2611757264249723, 2.320497341628315E-4, -1.49673485433765, 5.976456648690723, 6.627339278618966
0.001247895791583166, 0.361293598045541, 2.979131755410517E-4, 2.274703516258481, 2.3520457418051805E-4, -1.4635749760543688, 5.97881718297062, 6.627409414611114
0.0012543086172344686, 0.3631494880943369, 2.994441248934387E-4, 2.288325419784349, 2.3839038089220084E-4, -1.434273263558703, 5.977474829639652, 6.627479550603263
0.001260721442885771, 0.3650053781431327, 3.009750742458256E-4, 2.302042065486259, 2.416073550160635E-4, -1.4087845786532627, 5.972491869798813, 6.627549686595412
0.0012671342685370737, 0.3668612681919286, 3.025060235982126E-4, 2.3158540788689908, 2.448556984050137E-4, -1.3870587195265542, 5.9639350598401615, 6.62761982258756
0.0012735470941883764, 0.3687171582407245, 3.040369729505996E-4, 2.3297620819095544, 2.481356140438966E-4, -1.3690405135219628, 5.951875528224111, 6.627689958579708
0.001279959919839679, 0.37057304828952037, 3.0556792230298656E-4, 2.34376669250978, 2.5144730604579447E-4, -1.3546699135158438, 5.936388669433117, 6.627760094571857
0.0012863727454909815, 0.3724289383383162, 3.070988716553735E-4, 2.357868523950714, 2.547909796474189E-4, -1.3438820977086152, 5.917554035300831, 6.6278302305640056
0.0012927855711422841, 0.3742848283871121, 3.0862982100776046E-4, 2.3720681843491698, 2.58166841203596E-4, -1.336607572910726, 5.895455223598481, 6.627900366556154
0.0012991983967935868, 0.37614071843590796, 3.1016077036014744E-4, 2.3863662761169304, 2.615750981808337E-4, -1.332772280972327, 5.8701797642517475, 6.627970502548303
0.0013056112224448895, 0.37799526573435077, 3.116917197125344E-4, 2.4007707229789013, 2.650182430885463E-4, -1.3322977084972762, 5.841819003011463, 6.628055141703156
0.001312024048096192, 0.37984962121131455, 3.1322266906492135E-4, 2.415275911061342, 2.684945762447719E-4, -1.335100999596793, 5.81046798282442, 6.628141852738395
0.0013184368737474946, 0.3817039766882783, 3.1475361841730833E-4, 2.429881380826027, 2.720039857129802E-4, -1.341095071571391, 5.776225323003587, 6.628228563773635
0.0013248496993987972, 0.38355833216524216, 3.162845677696953E-4, 2.4445877065275834, 2.755466837056136E-4, -1.3501887335361749, 5.7391930961726825, 6.628315274808874
0.0013312625250501, 0.385412687642206, 3.178155171220823E-4, 2.459395454064027, 2.791228835011728E-4, -1.3622868077756585, 5.699476703182447, 6.628401985844113
0.0013376753507014026, 0.38726704311916976, 3.1934646647446927E-4, 2.474305180459715, 2.827327994324126E-4, -1.377290253738036, 5.657184746091294, 6.628488696879353
0.0013440881763527048, 0.3891213985961335, 3.208774158268562E-4, 2.489317433353661, 2.8637664687364956E-4, -1.3950962946638505, 5.612428899187488, 6.628575407914592
0.0013505010020040075, 0.3909757540730973, 3.224083651792432E-4, 2.5044327504934993, 2.900546422272075E-4, -1.4155985466051166, 5.56532377830062, 6.628662118949832
0.0013569138276553101, 0.39283010955006115, 3.2393931453163016E-4, 2.5196516592357296, 2.937670029089883E-4, -1.4386871498565104, 5.515986808360298, 6.628748829985071
0.0013633266533066128, 0.3946844650270249, 3.2547026388401714E-4, 2.534974676052318, 2.975139473331942E-4, -1.464248902605341, 5.4645380893880136, 6.628835541020311
0.0013697394789579152, 0.3965388205039887, 3.2700121323640406E-4, 2.5504023060442718, 3.0129569489620035E-4, -1.4921673967704232, 5.411100260949356, 6.62892225205555
0.001376152304609218, 0.3983931759809525, 3.2853216258879104E-4, 2.565935042462585, 3.0511246595958544E-4, -1.5223231558587722, 5.3557983652024035, 6.629008963090789
0.0013825651302605208, 0.40024753145791636, 3.300631119411781E-4, 2.5815733662367286, 3.0896448183234215E-4, -1.554593774819464, 5.2987597085815485, 6.629095674126029
0.0013889779559118234, 0.40210188693488014, 3.3159406129356506E-4, 2.5973177455114116, 3.1285196475226565E-4, -1.5888540617046565, 5.2401137222767575, 6.629182385161268
0.001395390781563126, 0.4039562424118439, 3.33125010645952E-4, 2.6131686351916095, 3.1677513786654266E-4, -1.6249761810759786, 5.179991821562497, 6.6292690961965075
0.0014018036072144286, 0.4058108160601675, 3.3465595999833896E-4, 2.629139959682805, 3.20738737440131E-4, -1.6628297991310519, 5.1185272639886055, 6.629380652848908
0.0014082164328657312, 0.40766594725752175, 3.3618690935072594E-4, 2.645253403356878, 3.247501967213714E-4, -1.7022822302525118, 5.0558550067338945, 6.629555703856272
0.0014146292585170339, 0.40952107845487595, 3.377178587031129E-4, 2.6614750807670693, 3.287983179737419E-4, -1.7431985851003065, 4.992111562963377, 6.629730754863636
0.0014210420841683363, 0.41137620965223015, 3.3924880805549985E-4, 2.677805389546623, 3.3288332982205613E-4, -1.7854419200026825, 4.92743485744515, 6.629905805871
0.001427454909819639, 0.41323134084958435, 3.4077975740788683E-4, 2.6942447119557498, 3.3700546169216104E-4, -1.828873387573351, 4.861964081483954, 6.630080856878365
0.0014338677354709417, 0.4150864720469386, 3.423107067602738E-4, 2.7107934144859764, 3.4116494378697514E-4, -1.873352388479178, 4.795839547222588, 6.630255907885729
0.001440280561122244, 0.4169416032442928, 3.438416561126608E-4, 2.727451847475612, 3.453620070618369E-4, -1.9187367242511932, 4.729202541419451, 6.630430958893093
0.0014466933867735465, 0.418796734441647, 3.453726054650477E-4, 2.7442203447368985, 3.495968831991506E-4, -1.96488275099629, 4.662195178835505, 6.6306060099004585
0.0014531062124248492, 0.4206518656390012, 3.469035548174347E-4, 2.7610992231951017, 3.538698045823834E-4, -2.0116455339743786, 4.594960255237325, 6.630781060907823
0.0014595190380761519, 0.42250699683635545, 3.484345041698217E-4, 2.7780887825401295, 3.581810042693934E-4, -2.0588790028560435, 4.527641100209892, 6.630956111915187
0.0014659318637274545, 0.42436212803370965, 3.4996545352220865E-4, 2.795189304890883, 3.625307159651408E-4, -2.106436107663444, 4.460381429748204, 6.631131162922551
0.001472344689378757, 0.42621725923106385, 3.514964028745956E-4, 2.812401054472708, 3.669191739937869E-4, -2.154168975181352, 4.393325198843218, 6.631306213929916
0.0014787575150300596, 0.42807239042841805, 3.5302735222698256E-4, 2.8297242773085993, 3.713466132701972E-4, -2.201929065802974, 4.32661645407037, 6.63148126493728
0.0014851703406813623, 0.4299275216257723, 3.5455830157936954E-4, 2.847159200924341, 3.7581326927088246E-4, -2.2495673307169706, 4.26039918627452, 6.631656315944644
0.001491583166332665, 0.4317826528231265, 3.560892509317565E-4, 2.8647060340678476, 3.8031937800439856E-4, -2.296934369290087, 4.194817183483385, 6.631831366952008
0.0014979959919839674, 0.43363778402048064, 3.5762020028414344E-4, 2.8823649664435633, 3.848651759812041E-4, -2.3438805865559744, 4.130013884120714, 6.632006417959373
0.00150440881763527, 0.4354927362922669, 3.591511496365304E-4, 2.9001400695473474, 3.894523012624052E-4, -2.3902563507473436, 4.066132230572008, 6.632188161570051
0.0015108216432865727, 0.4373476072342495, 3.606820989889174E-4, 2.9180294077340587, 3.9408025661436007E-4, -2.435912150698717, 4.003314523269102, 6.6323729472731445
0.0015172344689378754, 0.4392024781762321, 3.622130483413044E-4, 2.9360313465781607, 3.987486486933322E-4, -2.480698753090833, 3.94170227530854, 6.632557732976238
0.0015236472945891779, 0.4410573491182146, 3.637439976936913E-4, 2.954145997269246, 4.0345771593441513E-4, -2.5244673593907545, 3.8814360677308866, 6.632742518679331
0.0015300601202404803, 0.4429122200601972, 3.652749470460783E-4, 2.9723734508597675, 4.082076971170024E-4, -2.567069762372436, 3.8226554055704622, 6.632927304382425
0.001536472945891783, 0.44476709100217976, 3.6680589639846527E-4, 2.990713778096151, 4.1299883133203336E-4, -2.6083585021781066, 3.7654985747053438, 6.633112090085518
0.0015428857715430856, 0.44662196194416237, 3.6833684575085225E-4, 3.009167029267298, 4.1783135794889494E-4, -2.6481870217526002, 3.7101024996554273, 6.633296875788611
0.0015492985971943883, 0.448476832886145, 3.6986779510323923E-4, 3.02773323407116, 4.227055165820031E-4, -2.6864098215812313, 3.656602602394086, 6.633481661491705
0.001555711422845691, 0.45033170382812754, 3.713987444556262E-4, 3.0464124014994494, 4.27621547057101E-4, -2.722882613645133, 3.6051326622371724, 6.6336664471947975
0.0015621242484969936, 0.45218657477011015, 3.729296938080132E-4, 3.065204519741201, 4.3257968937729217E-4, -2.7574624744084675, 3.5558246769987965, 6.633851232897891
0.0015685370741482963, 0.4540414457120927, 3.7446064316040017E-4, 3.084109556105239, 4.3758018368885506E-4, -2.790007996892733, 3.508808725328654, 6.634036018600985
0.0015749498997995987, 0.45589631665407526, 3.759915925127871E-4, 3.1031274569622616, 4.4262327024685404E-4, -2.8203794415242385, 3.464212830546718, 6.634220804304078
0.0015813627254509014, 0.4577511875960578, 3.775225418651741E-4, 3.12225814770676, 4.477091893805831E-4, -2.8484388858972483, 3.4221628258067716, 6.634405590007171
0.001587775551102204, 0.45960605853804043, 3.7905349121756106E-4, 3.141501532739176, 4.5283818145887695E-4, -2.8740503731153977, 3.3827822209280924, 6.634590375710265
0.0015941883767535067, 0.46146092948002304, 3.8058444056994804E-4, 3.160857495468681, 4.5801048685533454E-4, -2.897080058755196, 3.346192070838522, 6.634775161413358
0.0016006012024048092, 0.46331559738943245, 3.8211538992233496E-4, 3.180327558887001, 4.6322698043512644E-4, -2.917396356336252, 3.3125108457056913, 6.634962622467152
0.0016070140280561118, 0.4651683026506354, 3.8364633927472194E-4, 3.199926034731737, 4.684934615495449E-4, -2.9348700811175035, 3.2818543029743195, 6.635175945244395
0.0016134268537074145, 0.4670210079118384, 3.851772886271089E-4, 3.2196367569828945, 4.738040867554936E-4, -2.9493745922409924, 3.2543353612228705, 6.635389268021637
0.0016198396793587172, 0.4688737131730414, 3.867082379794959E-4, 3.2394595255654073, 4.791590967686019E-4, -2.9607859329562802, 3.2300639761267345, 6.635602590798879
0.0016262525050100194, 0.4707264184342443, 3.8823918733188283E-4, 3.2593941197505885, 4.845587321351921E-4, -2.9689829690274014, 3.209147018412657, 6.6358159135761206
0.001632665330661322, 0.4725791236954473, 3.897701366842698E-4, 3.279440298291215, 4.90003233197615E-4, -2.973847525006398, 3.1916881540871707, 6.636029236353363
0.0016390781563126247, 0.47443182895665026, 3.913010860366568E-4, 3.299597799579878, 4.954928400597511E-4, -2.975264518452958, 3.1777877268739663, 6.636242559130605
0.0016454909819639274, 0.4762845342178532, 3.9283203538904377E-4, 3.3198663418311174, 5.010277925526986E-4, -2.9731220918632433, 3.167542643055811, 6.636455881907847
0.0016519038076152298, 0.4781372394790562, 3.943629847414307E-4, 3.340245623287924, 5.066083302006788E-4, -2.967311742326482, 3.1610462587252743, 6.636669204685089
0.0016583166332665325, 0.47998994474025913, 3.958939340938177E-4, 3.360735322452558, 5.122346921872278E-4, -2.957728448687883, 3.1583882696086416, 6.6368825274623315
0.0016647294589178351, 0.4818426500014621, 3.9742488344620465E-4, 3.3813350983426114, 5.179071173216743E-4, -2.9442707961964487, 3.1596546035329225, 6.637095850239573
0.0016711422845691378, 0.4836953552626651, 3.9895583279859163E-4, 3.4020445907721983, 5.23625844005989E-4, -2.92684109847172, 3.1649273156089786, 6.637309173016815
0.0016775551102204403, 0.485548060523868, 4.0048678215097856E-4, 3.422863420659124, 5.293911102020106E-4, -2.9053455168466074, 3.174284486141469, 6.637522495794057
0.001683967935871743, 0.48740076578507097, 4.0201773150336554E-4, 3.443791190358004, 5.352031533991091E-4, -2.8796941766779462, 3.187800121616126, 6.637735818571299
0.0016903807615230456, 0.489253471046274, 4.035486808557525E-4, 3.4648274840200406, 5.410622105823463E-4, -2.849801280913136, 3.2055440584563275, 6.637949141348542
0.0016967935871743482, 0.49110617630747694, 4.050796302081395E-4, 3.4859718679797576, 5.469685182011147E-4, -2.8155852204061613, 3.2275818700927874, 6.6381624641257835
0.0017032064128256507, 0.4929599669749672, 4.066105795605264E-4, 3.5072152136466634, 5.529187837660203E-4, -2.7769686812611125, 3.2539747769899696, 6.638362662052501
0.0017096192384769534, 0.49481484304874485, 4.081415289129134E-4, 3.5285569533990504, 5.589131620610489E-4, -2.7338787487731797, 3.284779560107891, 6.638549735128694
0.0017160320641282558, 0.4966697191225225, 4.096724782653004E-4, 3.550005247021711, 5.649553887684252E-4, -2.686247008153565, 3.3200484775439856, 6.638736808204888
0.0017224448897795587, 0.4985245951963002, 4.112034276176874E-4, 3.571559593978037, 5.710456972738664E-4, -2.634009641659003, 3.3598291847795188, 6.638923881281081
0.0017288577154308611, 0.5003794712700778, 4.1273437697007435E-4, 3.593219478265878, 5.771843202800396E-4, -2.5771075222439968, 3.4041646583531637, 6.639110954357275
0.0017352705410821638, 0.5022343473438554, 4.142653263224613E-4, 3.6149843689743317, 5.833714897793202E-4, -2.5154863035709925, 3.4530931231386055, 6.639298027433468
0.0017416833667334665, 0.5040892234176331, 4.157962756748483E-4, 3.636853720869759, 5.896074370273955E-4, -2.4490965061765912, 3.5066479833918334, 6.639485100509662
0.0017480961923847691, 0.5059440994914107, 4.173272250272353E-4, 3.6588269750122038, 5.958923925177805E-4, -2.3778935997787856, 3.5648577576271525, 6.639672173585855
0.0017545090180360718, 0.5077989755651884, 4.1885817437962227E-4, 3.680903559402319, 6.022265859572762E-4, -2.3018380817683237, 3.627746017172905, 6.6398592466620485
0.0017609218436873742, 0.5096538516389659, 4.203891237320092E-4, 3.7030828896588233, 6.086102462424153E-4, -2.2208955513665605, 3.695331329015474, 6.640046319738242
0.001767334669338677, 0.5115087277127436, 4.2192007308439617E-4, 3.725364369727531, 6.150436014369935E-4, -2.135036779849812, 3.7676272024325215, 6.6402333928144355
0.0017737474949899796, 0.5133636037865212, 4.2345102243678315E-4, 3.7477473926219, 6.215268787506475E-4, -2.0442377763987647, 3.8446420399068666, 6.640420465890629
0.0017801603206412822, 0.5152184798602989, 4.2498197178917013E-4, 3.7702313411956414, 6.280603045186677E-4, -1.948479849494365, 3.92637909234148, 6.640607538966822
0.0017865731462925847, 0.5170733559340766, 4.2651292114155706E-4, 3.792815588947798, 6.346441041829399E-4, -1.8477496639963888, 4.012836418465144, 6.640794612043016
0.0017929859719438873, 0.5189282320078542, 4.2804387049394404E-4, 3.8154995008605592, 6.412785022742067E-4, -1.7420392935618154, 4.104006848712574, 6.640981685119209
0.00179939879759519, 0.5207831080816318, 4.29574819846331E-4, 3.8382824342703916, 6.47963722395643E-4, -1.6313462683401465, 4.199877953695649, 6.641168758195403
0.0018058116232464927, 0.5226357607062111, 4.31105769198718E-4, 3.8611922636165072, 6.54712284001361E-4, -1.5156736179109094, 4.300432017216509, 6.6413964857286585
0.0018122244488977949, 0.5244881833188042, 4.326367185511049E-4, 3.8842029774568356, 6.615135697629458E-4, -1.3950299094085787, 4.405646013912834, 6.641628418895404
0.0018186372745490976, 0.5263406059313974, 4.341676679034919E-4, 3.9073109757196676, 6.683665384961305E-4, -1.2694292805277605, 4.515491591817264, 6.641860352062149
0.0018250501002004002, 0.5281930285439908, 4.356986172558789E-4, 3.930515594590112, 6.752714110214979E-4, -1.1388914675353115, 4.629935059670919, 6.642092285228894
0.0018314629258517029, 0.530045451156584, 4.3722956660826586E-4, 3.9538161674751287, 6.82228407171892E-4, -1.0034418280831938, 4.748937379230136, 6.642324218395639
0.0018378757515030053, 0.5318978737691771, 4.387605159606528E-4, 3.9772120260820945, 6.892377457851119E-4, -0.8631113586315822, 4.872454162694733, 6.642556151562384
0.001844288577154308, 0.5337502963817703, 4.4029146531303977E-4, 4.0007025015335, 6.96299644698313E-4, -0.7179367066107987, 5.000435675143466, 6.642788084729129
0.0018507014028056106, 0.5356027189943635, 4.4182241466542675E-4, 4.024286925517911, 7.034143207441736E-4, -0.5679601769844433, 5.132826842318067, 6.643020017895874
0.0018571142284569133, 0.5374551416069567, 4.4335336401781373E-4, 4.047964631477688, 7.105819897489532E-4, -0.41322973326705575, 5.269567263623903, 6.643251951062619
0.0018635270541082158, 0.53930756421955, 4.4488431337020066E-4, 4.071734955833945, 7.178028665324052E-4, -0.2537989927553449, 5.41059123067513, 6.643483884229364
0.0018699398797595184, 0.5411599868321432, 4.4641526272258764E-4, 4.09559723924899, 7.250771649097058E-4, -0.08972721607584899, 5.555827751166055, 6.643715817396109
0.001876352705410821, 0.5430124094447364, 4.479462120749746E-4, 4.1195508279265525, 7.324050976953916E-4, 0.07892070927479777, 5.7052005784689355, 6.643947750562854
0.0018827655310621237, 0.5448648320573296, 4.494771614273616E-4, 4.143595074950692, 7.397868767093876E-4, 0.2520742913317507, 5.858628246800527, 6.644179683729599
0.0018891783567134264, 0.5467172546699228, 4.510081107797486E-4, 4.167729341662993, 7.472227127852247E-4, 0.4296574622693366, 6.016024112284115, 6.6444116168963445
0.001895591182364729, 0.548569677282516, 4.5253906013213556E-4, 4.191952999079314, 7.547128157804708E-4, 0.6115886130734507, 6.177296399691891, 6.64464355006309
0.0019020040080160317, 0.5504224244259692, 4.5407000948452254E-4, 4.216271153007108, 7.622599935324951E-4, 0.7977806347066041, 6.342348255318445, 6.644883220308931
0.0019084168336673344, 0.5522758855373141, 4.556009588369095E-4, 4.24069014943754, 7.698676472574534E-4, 0.9881409655589487, 6.511077805751262, 6.645139912128784
0.0019148296593186366, 0.5541293466486589, 4.5713190818929644E-4, 4.265196848655297, 7.775303057964843E-4, 1.1825716454333823, 6.6833782227734595, 6.6453966039486385
0.0019212424849699393, 0.5559828077600037, 4.586628575416834E-4, 4.289790675361424, 7.852481758467713E-4, 1.3809693762661737, 6.859137794618018, 6.645653295768492
0.001927655310621242, 0.5578362688713486, 4.601938068940704E-4, 4.31447107161393, 7.930214632175835E-4, 1.5832255894073837, 7.038240003317576, 6.645909987588346
0.0019340681362725446, 0.5596897299826935, 4.617247562464574E-4, 4.339237498487535, 8.008503728555139E-4, 1.7892265198463382, 7.220563608597861, 6.646166679408199
0.001940480961923847, 0.5615431910940383, 4.632557055988443E-4, 4.364089437774901, 8.087351088723349E-4, 1.998853287348341, 7.405982738217953, 6.646423371228053
0.0019468937875751497, 0.5633966522053832, 4.647866549512313E-4, 4.389026393729949, 8.16675874575738E-4, 2.2119819845483435, 7.594366984802954, 6.646680063047906
0.0019533066132264524, 0.565250113316728, 4.6631760430361827E-4, 4.414047894854399, 8.246728725028131E-4, 2.428483772290154, 7.785581509480127, 6.6469367548677605
0.001959719438877755, 0.5671035744280729, 4.6784855365600525E-4, 4.439153495726714, 8.327263044565361E-4, 2.6482249821221355, 7.979487152138449, 6.647193446687614
0.0019661322645290573, 0.5689570355394177, 4.693795030083922E-4, 4.46434277887489, 8.408363715451937E-4, 2.8710672260560632, 8.175940548470699, 6.647450138507468
0.00197254509018036, 0.5708104966507626, 4.7091045236077915E-4, 4.4896153566928305, 8.490032742248753E-4, 3.0968675140824957, 8.374794254305835, 6.647706830327321
0.0019789579158316626, 0.5726639577621074, 4.7244140171316613E-4, 4.514970873401229, 8.572272123451433E-4, 3.325478378753108, 8.575896876400991, 6.647963522147175
0.0019853707414829655, 0.5745174188734523, 4.739723510655531E-4, 4.540409007052741, 8.655083851978722E-4, 3.5567480078405014, 8.779093210841323, 6.648220213967028
0.001991783567134268, 0.5763708799847971, 4.7550330041794004E-4, 4.565929471582159, 8.738469915693908E-4, 3.790520384421183, 8.984224388279486, 6.6484769057868816
0.0019981963927855704, 0.578224341096142, 4.77034249770327E-4, 4.591532018902431, 8.822432297960349E-4, 4.026635435060786, 9.191128026734797, 6.648733597606736
0.0020046092184368733, 0.5800773196702728, 4.78565199122714E-4, 4.6172083589097035, 8.906934299939163E-4, 4.264929185800565, 9.39963839161109, 6.648979936230486
0.0020110220440881757, 0.5819301094254937, 4.80096148475101E-4, 4.642963182222193, 8.992000841404042E-4, 4.505233926102321, 9.609586563063088, 6.649222223603586
0.002017434869739478, 0.5837828991807147, 4.816270978274879E-4, 4.668799519925681, 9.07764892961113E-4, 4.747378381290824, 9.820800611310787, 6.649464510976687
0.002023847695390781, 0.5856356889359356, 4.831580471798749E-4, 4.694717297707278, 9.163880532713064E-4, 4.991187892808941, 10.033105779110967, 6.649706798349787
0.0020302605210420835, 0.5874884786911566, 4.8468899653226187E-4, 4.72071649040522, 9.250697617668986E-4, 5.236484607240742, 10.246324672377572, 6.649949085722888
0.0020366733466933864, 0.5893412684463776, 4.8621994588464885E-4, 4.746797124385214, 9.338102151018183E-4, 5.483087673505437, 10.460277458361013, 6.650191373095989
0.002043086172344689, 0.5911940582015985, 4.8775089523703577E-4, 4.7729592799647484, 9.426096099692668E-4, 5.730813448694511, 10.674782071778523, 6.65043366046909
0.0020494989979959913, 0.5930468479568195, 4.892818445894228E-4, 4.7992030938862165, 9.514681431870176E-4, 5.9794757126616265, 10.889654429070566, 6.65067594784219
0.0020559118236472937, 0.5948996377120406, 4.908127939418097E-4, 4.8255287618389, 9.603860117867321E-4, 6.228885891234769, 11.104708650585884, 6.650918235215291
0.002062324649298597, 0.5967524274672616, 4.923437432941968E-4, 4.851936541029922, 9.693634131075295E-4, 6.478853288492591, 11.31975729114772, 6.651160522588391
0.002068737474949899, 0.5986052172224825, 4.938746926465837E-4, 4.878426752805414, 9.784005448937225E-4, 6.729185327723977, 11.534611578584437, 6.651402809961492
0.002075150300601202, 0.6004580069777035, 4.954056419989707E-4, 4.904999785321557, 9.87497605396943E-4, 6.979687801761323, 11.749081660948216, 6.651645097334593
0.0020815631262525044, 0.6023107967329244, 4.969365913513577E-4, 4.931656096266067, 9.966547934826772E-4, 7.230165132281818, 11.96297686195939, 6.651887384707694
0.0020879759519038072, 0.6041635864881455, 4.984675407037446E-4, 4.9583962156307955, 0.001005872308741281, 7.480420638437675, 12.176105945017696, 6.652129672080794
0.0020943887775551097, 0.6060163762433665, 4.999984900561316E-4, 4.985220748534957, 0.00101515035160367, 7.730256814955341, 12.388277385994769, 6.652371959453895
0.0021008016032064126, 0.6078682296756529, 5.015294394085186E-4, 5.012147894713454, 0.0010244979085581494, 7.979475619590323, 12.599299654538486, 6.652635634705633
0.002107214428857715, 0.609713528847398, 5.030603887609056E-4, 5.039284014712308, 0.0010339683839462243, 8.22787877020528, 12.80898150426523, 6.653049025107836
0.002113627254509018, 0.6115588280191431, 5.045913381132926E-4, 5.066507726807188, 0.0010435008708593835, 8.47526805156756, 13.017132271894196, 6.653462415510038
0.00212004008016032, 0.613404127190888, 5.061222874656794E-4, 5.093819966160524, 0.0010530955785283051, 8.721445631930012, 13.223562185325019, 6.653875805912241
0.002126452905811623, 0.6152494263626331, 5.076532368180664E-4, 5.121221757963696, 0.0010627527176759357, 8.966214389369332, 13.428082680681404, 6.654289196314444
0.0021328657314629252, 0.6170947255343782, 5.091841861704534E-4, 5.148714220577574, 0.0010724725006624478, 9.209378248434385, 13.630506728829195, 6.654702586716646
0.002139278557114228, 0.6189400247061232, 5.107151355228404E-4, 5.176298568725514, 0.001082255141635586, 9.450742526372041, 13.830649170625477, 6.655115977118849
0.0021456913827655306, 0.6207853238778683, 5.122460848752273E-4, 5.203976116742069, 0.0010921008566861933, 9.690114290191582, 14.028327062156075, 6.655529367521052
0.002152104208416833, 0.6226306230496134, 5.137770342276143E-4, 5.2317482818752765, 0.0011020098640092272, 9.92730272341902, 14.223360028808381, 6.655942757923254
0.002158517034068136, 0.6244759222213584, 5.153079835800013E-4, 5.259616587645816, 0.0011119823840701998, 10.162119503651878, 14.415570629245678, 6.656356148325457
0.0021649298597194383, 0.6263212213931035, 5.168389329323883E-4, 5.287582667259549, 0.0011220186397772965, 10.394379190470579, 14.604784728853586, 6.65676953872766
0.002171342685370741, 0.6281665205648486, 5.183698822847753E-4, 5.31564826707838, 0.0011321188566590936, 10.623899623881714, 14.79083188281475, 6.6571829291298625
0.0021777555110220432, 0.6300118197365935, 5.199008316371621E-4, 5.343815250145887, 0.0011422832630481028, 10.850502333712235, 14.973545729229139, 6.6575963195320655
0.002184168336673346, 0.6318571189083386, 5.214317809895491E-4, 5.372085599770152, 0.0011525120902702297, 11.074012959497425, 15.152764391745787, 6.6580097099342685
0.0021905811623246486, 0.6337024180800837, 5.229627303419361E-4, 5.400461423164295, 0.0011628055728400964, 11.29426168142837, 15.328330892394884, 6.658423100336471
0.0021969939879759514, 0.6355477172518287, 5.244936796943231E-4, 5.428944955143628, 0.0011731639486625691, 11.511083662400848, 15.500093574494546, 6.658836490738674
0.002203406813627254, 0.637396257448423, 5.260246290467101E-4, 5.457488190213191, 0.0011835609625019733, 11.724319501106581, 15.66790653566223, 6.659191357199991
0.0022098196392785568, 0.6392476573728255, 5.27555578399097E-4, 5.486099117567299, 0.001193999523468573, 11.933815696214483, 15.831630070932961, 6.65949458488994
0.0022162324649298588, 0.6410990572972278, 5.290865277514839E-4, 5.5148246888827614, 0.001204503119268912, 12.13942512195236, 15.991131126269517, 6.659797812579889
0.002222645290581162, 0.6429504572216304, 5.30617477103871E-4, 5.543667687347231, 0.0012150720007832673, 12.34100751534437, 16.146283762738047, 6.660101040269837
0.002229058116232464, 0.6448018571460327, 5.321484264562579E-4, 5.572631043116083, 0.0012257064233829316, 12.538429974509848, 16.29696963073515, 6.660404267959786
0.0022354709418837674, 0.6466532570704353, 5.33679375808645E-4, 5.601717837364163, 0.0012364066471701545, 12.731567468983632, 16.44307845515583, 6.660707495649734
0.0022418837675350694, 0.6485046569948376, 5.352103251610318E-4, 5.630931306397727, 0.0012471729372249126, 12.92030336156065, 16.584508531110973, 6.6610107233396825
0.002248296593186372, 0.65035605691924, 5.367412745134188E-4, 5.660274845826315, 0.0012580055638585796, 13.104529942068625, 16.721167230451172, 6.661313951029631
0.0022547094188376748, 0.6522074568436425, 5.382722238658058E-4, 5.6897520147962055, 0.0012689048028745433, 13.284148972922234, 16.852971519028223, 6.661617178719579
0.002261122244488977, 0.654058856768045, 5.398031732181928E-4, 5.719366540285662, 0.0012798709358359372, 13.459072246898721, 16.979848485124222, 6.6619204064095285
0.0022675350701402796, 0.6559102566924473, 5.413341225705796E-4, 5.749122321461712, 0.0012909042503404453, 13.62922215697687, 17.10173587878913, 6.662223634099477
0.0022739478957915825, 0.6577616566168498, 5.428650719229667E-4, 5.779023434098981, 0.0013020050403026485, 13.794532278317439, 17.218582662246238, 6.662526861789425
0.002280360721442885, 0.6596130565412521, 5.443960212753536E-4, 5.809074135061934, 0.0013131736062435319, 13.954947962632678, 17.330349571575187, 6.662830089479374
0.002286773547094188, 0.6614644564656548, 5.459269706277407E-4, 5.839278866849398, 0.0013244102555876342, 14.11042694521162, 17.437009689898936, 6.663133317169322
0.0022931863727454903, 0.6633158563900571, 5.474579199801276E-4, 5.869642262202639, 0.0013357153029678092, 14.26093996402776, 17.538549031473213, 6.6634365448592705
0.0022995991983967927, 0.6651672563144595, 5.489888693325145E-4, 5.900169148778367, 0.0013470890705376062, 14.406471392011124, 17.63496713789025, 6.663739772549219
0.0023060120240480956, 0.6670203656781234, 5.505198186849015E-4, 5.930397997369759, 0.001358275039683888, 14.547019881648437, 17.726277685279193, 6.663525763296145
0.002312424849699398, 0.6688735890044046, 5.520507680372885E-4, 5.960766803134305, 0.001369510313113281, 14.682599022736246, 17.812509103635545, 6.663277271580203
0.002318837675350701, 0.670726812330686, 5.535817173896755E-4, 5.991312024096459, 0.0013808122527028928, 14.813238012740266, 17.893705207419348, 6.66302877986426
0.0023252505010020034, 0.6725800356569672, 5.551126667420625E-4, 6.022039315514846, 0.0013921812011829064, 14.938982340679107, 17.96992583860128, 6.662780288148317
0.0023316633266533063, 0.6744332589832486, 5.566436160944494E-4, 6.052954551894857, 0.0014036175104860183, 15.05989448372091, 18.041247521056807, 6.662531796432375
0.0023380761523046087, 0.6762864823095298, 5.581745654468364E-4, 6.084063832053147, 0.0014151215421083921, 15.176054617285299, 18.107764127365243, 6.662283304716432
0.002344488977955911, 0.6781397056358112, 5.597055147992234E-4, 6.1153734842468594, 0.0014266936674794664, 15.28756133840686, 18.16958755750343, 6.66203481300049
0.0023509018036072136, 0.6799929289620923, 5.612364641516103E-4, 6.146890071371203, 0.001438334268340156, 15.39453240262296, 18.22684842989383, 6.661786321284548
0.0023573146292585165, 0.6818461522883736, 5.627674135039974E-4, 6.178620396223749, 0.0014500437371298908, 15.497105474334544, 18.27969678460355, 6.661537829568605
0.002363727454909819, 0.6836993756146549, 5.642983628563842E-4, 6.210571506836743, 0.0014618224773824944, 15.595438890986525, 18.328302799094764, 6.661289337852662
0.0023701402805611214, 0.6855525989409361, 5.658293122087712E-4, 6.24275070187754, 0.0014736709041309973, 15.689712440764946, 18.372857516172775, 6.66104084613672
0.0023765531062124243, 0.6874058222672175, 5.673602615611582E-4, 6.275165536117385, 0.0014855894443215976, 15.780128154481389, 18.413573584820057, 6.660792354420777
0.0023829659318637267, 0.6892590455934987, 5.688912109135452E-4, 6.307823825969976, 0.001497578537236758, 15.866911111157016, 18.45068601341999, 6.660543862704835
0.0023893787575150296, 0.6911122689197801, 5.704221602659322E-4, 6.340733655098191, 0.0015096386349276606, 15.950310257866233, 18.484452935888346, 6.660295370988893
0.002395791583166332, 0.6929654922460613, 5.719531096183191E-4, 6.373903380091264, 0.0015217702026560443, 16.030599243493327, 18.515156390330628, 6.66004687927295
0.0024022044088176345, 0.694817688820846, 5.73484058970706E-4, 6.407525537699925, 0.001534079183917677, 16.108077267255435, 18.54310311120446, 6.659994330244852
0.0024086172344689374, 0.6966679252336833, 5.750150083230931E-4, 6.441778157867532, 0.0015466641572877892, 16.183069941035598, 18.568625333785842, 6.660315853620823
0.00241503006012024, 0.6985181616465201, 5.7654595767548E-4, 6.4763203072451745, 0.0015593253779269938, 16.25593016647454, 18.592081612111286, 6.660637376996792
0.0024214428857715423, 0.7003683980593572, 5.780769070278669E-4, 6.511161492402707, 0.001572063381780041, 16.327039026843995, 18.613857650228372, 6.660958900372763
0.0024278557114228447, 0.7022186344721943, 5.796078563802539E-4, 6.546311522281414, 0.0015848787203581035, 16.39680669319877, 18.63436714638873, 6.661280423748733
0.0024342685370741476, 0.7040688708850315, 5.811388057326409E-4, 6.58178051429789, 0.001597771961239845, 16.465673345531265, 18.654052650697366, 6.661601947124703
0.00244068136272545, 0.7059191072978684, 5.826697550850279E-4, 6.617578900519703, 0.0016107436885828066, 16.53411010899716, 18.673386436540437, 6.661923470500673
0.002447094188376753, 0.7077693437107055, 5.842007044374149E-4, 6.6537174339154745, 0.001623794503645081, 16.6026200045493, 18.692871384814527, 6.6622449938766435
0.002453507014028055, 0.7096195801235425, 5.857316537898017E-4, 6.6902071946763755, 0.0016369250253177176, 16.671738915522713, 18.71304188282352, 6.662566517252613
0.0024599198396793582, 0.7114698165363798, 5.872626031421888E-4, 6.727059596612662, 0.001650135890667653, 16.742036568429747, 18.734464735679964, 6.662888040628584
0.0024663326653306603, 0.7133200529492166, 5.887935524945757E-4, 6.764286393623408, 0.0016634277554914822, 16.814117530106362, 18.757740092785166, 6.663209564004553
0.002472745490981963, 0.7151702893620537, 5.903245018469627E-4, 6.801899686241612, 0.0016768012948800964, 16.888622219247626, 18.783502387098846, 6.663531087380524
0.0024791583166332656, 0.7170205257748908, 5.918554511993497E-4, 6.839911928253045, 0.0016902572037945495, 16.966227934218107, 18.81242128907373, 6.663852610756494
0.0024855711422845685, 0.7188707621877279, 5.933864005517366E-4, 6.878335933391298, 0.001703796197652787, 17.047649896055354, 18.84520267446119, 6.664174134132464
0.0024919839679358713, 0.7207209986005652, 5.949173499041237E-4, 6.917184882107378, 0.0017174190129280557, 17.13364230722635, 18.88258960616491, 6.664495657508434
0.002498396793587174, 0.722571235013402, 5.964482992565106E-4, 6.956472328417277, 0.0017311264077583682, 17.224999426445635, 18.92536333066717, 6.664817180884405
0.0025048096192384762, 0.724419640150144, 5.979792486088976E-4, 6.99622332564833, 0.0017449258113946108, 17.322556659094055, 18.97434428846879, 6.665150047935379
0.002511222444889779, 0.7262674348615209, 5.995101979612846E-4, 7.036444852230076, 0.001758813675707984, 17.42719166364961, 19.0303931389487, 6.665486696211355
0.0025176352705410816, 0.7281152295728978, 6.010411473136715E-4, 7.077147928315796, 0.0017727886232569937, 17.53982547462946, 19.09441180020694, 6.665823344487331
0.0025240480961923836, 0.7299630242842744, 6.025720966660584E-4, 7.1183476721978565, 0.0017868515055448377, 17.661423641307852, 19.167344503004582, 6.666159992763306
0.002530460921843687, 0.7318108189956515, 6.041030460184455E-4, 7.160059611118442, 0.0018010031989641687, 17.792997382952795, 19.250178859606258, 6.666496641039282
0.002536873747494989, 0.7336586137070281, 6.056339953708324E-4, 7.202299688580041, 0.0018152446054779912, 17.935604760337714, 19.34394694735424, 6.6668332893152575
0.002543286573146292, 0.7355064084184052, 6.071649447232195E-4, 7.245084271735223, 0.0018295766533132207, 18.090351864099535, 19.449726407334868, 6.667169937591233
0.0025496993987975942, 0.7373542031297818, 6.086958940756063E-4, 7.288430158854965, 0.001844000297666423, 18.258394019432668, 19.568641557767286, 6.667506585867209
0.002556112224448897, 0.7392019978411587, 6.102268434279933E-4, 7.332354586877244, 0.0018585165214224566, 18.44093700748083, 19.701864522476274, 6.667843234143185
0.0025625250501001996, 0.7410497925525356, 6.117577927803803E-4, 7.376875239034533, 0.0018731263358857404, 18.639238303830545, 19.85061637468026, 6.668179882419161
0.0025689378757515024, 0.7428975872639124, 6.132887421327673E-4, 7.422010252562956, 0.0018878307815244303, 18.854608333771054, 20.01616829595043, 6.668516530695137
0.002575350701402805, 0.7447453819752893, 6.148196914851542E-4, 7.467778226491049, 0.0019026309287277863, 19.088411744164418, 20.199842749968465, 6.668853178971112
0.0025817635270541078, 0.7465931766866661, 6.163506408375412E-4, 7.514198229510498, 0.001917527878576521, 19.34206869368595, 20.40301467309137, 6.669189827247088
0.0025881763527054098, 0.7484409713980429, 6.178815901899281E-4, 7.561289807927238, 0.0019325227636266557, 19.61705615875288, 20.627112678642888, 6.669526475523064
0.002594589178356713, 0.75028876610942, 6.194125395423152E-4, 7.609072993696117, 0.0019476167487066896, 19.914909257956683, 20.87362027822762, 6.66986312379904
0.002601002004008015, 0.7521359337501273, 6.209434888947021E-4, 7.657608081465753, 0.0019628357259859584, 20.237222593208454, 21.144077117767736, 6.670238785286624
0.002607414829659318, 0.7539797152092207, 6.22474438247089E-4, 7.707091848607973, 0.0019782905096260885, 20.585651609083143, 21.440080230117783, 6.670825118116894
0.0026138276553106204, 0.755823496668314, 6.24005387599476E-4, 7.757331640481084, 0.0019938496987202906, 20.961913969189297, 21.763285302853575, 6.671411450947164
0.002620240480961923, 0.7576672781274073, 6.25536336951863E-4, 7.80834951415261, 0.002009514601854825, 21.36779095064996, 22.115407962364802, 6.671997783777434
0.0026266533066132258, 0.7595110595865007, 6.2706728630425E-4, 7.860168053749959, 0.002025286564085056, 21.805128856207258, 22.49822507383918, 6.672584116607704
0.002633066132264528, 0.761354841045594, 6.28598235656637E-4, 7.912810378993697, 0.002041166967816258, 22.2758404447886, 22.913576057810847, 6.673170449437974
0.0026394789579158306, 0.7631986225046872, 6.301291850090238E-4, 7.966300153815979, 0.002057157233699305, 22.781906379452746, 23.363364222269052, 6.673756782268244
0.0026458917835671335, 0.7650424039637806, 6.316601343614109E-4, 8.020661595064297, 0.0020732588215406095, 23.325376693492764, 23.849558111076288, 6.674343115098514
0.002652304609218436, 0.7668861854228739, 6.331910837137978E-4, 8.075919481289162, 0.002089473231227129, 23.908372275983627, 24.374192870032136, 6.6749294479287835
0.0026587174348697384, 0.7687299668819673, 6.347220330661848E-4, 8.132099161619465, 0.002105802003666061, 24.533086373825725, 24.93937162743031, 6.675515780759054
0.0026651302605210417, 0.7705737483410607, 6.362529824185719E-4, 8.189226564722787, 0.002122246721739685, 25.20178611394924, 25.54726689302098, 6.676102113589324
0.0026715430861723437, 0.7724175298001539, 6.377839317709587E-4, 8.24732820785266, 0.002138809011275498, 25.916814042723004, 26.200121972230907, 6.676688446419593
0.002677955911823647, 0.7742613112592474, 6.393148811233458E-4, 8.306431205983557, 0.0021554905420314123, 26.680589685554725, 26.900252398600397, 6.6772747792498635
0.002684368737474949, 0.7761050927183406, 6.408458304757327E-4, 8.366563281032057, 0.0021722930286968006, 27.495611123352838, 27.650047381294886, 6.677861112080134
0.002690781563126252, 0.7779488741774339, 6.423767798281197E-4, 8.42775277116678, 0.0021892182319089813, 28.364456589606352, 28.451971271122733, 6.678447444910404
0.0026971943887775544, 0.7797926556365272, 6.439077291805067E-4, 8.490028640206077, 0.002206267959285548, 29.289786085278795, 29.308565042602833, 6.679033777740673
0.0027036072144288573, 0.7816272145202235, 6.454386785328936E-4, 8.553472827821707, 0.002223477849196024, 30.27434301374869, 30.222447793990217, 6.679669368716865
0.0027100200400801593, 0.7834546002897219, 6.469696278852805E-4, 8.618104318766655, 0.002240842762597575, 31.320955833594592, 31.196318263160784, 6.680343271584328
0.002716432865731462, 0.7852819860592205, 6.485005772376676E-4, 8.683913406114158, 0.002258338510739734, 32.43253973237149, 32.232956362656054, 6.681017174451792
0.0027228456913827646, 0.7871093718287189, 6.500315265900545E-4, 8.75093165229265, 0.0022759671021618105, 33.612098317919305, 33.33522473000531, 6.681691077319256
0.0027292585170340675, 0.7889367575982176, 6.515624759424416E-4, 8.819191293705842, 0.0022937305977892494, 34.862725330777145, 34.50607029740527, 6.682364980186719
0.00273567134268537, 0.7907641433677159, 6.530934252948284E-4, 8.888725250668443, 0.0023116311120636654, 36.18760637528012, 35.748525877887026, 6.683038883054183
0.0027420841683366724, 0.7925915291372144, 6.546243746472154E-4, 8.959567137431947, 0.0023296708140905335, 37.59002067039039, 37.06571176920695, 6.683712785921647
0.0027484969939879753, 0.794418914906713, 6.561553239996024E-4, 9.031751272302529, 0.002347851928803154, 39.0733428207652, 38.46083737596411, 6.68438668878911
0.0027549098196392777, 0.7962463006762115, 6.576862733519894E-4, 9.10531268785033, 0.0023661767381442794, 40.64104460710197, 39.937202848925, 6.6850605916565735
0.00276132264529058, 0.7980736864457099, 6.592172227043762E-4, 9.180287141210385, 0.002384647582264997, 42.29669679716227, 41.49820074286872, 6.685734494524038
0.002767735470941883, 0.7999010722152086, 6.607481720567633E-4, 9.25671112447705, 0.0024032668607409866, 44.04397097632427, 43.147317692033226, 6.686408397391501
0.0027741482965931855, 0.8017284579847069, 6.622791214091502E-4, 9.334621875189839, 0.002422037033806671, 45.88664139836461, 44.88813610346309, 6.6870823002589646
0.0027805611222444884, 0.8035558437542056, 6.638100707615373E-4, 9.414057386915175, 0.0024409606236070296, 47.82858685722395, 46.724335869480036, 6.687756203126429
0.002786973947895791, 0.805383229523704, 6.653410201139242E-4, 9.495056419918768, 0.0024600402154673767, 49.87379257833149, 48.65969609738497, 6.688430105993892
0.0027933867735470933, 0.8072106152932025, 6.668719694663111E-4, 9.577658511933834, 0.002479278459181569, 52.02635213054749, 50.69809685770231, 6.689104008861356
0.002799799599198396, 0.809038001062701, 6.684029188186981E-4, 9.661903989024012, 0.0024986780703180923, 54.29046935969899, 52.843520951887534, 6.689777911728819
0.0028062124248496986, 0.8108570550217394, 6.699338681710851E-4, 9.748245402941393, 0.0025185174600256544, 56.670460341026896, 55.10005569679423, 6.690823628223536
0.0028126252505010006, 0.8126758402126985, 6.71464817523472E-4, 9.836328662434795, 0.002538535450876154, 59.170755354399674, 57.47189472961067, 6.69188133870623
0.002819038076152304, 0.8144946254036577, 6.729957668758591E-4, 9.92618328817025, 0.0025587261263964496, 61.795900878986906, 59.96333983024101, 6.692939049188923
0.0028254509018036064, 0.8163134105946168, 6.74526716228246E-4, 10.017852871609335, 0.0025790924896697855, 64.55056160975472, 62.57880276317879, 6.693996759671616
0.0028318637274549092, 0.8181321957855759, 6.76057665580633E-4, 10.111381848286953, 0.0025996376163761013, 67.43952249444206, 65.32280713761357, 6.695054470154309
0.0028382765531062117, 0.8199509809765351, 6.7758861493302E-4, 10.206815509249566, 0.0026203646562116233, 70.46769079267122, 68.19999028766243, 6.6961121806370025
0.002844689378757514, 0.821769766167494, 6.791195642854069E-4, 10.304200012587444, 0.002641276834328063, 73.64009815529543, 71.215105170227, 6.697169891119695
0.002851102204408817, 0.8235885513584532, 6.80650513637794E-4, 10.403582395070543, 0.0026623774527913847, 76.96190272569015, 74.37302228293854, 6.6982276016023885
0.0028575150300601195, 0.8254073365494122, 6.821814629901808E-4, 10.505010583875674, 0.002683669892060425, 80.43839126342252, 77.67873160193083, 6.699285312085082
0.002863927855711422, 0.8272261217403714, 6.837124123425678E-4, 10.60853340841686, 0.00270515761248534, 84.07498128716728, 81.13734453664809, 6.700343022567775
0.002870340681362725, 0.8290449069313305, 6.852433616949548E-4, 10.714200612273089, 0.002726844155826462, 87.87722324264466, 84.75409590746932, 6.701400733050468
0.0028767535070140272, 0.8308636921222896, 6.867743110473418E-4, 10.822062865214207, 0.002748733146793282, 91.8508026891496, 88.53434593955512, 6.702458443533161
0.00288316633266533, 0.8326824773132486, 6.883052603997287E-4, 10.932171775327788, 0.0027708282946039484, 96.0015425103105, 92.48358227851963, 6.703516154015855
0.0028895791583166326, 0.8345012625042078, 6.898362097521157E-4, 11.044579901245243, 0.0027931333945655536, 100.3354051459688, 96.60742202504964, 6.704573864498548
0.0028959919839679346, 0.8363200476951668, 6.913671591045026E-4, 11.159340764468993, 0.0028156523296749038, 104.85849484580434, 100.91161378879387, 6.705631574981241
0.002902404809619238, 0.8381292422512221, 6.928981084568897E-4, 11.276748783722553, 0.0028385553136875546, 109.5770599463978, 105.40203976345359, 6.706897912594739
0.00290881763527054, 0.8399224524157705, 6.944290578092766E-4, 11.397021686556172, 0.0028619601779927145, 114.49749516949024, 110.08471782055547, 6.708511962092913
0.002915230460921843, 0.8417156625803189, 6.959600071616635E-4, 11.519817134150117, 0.0028855953600688336, 119.62634394305505, 114.96580362376515, 6.710126011591085
0.0029216432865731452, 0.8435088727448674, 6.974909565140505E-4, 11.645192628312657, 0.002909465127915435, 124.97030074533457, 120.05159276376673, 6.711740061089259
0.002928056112224448, 0.845302082909416, 6.990219058664375E-4, 11.773206696876855, 0.002933573845568374, 130.53621347083586, 125.34852291256541, 6.713354110587432
0.0029344689378757506, 0.8470952930739645, 7.005528552188245E-4, 11.903918906638694, 0.002957925974828933, 136.33108581944356, 130.8631759987031, 6.714968160085605
0.0029408817635270534, 0.848888503238513, 7.020838045712115E-4, 12.037389876395196, 0.0029825260770161913, 142.36207970852783, 136.60228040277732, 6.716582209583779
0.0029472945891783555, 0.8506817134030613, 7.036147539235983E-4, 12.17368129008969, 0.0030073788147404676, 148.63651770795644, 142.57271317368256, 6.718196259081952
0.0029537074148296588, 0.85247492356761, 7.051457032759854E-4, 12.312855910060648, 0.003032488953700091, 155.1618854974009, 148.78150226442997, 6.719810308580126
0.0029601202404809608, 0.8542681337321584, 7.066766526283723E-4, 12.454977590390172, 0.003057861364500168, 161.9458343479178, 155.2358287900158, 6.721424358078298
0.0029665330661322637, 0.8560613438967069, 7.082076019807593E-4, 12.600111290364339, 0.003083501024494395, 168.9961836266628, 161.9430293057107, 6.723038407576472
0.002972945891783566, 0.8578545540612554, 7.097385513331463E-4, 12.74832308803343, 0.0031094130196497455, 176.32092332348722, 168.91059810491842, 6.724652457074645
0.002979358717434869, 0.8596477642258039, 7.112695006855332E-4, 12.899680193878226, 0.0031356025464343643, 183.9282166035473, 176.14618954038863, 6.726266506572818
0.0029857715430861714, 0.8614409743903524, 7.128004500379202E-4, 13.054250964585378, 0.003162074913728788, 191.82640238051604, 183.65762036361613, 6.727880556070992
0.0029921843687374743, 0.8632341845549009, 7.143313993903072E-4, 13.212104916924659, 0.0031888355447603767, 200.02399791626496, 191.45287208812272, 6.729494605569165
0.0029985971943887768, 0.8650273947194494, 7.158623487426942E-4, 13.373312741736015, 0.003215889979061977, 208.5297014427027, 199.54009337236226, 6.731108655067338
0.003005010020040079, 0.8667891117466394, 7.173932980950812E-4, 13.538553135663506, 0.0032436792013622803, 217.35239480743192, 207.92760242389767, 6.733228397535814
0.003011422845691382, 0.8685420106953691, 7.189242474474681E-4, 13.707466022079188, 0.0032719003690115864, 226.50114614394064, 216.62388942545746, 6.7354897340359745
0.0030178356713426845, 0.8702949096440987, 7.204551967998551E-4, 13.879956256367052, 0.0033004381041988606, 235.98521256616004, 225.63761898289724, 6.737751070536135
0.0030242484969939874, 0.8720478085928284, 7.219861461522421E-4, 14.056099373773918, 0.0033292984555283317, 245.81404288610915, 234.97763259353184, 6.7400124070362954
0.0030306613226452894, 0.8738007075415579, 7.23517095504629E-4, 14.235972155163552, 0.00335848759810288, 255.99728035689677, 244.65295113729434, 6.742273743536456
0.0030370741482965927, 0.8755536064902877, 7.25048044857016E-4, 14.419652641651965, 0.0033880118356284725, 266.5447654396785, 254.6727773892068, 6.744535080036616
0.0030434869739478948, 0.8773065054390172, 7.265789942094029E-4, 14.607220149349416, 0.003417877602543737, 277.4665385947065, 265.04649855322094, 6.746796416536777
0.0030498997995991976, 0.8790594043877469, 7.281099435617899E-4, 14.798755284214678, 0.003448091466174183, 288.7728430977972, 275.7836888189729, 6.749057753036937
0.0030563126252505, 0.8808123033364765, 7.296408929141769E-4, 14.99433995701861, 0.0034786601289124586, 300.4741278805563, 286.8941119395084, 6.751319089537098
0.003062725450901803, 0.8825652022852062, 7.311718422665639E-4, 15.194057398418124, 0.0035095904304235856, 312.58105039649416, 298.38772383226797, 6.753580426037258
0.0030691382765531054, 0.8843181012339358, 7.327027916189508E-4, 15.397992174140938, 0.0035408893498762375, 325.104479510777, 310.2746752010456, 6.755841762537419
0.0030755511022044083, 0.8860710001826655, 7.342337409713378E-4, 15.606230200283449, 0.0035725640081999827, 338.05549841632524, 322.5653141815949, 6.75810309903758
0.0030819639278557103, 0.887823899131395, 7.357646903237247E-4, 15.818858758716658, 0.0036046216703686795, 351.44540757339513, 335.2701890078296, 6.76036443553774
0.0030883767535070136, 0.8895767980801248, 7.372956396761118E-4, 16.035966512608923, 0.0036370697477097202, 365.28572767616305, 348.4000507026145, 6.762625772037901
0.0030947895791583156, 0.8913296970288543, 7.388265890284987E-4, 16.25764352205806, 0.00366991580024071, 379.58820264332655, 361.96585578958076, 6.764887108538061
0.003101202404809618, 0.893067830807329, 7.403575383808856E-4, 16.48421299357966, 0.003703339104855423, 394.3648026340471, 375.97876902756224, 6.76733368069472
0.003107615230460921, 0.8947419821813654, 7.418884877332726E-4, 16.71654450699924, 0.0037379247992350775, 409.62772709066707, 390.4501661691944, 6.7705829406962055
0.0031140280561122234, 0.8964161335554018, 7.434194370856596E-4, 16.953731134655413, 0.0037729411690734307, 425.38940780568714, 405.39163674080606, 6.77383220069769
0.0031204408817635263, 0.8980902849294382, 7.449503864380466E-4, 17.195868696704224, 0.0038083964360730443, 441.6625120152895, 420.81498684619885, 6.777081460699175
0.0031268537074148287, 0.8997644363034746, 7.464813357904336E-4, 17.443054490105737, 0.003844298982803758, 458.4599455181115, 436.73224199276143, 6.780330720700659
0.003133266533066131, 0.901438587677511, 7.480122851428204E-4, 17.69538730494378, 0.003880657355202259, 475.7948558198644, 453.1556499407494, 6.783579980702144
0.003139679358717434, 0.9031127390515474, 7.495432344952075E-4, 17.95296744085681, 0.00391748026509884, 493.680635305107, 470.0976835767368, 6.7868292407036295
0.0031460921843687365, 0.9047868904255837, 7.510741838475944E-4, 18.215896723585388, 0.003954776592773504, 512.1309244340879, 487.57104380943946, 6.790078500705114
0.003152505010020039, 0.9064610417996202, 7.526051331999814E-4, 18.484278521635588, 0.003992555389539382, 531.159614965066, 505.58866248800933, 6.793327760706599
0.003158917835671342, 0.9081351931736565, 7.541360825523683E-4, 18.75821776305918, 0.00403082588035502, 550.780853205387, 524.1637053463817, 6.796577020708083
0.0031653306613226443, 0.9098093445476929, 7.556670319047553E-4, 19.037820952351353, 0.00406959746646534, 571.0090432865912, 543.3095749686393, 6.799826280709568
0.0031717434869739476, 0.9114834959217295, 7.571979812571424E-4, 19.32319618746203, 0.004108879728071495, 591.8588504671342, 563.0399137791746, 6.8030755407110535
0.0031781563126252496, 0.9131576472957658, 7.587289306095293E-4, 19.61445317693108, 0.004148682427029898, 613.3452044617442, 583.36860705652, 6.806324800712538
0.003184569138276552, 0.9148317986698022, 7.602598799619163E-4, 19.911703257136423, 0.0041890155095803405, 635.4833027972344, 604.3097859707811, 6.809574060714023
0.003190981963927855, 0.9165059500438386, 7.617908293143032E-4, 20.215059409661876, 0.004229889109103574, 658.2886141951049, 625.877830644898, 6.812823320715507
0.0031973947895791574, 0.918180101417875, 7.633217786666902E-4, 20.524636278785238, 0.004271313548909292, 681.7768819815741, 648.0873732403071, 6.816072580716993
0.00320380761523046, 0.9197606461973007, 7.648527280190771E-4, 20.841319213287647, 0.004313887535313268, 705.9641275240953, 670.9533010663707, 6.819907766500081
0.0032102204408817627, 0.9212771443593615, 7.663836773714642E-4, 21.164989788724824, 0.004357444102817534, 730.8666536952114, 694.490759713863, 6.824143848870584
0.003216633266533065, 0.9227936425214219, 7.679146267238511E-4, 21.49524321798458, 0.004401593816719743, 756.5010483637482, 718.7151562130663, 6.828379931241085
0.003223046092184368, 0.9243101406834827, 7.694455760762381E-4, 21.83220099284199, 0.004446347840472445, 782.884187912949, 743.6421622156165, 6.832616013611588
0.0032294589178356705, 0.9258266388455433, 7.70976525428625E-4, 22.175986357010515, 0.004491717541981091, 810.03324078671, 769.2877172015952, 6.836852095982089
0.003235871743486973, 0.9273431370076038, 7.72507474781012E-4, 22.526724324358725, 0.0045377144965736416, 837.9656710633988, 795.6680317111902, 6.841088178352591
0.003242284569138276, 0.9288596351696645, 7.74038424133399E-4, 22.884541697237296, 0.004584350490002706, 866.6992420556672, 822.7995905990915, 6.8453242607230935
0.0032486973947895782, 0.9303761333317252, 7.75569373485786E-4, 23.24956708493039, 0.004631637521477883, 896.2520199407759, 850.699156316728, 6.849560343093596
0.0032551102204408807, 0.9318926314937857, 7.771003228381728E-4, 23.621930922229353, 0.004679587806730376, 926.6423774157545, 879.3837722157618, 6.853796425464098
0.0032615230460921836, 0.9334091296558464, 7.786312721905599E-4, 24.00176548813272, 0.0047282137811089225, 957.8889973839257, 908.8707658804545, 6.8580325078346
0.003267935871743486, 0.934925627817907, 7.801622215429468E-4, 24.38920492466275, 0.004777528102708331, 990.010876665871, 939.1777524809977, 6.862268590205102
0.003274348697394789, 0.9364421259799677, 7.816931708953339E-4, 24.784385255810776, 0.00482754365552962, 1023.0273297408132, 970.3226381543169, 6.866504672575604
0.003280761523046091, 0.9379586241420282, 7.832241202477208E-4, 25.187444406604527, 0.004878273552673076, 1056.9579925165256, 1002.3236234101463, 6.870740754946106
0.003287174348697394, 0.9394751223040889, 7.847550696001077E-4, 25.598522222300403, 0.004929731139563506, 1091.8228261253914, 1035.1992065603702, 6.874976837316608
0.0032935871743486962, 0.9409916204661495, 7.862860189524947E-4, 26.01776048769898, 0.0049819299972089365, 1127.6421207523422, 1068.9681871769435, 6.87921291968711
0.003299999999999999, 0.9425081186282102, 7.878169683048817E-4, 26.445302946588413, 0.005034883945491897, 1164.4364994869343, 1103.6496695707092, 6.8834490020576125
