phi0, phi, rho, Z_fit_curve, F_ex_fit_per_V, mu_kT, PV_NkT, alpha
1.0000000000000005E-4, 0.02896247286914211, 2.387324146378431E-5, 1.0899369269506467, 2.091723878619671E-6, -47.906873231843974, -50.840687764053534, 6.615845308641978
1.0641282565130265E-4, 0.030819314782944515, 2.540419081617128E-5, 1.0959820036676384, 2.372608563257269E-6, -44.808882985605955, -44.772988012365616, 6.615859276330442
1.1282565130260525E-4, 0.03267615669674692, 2.6935140168558247E-5, 1.1020534835539364, 2.6716262489577316E-6, -41.86510714921387, -39.368766177078776, 6.615873244018904
1.1923847695390786E-4, 0.03453299861054933, 2.8466089520945217E-5, 1.108150233282403, 2.9888416431655137E-6, -39.07024308124672, -34.53240201338581, 6.615887211707368
1.2565130260521045E-4, 0.036389840524351735, 2.9997038873332187E-5, 1.1142711344231355, 3.3243171216712743E-6, -36.41911515410776, -30.187107712980733, 6.615901179395831
1.3206412825651306E-4, 0.03824668243815414, 3.152798822571916E-5, 1.120415083443467, 3.6781127571205226E-6, -33.906672694613476, -26.270378198114898, 6.615915147084294
1.3847695390781567E-4, 0.04010352435195655, 3.305893757810612E-5, 1.1265809917079648, 4.050286347522247E-6, -31.527987945142957, -22.730705131880974, 6.615929114772757
1.4488977955911825E-4, 0.04196036626575895, 3.458988693049309E-5, 1.13276778547843, 4.440893444757572E-6, -29.278254045250957, -19.52516312528393, 6.615943082461221
1.513026052104209E-4, 0.04381720817956136, 3.612083628288006E-5, 1.1389744059139006, 4.849987383088383E-6, -27.152783033648586, -16.617609375241535, 6.615957050149683
1.5771543086172347E-4, 0.04567405009336377, 3.765178563526703E-5, 1.145199809070647, 5.277619307665962E-6, -25.147003870454995, -13.977322140513216, 6.615971017838147
1.6412825651302606E-4, 0.04753089200716617, 3.9182734987653996E-5, 1.151442965902176, 5.723838203039653E-6, -23.25646047962393, -11.57795803616605, 6.61598498552661
1.705410821643287E-4, 0.04938773392096858, 4.071368434004097E-5, 1.1577028622592287, 6.188690921665483E-6, -21.476809811448295, -9.396744231702202, 6.615998953215073
1.7695390781563127E-4, 0.05124457583477099, 4.2244633692427936E-5, 1.1639784988897803, 6.672222212414782E-6, -19.803819925047133, -7.413845966609458, 6.616012920903536
1.833667334669339E-4, 0.053101417748573396, 4.377558304481491E-5, 1.1702688914390422, 7.1744747490828875E-6, -18.233368090737837, -5.611866468194557, 6.616026888592
1.897795591182365E-4, 0.0549582596623758, 4.5306532397201875E-5, 1.1765730704494586, 7.695489158897697E-6, -16.76143891219772, -3.9754479576735076, 6.6160408562804625
1.961923847695391E-4, 0.0568151015761782, 4.683748174958884E-5, 1.1828900813607106, 8.235304051028382E-6, -15.384122468318258, -2.4909506188156576, 6.616054823968926
2.0260521042084168E-4, 0.05867210440058964, 4.836843110197581E-5, 1.1892199875750211, 8.794004561789268E-6, -14.097612474656078, -1.146192259184818, 6.616081631699614
2.090180360721443E-4, 0.06052934240204506, 4.9899380454362775E-5, 1.1955624372118703, 9.371658543307531E-6, -12.898204464383523, 0.06976436716271435, 6.61612720564586
2.154308617234469E-4, 0.06238658040350048, 5.143032980674975E-5, 1.2019151008032798, 9.96823294926633E-6, -11.782293988643495, 1.1667865034515905, 6.616172779592106
2.218436873747495E-4, 0.0642438184049559, 5.2961279159136715E-5, 1.2082770833820886, 1.0583759320007362E-5, -10.746374836210807, 2.1538162324937122, 6.616218353538352
2.2825651302605212E-4, 0.06610105640641133, 5.449222851152369E-5, 1.2146475048783714, 1.1218267320382632E-5, -9.787037272365428, 3.0389911342328366, 6.6162639274845985
2.3466933867735473E-4, 0.06795829440786674, 5.6023177863910654E-5, 1.2210255001194372, 1.187178476826308E-5, -8.90096629687933, 3.8297453817655507, 6.616309501430845
2.4108216432865734E-4, 0.06981553240932216, 5.755412721629763E-5, 1.2274102188298293, 1.2544337663047209E-5, -8.084939921022116, 4.532894915260243, 6.616355075377091
2.4749498997995995E-4, 0.07167277041077758, 5.9085076568684594E-5, 1.2338008256313275, 1.3235950214169753E-5, -7.335827463488105, 5.154709578808124, 6.616400649323337
2.539078156312625E-4, 0.073530008412233, 6.061602592107156E-5, 1.2401965000429447, 1.3946644869610268E-5, -6.650587865148984, 5.700974522330624, 6.616446223269584
2.6032064128256516E-4, 0.07538724641368842, 6.214697527345853E-5, 1.2465964364809283, 1.4676442344401833E-5, -6.026268022535367, 6.17704271699247, 6.61649179721583
2.667334669338677E-4, 0.07724448441514384, 6.36779246258455E-5, 1.2529998442587629, 1.542536164913963E-5, -5.460001139950998, 6.587880077062851, 6.616537371162076
2.7314629258517033E-4, 0.07910172241659925, 6.520887397823247E-5, 1.2594059475871657, 1.6193420118489634E-5, -4.949005100123123, 6.938104400775831, 6.6165829451083225
2.7955911823647294E-4, 0.08095896041805467, 6.673982333061943E-5, 1.2658139855740895, 1.698063343969724E-5, -4.490580853293078, 7.232019120238961, 6.616628519054569
2.859719438877756E-4, 0.0828161984195101, 6.827077268300641E-5, 1.2722232122247217, 1.778701568109588E-5, -4.082110824650027, 7.473642672842406, 6.616674093000815
2.923847695390781E-4, 0.0846734364209655, 6.980172203539337E-5, 1.2786328964414844, 1.8612579320615673E-5, -3.7210573400117233, 7.666734164079538, 6.616719666947061
2.9879759519038077E-4, 0.08653067442242093, 7.133267138778035E-5, 1.2850423220240352, 1.9457335274292104E-5, -3.4049610696563213, 7.814815876683953, 6.616765240893307
3.052104208416834E-4, 0.08838795024585257, 7.286362074016731E-5, 1.2914502881238494, 2.0321256526086866E-5, -3.1314394902085865, 7.921193087726973, 6.616806570919615
3.11623246492986E-4, 0.09024523479743254, 7.439457009255428E-5, 1.2978564691717642, 2.1204375503727683E-5, -2.8981853644834885, 7.988971579336154, 6.616846921579784
3.1803607214428854E-4, 0.09210251934901253, 7.592551944494125E-5, 1.3042603065142184, 2.210670654013029E-5, -2.702965239192085, 8.02107316649268, 6.6168872722399525
3.2444889779559115E-4, 0.09395980390059253, 7.745646879732821E-5, 1.310661143538802, 2.3028254470018154E-5, -2.543617960412046, 8.020249514238833, 6.616927622900121
3.308617234468938E-4, 0.09581708845217252, 7.898741814971519E-5, 1.3170583385303394, 2.396902270875706E-5, -2.4180532067277465, 7.989094474407048, 6.616967973560289
3.372745490981963E-4, 0.0976743730037525, 8.051836750210215E-5, 1.3234512646708902, 2.4929013280863844E-5, -2.3242500399415076, 7.930055136998971, 6.617008324220458
3.43687374749499E-4, 0.0995316575553325, 8.204931685448913E-5, 1.329839310039748, 2.5908226848514965E-5, -2.2602554732626476, 7.845441762220806, 6.6170486748806265
3.501002004008016E-4, 0.10138894210691247, 8.358026620687609E-5, 1.3362218776134418, 2.6906662740055187E-5, -2.224183056874594, 7.737436734876591, 6.617089025540795
3.565130260521042E-4, 0.10324622665849247, 8.511121555926306E-5, 1.3425983852657348, 2.7924318978506185E-5, -2.214211480786204, 7.608102662433513, 6.617129376200963
3.629258517034068E-4, 0.10510351121007247, 8.664216491165004E-5, 1.3489682657676263, 2.8961192310075246E-5, -2.228583194869855, 7.45938972094273, 6.617169726861132
3.6933867735470936E-4, 0.10696079576165243, 8.817311426403699E-5, 1.3553309667873483, 3.0017278232663797E-5, -2.2656030459901166, 7.293142338535973, 6.6172100775213005
3.75751503006012E-4, 0.10881808031323244, 8.970406361642397E-5, 1.3616859508903696, 3.1092571024376194E-5, -2.323636932126194, 7.1111052939820425, 6.617250428181469
3.821643286573147E-4, 0.11067536486481244, 9.123501296881095E-5, 1.368032695539393, 3.2187063772028235E-5, -2.4011104733924817, 6.91492929739503, 6.617290778841638
3.885771543086172E-4, 0.1125326494163924, 9.27659623211979E-5, 1.3743706930943558, 3.3300748399655795E-5, -2.4965076998610387, 6.706176111340039, 6.617331129501806
3.9498997995991985E-4, 0.11438993396797241, 9.429691167358488E-5, 1.3806994508124302, 3.4433615697023686E-5, -2.6083697560874524, 6.486323263030557, 6.6173714801619745
4.014028056112224E-4, 0.11624705384465335, 9.582786102597184E-5, 1.3870185560088806, 3.5585661592359516E-5, -2.735293622247751, 6.256768391836787, 6.6174122516638265
4.07815631262525E-4, 0.11810358559669495, 9.735881037835882E-5, 1.3933277190963693, 3.67568918699081E-5, -2.875930851784978, 6.01883327078083, 6.61745452617169
4.1422845691382757E-4, 0.11996011734873653, 9.888975973074577E-5, 1.3996262630275424, 3.794727253778479E-5, -3.0289863254738982, 5.7737675359066305, 6.617496800679552
4.2064128256513023E-4, 0.12181664910077813, 1.0042070908313275E-4, 1.4059137546488685, 3.9156790177541504E-5, -3.1932170218034353, 5.522752153296637, 6.617539075187415
4.270541082164329E-4, 0.12367318085281974, 1.0195165843551973E-4, 1.41218977570405, 4.038543037900422E-5, -3.367430803583727, 5.266902649934769, 6.6175813496952784
4.334669338677354E-4, 0.12552971260486132, 1.0348260778790668E-4, 1.418453922834025, 4.1633177768781716E-5, -3.5504852206783015, 5.007272131530944, 6.617623624203142
4.3987975951903806E-4, 0.1273862443569029, 1.0501355714029366E-4, 1.4247058075769656, 4.2900016038774244E-5, -3.7412863287687013, 4.744854107728099, 6.617665898711005
4.462925851703406E-4, 0.1292427761089445, 1.0654450649268062E-4, 1.4309450563682795, 4.418592797468208E-5, -3.938787524050769, 4.480585142785202, 6.617708173218868
4.527054108216433E-4, 0.1310993078609861, 1.080754558450676E-4, 1.4371713105406085, 4.54908954845143E-5, -4.141988393770358, 4.215347347777826, 6.617750447726731
4.591182364729458E-4, 0.13295583961302768, 1.0960640519745455E-4, 1.4433842263238295, 4.6814899627097226E-5, -4.349933582498989, 3.949970728584487, 6.617792722234594
4.6553106212424844E-4, 0.13481237136506927, 1.1113735454984153E-4, 1.4495834748450542, 4.815792064058332E-5, -4.561711674056002, 3.685235402355488, 6.617834996742457
4.719438877755511E-4, 0.13666890311711088, 1.1266830390222851E-4, 1.4557687421286294, 4.951993797095954E-5, -4.776454088975952, 3.421873693799996, 6.61787727125032
4.783567134268536E-4, 0.13852543486915245, 1.1419925325461546E-4, 1.461939729096136, 5.0900930300556165E-5, -4.993333997432664, 3.1605721214055653, 6.617919545758183
4.8476953907815627E-4, 0.14038196662119407, 1.1573020260700244E-4, 1.4680961515663904, 5.230087557655545E-5, -5.211565247514833, 2.9019732826615576, 6.617961820266046
4.911823647294588E-4, 0.14223849837323563, 1.172611519593894E-4, 1.474237740255443, 5.371975103950007E-5, -5.4304013087633445, 2.6466776464019643, 6.61800409477391
4.975951903807615E-4, 0.14409503012527722, 1.1879210131177638E-4, 1.48036424077658, 5.5157533251802084E-5, -5.649134230870743, 2.3952452595661797, 6.618046369281773
5.04008016032064E-4, 0.1459511779841207, 1.2032305066416333E-4, 1.4864761129884034, 5.661428227394592E-5, -5.8670936174461605, 2.1481973749387544, 6.618092240283034
5.104208416833667E-4, 0.14780709550704532, 1.2185400001655031E-4, 1.4925728757200543, 5.808994534447687E-5, -6.083645614753797, 1.9060180057727474, 6.618140269180335
5.168336673346693E-4, 0.14966301302996995, 1.233849493689373E-4, 1.4986539050134509, 5.958444808221107E-5, -6.298191915320903, 1.6691554126374408, 6.618188298077636
5.232464929859718E-4, 0.15151893055289456, 1.2491589872132424E-4, 1.5047190060719835, 6.109776475319481E-5, -6.510168776326243, 1.438023527297412, 6.6182363269749365
5.296593186372745E-4, 0.1533748480758192, 1.2644684807371122E-4, 1.5107679989962781, 6.262986908789402E-5, -6.719046052668455, 1.2130033179885242, 6.6182843558722375
5.36072144288577E-4, 0.1552307655987438, 1.2797779742609817E-4, 1.5168007187841954, 6.418073430970274E-5, -6.924326244618701, 0.9944441000386622, 6.618332384769539
5.424849699398797E-4, 0.15708668312166843, 1.2950874677848515E-4, 1.5228170153308305, 6.575033316345188E-5, -7.12554355996243, 0.7826647954150574, 6.61838041366684
5.488977955911824E-4, 0.15894260064459306, 1.3103969613087213E-4, 1.5288167534285129, 6.73386379439177E-5, -7.322262990532763, 0.5779551444570596, 6.61842844256414
5.553106212424849E-4, 0.16079851816751767, 1.325706454832591E-4, 1.534799812766808, 6.894562052433066E-5, -7.514079403039522, 0.3805768727590871, 6.618476471461441
5.617234468937875E-4, 0.1626544356904423, 1.3410159483564607E-4, 1.5407660879325158, 7.057125238488403E-5, -7.700616644095828, 0.19076481590390282, 6.618524500358742
5.6813627254509E-4, 0.1645103532133669, 1.3563254418803302E-4, 1.5467154884096699, 7.22155046412422E-5, -7.8815266593501825, 0.008728004507447578, 6.618572529256043
5.745490981963927E-4, 0.16636627073629154, 1.3716349354042E-4, 1.5526479385795402, 7.387834807304986E-5, -8.056488626622917, -0.16534928816674127, 6.618620558153344
5.809619238476952E-4, 0.16822218825921614, 1.3869444289280695E-4, 1.55856337772063, 7.555975315244022E-5, -8.22520810295348, -0.3313065339676367, 6.618668587050644
5.873747494989979E-4, 0.17007810578214078, 1.4022539224519393E-4, 1.5644617600086796, 7.72596900725439E-5, -8.38741618546018, -0.4890059711003169, 6.618716615947945
5.937875751503006E-4, 0.1719340233050654, 1.417563415975809E-4, 1.5703430545166617, 7.897812877599725E-5, -8.542868685919299, -0.6383316571244169, 6.618764644845246
6.002004008016031E-4, 0.17378999075804508, 1.4328729094996787E-4, 1.5762074143178328, 8.071506321376902E-5, -8.691345318962737, -0.7791885521110875, 6.618813403844727
6.066132264529058E-4, 0.17564750604273177, 1.4481824030235485E-4, 1.5820599710964753, 8.247120701520057E-5, -8.832648903801626, -0.911501630500219, 6.618884796011777
6.130260521042083E-4, 0.17750502132741847, 1.4634918965474183E-4, 1.587895552532713, 8.424579491413837E-5, -8.966604579377394, -1.0352150203044712, 6.618956188178826
6.194388777555109E-4, 0.17936253661210513, 1.4788013900712878E-4, 1.59371418729472, 8.603879666926921E-5, -9.093059032844623, -1.1502911684201018, 6.619027580345876
6.258517034068136E-4, 0.18122005189679183, 1.4941108835951576E-4, 1.5995159189479078, 8.785018193136739E-5, -9.211879741289968, -1.2567100308941355, 6.619098972512926
6.322645290581161E-4, 0.1830775671814785, 1.509420377119027E-4, 1.6053008059549196, 8.967992027180321E-5, -9.322954226587877, -1.3544682870847058, 6.619170364679976
6.386773547094188E-4, 0.1849350824661652, 1.524729870642897E-4, 1.611068921675635, 9.152798121105191E-5, -9.42618932330247, -1.4435785767344111, 6.6192417568470265
6.450901803607213E-4, 0.18679259775085186, 1.5400393641667664E-4, 1.6168203543671698, 9.339433424720215E-5, -9.521510459530603, -1.5240687590379367, 6.619313149014077
6.51503006012024E-4, 0.18865011303553855, 1.5553488576906362E-4, 1.6225552071838718, 9.527894888446448E-5, -9.60886095060087, -1.5959811928664995, 6.619384541181126
6.579158316633265E-4, 0.19050762832022525, 1.570658351214506E-4, 1.6282735981773264, 9.718179466168046E-5, -9.688201305520101, -1.6593720373503418, 6.619455933348176
6.643286573146292E-4, 0.19236514360491194, 1.5859678447383759E-4, 1.6339756602963524, 9.910284118083075E-5, -9.759508546080896, -1.7143105720955016, 6.619527325515226
6.707414829659318E-4, 0.1942226588895986, 1.6012773382622454E-4, 1.639661541387005, 1.0104205813554413E-4, -9.822775538527658, -1.7608785363453894, 6.619598717682276
6.771543086172344E-4, 0.1960801741742853, 1.6165868317861152E-4, 1.645331404192573, 1.0299941533960605E-4, -9.878010337688538, -1.799169486452106, 6.619670109849326
6.83567134268537E-4, 0.19793768945897197, 1.6318963253099847E-4, 1.6509854263535795, 1.0497488275546698E-4, -9.925235543474166, -1.8292881710593778, 6.6197415020163755
6.899799599198396E-4, 0.19979520474365867, 1.6472058188338545E-4, 1.6566238004077847, 1.0696843052275172E-4, -9.964487669648431, -1.851349923438396, 6.6198128941834256
6.963927855711422E-4, 0.20165272002834533, 1.662515312357724E-4, 1.662246733790182, 1.0898002898676728E-4, -9.995816524771802, -1.8654800704517278, 6.619884286350476
7.028056112224449E-4, 0.20350979659660803, 1.6778248058815938E-4, 1.667854001369086, 1.1100957365040644E-4, -10.019284605229696, -1.8718133576607108, 6.619954029210682
7.092184368737473E-4, 0.205366309100897, 1.6931342994054634E-4, 1.6734456990806197, 1.1305700937787368E-4, -10.034966500237573, -1.8704933901046263, 6.620021651533517
7.1563126252505E-4, 0.207222821605186, 1.7084437929293332E-4, 1.679022649099599, 1.1512240198801952E-4, -10.042948308731011, -1.8616720883179487, 6.620089273856353
7.220440881763525E-4, 0.20907933410947496, 1.7237532864532027E-4, 1.68458511844878, 1.1720572284783663E-4, -10.04332706805306, -1.84550915918864, 6.6201568961791875
7.284569138276552E-4, 0.21093584661376394, 1.7390627799770725E-4, 1.690133389048155, 1.1930694367253647E-4, -10.036210194326156, -1.8221715812488615, 6.620224518502023
7.348697394789578E-4, 0.21279235911805292, 1.754372273500942E-4, 1.6956677577149508, 1.214260365540574E-4, -10.021714934425153, -1.7918331040501247, 6.6202921408248585
7.412825651302605E-4, 0.21464887162234192, 1.769681767024812E-4, 1.7011885361636296, 1.235629739895739E-4, -9.999967829451904, -1.7546737612691716, 6.620359763147694
7.476953907815631E-4, 0.2165053841266309, 1.7849912605486816E-4, 1.706696051005887, 1.2571772891000464E-4, -9.97110418961194, -1.7108793972158265, 6.620427385470529
7.541082164328656E-4, 0.21836189663091987, 1.8003007540725514E-4, 1.7121906437506562, 1.278902747085217E-4, -9.93526758039605, -1.660641206426605, 6.620495007793364
7.605210420841682E-4, 0.22021840913520885, 1.815610247596421E-4, 1.7176726708041026, 1.3008058526905864E-4, -9.892609319981744, -1.6041552860647161, 6.6205626301162
7.669338677354709E-4, 0.22207492163949782, 1.8309197411202908E-4, 1.7231425034696284, 1.3228863499481974E-4, -9.843287987738734, -1.5416222008171003, 6.620630252439035
7.733466933867734E-4, 0.2239314341437868, 1.8462292346441603E-4, 1.7286005279478687, 1.345143988367879E-4, -9.78746894376323, -1.473246560046903, 6.62069787476187
7.797595190380761E-4, 0.22578794664807578, 1.86153872816803E-4, 1.7340471453366963, 1.3675785232223419E-4, -9.725323859327466, -1.3992366069233342, 6.620765497084705
7.861723446893786E-4, 0.22764445915236475, 1.8768482216918996E-4, 1.7394827716312153, 1.3901897158322558E-4, -9.657030258156047, -1.3198038192933588, 6.620833119407541
7.925851703406813E-4, 0.22950097165665373, 1.8921577152157694E-4, 1.7449078377237686, 1.4129773338513433E-4, -9.582771068435544, -1.2351625220597258, 6.6209007417303765
7.989979959919837E-4, 0.2313574841609427, 1.907467208739639E-4, 1.7503227894039313, 1.435941151551461E-4, -9.502734185454374, -1.1455295108378176, 6.620968364053211
8.054108216432864E-4, 0.23321354996052832, 1.9227767022635087E-4, 1.7557278229858346, 1.459080441778059E-4, -9.417112044775784, -1.0511236866674862, 6.6210351363426465
8.11823647294589E-4, 0.2350695330370207, 1.9380861957873783E-4, 1.7611236248567168, 1.4823953893070485E-4, -9.32610120586054, -0.9521657015916002, 6.621101751218489
8.182364729458916E-4, 0.2369255161135131, 1.953395689311248E-4, 1.7665107340646626, 1.5058858823850346E-4, -9.229901946024418, -0.8488776148768227, 6.621168366094331
8.246492985971943E-4, 0.2387814991900055, 1.968705182835118E-4, 1.7718896559878847, 1.5295517243769187E-4, -9.128717864646267, -0.7414825596971846, 6.621234980970173
8.310621242484969E-4, 0.2406374822664979, 1.9840146763589877E-4, 1.777260910901829, 1.553392726691153E-4, -9.02275549752962, -0.6302044200950141, 6.621301595846015
8.374749498997995E-4, 0.24249346534299027, 1.9993241698828572E-4, 1.7826250339791763, 1.5774087090648237E-4, -8.912223941314341, -0.5152675180288426, 6.621368210721858
8.438877755511022E-4, 0.24434944841948267, 2.014633663406727E-4, 1.7879825752898442, 1.601599499848742E-4, -8.797334487852469, -0.39689631034710765, 6.6214348255977
8.503006012024046E-4, 0.24620543149597504, 2.0299431569305965E-4, 1.7933340998009841, 1.625964936292526E-4, -8.678300268442088, -0.27531509550650407, 6.621501440473542
8.567134268537073E-4, 0.24806141457246744, 2.0452526504544663E-4, 1.7986801873769827, 1.6505048648296893E-4, -8.555335907825402, -0.15074772987497606, 6.6215680553493845
8.631262525050098E-4, 0.24991739764895982, 2.060562143978336E-4, 1.8040214327794597, 1.675219141362727E-4, -8.428657187861575, -0.02341735346679715, 6.621634670225227
8.695390781563125E-4, 0.25177338072545224, 2.0758716375022057E-4, 1.8093584456672729, 1.7001076315482038E-4, -8.29848072076613, 0.10645387505715531, 6.621701285101069
8.75951903807615E-4, 0.2536293638019446, 2.0911811310260752E-4, 1.8146918505965122, 1.7251702110818358E-4, -8.165023631832689, 0.2386450342609148, 6.621767899976912
8.823647294589177E-4, 0.255485346878437, 2.106490624549945E-4, 1.820022287020505, 1.7504067659835816E-4, -8.028503251530319, 0.37293668683864467, 6.621834514852754
8.887775551102203E-4, 0.25734132995492937, 2.1218001180738145E-4, 1.8253504092898094, 1.7758171928827267E-4, -7.889136816885638, 0.5091111176841794, 6.621901129728596
8.951903807615228E-4, 0.2591973130314218, 2.1371096115976843E-4, 1.8306768866522236, 1.8014013993029708E-4, -7.747141182057293, 0.6469525632648601, 6.621967744604438
9.016032064128254E-4, 0.2610533997715447, 2.1524191051215539E-4, 1.8360026550803952, 1.8271598459860888E-4, -7.602732537988633, 0.7862474324572677, 6.622035082572556
9.08016032064128E-4, 0.26290979750255933, 2.1677285986454237E-4, 1.8413289262537547, 1.85309358592417E-4, -7.456126141073425, 0.9267845189385129, 6.622104589817499
9.144288577154307E-4, 0.2647661952335739, 2.1830380921692935E-4, 1.8466556640187672, 1.8792009586637097E-4, -7.307536050700497, 1.0683552053117764, 6.622174097062442
9.208416833667334E-4, 0.2666225929645885, 2.1983475856931633E-4, 1.8519835972130532, 1.9054819188189437E-4, -7.157174875616664, 1.210753659049786, 6.622243604307385
9.27254509018036E-4, 0.26847899069560316, 2.213657079217033E-4, 1.8573134695714666, 1.931936433324005E-4, -7.005253528984472, 1.3537770204171184, 6.622313111552328
9.336673346693386E-4, 0.27033538842661775, 2.2289665727409026E-4, 1.8626460397260975, 1.958564481718015E-4, -6.851980992049128, 1.4972255824773262, 6.622382618797271
9.400801603206412E-4, 0.27219178615763234, 2.2442760662647724E-4, 1.8679820812062695, 1.9853660564301656E-4, -6.6975640863295505, 1.6409029633012577, 6.622452126042214
9.464929859719437E-4, 0.27404818388864693, 2.259585559788642E-4, 1.8733223824385417, 2.0123411630648086E-4, -6.542207254208358, 1.7846162705182789, 6.622521633287157
9.529058116232464E-4, 0.2759045816196615, 2.2748950533125117E-4, 1.8786677467467094, 2.0394898206865442E-4, -6.38611234785843, 1.9281762583009643, 6.6225911405321005
9.593186372745489E-4, 0.2777609793506761, 2.2902045468363812E-4, 1.8840189923518005, 2.0668120621052975E-4, -6.229478426380931, 2.071397476922792, 6.622660647777043
9.657314629258516E-4, 0.2796173770816907, 2.305514040360251E-4, 1.8893769523720798, 2.0943079341614196E-4, -6.072501561075539, 2.214098414985599, 6.622730155021986
9.721442885771541E-4, 0.2814737748127053, 2.3208235338841206E-4, 1.8947424748230466, 2.1219774980107639E-4, -5.9153746487426755, 2.3561016344390127, 6.62279966226693
9.785571142284567E-4, 0.28333017254371995, 2.3361330274079904E-4, 1.9001164226174332, 2.1498208294097696E-4, -5.758287232915967, 2.497233898500676, 6.622869169511873
9.849699398797593E-4, 0.2851865702747345, 2.35144252093186E-4, 1.9054996735652088, 2.17783801900056E-4, -5.601425332940339, 2.6373262925804117, 6.6229386767568155
9.91382765531062E-4, 0.28704296800574913, 2.3667520144557297E-4, 1.910893120373578, 2.2060291725960223E-4, -5.444971280776901, 2.7762143383375357, 6.623008184001758
9.977955911823647E-4, 0.2888993657367637, 2.3820615079795995E-4, 1.9162976706469792, 2.2343944114648905E-4, -5.289103565474409, 2.913738100941149, 6.623077691246702
0.0010042084168336673, 0.29075582504766556, 2.3973710015034693E-4, 1.9217222677002668, 2.2629531014817648E-4, -5.133996685166808, 3.049742289687149, 6.623167869092104
0.0010106212424849698, 0.2926123166146988, 2.4126804950273388E-4, 1.9271641592928228, 2.2916968621447846E-4, -4.979821006542502, 3.184076352027666, 6.62326887439489
0.0010170340681362724, 0.29446880818173204, 2.4279899885512086E-4, 1.9326201232917923, 2.3206159262531637E-4, -4.826742631658597, 3.3165945611582504, 6.623369879697676
0.0010234468937875749, 0.2963252997487652, 2.443299482075078E-4, 1.938091126902623, 2.3497104869784377E-4, -4.674923272015841, 3.447156097241071, 6.6234708850004615
0.0010298597194388776, 0.2981817913157985, 2.4586089755989477E-4, 1.943578152227998, 2.3789807543741633E-4, -4.524520129803451, 3.5756251223695283, 6.623571890303247
0.0010362725450901802, 0.3000382828828317, 2.4739184691228175E-4, 1.949082196267836, 2.4084269556610039E-4, -4.375685786200693, 3.701870849389124, 6.623672895606034
0.0010426853707414829, 0.30189477444986496, 2.4892279626466873E-4, 1.9546042709192881, 2.4380493355118191E-4, -4.228568096662737, 3.8257676046491738, 6.6237739009088195
0.0010490981963927853, 0.3037512660168981, 2.5045374561705566E-4, 1.9601454029767442, 2.4678481563367497E-4, -4.083310093060688, 3.947194884822721, 6.623874906211605
0.0010555110220440878, 0.3056077575839314, 2.5198469496944264E-4, 1.9657066341318277, 2.4978236985683064E-4, -3.94004989262632, 4.066037407841008, 6.623975911514392
0.0010619238476953904, 0.3074642491509646, 2.535156443218296E-4, 1.9712890209733966, 2.527976260946452E-4, -3.798920613550285, 4.182185158101076, 6.624076916817177
0.001068336673346693, 0.30932074071799787, 2.550465936742166E-4, 1.9768936349875457, 2.558306160803691E-4, -3.6600502971850815, 4.29553342599268, 6.624177922119963
0.0010747494989979955, 0.311177232285031, 2.565775430266035E-4, 1.9825215625576031, 2.588813734350152E-4, -3.5235618367316612, 4.405982841865601, 6.624278927422749
0.0010811623246492984, 0.31303372385206435, 2.5810849237899056E-4, 1.9881739049641354, 2.619499336958689E-4, -3.389572912309828, 4.513439404539486, 6.624379932725535
0.0010875751503006009, 0.3148902154190975, 2.596394417313775E-4, 1.99385177838494, 2.650363343449938E-4, -3.258195932335012, 4.617814504432873, 6.624480938028321
0.0010939879759519035, 0.3167467069861308, 2.6117039108376446E-4, 1.9995563138950536, 2.6814061483774375E-4, -3.129537981100592, 4.7190249414049, 6.624581943331107
0.0011004008016032062, 0.3186032209244161, 2.6270134043615144E-4, 2.0052893770007576, 2.712630056538187E-4, -3.0037007724359164, 4.816992937448338, 6.624684640082633
0.0011068136272545089, 0.3204600704314826, 2.642322897885384E-4, 2.0110622737582715, 2.7440623427130135E-4, -2.8807806094006225, 4.911646144262374, 6.624812708565278
0.0011132264529058113, 0.32231691993854905, 2.6576323914092535E-4, 2.016865450207746, 2.7756754456958007E-4, -2.760868349876807, 5.002917645843509, 6.6249407770479225
0.001119639278557114, 0.3241737694456156, 2.6729418849331233E-4, 2.0227000970270974, 2.807469848059837E-4, -2.644049377975123, 5.090745956175072, 6.625068845530567
0.0011260521042084166, 0.3260306189526821, 2.688251378456993E-4, 2.0285674197914796, 2.8394460535375774E-4, -2.530403581157177, 5.175075012111864, 6.625196914013212
0.0011324649298597193, 0.32788746845974864, 2.703560871980863E-4, 2.034468638973279, 2.871604587305735E-4, -2.420005332986953, 5.255854161540417, 6.625324982495856
0.0011388777555110217, 0.3297443179668151, 2.718870365504732E-4, 2.040404989942122, 2.9039459962703766E-4, -2.3129234813953388, 5.3330381469267065, 6.625453050978501
0.0011452905811623244, 0.33160116747388163, 2.734179859028602E-4, 2.0463777229648676, 2.936470849352E-4, -2.209221342385445, 5.406587084319308, 6.625581119461145
0.0011517034068136269, 0.3334580169809481, 2.749489352552472E-4, 2.0523881032056113, 2.9691797377706203E-4, -2.108956699059675, 5.476466437925455, 6.62570918794379
0.0011581162324649293, 0.3353148664880146, 2.764798846076341E-4, 2.058437410725684, 3.0020732753308587E-4, -2.0121818058891465, 5.54264699032522, 6.6258372564264345
0.001164529058116232, 0.3371717159950811, 2.780108339600211E-4, 2.064526940483654, 3.0351520987070347E-4, -1.918943398122564, 5.605104808433597, 6.625965324909079
0.0011709418837675346, 0.33902856550214766, 2.7954178331240806E-4, 2.0706580023353234, 3.068416867728239E-4, -1.8292827062317174, 5.66382120529577, 6.626093393391724
0.0011773547094188373, 0.34088541500921415, 2.8107273266479504E-4, 2.076831921033731, 3.1018682656634364E-4, -1.7432354753081818, 5.7187826978023315, 6.626221461874368
0.0011837675350701397, 0.34274226451628065, 2.8260368201718197E-4, 2.083050036229149, 3.135506999506531E-4, -1.6608319893108612, 5.7699809604131715, 6.626349530357012
0.0011901803607214424, 0.34459911402334714, 2.8413463136956895E-4, 2.0893137024690898, 3.1693338002614834E-4, -1.5820971000719577, 5.817412774983904, 6.6264775988396565
0.001196593186372745, 0.3464559635304137, 2.856655807219559E-4, 2.095624289198298, 3.203349423227363E-4, -1.5070502609433294, 5.8610799767943424, 6.626605667322301
0.0012030060120240477, 0.3483121026041296, 2.871965300743429E-4, 2.101974619060203, 3.237530059382301E-4, -1.4357055650205817, 5.900989396844581, 6.626715337279499
0.0012094188376753504, 0.3501674365200481, 2.887274794267299E-4, 2.1083648058475197, 3.271872408807793E-4, -1.3680717878338935, 5.9371528005170235, 6.626804155574526
0.001215831663326653, 0.35202277043596664, 2.9025842877911687E-4, 2.1148059148951788, 3.3064048625514606E-4, -1.3041524343868216, 5.969586822720729, 6.626892973869552
0.0012222444889779557, 0.3538781043518852, 2.9178937813150385E-4, 2.121299375217718, 3.34112826688833E-4, -1.2439457904857012, 5.998312899557385, 6.626981792164577
0.0012286573146292584, 0.35573343826780374, 2.933203274838908E-4, 2.12784663072691, 3.3760434938128245E-4, -1.1874449782464516, 6.023357196627433, 6.6270706104596036
0.0012350701402805608, 0.3575887721837222, 2.9485127683627775E-4, 2.1344491402317627, 3.4111514413238215E-4, -1.1346380156627418, 6.044750534075206, 6.62715942875463
0.0012414829659318635, 0.3594441060996407, 2.9638222618866473E-4, 2.1411083774385196, 3.4464530337097654E-4, -1.0855078801640852, 6.062528308441189, 6.627248247049655
0.001247895791583166, 0.3612994400155593, 2.979131755410517E-4, 2.1478258309506595, 3.4819492218337385E-4, -1.040032576082309, 6.076730411388005, 6.6273370653446815
0.0012543086172344686, 0.3631547739314778, 2.994441248934387E-4, 2.154603004268894, 3.517640983418549E-4, -0.9981852058634514, 6.08740114546383, 6.627425883639708
0.001260721442885771, 0.3650101078473963, 3.009750742458256E-4, 2.161441415791172, 3.553529323331822E-4, -0.9599340450237981, 6.094589136888421, 6.627514701934733
0.0012671342685370737, 0.3668654417633148, 3.025060235982126E-4, 2.1683425988126785, 3.589615273871088E-4, -0.9252426206668445, 6.098347245538661, 6.627603520229759
0.0012735470941883764, 0.3687207756792334, 3.040369729505996E-4, 2.1753081015258298, 3.625899895048859E-4, -0.8940697934999563, 6.098732472190778, 6.627692338524785
0.001279959919839679, 0.3705761095951519, 3.0556792230298656E-4, 2.182339487020281, 3.662384274877724E-4, -0.8663698432986431, 6.095805863045974, 6.627781156819811
0.0012863727454909815, 0.3724314435110704, 3.070988716553735E-4, 2.1894383332829204, 3.699069529655432E-4, -0.8420925576221884, 6.089632411753095, 6.627869975114837
0.0012927855711422841, 0.37428677742698896, 3.0862982100776046E-4, 2.1966062331978695, 3.735956804249978E-4, -0.8211833237762901, 6.080280958897323, 6.627958793409863
0.0012991983967935868, 0.3761421113429075, 3.1016077036014744E-4, 2.2038447945464905, 3.773047272384696E-4, -0.8035832238914847, 6.067824089091284, 6.628047611704889
0.0013056112224448895, 0.37799651093161385, 3.116917197125344E-4, 2.2111820659738353, 3.810424504472642E-4, -0.78922913299259, 6.052338025781499, 6.628188732135049
0.001312024048096192, 0.37985077704500414, 3.1322266906492135E-4, 2.2185973144031843, 3.8480208765525573E-4, -0.7780538200236268, 6.033902523792763, 6.6283373242988
0.0013184368737474946, 0.3817050431583945, 3.1475361841730833E-4, 2.2260884358785358, 3.8858260133822905E-4, -0.7699860516879184, 6.012600759745367, 6.628485916462552
0.0013248496993987972, 0.3835593092717849, 3.162845677696953E-4, 2.23365709780213, 3.9238412207857177E-4, -0.7649506989931244, 5.988519220442776, 6.628634508626303
0.0013312625250501, 0.38541357538517523, 3.178155171220823E-4, 2.2413049824734417, 3.9620678348694445E-4, -0.7628688464806109, 5.961747589235535, 6.628783100790054
0.0013376753507014026, 0.3872678414985656, 3.1934646647446927E-4, 2.2490337870891857, 4.0005072223078895E-4, -0.7636579039377236, 5.932378630574398, 6.628931692953805
0.0013440881763527048, 0.38912210761195587, 3.208774158268562E-4, 2.2568452237433094, 4.0391607806283597E-4, -0.7672317205999849, 5.900508072696886, 6.629080285117555
0.0013505010020040075, 0.3909763737253462, 3.224083651792432E-4, 2.2647410194270003, 4.078029938496165E-4, -0.7735007016483277, 5.866234488675046, 6.629228877281307
0.0013569138276553101, 0.39283063983873656, 3.2393931453163016E-4, 2.2727229160286795, 4.117116155999672E-4, -0.7823719269947574, 5.829659175790848, 6.629377469445058
0.0013633266533066128, 0.39468490595212696, 3.2547026388401714E-4, 2.280792670334002, 4.1564209249354085E-4, -0.7937492722056626, 5.790886033388134, 6.629526061608809
0.0013697394789579152, 0.39653917206551725, 3.2700121323640406E-4, 2.288952054025865, 4.1959457690931494E-4, -0.8075335314714611, 5.7500214392939055, 6.62967465377256
0.001376152304609218, 0.3983934381789076, 3.2853216258879104E-4, 2.2972028536843974, 4.2356922445409983E-4, -0.8236225425409115, 5.707174124853308, 6.629823245936311
0.0013825651302605208, 0.400247704292298, 3.300631119411781E-4, 2.305546870786966, 4.275661939910474E-4, -0.841911313530085, 5.662455048691678, 6.6299718381000625
0.0013889779559118234, 0.4021019704056884, 3.3159406129356506E-4, 2.3139859217081726, 4.3158564766816027E-4, -0.8622921514823043, 5.615977269286694, 6.630120430263813
0.001395390781563126, 0.4039562365190787, 3.33125010645952E-4, 2.322521837719858, 4.3562775094680003E-4, -0.8846547925889846, 5.567855816454192, 6.630269022427564
0.0014018036072144286, 0.40581062818724306, 3.3465595999833896E-4, 2.3311532304746785, 4.396915901799989E-4, -0.9088865340258389, 5.518207561753185, 6.630411656193037
0.0014082164328657312, 0.40766534071760774, 3.3618690935072594E-4, 2.339876861544549, 4.437756083024593E-4, -0.9348723672066431, 5.467151088040951, 6.630539062940689
0.0014146292585170339, 0.40952005324797236, 3.377178587031129E-4, 2.3487028347093672, 4.478827212903468E-4, -0.9624951124596794, 5.414806558116149, 6.63066646968834
0.0014210420841683363, 0.411374765778337, 3.3924880805549985E-4, 2.357633040816748, 4.5201310765134245E-4, -0.991635554984411, 5.361295582608604, 6.630793876435992
0.001427454909819639, 0.41322947830870166, 3.4077975740788683E-4, 2.3666693856115426, 4.561669493489491E-4, -1.0221725819804082, 5.306741087210363, 6.630921283183644
0.0014338677354709417, 0.4150841908390663, 3.423107067602738E-4, 2.3758137897358322, 4.603444318309986E-4, -1.0539833208807852, 5.251267179295108, 6.631048689931296
0.001440280561122244, 0.41693890336943096, 3.438416561126608E-4, 2.385068188728939, 4.6454574405816276E-4, -1.0869432785594875, 5.194999014057099, 6.6311760966789475
0.0014466933867735465, 0.4187936158997956, 3.453726054650477E-4, 2.3944345330274173, 4.687710785324599E-4, -1.1209264814629605, 5.138062660201306, 6.631303503426599
0.0014531062124248492, 0.4206483284301602, 3.469035548174347E-4, 2.4039147879650598, 4.730206313257648E-4, -1.1558056165514383, 5.080584965283478, 6.631430910174251
0.0014595190380761519, 0.4225030409605249, 3.484345041698217E-4, 2.413510933772894, 4.7729460210831694E-4, -1.1914521728994256, 5.022693420858614, 6.631558316921902
0.0014659318637274545, 0.42435775349088956, 3.4996545352220865E-4, 2.423224965579183, 4.8159319417722914E-4, -1.2277365839524548, 4.964516027403109, 6.631685723669554
0.001472344689378757, 0.4262124660212541, 3.514964028745956E-4, 2.433058893409424, 4.8591661448499596E-4, -1.2645283702674384, 4.906181159198255, 6.631813130417205
0.0014787575150300596, 0.4280671785516188, 3.5302735222698256E-4, 2.4430147421863535, 4.902650736680028E-4, -1.3016962827004177, 4.847817429183353, 6.631940537164858
0.0014851703406813623, 0.4299218910819835, 3.5455830157936954E-4, 2.4530945517299405, 4.946387860750346E-4, -1.3391084458720637, 4.7895535539374725, 6.632067943912509
0.001491583166332665, 0.43177660361234815, 3.560892509317565E-4, 2.46330037675739, 4.990379697957833E-4, -1.3766325019059251, 4.731518218793919, 6.632195350660161
0.0014979959919839674, 0.4336313161427127, 3.5762020028414344E-4, 2.4736342868831445, 5.034628466893583E-4, -1.4141357542337047, 4.673839943275071, 6.632322757407812
0.00150440881763527, 0.4354870825132089, 3.591511496365304E-4, 2.484120251323275, 5.079215023295364E-4, -1.4514853115145878, 4.61664694678415, 6.632487705781927
0.0015108216432865727, 0.4373433279019467, 3.606820989889174E-4, 2.494748663870763, 5.124100447067841E-4, -1.4885482314005158, 4.560067014828592, 6.632669718531707
0.0015172344689378754, 0.4391995732906845, 3.622130483413044E-4, 2.505511734142523, 5.169251663028374E-4, -1.5251916642100278, 4.504227365674033, 6.6328517312814865
0.0015236472945891779, 0.44105581867942223, 3.637439976936913E-4, 2.516411591380024, 5.214671056136869E-4, -1.5612829962857808, 4.449254517672137, 6.633033744031267
0.0015300601202404803, 0.44291206406815997, 3.652749470460783E-4, 2.527450379721981, 5.260361050475169E-4, -1.5966899930632454, 4.39527415719845, 6.633215756781047
0.001536472945891783, 0.44476830945689777, 3.6680589639846527E-4, 2.538630258204342, 5.306324109532149E-4, -1.631280941629741, 4.342411007427629, 6.633397769530827
0.0015428857715430856, 0.44662455484563557, 3.6833684575085225E-4, 2.5499534007602946, 5.352562736488777E-4, -1.664924792750112, 4.290788697943395, 6.633579782280607
0.0015492985971943883, 0.44848080023437337, 3.6986779510323923E-4, 2.5614219962202602, 5.399079474503232E-4, -1.6974913022841673, 4.240529635262989, 6.633761795030386
0.001555711422845691, 0.4503370456231111, 3.713987444556262E-4, 2.573038248311903, 5.445876906995977E-4, -1.7288511718348, 4.191754874408571, 6.633943807780167
0.0015621242484969936, 0.4521932910118489, 3.729296938080132E-4, 2.58480437566012, 5.492957657934837E-4, -1.758876188532025, 4.144583991623043, 6.634125820529946
0.0015685370741482963, 0.4540495364005867, 3.7446064316040017E-4, 2.596722611787049, 5.540324392120102E-4, -1.7874393639687651, 4.099134958196622, 6.634307833279727
0.0015749498997995987, 0.45590578178932445, 3.759915925127871E-4, 2.608795205112063, 5.587979815469597E-4, -1.8144150719971872, 4.055524015683173, 6.634489846029506
0.0015813627254509014, 0.4577620271780622, 3.775225418651741E-4, 2.6210244189517735, 5.635926675303784E-4, -1.83967918549797, 4.0138655523820965, 6.634671858779286
0.001587775551102204, 0.4596182725668, 3.7905349121756106E-4, 2.633412531520031, 5.684167760630841E-4, -1.8631092118770194, 3.974271981323534, 6.634853871529066
0.0015941883767535067, 0.4614745179555378, 3.8058444056994804E-4, 2.6459618359279204, 5.732705902431743E-4, -1.8845844272471295, 3.9368536197899053, 6.635035884278846
0.0016006012024048092, 0.4633305520423964, 3.8211538992233496E-4, 2.6586747593192217, 5.781544429180271E-4, -1.903986009207799, 3.9017185704326978, 6.63521808895569
0.0016070140280561118, 0.4651845435444244, 3.8364633927472194E-4, 2.6715546627524764, 5.830690244965889E-4, -1.9211971680880788, 3.868972604139859, 6.6354021489274855
0.0016134268537074145, 0.4670385350464523, 3.851772886271089E-4, 2.684602737066784, 5.880141943707321E-4, -1.9361032766642376, 3.83871904458045, 6.63558620889928
0.0016198396793587172, 0.46889252654848024, 3.867082379794959E-4, 2.697821334963873, 5.929902527608373E-4, -1.9485919980315158, 3.8110586548040355, 6.635770268871076
0.0016262525050100194, 0.4707465180505081, 3.8823918733188283E-4, 2.7112128240427094, 5.97997504227118E-4, -1.9585534117970025, 3.7860895256461755, 6.635954328842871
0.001632665330661322, 0.472600509552536, 3.897701366842698E-4, 2.7247795867994955, 6.030362576981307E-4, -1.9658801383486197, 3.7639069662230056, 6.6361383888146666
0.0016390781563126247, 0.474454501054564, 3.913010860366568E-4, 2.73852402062767, 6.081068264992833E-4, -1.9704674610945012, 3.744603396578912, 6.636322448786461
0.0016454909819639274, 0.4763084925565919, 3.9283203538904377E-4, 2.752448537817915, 6.132095283813439E-4, -1.9722134466251402, 3.728268242551521, 6.636506508758257
0.0016519038076152298, 0.4781624840586198, 3.943629847414307E-4, 2.7665555655581406, 6.183446855489484E-4, -1.9710190627518769, 3.714987832856064, 6.636690568730052
0.0016583166332665325, 0.4800164755606477, 3.958939340938177E-4, 2.7808475459335056, 6.235126246891111E-4, -1.9667882941602879, 3.704845298664728, 6.636874628701848
0.0016647294589178351, 0.4818704670626756, 3.9742488344620465E-4, 2.795326935926395, 6.287136769997315E-4, -1.9594282557753846, 3.6979204755689183, 6.637058688673642
0.0016711422845691378, 0.4837244585647036, 3.9895583279859163E-4, 2.8099962074164435, 6.339481782181046E-4, -1.9488493035695624, 3.6942898081617916, 6.637242748645438
0.0016775551102204403, 0.48557845006673145, 4.0048678215097856E-4, 2.8248578471805112, 6.392164686494273E-4, -1.934965142905922, 3.6940262571575913, 6.637426808617233
0.001683967935871743, 0.48743244156875937, 4.0201773150336554E-4, 2.8399143568927046, 6.445188931953102E-4, -1.9176929340879052, 3.6971992093653734, 6.637610868589029
0.0016903807615230456, 0.4892864330707873, 4.035486808557525E-4, 2.855168253124365, 6.49855801382283E-4, -1.8969533952926299, 3.7038743903098528, 6.637794928560823
0.0016967935871743482, 0.4911404245728152, 4.050796302081395E-4, 2.8706220673440694, 6.55227547390306E-4, -1.8726709024581452, 3.7141137799411976, 6.637978988532619
0.0017032064128256507, 0.49299370411827237, 4.066105795605264E-4, 2.8862978088611198, 6.606424039200067E-4, -1.8447735863986683, 3.727975531123116, 6.638192488124395
0.0017096192384769534, 0.49484627170715884, 4.081415289129134E-4, 2.902198262551259, 6.66100915199696E-4, -1.8131934267565928, 3.745513891300007, 6.638435427336152
0.0017160320641282558, 0.4966988392960453, 4.096724782653004E-4, 2.918306616216195, 6.715955970811254E-4, -1.777866342825319, 3.7667791272806896, 6.638678366547908
0.0017224448897795587, 0.4985514068849318, 4.112034276176874E-4, 2.9346254609702758, 6.771268240359976E-4, -1.738732281159094, 3.791817453227824, 6.638921305759665
0.0017288577154308611, 0.5004039744738182, 4.1273437697007435E-4, 2.951157402825082, 6.826949753323356E-4, -1.695735299801282, 3.8206709619986143, 6.639164244971422
0.0017352705410821638, 0.5022565420627046, 4.142653263224613E-4, 2.9679050626894403, 6.883004350629946E-4, -1.64882364906273, 3.8533775598819977, 6.639407184183179
0.0017416833667334665, 0.5041091096515912, 4.157962756748483E-4, 2.984871076369417, 6.939435921741689E-4, -1.59794984888094, 3.8899709047265443, 6.639650123394936
0.0017480961923847691, 0.5059616772404776, 4.173272250272353E-4, 3.002058094568325, 6.996248404938998E-4, -1.5430707623150386, 3.930480347849865, 6.639893062606692
0.0017545090180360718, 0.507814244829364, 4.1885817437962227E-4, 3.019468782886711, 7.05344578760588E-4, -1.4841476656222639, 3.974930879290043, 6.640136001818449
0.0017609218436873742, 0.5096668124182504, 4.203891237320092E-4, 3.0371058218223608, 7.111032106514959E-4, -1.4211463142078578, 4.0233430771159595, 6.640378941030206
0.001767334669338677, 0.5115193800071369, 4.2192007308439617E-4, 3.054971906770315, 7.169011448112644E-4, -1.3540370048724202, 4.075733060323895, 6.640621880241963
0.0017737474949899796, 0.5133719475960233, 4.2345102243678315E-4, 3.0730697480228413, 7.227387948804132E-4, -1.2827946339636165, 4.132112445713674, 6.64086481945372
0.0017801603206412822, 0.5152245151849099, 4.2498197178917013E-4, 3.091402070769456, 7.286165795238558E-4, -1.207398751298662, 4.192488308897543, 6.641107758665476
0.0017865731462925847, 0.5170770827737963, 4.2651292114155706E-4, 3.1099716150969154, 7.345349224594064E-4, -1.1278336101854534, 4.256863149043295, 6.641350697877233
0.0017929859719438873, 0.5189296503626827, 4.2804387049394404E-4, 3.1287811359892146, 7.404942524862861E-4, -1.0440882127625521, 4.325234858175624, 6.64159363708899
0.00179939879759519, 0.5207822179515691, 4.29574819846331E-4, 3.1478334033275934, 7.464950035136356E-4, -0.9561563512456651, 4.397596694396745, 6.641836576300747
0.0018058116232464927, 0.5226342960687711, 4.31105769198718E-4, 3.1671006069935435, 7.525244249524203E-4, -0.8640366444520221, 4.473937259673036, 6.642035918173794
0.0018122244488977949, 0.5244863235509711, 4.326367185511049E-4, 3.1866127437760534, 7.585945869692679E-4, -0.767732569913143, 4.5542404818469056, 6.642230749977318
0.0018186372745490976, 0.5263383510331712, 4.341676679034919E-4, 3.206375781742385, 7.647072925138845E-4, -0.667252491129306, 4.638485601297613, 6.642425581780842
0.0018250501002004002, 0.5281903785153712, 4.356986172558789E-4, 3.2263925503151025, 7.708629950774266E-4, -0.5626096801900136, 4.72664716204996, 6.642620413584368
0.0018314629258517029, 0.5300424059975714, 4.3722956660826586E-4, 3.2466658938140096, 7.770621534032196E-4, -0.45382233536567756, 4.818695007690269, 6.642815245387892
0.0018378757515030053, 0.5318944334797714, 4.387605159606528E-4, 3.26719867145615, 7.833052315152667E-4, -0.3409135938300542, 4.914594281911032, 6.643010077191416
0.001844288577154308, 0.5337464609619714, 4.4029146531303977E-4, 3.2879937573558067, 7.895926987467555E-4, -0.22391153926341775, 5.014305433943047, 6.643204908994941
0.0018507014028056106, 0.5355984884441716, 4.4182241466542675E-4, 3.309054040524498, 7.959250297685679E-4, -0.10284920424837443, 5.1177842289423525, 6.643399740798466
0.0018571142284569133, 0.5374505159263716, 4.4335336401781373E-4, 3.3303824248709777, 8.023027046177868E-4, 0.022235432465489306, 5.224981763228305, 6.643594572601991
0.0018635270541082158, 0.5393025434085716, 4.4488431337020066E-4, 3.351981829201243, 8.087262087262093E-4, 0.15129945434100361, 5.335844484915565, 6.643789404405515
0.0018699398797595184, 0.5411545708907717, 4.4641526272258764E-4, 3.3738551872185276, 8.151960329488508E-4, 0.28429502057064493, 5.450314219360826, 6.6439842362090396
0.001876352705410821, 0.5430065983729718, 4.479462120749746E-4, 3.3960054475233035, 8.217126735924545E-4, 0.42116938534305276, 5.568328200084199, 6.644179068012565
0.0018827655310621237, 0.5448586258551719, 4.494771614273616E-4, 3.418435573613279, 8.28276632444003E-4, 0.5618649227550199, 5.689819105014828, 6.644373899816089
0.0018891783567134264, 0.546710653337372, 4.510081107797486E-4, 3.4411485438834015, 8.348884167992233E-4, 0.7063191574503872, 5.814715098139169, 6.644568731619614
0.001895591182364729, 0.548562680819572, 4.5253906013213556E-4, 3.464147351625856, 8.415485394910971E-4, 0.854464801017275, 5.942939876556062, 6.644763563423139
0.0019020040080160317, 0.5504158221111514, 4.5407000948452254E-4, 3.4874512997647837, 8.482649178687179E-4, 1.0062297945446161, 6.074412723375326, 6.64498042137773
0.0019084168336673344, 0.552271413783365, 4.556009588369095E-4, 3.511083200569942, 8.550471667351349E-4, 1.161537356952266, 6.209048565984507, 6.645245736864672
0.0019148296593186366, 0.5541270054555786, 4.5713190818929644E-4, 3.535010367023337, 8.618796503958137E-4, 1.3203060396970896, 6.3467580403676, 6.645511052351613
0.0019212424849699393, 0.5559825971277922, 4.586628575416834E-4, 3.5592358520795395, 8.687629057999686E-4, 1.4824497875750184, 6.487447561097259, 6.645776367838553
0.001927655310621242, 0.5578381888000058, 4.601938068940704E-4, 3.5837627235903637, 8.756974755770639E-4, 1.6478780058586089, 6.6310193972786085, 6.646041683325494
0.0019340681362725446, 0.5596937804722195, 4.617247562464574E-4, 3.6085940643048646, 8.826839080653206E-4, 1.8164956339363003, 6.777371754594473, 6.646306998812435
0.001940480961923847, 0.561549372144433, 4.632557055988443E-4, 3.63373297186934, 8.897227573402288E-4, 1.9882032254343234, 6.926398863393876, 6.646572314299376
0.0019468937875751497, 0.5634049638166467, 4.647866549512313E-4, 3.6591825588273306, 8.968145832430548E-4, 2.162897034864119, 7.077991072903509, 6.646837629786316
0.0019533066132264524, 0.5652605554888603, 4.6631760430361827E-4, 3.684945952619625, 9.039599514093486E-4, 2.340469111210047, 7.232034951894966, 6.647102945273257
0.001959719438877755, 0.567116147161074, 4.6784855365600525E-4, 3.711026295584248, 9.111594332974544E-4, 2.520807398094033, 7.388413395517757, 6.647368260760198
0.0019661322645290573, 0.5689717388332876, 4.693795030083922E-4, 3.7374267449564735, 9.184136062170186E-4, 2.703795840898126, 7.547005738561092, 6.647633576247139
0.00197254509018036, 0.5708273305055012, 4.7091045236077915E-4, 3.764150472868816, 9.257230533574988E-4, 2.8893145011378367, 7.707687875576639, 6.64789889173408
0.0019789579158316626, 0.5726829221777148, 4.7244140171316613E-4, 3.791200666351032, 9.330883638166707E-4, 3.077239677538605, 7.8703323871174735, 6.64816420722102
0.0019853707414829655, 0.5745385138499284, 4.739723510655531E-4, 3.8185805273301243, 9.40510132629141E-4, 3.2674440345792526, 8.034808672990243, 6.6484295227079615
0.001991783567134268, 0.576394105522142, 4.7550330041794004E-4, 3.8462932726303354, 9.479889607948494E-4, 3.459796738312877, 8.200983092271802, 6.648694838194902
0.0019981963927855704, 0.5782496971943556, 4.77034249770327E-4, 3.8743421339731547, 9.55525455307586E-4, 3.6541635994042405, 8.368719109984443, 6.648960153681843
0.0020046092184368733, 0.5801023596962769, 4.78565199122714E-4, 3.902697229881505, 9.631043752297257E-4, 3.8504072239246194, 8.5378774510305, 6.649183034958801
0.0020110220440881757, 0.5819538760011271, 4.80096148475101E-4, 3.9313817277366425, 9.707357442052185E-4, 4.048387171456488, 8.708316260834323, 6.649389311544896
0.002017434869739478, 0.5838053923059773, 4.816270978274879E-4, 3.960411824670465, 9.784263496209846E-4, 4.247960121023286, 8.879891273285287, 6.649595588130991
0.002023847695390781, 0.5856569086108275, 4.831580471798749E-4, 3.989790811930331, 9.861768213159964E-4, 4.448980044824272, 9.052455985891159, 6.649801864717086
0.0020302605210420835, 0.5875084249156778, 4.8468899653226187E-4, 4.019521995660837, 9.939877952652248E-4, 4.651298389738282, 9.225861842136034, 6.65000814130318
0.0020366733466933864, 0.589359941220528, 4.8621994588464885E-4, 4.049608696903816, 0.0010018599136081508, 4.854764266890663, 9.39995842125439, 6.650214417889275
0.002043086172344689, 0.5912114575253782, 4.8775089523703577E-4, 4.08005425159834, 0.0010097938246772724, 5.059224649173888, 9.5745936353902, 6.65042069447537
0.0020494989979959913, 0.5930629738302284, 4.892818445894228E-4, 4.110862010580724, 0.0010177901830266168, 5.264524577036129, 9.749613934373892, 6.650626971061465
0.0020559118236472937, 0.5949144901350787, 4.908127939418097E-4, 4.142035339584517, 0.0010258496494602446, 5.470507372504451, 9.924864518137834, 6.65083324764756
0.002062324649298597, 0.5967660064399292, 4.923437432941968E-4, 4.173577619240513, 0.0010339728910607599, 5.677014861527414, 10.100189556742682, 6.651039524233655
0.002068737474949899, 0.5986175227447792, 4.938746926465837E-4, 4.205492245076734, 0.0010421605812178203, 5.883887604780871, 10.275432418256894, 6.6512458008197495
0.002075150300601202, 0.6004690390496294, 4.954056419989707E-4, 4.237782627518447, 0.001050413399656645, 6.090965136990325, 10.45043590445068, 6.651452077405844
0.0020815631262525044, 0.6023205553544797, 4.969365913513577E-4, 4.270452191888163, 0.001058732032466524, 6.298086214973635, 10.625042494560459, 6.651658353991939
0.0020879759519038072, 0.60417207165933, 4.984675407037446E-4, 4.3035043784056235, 0.001067117172129323, 6.505089074444098, 10.799094597069871, 6.651864630578034
0.0020943887775551097, 0.6060235879641802, 4.999984900561316E-4, 4.336942642187814, 0.0010755695175479977, 6.711811695388168, 10.97243480939842, 6.652070907164129
0.0021008016032064126, 0.6078750230386409, 5.015294394085186E-4, 4.370781800671588, 0.0010840954651416142, 6.918092076805473, 11.144906186226136, 6.652291040434786
0.002107214428857715, 0.6097258895003742, 5.030603887609056E-4, 4.405093743112668, 0.001092730190373831, 7.123768520111093, 11.316352515719514, 6.6526081704973805
0.002113627254509018, 0.6115767559621076, 5.045913381132926E-4, 4.4398027861944565, 0.0011014348227505128, 7.328679921777277, 11.486618604294184, 6.652925300559975
0.00212004008016032, 0.6134276224238409, 5.061222874656794E-4, 4.474912444754576, 0.001110210089822387, 7.5326660753098285, 11.65555056993076, 6.653242430622568
0.002126452905811623, 0.6152784888855741, 5.076532368180664E-4, 4.510426248527912, 0.0011190567257046255, 7.735567982345829, 11.82299614383227, 6.653559560685163
0.0021328657314629252, 0.6171293553473075, 5.091841861704534E-4, 4.546347742146586, 0.001127975471105346, 7.937228173416518, 11.98880498102375, 6.653876690747756
0.002139278557114228, 0.6189802218090409, 5.107151355228404E-4, 4.582680485139979, 0.0011369670733541318, 8.137491037850562, 12.152828979211991, 6.654193820810351
0.0021456913827655306, 0.6208310882707743, 5.122460848752273E-4, 4.619428051934709, 0.001146032286430531, 8.336203163730122, 12.314922606993639, 6.654510950872944
0.002152104208416833, 0.6226819547325075, 5.137770342276143E-4, 4.65659403185466, 0.001155171870992571, 8.533213687167299, 12.474943240476739, 6.6548280809355385
0.002158517034068136, 0.6245328211942409, 5.153079835800013E-4, 4.6941820291209515, 0.0011643865944052651, 8.728374651597207, 12.632751509162896, 6.655145210998133
0.0021649298597194383, 0.6263836876559743, 5.168389329323883E-4, 4.732195662851954, 0.001173677230769121, 8.921541376915242, 12.788211650773935, 6.655462341060726
0.002171342685370741, 0.6282345541177077, 5.183698822847753E-4, 4.770638567063292, 0.00118304456094865, 9.11257283865288, 12.941191875319927, 6.655779471123321
0.0021777555110220432, 0.6300854205794408, 5.199008316371621E-4, 4.809514390667837, 0.0011924893726008778, 9.30133205700913, 13.09156473812231, 6.656096601185914
0.002184168336673346, 0.6319362870411742, 5.214317809895491E-4, 4.848826797475709, 0.0012020124602038485, 9.48768649646716, 13.239207522558127, 6.6564137312485085
0.0021905811623246486, 0.6337871535029076, 5.229627303419361E-4, 4.888579466194283, 0.0012116146250851381, 9.671508475283757, 13.384002631782824, 6.656730861311102
0.0021969939879759514, 0.6356380199646409, 5.244936796943231E-4, 4.928776090428173, 0.0012212966754503616, 9.852675585714428, 13.525837990305643, 6.657047991373696
0.002203406813627254, 0.637486944070956, 5.260246290467101E-4, 4.969352527855294, 0.0012310237352071802, 10.031071124406582, 13.66460745481241, 6.657286244587944
0.0022098196392785568, 0.639334154334255, 5.27555578399097E-4, 5.010319900822361, 0.0012408002181303643, 10.20658453357028, 13.800211234818951, 6.657454900583061
0.0022162324649298588, 0.6411813645975538, 5.290865277514839E-4, 5.051741637238455, 0.001250658256554348, 10.379111852692297, 13.932556322969823, 6.657623556578178
0.002222645290581162, 0.643028574860853, 5.30617477103871E-4, 5.093621490133381, 0.0012605986828941073, 10.548556181187761, 14.061556935312971, 6.6577922125732965
0.002229058116232464, 0.6448757851241518, 5.321484264562579E-4, 5.135963227434164, 0.0012706223365841801, 10.714828151637017, 14.187134961179316, 6.657960868568414
0.0022354709418837674, 0.6467229953874509, 5.33679375808645E-4, 5.17877063196509, 0.001280730064107196, 10.877846414217231, 14.309220423320031, 6.658129524563531
0.0022418837675350694, 0.6485702056507497, 5.352103251610318E-4, 5.222047501447655, 0.0012909227190223676, 11.037538132088743, 14.427751947982133, 6.658298180558648
0.002248296593186372, 0.6504174159140488, 5.367412745134188E-4, 5.265797648500612, 0.0013012011619940127, 11.193839487991404, 14.54267724522231, 6.6584668365537665
0.0022547094188376748, 0.6522646261773477, 5.382722238658058E-4, 5.310024900639947, 0.0013115662608200506, 11.346696201904235, 14.653953599255194, 6.658635492548884
0.002261122244488977, 0.6541118364406467, 5.398031732181928E-4, 5.354733100278875, 0.0013220188904605192, 11.496064060320801, 14.761548369423682, 6.658804148544001
0.0022675350701402796, 0.6559590467039456, 5.413341225705796E-4, 5.399926104727854, 0.0013325599330660802, 11.64190945685269, 14.865439501450124, 6.658972804539118
0.0022739478957915825, 0.6578062569672447, 5.428650719229667E-4, 5.4456077861945875, 0.0013431902780065325, 11.78420994405821, 14.965616048837518, 6.6591414605342365
0.002280360721442885, 0.6596534672305435, 5.443960212753536E-4, 5.491782031783992, 0.0013539108218993104, 11.922954797540172, 15.062078705554095, 6.659310116529354
0.002286773547094188, 0.6615006774938426, 5.459269706277407E-4, 5.538452743498246, 0.0013647224686380056, 12.058145591204132, 15.154840348756977, 6.659478772524471
0.0022931863727454903, 0.6633478877571415, 5.474579199801276E-4, 5.585623838236749, 0.001375626129420862, 12.18979678458763, 15.243926592505732, 6.659647428519588
0.0022995991983967927, 0.6651950980204404, 5.489888693325145E-4, 5.633299247796149, 0.0013866227227792988, 12.317936322098468, 15.329376352329527, 6.659816084514706
0.0023060120240480956, 0.6670490142727414, 5.505198186849015E-4, 5.681331228753772, 0.00139762966619095, 12.442606244188756, 15.411242420591215, 6.659816376621554
0.002312424849699398, 0.668903377590976, 5.520507680372885E-4, 5.729864440900339, 0.0014087248687985885, 12.563863310832296, 15.489592053057017, 6.659805444469183
0.002318837675350701, 0.6707577409092105, 5.535817173896755E-4, 5.778912944973183, 0.001419914803275848, 12.68177963673772, 15.564507566062376, 6.659794512316812
0.0023252505010020034, 0.672612104227445, 5.551126667420625E-4, 5.82848073229375, 0.0014312004135675184, 12.796443339695482, 15.636086945690462, 6.659783580164441
0.0023316633266533063, 0.6744664675456795, 5.566436160944494E-4, 5.878571809080732, 0.0014425826510937089, 12.907959200422505, 15.704444467255906, 6.65977264801207
0.0023380761523046087, 0.676320830863914, 5.581745654468364E-4, 5.9291901964500555, 0.0014540624747783515, 13.016449335494956, 15.769711326783844, 6.659761715859699
0.002344488977955911, 0.6781751941821486, 5.597055147992234E-4, 5.980339930414874, 0.0014656408510777155, 13.122053882675852, 15.832036283602697, 6.659750783707329
0.0023509018036072136, 0.680029557500383, 5.612364641516103E-4, 6.032025061885573, 0.0014773187540089105, 13.224931698944127, 15.891586314568185, 6.659739851554958
0.0023573146292585165, 0.6818839208186176, 5.627674135039974E-4, 6.084249656669795, 0.0014890971651784035, 13.325261071333772, 15.948547279808054, 6.659728919402587
0.002363727454909819, 0.683738284136852, 5.642983628563842E-4, 6.137017795472385, 0.0015009770738105132, 13.423240440602067, 16.00312460011172, 6.659717987250216
0.0023701402805611214, 0.6855926474550865, 5.658293122087712E-4, 6.190333573895453, 0.0015129594767759355, 13.519089137976469, 16.05554394620928, 6.659707055097845
0.0023765531062124243, 0.687447010773321, 5.673602615611582E-4, 6.2442011024383275, 0.0015250453786202407, 13.613048134900119, 16.106051939721944, 6.6596961229454745
0.0023829659318637267, 0.6893013740915556, 5.688912109135452E-4, 6.29862450649757, 0.001537235791592386, 13.705380805974103, 16.154916866190007, 6.659685190793104
0.0023893787575150296, 0.6911557374097901, 5.704221602659322E-4, 6.353607926366987, 0.001549531735673223, 13.796373705210737, 16.202429400020588, 6.659674258640734
0.002395791583166332, 0.6930101007280246, 5.719531096183191E-4, 6.409155517237608, 0.001561934238604007, 13.886337355456922, 16.248903341433962, 6.659663326488363
0.0024022044088176345, 0.6948631542116146, 5.73484058970706E-4, 6.465367511298021, 0.0015744994259981094, 13.97560705163904, 16.294676365876633, 6.659754752158633
0.0024086172344689374, 0.6967137071017928, 5.750150083230931E-4, 6.522336440775444, 0.001587279583391675, 14.064543677193145, 16.340110785371216, 6.660041588217583
0.00241503006012024, 0.6985642599919707, 5.7654595767548E-4, 6.579883611607738, 0.0016001711621777114, 14.15353453441955, 16.385594322455777, 6.660328424276532
0.0024214428857715423, 0.7004148128821488, 5.780769070278669E-4, 6.638013238761338, 0.0016131752284919538, 14.24299418849132, 16.431540896465954, 6.660615260335481
0.0024278557114228447, 0.7022653657723268, 5.796078563802539E-4, 6.696729552099926, 0.0016262928563742277, 14.333365325154759, 16.478391422180994, 6.660902096394431
0.0024342685370741476, 0.7041159186625049, 5.811388057326409E-4, 6.756036796384414, 0.0016395251277969622, 14.425119622723832, 16.526614621372474, 6.66118893245338
0.00244068136272545, 0.705966471552683, 5.826697550850279E-4, 6.815939231272979, 0.0016528731326937009, 14.518758637778001, 16.576707846815555, 6.66147576851233
0.002447094188376753, 0.7078170244428611, 5.842007044374149E-4, 6.876441131321025, 0.0016663379689876093, 14.614814705165434, 16.62919791908098, 6.66176260457128
0.002453507014028055, 0.709667577333039, 5.857316537898017E-4, 6.937546785981207, 0.001679920742619976, 14.71385185227347, 16.684641976353596, 6.662049440630229
0.0024599198396793582, 0.7115181302232172, 5.872626031421888E-4, 6.999260499603446, 0.0016936225675787393, 14.816466727493957, 16.743628336947435, 6.662336276689178
0.0024663326653306603, 0.7133686831133951, 5.887935524945757E-4, 7.061586591434873, 0.0017074445659269744, 14.923289543157768, 16.806777374964877, 6.662623112748128
0.002472745490981963, 0.7152192360035732, 5.903245018469627E-4, 7.124529395619888, 0.0017213878678314178, 15.034985033121355, 16.874742409141724, 6.662909948807077
0.0024791583166332656, 0.7170697888937513, 5.918554511993497E-4, 7.188093261200136, 0.001735453611590969, 15.152253424677712, 16.9482106045924, 6.6631967848660265
0.0024855711422845685, 0.7189203417839293, 5.933864005517366E-4, 7.252282552114491, 0.0017496429436652016, 15.275831425694626, 17.02790388836716, 6.663483620924977
0.0024919839679358713, 0.7207708946741075, 5.949173499041237E-4, 7.317101647199099, 0.0017639570187028722, 15.406493225795446, 17.114579877552156, 6.663770456983926
0.002498396793587174, 0.7226214475642855, 5.964482992565106E-4, 7.382554940187319, 0.0017783969995704236, 15.545051513395713, 17.209032821871943, 6.664057293042875
0.0025048096192384762, 0.7244645168326556, 5.979792486088976E-4, 7.448681098983342, 0.0017929845437151689, 15.692358506885173, 17.31209455878202, 6.664379089392777
0.002511222444889779, 0.726305091560423, 5.995101979612846E-4, 7.515461919717254, 0.0018077074225163695, 15.849307001242797, 17.424635482655393, 6.664712539172996
0.0025176352705410816, 0.7281456662881904, 6.010411473136715E-4, 7.582890451419276, 0.0018225600315930706, 16.01683143015721, 17.54756552788603, 6.6650459889532145
0.0025240480961923836, 0.7299862410159578, 6.025720966660584E-4, 7.650971147477679, 0.0018375435681209644, 16.195908943073473, 17.681835165519416, 6.665379438733433
0.002530460921843687, 0.7318268157437254, 6.041030460184455E-4, 7.719708476178006, 0.0018526592376363854, 16.387560497409982, 17.82843641333481, 6.665712888513652
0.002536873747494989, 0.7336673904714928, 6.056339953708324E-4, 7.789106920703004, 0.0018679082540648188, 16.592851966974187, 17.98840386078614, 6.666046338293871
0.002543286573146292, 0.7355079651992603, 6.071649447232195E-4, 7.859170979132726, 0.0018832918397494102, 16.812895265335083, 18.16281570725745, 6.66637978807409
0.0025496993987975942, 0.7373485399270276, 6.086958940756063E-4, 7.929905164444429, 0.0018988112254794695, 17.048849485082098, 18.352794814600056, 6.666713237854308
0.002556112224448897, 0.7391891146547951, 6.102268434279933E-4, 8.001314004512654, 0.001914467650518989, 17.301922052936074, 18.559509774077807, 6.667046687634527
0.0025625250501001996, 0.7410296893825625, 6.117577927803803E-4, 8.073402042109183, 0.0019302623626351436, 17.573369900624687, 18.78417598736191, 6.667380137414746
0.0025689378757515024, 0.74287026411033, 6.132887421327673E-4, 8.146173834903045, 0.001946196618126801, 17.86450065186524, 19.028056762102427, 6.667713587194965
0.002575350701402805, 0.7447108388380974, 6.148196914851542E-4, 8.219633955460523, 0.001962271681853035, 18.17667382507379, 19.29246442158345, 6.668047036975183
0.0025817635270541078, 0.746551413565865, 6.163506408375412E-4, 8.293786991245153, 0.0019784888272616308, 18.511302052772166, 19.578761429549164, 6.668380486755402
0.0025881763527054098, 0.7483919882936323, 6.178815901899281E-4, 8.36863754461772, 0.001994849336417589, 18.869852316717466, 19.888361528925728, 6.668713936535621
0.002594589178356713, 0.7502325630213998, 6.194125395423152E-4, 8.444190232836279, 0.002011354500031651, 19.253847199702804, 20.2227308958228, 6.66904738631584
0.002601002004008015, 0.7520736261085673, 6.209434888947021E-4, 8.520482972574971, 0.002028026285294061, 19.66486615385775, 20.58338930810516, 6.669413496169291
0.002607414829659318, 0.7539173263364956, 6.22474438247089E-4, 8.597667502470017, 0.002044957713914195, 20.10454678499135, 20.97191132856284, 6.669955970418201
0.0026138276553106204, 0.7557610265644238, 6.24005387599476E-4, 8.675569215179383, 0.0020620390661471233, 20.574586154433018, 21.38992750378901, 6.6704984446671105
0.002620240480961923, 0.7576047267923521, 6.25536336951863E-4, 8.754192787969679, 0.002079271672917455, 21.076742096676, 21.839125577194736, 6.671040918916021
0.0026266533066132258, 0.7594484270202804, 6.2706728630425E-4, 8.833542913004816, 0.0020966568739406743, 21.612834554652032, 22.321251717894512, 6.671583393164931
0.002633066132264528, 0.7612921272482087, 6.28598235656637E-4, 8.91362429734603, 0.0021141960177516583, 22.184746931460033, 22.83811176441212, 6.672125867413841
0.0026394789579158306, 0.7631358274761368, 6.301291850090238E-4, 8.994441662951855, 0.0021318904617331734, 22.794427459284076, 23.391572483830355, 6.67266834166275
0.0026458917835671335, 0.7649795277040652, 6.316601343614109E-4, 9.075999746678137, 0.0021497415721443984, 23.443890585066338, 23.9835628458485, 6.67321081591166
0.002652304609218436, 0.7668232279319934, 6.331910837137978E-4, 9.158303300278016, 0.002167750724149417, 24.135218374603696, 24.61607531370826, 6.67375329016057
0.0026587174348697384, 0.7686669281599217, 6.347220330661848E-4, 9.241357090401953, 0.002185919301845745, 24.870561932020177, 25.291167148482604, 6.67429576440948
0.0026651302605210417, 0.7705106283878501, 6.362529824185719E-4, 9.325165898597728, 0.002204248698292826, 25.65214283864594, 26.010961731233788, 6.67483823865839
0.0026715430861723437, 0.7723543286157782, 6.377839317709587E-4, 9.409734521310376, 0.0022227403155405416, 26.482254607843593, 26.77764989917003, 6.6753807129073
0.002677955911823647, 0.7741980288437066, 6.393148811233458E-4, 9.495067769882304, 0.0022413955646577353, 27.3632641586772, 27.593491298881574, 6.67592318715621
0.002684368737474949, 0.7760417290716348, 6.408458304757327E-4, 9.581170470553172, 0.0022602158657606974, 28.297613306084816, 28.460815754307752, 6.676465661405119
0.002690781563126252, 0.7778854292995631, 6.423767798281197E-4, 9.668047464459988, 0.0022792026480417007, 29.28782026990136, 29.38202465167098, 6.677008135654029
0.0026971943887775544, 0.7797291295274913, 6.439077291805067E-4, 9.755703607637045, 0.0022983573497974866, 30.336481201139325, 30.359592339848405, 6.677550609902939
0.0027036072144288573, 0.7815678294403227, 6.454386785328936E-4, 9.844278671472338, 0.0023177684884300976, 31.44627172669312, 31.396067547387382, 6.678220096324342
0.0027100200400801593, 0.7834026402191895, 6.469696278852805E-4, 9.933748526468175, 0.0023374193680730086, 32.61994851157557, 32.49407481500572, 6.678988369991016
0.002716432865731462, 0.7852374509980566, 6.485005772376676E-4, 10.024013420872578, 0.0023572440736292343, 33.860350839920926, 33.656315945272674, 6.679756643657691
0.0027228456913827646, 0.7870722617769235, 6.500315265900545E-4, 10.115078270993154, 0.0023772440862046018, 35.17040221379431, 34.88557146786074, 6.680524917324366
0.0027292585170340675, 0.7889070725557906, 6.515624759424416E-4, 10.206948008035006, 0.0023974208961562394, 36.553111970836234, 36.18470212207598, 6.68129319099104
0.00273567134268537, 0.7907418833346574, 6.530934252948284E-4, 10.299627578100631, 0.0024177760031210854, 38.011576919934555, 37.55665035522617, 6.682061464657715
0.0027420841683366724, 0.7925766941135245, 6.546243746472154E-4, 10.39312194219001, 0.0024383109160444013, 39.548982995860996, 39.00444183824811, 6.682829738324389
0.0027484969939879753, 0.7944115048923914, 6.561553239996024E-4, 10.48743607620053, 0.0024590271532082776, 41.16860693242278, 40.53118699773855, 6.683598011991064
0.0027549098196392777, 0.7962463156712585, 6.576862733519894E-4, 10.58257497092703, 0.002479926242260146, 42.87381795364161, 42.14008256420492, 6.684366285657739
0.00276132264529058, 0.7980811264501253, 6.592172227043762E-4, 10.678543632061778, 0.0025010097202412874, 44.66807948572594, 43.83441313902663, 6.685134559324413
0.002767735470941883, 0.7999159372289925, 6.607481720567633E-4, 10.775347080194518, 0.002522279133615353, 46.55495088582872, 45.61755277637805, 6.685902832991088
0.0027741482965931855, 0.8017507480078593, 6.622791214091502E-4, 10.872990350812378, 0.002543736038296854, 48.53808919092021, 47.49296658313374, 6.686671106657762
0.0027805611222444884, 0.8035855587867264, 6.638100707615373E-4, 10.97147849429998, 0.002565381999679691, 50.62125088594547, 49.46421233616315, 6.687439380324437
0.002786973947895791, 0.8054203695655933, 6.653410201139242E-4, 11.070816575939324, 0.0025872185926656536, 52.80829369107593, 51.53494211669746, 6.688207653991111
0.0027933867735470933, 0.8072551803444603, 6.668719694663111E-4, 11.171009675909922, 0.002609247401692939, 55.10317836759035, 53.708903961225595, 6.688975927657786
0.002799799599198396, 0.8090899911233272, 6.684029188186981E-4, 11.272062889288677, 0.0026314700207646508, 57.509970544350864, 55.98994353109171, 6.689744201324461
0.0028062124248496986, 0.810905847468253, 6.699338681710851E-4, 11.374272571702122, 0.00265408316880367, 60.03284256299987, 58.38200579863574, 6.690775678558764
0.0028126252505010006, 0.8127210923798256, 6.71464817523472E-4, 11.477363510326386, 0.0026769015597758266, 62.67607534311199, 60.88913675136058, 6.691815646230734
0.002819038076152304, 0.8145363372913984, 6.729957668758591E-4, 11.581331475060075, 0.002699920560765334, 65.44406026708783, 63.51548511368717, 6.692855613902704
0.0028254509018036064, 0.8163515822029712, 6.74526716228246E-4, 11.686181621717651, 0.0027231418121584595, 68.34130108469809, 66.26530408625588, 6.693895581574672
0.0028318637274549092, 0.8181668271145439, 6.76057665580633E-4, 11.791919121011322, 0.0027465669640561797, 71.3724158374532, 69.14295310304755, 6.694935549246642
0.0028382765531062117, 0.8199820720261167, 6.7758861493302E-4, 11.898549158551049, 0.0027701976763026726, 74.54213880372058, 72.15289960718817, 6.695975516918611
0.002844689378757514, 0.8217973169376893, 6.791195642854069E-4, 12.006076934844533, 0.0027940356185138394, 77.85532246259307, 75.29972084315652, 6.6970154845905805
0.002851102204408817, 0.8236125618492621, 6.80650513637794E-4, 12.114507665297234, 0.002818082470105826, 81.31693947957928, 78.58810566895018, 6.69805545226255
0.0028575150300601195, 0.8254278067608348, 6.821814629901808E-4, 12.223846580212301, 0.0028423399203235133, 84.93208471137284, 82.02285638507136, 6.699095419934519
0.002863927855711422, 0.8272430516724075, 6.837124123425678E-4, 12.334098924790698, 0.00286680966826905, 88.70597723130815, 85.608890582026, 6.700135387606489
0.002870340681362725, 0.8290582965839802, 6.852433616949548E-4, 12.44526995913108, 0.0028914934229303567, 92.64396237604376, 89.35124300696778, 6.701175355278457
0.0028767535070140272, 0.830873541495553, 6.867743110473418E-4, 12.557364958229876, 0.0029163929032096397, 96.75151381169027, 93.25506744753166, 6.702215322950427
0.00288316633266533, 0.8326887864071257, 6.883052603997287E-4, 12.67038921198123, 0.002941509837951899, 101.03423562105169, 97.32563863460528, 6.703255290622396
0.0028895791583166326, 0.8345040313186984, 6.898362097521157E-4, 12.784348025177053, 0.0029668459659734497, 105.49786441290937, 101.568354165047, 6.704295258294366
0.0028959919839679346, 0.8363192762302711, 6.913671591045026E-4, 12.899246717506987, 0.0029924030360904273, 110.14827144957731, 105.9887364403029, 6.705335225966334
0.002902404809619238, 0.8381258520024835, 6.928981084568897E-4, 13.015338181830899, 0.0030183543398060388, 114.99146479778801, 110.5924346262304, 6.706590481003158
0.00290881763527054, 0.8399179792090948, 6.944290578092766E-4, 13.132795172114179, 0.003044819033554645, 120.03359149989139, 115.38522663101485, 6.708204548314735
0.002915230460921843, 0.8417101064157062, 6.959600071616635E-4, 13.251211533773578, 0.0030715144014411646, 125.28093976573284, 120.37302110142812, 6.709818615626314
0.0029216432865731452, 0.8435022336223177, 6.974909565140505E-4, 13.370592649712787, 0.0030984422509100235, 130.73994118610915, 125.56185943848538, 6.711432682937891
0.002928056112224448, 0.8452943608289292, 6.990219058664375E-4, 13.490943917734688, 0.003125604399571195, 136.4171729684579, 130.95791783304034, 6.71304675024947
0.0029344689378757506, 0.8470864880355407, 7.005528552188245E-4, 13.612270750541258, 0.0031530026752287213, 142.31936019234183, 136.56750931888857, 6.714660817561048
0.0029408817635270534, 0.848878615242152, 7.020838045712115E-4, 13.734578575733638, 0.003180638915909236, 148.4533780877152, 142.39708584633166, 6.716274884872626
0.0029472945891783555, 0.8506707424487634, 7.036147539235983E-4, 13.857872835812081, 0.0032085149698904847, 154.82625433464625, 148.45324037497338, 6.717888952184204
0.0029537074148296588, 0.852462869655375, 7.051457032759854E-4, 13.982158988176012, 0.0032366326957298658, 161.44517138466338, 154.7427089856633, 6.719503019495782
0.0029601202404809608, 0.8542549968619862, 7.066766526283723E-4, 14.107442505123933, 0.003264993962292918, 168.31746880351182, 161.27237301170123, 6.721117086807361
0.0029665330661322637, 0.8560471240685977, 7.082076019807593E-4, 14.233728873853536, 0.0032936006487818796, 175.4506456367836, 168.04926119047954, 6.7227311541189385
0.002972945891783566, 0.8578392512752092, 7.097385513331463E-4, 14.361023596461617, 0.003322454644764199, 182.85236279694263, 175.080551834134, 6.724345221430517
0.002979358717434869, 0.8596313784818206, 7.112695006855332E-4, 14.489332189944124, 0.0033515578502010417, 190.5304454725528, 182.37357502007757, 6.725959288742095
0.0029857715430861714, 0.8614235056884321, 7.128004500379202E-4, 14.618660186196124, 0.0033809121754758437, 198.49288555954098, 189.93581480116345, 6.727573356053673
0.0029921843687374743, 0.8632156328950435, 7.143313993903072E-4, 14.749013132011823, 0.003410519541422805, 206.74784411574518, 197.77491143682448, 6.729187423365251
0.0029985971943887768, 0.8650077601016549, 7.158623487426942E-4, 14.880396589084578, 0.0034403818793554376, 215.30365383678134, 205.89866364299192, 6.730801490676829
0.003005010020040079, 0.8667690224439891, 7.173932980950812E-4, 15.013475835630143, 0.003470974396618351, 224.1688215548141, 214.31503086257757, 6.73296536851481
0.003011422845691382, 0.8685216426243256, 7.189242474474681E-4, 15.147785568242712, 0.0035019635377187925, 233.35203075978941, 223.0321355559724, 6.735283193300184
0.0030178356713426845, 0.8702742628046621, 7.204551967998551E-4, 15.283147185433794, 0.0035332194192160254, 242.8621441444246, 232.05826551290426, 6.737601018085557
0.0030242484969939874, 0.8720268829849986, 7.219861461522421E-4, 15.41956631525052, 0.00356474404062643, 252.70820617013578, 241.40187618275036, 6.73991884287093
0.0030306613226452894, 0.873779503165335, 7.23517095504629E-4, 15.557048600642874, 0.0035965394121323744, 262.8994456576681, 251.0715930269941, 6.742236667656303
0.0030370741482965927, 0.8755321233456717, 7.25048044857016E-4, 15.69559969946371, 0.003628607554610785, 273.44527839940986, 261.0762138911511, 6.744554492441677
0.0030434869739478948, 0.877284743526008, 7.265789942094029E-4, 15.835225284468713, 0.0036609504996616606, 284.3553097959827, 271.4247113981249, 6.74687231722705
0.0030498997995991976, 0.8790373637063446, 7.281099435617899E-4, 15.975931043316487, 0.003693570289636675, 295.63933751465305, 282.1262353611467, 6.749190142012424
0.0030563126252505, 0.8807899838866811, 7.296408929141769E-4, 16.11772267856844, 0.003726468977667684, 307.30735417250685, 293.19011521893003, 6.751507966797797
0.003062725450901803, 0.8825426040670175, 7.311718422665639E-4, 16.26060590768888, 0.0037596486276953037, 319.36955004168993, 304.6258624902879, 6.75382579158317
0.0030691382765531054, 0.884295224247354, 7.327027916189508E-4, 16.404586463044954, 0.0037931113144974516, 331.83631577910614, 316.4431732506431, 6.7561436163685435
0.0030755511022044083, 0.8860478444276905, 7.342337409713378E-4, 16.54967009190669, 0.003826859123717899, 344.7182451794773, 328.65193062957036, 6.758461441153917
0.0030819639278557103, 0.8878004646080269, 7.357646903237247E-4, 16.695862556446954, 0.0038608941518948224, 358.0261379513212, 341.2622073283953, 6.76077926593929
0.0030883767535070136, 0.8895530847883635, 7.372956396761118E-4, 16.843169633741525, 0.0038952185064893667, 371.7710025181048, 354.2842681605838, 6.7630970907246635
0.0030947895791583156, 0.8913057049686999, 7.388265890284987E-4, 16.991597115768954, 0.003929834305914174, 385.964058841996, 367.72857261219735, 6.7654149155100365
0.003101202404809618, 0.8930436651137447, 7.403575383808856E-4, 17.141359163572126, 0.003964897936135986, 400.61674127176894, 381.60577742358754, 6.767899259259264
0.003107615230460921, 0.8947180984391923, 7.418884877332726E-4, 17.293159920955087, 0.004000930571562311, 415.7407014158379, 395.9267391941158, 6.771105185185189
0.0031140280561122234, 0.8963925317646397, 7.434194370856596E-4, 17.446104971174478, 0.004037269261958981, 431.34781103834774, 410.7025170067917, 6.774311111111116
0.0031204408817635263, 0.8980669650900873, 7.449503864380466E-4, 17.600200178207302, 0.004073916208556605, 447.45016497952366, 425.94437507492785, 6.7775170370370414
0.0031268537074148287, 0.8997413984155348, 7.464813357904336E-4, 17.755451420942723, 0.004110873623762819, 464.0600841016077, 441.6637854114725, 6.780722962962968
0.003133266533066131, 0.9014158317409822, 7.480122851428204E-4, 17.91186459318198, 0.0041481437311909255, 481.1901182570581, 457.8724305181185, 6.783928888888894
0.003139679358717434, 0.9030902650664299, 7.495432344952075E-4, 18.069445603638535, 0.004185728765688522, 498.8530492836613, 474.58220609861297, 6.787134814814819
0.0031460921843687365, 0.9047646983918772, 7.510741838475944E-4, 18.22820037593784, 0.004223630973366092, 517.0618940228818, 491.805223792483, 6.790340740740746
0.003152505010020039, 0.9064391317173248, 7.526051331999814E-4, 18.38813484861759, 0.004261852611625666, 535.8299073629457, 509.55381393104955, 6.793546666666671
0.003158917835671342, 0.9081135650427723, 7.541360825523683E-4, 18.549254975127543, 0.00430039594918942, 555.1705853079661, 527.8405283166462, 6.796752592592598
0.0031653306613226443, 0.9097879983682199, 7.556670319047553E-4, 18.711566723829606, 0.0043392632661283055, 575.0976680696687, 546.678143021617, 6.799958518518523
0.0031717434869739476, 0.9114624316936675, 7.571979812571424E-4, 18.87507607799781, 0.0043784568538906745, 595.6251431874598, 566.0796612131911, 6.80316444444445
0.0031781563126252496, 0.913136865019115, 7.587289306095293E-4, 19.039789035818274, 0.004417979015330889, 616.7672486700593, 586.0583159968168, 6.8063703703703755
0.003184569138276552, 0.9148112983445624, 7.602598799619163E-4, 19.205711610389287, 0.0044578320647379694, 638.5384761650188, 606.6275732850715, 6.809576296296301
0.003190981963927855, 0.9164857316700099, 7.617908293143032E-4, 19.37284982972127, 0.004498018327864188, 660.953574152485, 627.8011346876249, 6.812782222222228
0.0031973947895791574, 0.9181601649954575, 7.633217786666902E-4, 19.541209736736732, 0.004538540141953715, 684.0275511640918, 649.5929404238594, 6.815988148148153
0.00320380761523046, 0.9197418011601555, 7.648527280190771E-4, 19.71160772603116, 0.004580019644053366, 707.7756790282316, 672.0171722589245, 6.819811496511546
0.0032102204408817627, 0.9212599445306567, 7.663836773714642E-4, 19.883800710479406, 0.0046222719641716556, 732.2134961401939, 695.0882564618494, 6.824057291805839
0.003216633266533065, 0.9227780879011578, 7.679146267238511E-4, 20.05724207142957, 0.004664877620339999, 757.356810758365, 718.8208667870815, 6.828303087100131
0.003223046092184368, 0.924296231271659, 7.694455760762381E-4, 20.231937931855605, 0.004707839050659356, 783.2217043259651, 743.229927478385, 6.832548882394423
0.0032294589178356705, 0.9258143746421601, 7.70976525428625E-4, 20.40789442966322, 0.004751158705005779, 809.8245348189373, 768.3306162965607, 6.836794677688715
0.003235871743486973, 0.9273325180126613, 7.72507474781012E-4, 20.58511771769003, 0.004794839045059254, 837.1819401201677, 794.1383675701388, 6.841040472983007
0.003242284569138276, 0.9288506613831624, 7.74038424133399E-4, 20.76361396370539, 0.004838882544332434, 865.3108414183926, 820.6688752681555, 6.845286268277299
0.0032486973947895782, 0.9303688047536637, 7.75569373485786E-4, 20.943389350410538, 0.0048832916881994155, 894.2284466353282, 847.9380960983791, 6.8495320635715915
0.0032551102204408807, 0.9318869481241647, 7.771003228381728E-4, 21.12445007543849, 0.004928068973924529, 923.9522538772121, 875.9622526266526, 6.853777858865883
0.0032615230460921836, 0.933405091494666, 7.786312721905599E-4, 21.30680235135414, 0.004973216910691105, 954.5000549137756, 904.7578364213341, 6.858023654160175
0.003267935871743486, 0.934923234865167, 7.801622215429468E-4, 21.49045240565412, 0.005018738019630237, 985.889938683943, 934.3416112210944, 6.862269449454467
0.003274348697394789, 0.9364413782356683, 7.816931708953339E-4, 21.675406480766995, 0.00506463483384957, 1018.1402948266767, 964.7306161251825, 6.86651524474876
0.003280761523046091, 0.9379595216061694, 7.832241202477208E-4, 21.86167083405304, 0.005110909898462052, 1051.269817240287, 995.9421688089641, 6.870761040043051
0.003287174348697394, 0.9394776649766705, 7.847550696001077E-4, 22.049251737804447, 0.005157565770614748, 1085.297507666581, 1027.9938687617648, 6.875006835337343
0.0032935871743486962, 0.9409958083471717, 7.862860189524947E-4, 22.238155479245183, 0.0052046050195175666, 1120.2426793042405, 1060.9036005507146, 6.879252630631636
0.003299999999999999, 0.9425139517176728, 7.878169683048817E-4, 22.428388360531017, 0.0052520302264720655, 1156.1249604468553, 1094.6895371061066, 6.883498425925928
