phi0, phi, rho, Z_fit_curve, F_ex_fit_per_V, mu_kT, PV_NkT, alpha
1.0000000000000005E-4, 0.02895878915343861, 2.387324146378431E-5, 1.0935948170618122, 2.1320416350792544E-6, -33.300912143024185, -30.78437366289689, 6.615684506172843
1.0641282565130265E-4, 0.030815862558935907, 2.540419081617128E-5, 1.1001835097109507, 2.4217265627089387E-6, -31.342387540669087, -27.030187098923488, 6.615718120727054
1.1282565130260525E-4, 0.0326729359644332, 2.6935140168558247E-5, 1.1068429061293508, 2.7308018920912545E-6, -29.482256906542286, -23.687025984254905, 6.615751735281265
1.1923847695390786E-4, 0.034530009369930496, 2.8466089520945217E-5, 1.113573006319546, 3.0594303708668892E-6, -27.717065954827046, -20.695796145688885, 6.615785349835476
1.2565130260521045E-4, 0.03638708277542779, 2.9997038873332187E-5, 1.1203738102840695, 3.4077747466920427E-6, -26.043445041177666, -18.009020881950143, 6.615818964389686
1.3206412825651306E-4, 0.038244156180925096, 3.152798822571916E-5, 1.1272453180254558, 3.775997767238436E-6, -24.45810775543779, -15.588035400346634, 6.6158525789438976
1.3847695390781567E-4, 0.040101229586422385, 3.305893757810612E-5, 1.1341875295462382, 4.1642621801932985E-6, -22.95784952878847, -13.400960490381962, 6.615886193498108
1.4488977955911825E-4, 0.041958302991919674, 3.458988693049309E-5, 1.141200444848951, 4.572730733259386E-6, -21.539546255257, -11.421214014744178, 6.615919808052319
1.513026052104209E-4, 0.04381537639741698, 3.612083628288006E-5, 1.1482840639361271, 5.0015661741549655E-6, -20.20015292751641, -9.62640065689335, 6.6159534226065295
1.5771543086172347E-4, 0.045672449802914274, 3.765178563526703E-5, 1.1554383868103013, 5.450931250613823E-6, -18.936702286906442, -7.997472267322202, 6.615987037160741
1.6412825651302606E-4, 0.04752952320841156, 3.9182734987653996E-5, 1.1626634134740066, 5.920988710385258E-6, -17.74630348760641, -6.5180848018620905, 6.616020651714951
1.705410821643287E-4, 0.049386596613908866, 4.071368434004097E-5, 1.1699591439297774, 6.411901301234098E-6, -16.626140774890228, -5.1741001082513565, 6.616054266269162
1.7695390781563127E-4, 0.05124367001940616, 4.2244633692427936E-5, 1.1773255781801475, 6.923831770940674E-6, -15.573472177394422, -3.9531958187612464, 6.616087880823373
1.833667334669339E-4, 0.05310074342490346, 4.377558304481491E-5, 1.1847627162276508, 7.4569428673008495E-6, -14.585628213329255, -2.8445568864428052, 6.616121495377584
1.897795591182365E-4, 0.054957816830400755, 4.5306532397201875E-5, 1.1922705580748207, 8.011397338125987E-6, -13.660010610563695, -1.8386294560633618, 6.616155109931794
1.961923847695391E-4, 0.056814890235898044, 4.683748174958884E-5, 1.1998491037241918, 8.587357931242985E-6, -12.794091040514367, -0.9269228099016195, 6.616188724486006
2.0260521042084168E-4, 0.05867182023317893, 4.836843110197581E-5, 1.2074977981663362, 9.184960549436432E-6, -11.985409865769507, -0.10184873935462836, 6.616215234749331
2.090180360721443E-4, 0.06052854063383583, 4.9899380454362775E-5, 1.215216324420175, 9.804349574192747E-6, -11.231574901377638, 0.6434096929425693, 6.616231361818283
2.154308617234469E-4, 0.06238526103449274, 5.143032980674975E-5, 1.2230054679766573, 1.0445724146370444E-5, -10.53026018973234, 1.3150061222739677, 6.616247488887236
2.218436873747495E-4, 0.06424198143514964, 5.2961279159136715E-5, 1.2308652288363664, 1.1109246616440937E-5, -9.87920478898247, 1.9185202883842036, 6.616263615956188
2.2825651302605212E-4, 0.06609870183580656, 5.449222851152369E-5, 1.2387956069998856, 1.1795079334879201E-5, -9.27621157489966, 2.4590325277844527, 6.616279743025141
2.3466933867735473E-4, 0.06795542223646345, 5.6023177863910654E-5, 1.2467966024677974, 1.2503384652163794E-5, -8.719146056132109, 2.941186202623468, 6.616295870094095
2.4108216432865734E-4, 0.06981214263712036, 5.755412721629763E-5, 1.2548682152406858, 1.3234324918776843E-5, -8.205935202776308, 3.369240310280032, 6.616311997163047
2.4749498997995995E-4, 0.07166886303777727, 5.9085076568684594E-5, 1.263010445319134, 1.3988062485204049E-5, -7.73456628819666, 3.74711405266213, 6.616328124232
2.539078156312625E-4, 0.07352558343843417, 6.061602592107156E-5, 1.2712232927037252, 1.4764759701934681E-5, -7.303085744023327, 4.0784247847622535, 6.616344251300952
2.6032064128256516E-4, 0.07538230383909107, 6.214697527345853E-5, 1.2795067573950423, 1.556457891946158E-5, -6.909598028259088, 4.366520482273028, 6.616360378369905
2.667334669338677E-4, 0.07723902423974797, 6.36779246258455E-5, 1.287860839393669, 1.6387682488281158E-5, -6.552264506425681, 4.614507648852391, 6.616376505438859
2.7314629258517033E-4, 0.07909574464040489, 6.520887397823247E-5, 1.2962855387001884, 1.7234232758893402E-5, -6.229302345679558, 4.825275410734685, 6.616392632507811
2.7955911823647294E-4, 0.08095246504106178, 6.673982333061943E-5, 1.3047808553151836, 1.810439208180187E-5, -5.938983421828488, 5.001516409180917, 6.616408759576764
2.859719438877756E-4, 0.0828091854417187, 6.827077268300641E-5, 1.313346789239238, 1.8998322807513698E-5, -5.679633239178517, 5.145744991754393, 6.616424886645716
2.923847695390781E-4, 0.08466590584237559, 6.980172203539337E-5, 1.3219833404729349, 1.991618728653956E-5, -5.449629863142308, 5.260313115511955, 6.616441013714669
2.9879759519038077E-4, 0.0865226262430325, 7.133267138778035E-5, 1.3306905090168575, 2.0858147869393775E-5, -5.247402865539009, 5.3474243042866165, 6.616457140783623
3.052104208416834E-4, 0.0883798255434463, 7.286362074016731E-5, 1.3394741145307338, 2.1824790948030907E-5, -5.071432282516761, 5.409145944730112, 6.61652271378147
3.11623246492986E-4, 0.09023713535918859, 7.439457009255428E-5, 1.3483299533143582, 2.2815992869269617E-5, -4.92024758502725, 5.447420158931204, 6.616599697378294
3.1803607214428854E-4, 0.0920944451749309, 7.592551944494125E-5, 1.3572567106192162, 2.383182358247786E-5, -4.792426661783616, 5.464073453070309, 6.616676680975117
3.2444889779559115E-4, 0.0939517549906732, 7.745646879732821E-5, 1.3662543864586008, 2.4872446822577038E-5, -4.686594814632253, 5.460825310043366, 6.616753664571941
3.308617234468938E-4, 0.09580906480641552, 7.898741814971519E-5, 1.3753229808458054, 2.5938026324569943E-5, -4.601423766268119, 5.4392958679578856, 6.616830648168764
3.372745490981963E-4, 0.0976663746221578, 8.051836750210215E-5, 1.3844624937941234, 2.702872582354078E-5, -4.535630680224695, 5.4010128048279755, 6.616907631765588
3.43687374749499E-4, 0.0995236844379001, 8.204931685448913E-5, 1.393672925316849, 2.814470905465523E-5, -4.487977193069529, 5.347417531842425, 6.616984615362412
3.501002004008016E-4, 0.10138099425364241, 8.358026620687609E-5, 1.402954275427276, 2.9286139753160345E-5, -4.45726845873421, 5.279870782589964, 6.617061598959236
3.565130260521042E-4, 0.10323830406938471, 8.511121555926306E-5, 1.4123065441386982, 3.0453181654384617E-5, -4.442352204910987, 5.1996576730557855, 6.617138582556059
3.629258517034068E-4, 0.10509561388512703, 8.664216491165004E-5, 1.4217297314644104, 3.164599849373801E-5, -4.442117801445827, 5.107992296639699, 6.617215566152883
3.6933867735470936E-4, 0.10695292370086931, 8.817311426403699E-5, 1.4312238374177073, 3.2864754006711826E-5, -4.455495340657854, 5.0060219095292275, 6.617292549749706
3.75751503006012E-4, 0.10881023351661163, 8.970406361642397E-5, 1.4407888620118834, 3.4109611928878915E-5, -4.481454729516183, 4.8948307542139045, 6.61736953334653
3.821643286573147E-4, 0.11066754333235394, 9.123501296881095E-5, 1.4504248052602342, 3.5380735995893486E-5, -4.519004793605137, 4.775443562519756, 6.617446516943353
3.885771543086172E-4, 0.11252485314809624, 9.27659623211979E-5, 1.4601316671760538, 3.667828994349115E-5, -4.5671923928072236, 4.648828774089805, 6.617523500540177
3.9498997995991985E-4, 0.11438216296383855, 9.429691167358488E-5, 1.4699094477726395, 3.8002437507489106E-5, -4.625101548634665, 4.515901501577143, 6.617600484137001
4.014028056112224E-4, 0.11623949819282411, 9.582786102597184E-5, 1.47975697756135, 3.935323035291682E-5, -4.691852583140811, 4.3775262698268556, 6.617669915097688
4.07815631262525E-4, 0.11809692418339286, 9.735881037835882E-5, 1.4896711450487088, 4.0730523911811834E-5, -4.766601269340644, 4.234519552903545, 6.617712372357887
4.1422845691382757E-4, 0.11995435017396158, 9.888975973074577E-5, 1.499656060228617, 4.213486869320747E-5, -4.848537993071549, 4.0876521298699275, 6.617754829618086
4.2064128256513023E-4, 0.12181177616453033, 1.0042070908313275E-4, 1.5097117231051187, 4.35664276468114E-5, -4.936886926224844, 3.937651277682523, 6.617797286878285
4.270541082164329E-4, 0.12366920215509909, 1.0195165843551973E-4, 1.5198381336822568, 4.502536372235595E-5, -5.030905211278556, 3.7852028173694228, 6.617839744138484
4.334669338677354E-4, 0.1255266281456678, 1.0348260778790668E-4, 1.5300352919640756, 4.6511839869598295E-5, -5.129882157060936, 3.6309530277518456, 6.617882201398682
4.3987975951903806E-4, 0.12738405413623655, 1.0501355714029366E-4, 1.5403031979546191, 4.802601903832041E-5, -5.233138445677233, 3.475510439310431, 6.617924658658882
4.462925851703406E-4, 0.12924148012680528, 1.0654450649268062E-4, 1.550641851657931, 4.956806417832895E-5, -5.340025350527785, 3.319447519361863, 6.617967115919081
4.527054108216433E-4, 0.13109890611737404, 1.080754558450676E-4, 1.5610512530780554, 5.1138138239455375E-5, -5.449923965350259, 3.1633022584460853, 6.61800957317928
4.591182364729458E-4, 0.13295633210794275, 1.0960640519745455E-4, 1.5715314022190356, 5.27364041715559E-5, -5.562244444213278, 3.007579666732718, 6.618052030439479
4.6553106212424844E-4, 0.1348137580985115, 1.1113735454984153E-4, 1.5820822990849166, 5.4363024924511586E-5, -5.6764252523971095, 2.8527531882809445, 6.618094487699678
4.719438877755511E-4, 0.13667118408908024, 1.1266830390222851E-4, 1.5927039436797417, 5.601816344822814E-5, -5.791932428085371, 2.699266040155061, 6.618136944959877
4.783567134268536E-4, 0.13852861007964898, 1.1419925325461546E-4, 1.6033963360075552, 5.770198269263608E-5, -5.908258854804099, 2.547532482640619, 6.618179402220076
4.8476953907815627E-4, 0.1403860360702177, 1.1573020260700244E-4, 1.6141594760724014, 5.9414645607690786E-5, -6.02492354453475, 2.397939026161341, 6.6182218594802755
4.911823647294588E-4, 0.14224346206078645, 1.172611519593894E-4, 1.6249933638783236, 6.11563151433722E-5, -6.141470931433198, 2.2508455799129443, 6.618264316740475
4.975951903807615E-4, 0.14410088805135518, 1.1879210131177638E-4, 1.6358979994293672, 6.292715424968529E-5, -6.25747017608574, 2.1065865467203193, 6.618306774000673
5.04008016032064E-4, 0.14595786084485196, 1.2032305066416333E-4, 1.6468756762006223, 6.47276018340926E-5, -6.372514480230311, 1.9654718681749583, 6.618361024806813
5.104208416833667E-4, 0.1478145617201056, 1.2185400001655031E-4, 1.6579255527739003, 6.65577288495477E-5, -6.486220411876924, 1.8277880237012372, 6.618422351740516
5.168336673346693E-4, 0.14967126259535923, 1.233849493689373E-4, 1.6690462706051206, 6.841753729077774E-5, -6.598227240753287, 1.6937989868534837, 6.6184836786742185
5.232464929859718E-4, 0.15152796347061281, 1.2491589872132424E-4, 1.6802378297027216, 7.030719053787E-5, -6.708196284011132, 1.563747141816657, 6.618545005607922
5.296593186372745E-4, 0.15338466434586645, 1.2644684807371122E-4, 1.691500230075143, 7.222685197096354E-5, -6.8158102621195225, 1.4378541628124883, 6.618606332541625
5.36072144288577E-4, 0.15524136522112006, 1.2797779742609817E-4, 1.702833471730822, 7.417668497024897E-5, -6.920772664876387, 1.3163218588541012, 6.618667659475328
5.424849699398797E-4, 0.1570980660963737, 1.2950874677848515E-4, 1.7142375546782, 7.615685291596882E-5, -7.0228071274726425, 1.1993329860632471, 6.618728986409032
5.488977955911824E-4, 0.1589547669716273, 1.3103969613087213E-4, 1.7257124789257146, 7.816751918841702E-5, -7.121656816533415, 1.0870520295747759, 6.618790313342735
5.553106212424849E-4, 0.1608114678468809, 1.325706454832591E-4, 1.7372582444818057, 8.020884716793943E-5, -7.217083826070654, 0.9796259568597361, 6.6188516402764375
5.617234468937875E-4, 0.16266816872213455, 1.3410159483564607E-4, 1.7488748513549124, 8.228100023493357E-5, -7.308868583276846, 0.8771849441427174, 6.618912967210141
5.6813627254509E-4, 0.16452486959738816, 1.3563254418803302E-4, 1.760562299553474, 8.438414176984842E-5, -7.396809264090513, 0.7798430774412154, 6.618974294143844
5.745490981963927E-4, 0.16638157047264177, 1.3716349354042E-4, 1.7723205890859304, 8.651843515318502E-5, -7.480721218462452, 0.687699029626744, 6.619035621077547
5.809619238476952E-4, 0.16823827134789537, 1.3869444289280695E-4, 1.7841497199607212, 8.868404376549585E-5, -7.560436405255619, 0.6008367147842703, 6.61909694801125
5.873747494989979E-4, 0.170094972223149, 1.4022539224519393E-4, 1.796049692186287, 9.088113098738526E-5, -7.635802836706923, 0.5193259210451141, 6.619158274944954
5.937875751503006E-4, 0.17195167309840265, 1.417563415975809E-4, 1.808020505771066, 9.310986019950908E-5, -7.706684032382204, 0.44322292296959404, 6.619219601878656
6.002004008016031E-4, 0.17380834947850546, 1.4328729094996787E-4, 1.8200619108634402, 9.537035898080393E-5, -7.77295848255563, 0.37257107446938126, 6.619279850194218
6.066132264529058E-4, 0.17566426650893457, 1.4481824030235485E-4, 1.832166323461532, 9.766169126143145E-5, -7.834519120943573, 0.3074013831797225, 6.619306661347388
6.130260521042083E-4, 0.1775201835393637, 1.4634918965474183E-4, 1.8443414063684407, 9.998510588621504E-5, -7.891272806721452, 0.24773306712590173, 6.61933347250056
6.194388777555109E-4, 0.17937610056979278, 1.4788013900712878E-4, 1.8565871595857772, 1.0234076544928281E-4, -7.94313981575758, 0.1935740944549647, 6.61936028365373
6.258517034068136E-4, 0.1812320176002219, 1.4941108835951576E-4, 1.8689035831151555, 1.0472883254477316E-4, -7.990053340992171, 0.14492170695182804, 6.619387094806901
6.322645290581161E-4, 0.18308793463065098, 1.509420377119027E-4, 1.8812906769581883, 1.0714946976683408E-4, -8.031959001891256, 0.10176292800549055, 6.619413905960071
6.386773547094188E-4, 0.1849438516610801, 1.524729870642897E-4, 1.8937484411164889, 1.0960283970962362E-4, -8.068814362909421, 0.06407505563656157, 6.619440717113242
6.450901803607213E-4, 0.1867997686915092, 1.5400393641667664E-4, 1.90627687559167, 1.1208910496730959E-4, -8.100588460886911, 0.0318261411627076, 6.619467528266412
6.51503006012024E-4, 0.1886556857219383, 1.5553488576906362E-4, 1.9188759803853446, 1.146084281340698E-4, -8.127261341316702, 0.0049754540273884654, 6.6194943394195835
6.579158316633265E-4, 0.19051160275236742, 1.570658351214506E-4, 1.9315457554991255, 1.1716097180409176E-4, -8.148823603407429, -0.016526066707454982, 6.619521150572754
6.643286573146292E-4, 0.19236751978279654, 1.5859678447383759E-4, 1.9442862009346262, 1.19746898571573E-4, -8.165275953877302, -0.03273537375060383, 6.6195479617259245
6.707414829659318E-4, 0.19422343681322563, 1.6012773382622454E-4, 1.957097316693459, 1.2236637103072085E-4, -8.176628769402832, -0.04371688541436039, 6.619574772879095
6.771543086172344E-4, 0.19607935384365474, 1.6165868317861152E-4, 1.9699791027772373, 1.2501955177575261E-4, -8.182901667662016, -0.049542071496978105, 6.6196015840322655
6.83567134268537E-4, 0.19793527087408383, 1.6318963253099847E-4, 1.982931559187574, 1.2770660340089533E-4, -8.184123086893823, -0.05028905083177304, 6.619628395185436
6.899799599198396E-4, 0.19979118790451295, 1.6472058188338545E-4, 1.9959546859260822, 1.3042768850038611E-4, -8.180329873909123, -0.046042200151784125, 6.619655206338607
6.963927855711422E-4, 0.20164710493494203, 1.662515312357724E-4, 2.0090484829943747, 1.3318296966847177E-4, -8.171566880481274, -0.036891773937140236, 6.619682017491778
7.028056112224449E-4, 0.20350336518195936, 1.6778248058815938E-4, 2.0222175626063117, 1.3597338334782083E-4, -8.157886568050946, -0.022933534937953422, 6.619725830013942
7.092184368737473E-4, 0.2053600667074472, 1.6931342994054634E-4, 2.0354633810301497, 1.3879935988139036E-4, -8.139348620669026, -0.004268395071329904, 6.619791501439097
7.1563126252505E-4, 0.20721676823293506, 1.7084437929293332E-4, 2.0487800624792927, 1.4166008588966896E-4, -8.116019566113806, 0.018997933579661147, 6.6198571728642515
7.220440881763525E-4, 0.2090734697584229, 1.7237532864532027E-4, 2.06216760696342, 1.4455572485333254E-4, -8.087972405111644, 0.046755277924936924, 6.619922844289407
7.284569138276552E-4, 0.21093017128391076, 1.7390627799770725E-4, 2.075626014492213, 1.4748644025311638E-4, -8.055286248587613, 0.0788893334392412, 6.619988515714562
7.348697394789578E-4, 0.2127868728093986, 1.754372273500942E-4, 2.0891552850753508, 1.5045239556981492E-4, -8.01804596288229, 0.11528198437429481, 6.620054187139717
7.412825651302605E-4, 0.2146435743348865, 1.769681767024812E-4, 2.1027554187225137, 1.534537542842822E-4, -7.976341822862828, 0.15581161483496156, 6.620119858564872
7.476953907815631E-4, 0.21650027586037432, 1.7849912605486816E-4, 2.116426415443382, 1.5649067987743111E-4, -7.930269172856755, 0.20035341093543313, 6.620185529990027
7.541082164328656E-4, 0.2183569773858622, 1.8003007540725514E-4, 2.1301682752476374, 1.5956333583023438E-4, -7.879928095342219, 0.24877965423102735, 6.620251201415182
7.605210420841682E-4, 0.22021367891135002, 1.815610247596421E-4, 2.143980998144959, 1.6267188562372347E-4, -7.825423087322852, 0.30096000662055816, 6.620316872840338
7.669338677354709E-4, 0.2220703804368379, 1.8309197411202908E-4, 2.157864584145029, 1.6581649273898977E-4, -7.7668627443203855, 0.3567617868996286, 6.620382544265492
7.733466933867734E-4, 0.22392708196232575, 1.8462292346441603E-4, 2.1718190332575267, 1.689973206571834E-4, -7.704359451908992, 0.41605023914670525, 6.620448215690647
7.797595190380761E-4, 0.2257837834878136, 1.86153872816803E-4, 2.1858443454921352, 1.7221453285951429E-4, -7.638029084733057, 0.4786887930963977, 6.620513887115803
7.861723446893786E-4, 0.22764048501330145, 1.8768482216918996E-4, 2.199940520858533, 1.7546829282725102E-4, -7.567990712928815, 0.544539316671783, 6.620579558540958
7.925851703406813E-4, 0.2294971865387893, 1.8921577152157694E-4, 2.214107559366404, 1.7875876404172236E-4, -7.494366315880343, 0.6134623608303964, 6.6206452299661125
7.989979959919837E-4, 0.23135388806427715, 1.907467208739639E-4, 2.228345461025429, 1.8208610998431569E-4, -7.417280503253268, 0.6853173968559668, 6.620710901391268
8.054108216432864E-4, 0.2332102847899419, 1.9227767022635087E-4, 2.2426503251459216, 1.8544974411909137E-4, -7.336860243215559, 0.7599630462634243, 6.620764029952918
8.11823647294589E-4, 0.23506662507119497, 1.9380861957873783E-4, 2.2570252620664135, 1.888504148207769E-4, -7.253234597798268, 0.8372573034289089, 6.620814835762067
8.182364729458916E-4, 0.23692296535244806, 1.953395689311248E-4, 2.271470988380332, 1.9228842191804617E-4, -7.16653446530797, 0.9170577510974323, 6.620865641571215
8.246492985971943E-4, 0.23877930563370114, 1.968705182835118E-4, 2.285987504093472, 1.9576392855286722E-4, -7.076892329735314, 0.9992217688813682, 6.620916447380364
8.310621242484969E-4, 0.24063564591495423, 1.9840146763589877E-4, 2.3005748092116276, 1.9927709786724367E-4, -6.9844420170780355, 1.0836067348882397, 6.620967253189513
8.374749498997995E-4, 0.2424919861962073, 1.9993241698828572E-4, 2.3152329037405925, 2.0282809300321435E-4, -6.889318458521033, 1.1700702205808267, 6.621018058998661
8.438877755511022E-4, 0.24434832647746038, 2.014633663406727E-4, 2.329961787686161, 2.0641707710285397E-4, -6.791657460395118, 1.2584701790007844, 6.62106886480781
8.503006012024046E-4, 0.24620466675871344, 2.0299431569305965E-4, 2.3447614610541283, 2.1004421330827244E-4, -6.691595480847864, 1.3486651264605596, 6.6211196706169595
8.567134268537073E-4, 0.24806100703996653, 2.0452526504544663E-4, 2.3596319238502885, 2.1370966476161535E-4, -6.589269413157489, 1.440514317817328, 6.621170476426108
8.631262525050098E-4, 0.2499173473212196, 2.060562143978336E-4, 2.3745731760804363, 2.1741359460506377E-4, -6.484816375617682, 1.5338779154354254, 6.621221282235257
8.695390781563125E-4, 0.25177368760247265, 2.0758716375022057E-4, 2.3895852177503665, 2.2115616598083424E-4, -6.378373507931567, 1.6286171519358186, 6.621272088044406
8.75951903807615E-4, 0.25363002788372574, 2.0911811310260752E-4, 2.4046680488658727, 2.2493754203117854E-4, -6.270077774032364, 1.724594486845625, 6.621322893853554
8.823647294589177E-4, 0.2554863681649788, 2.106490624549945E-4, 2.419821669432751, 2.2875788589838444E-4, -6.1600657712730085, 1.8216737572373025, 6.621373699662703
8.887775551102203E-4, 0.25734270844623186, 2.1218001180738145E-4, 2.4350460794567956, 2.3261736072477477E-4, -6.048473545907858, 1.9197203224599728, 6.621424505471852
8.951903807615228E-4, 0.25919904872748495, 2.1371096115976843E-4, 2.4503412789438013, 2.365161296527082E-4, -5.935436414806679, 2.0186012030490943, 6.621475311281
9.016032064128254E-4, 0.2610553495501018, 2.1524191051215539E-4, 2.4657112382917052, 2.4045521041936893E-4, -5.82108879330983, 2.118185213930484, 6.6215375193184745
9.08016032064128E-4, 0.2629115319968099, 2.1677285986454237E-4, 2.4811640399359898, 2.444365364539921E-4, -5.705564029188653, 2.2183430919727827, 6.621633934040924
9.144288577154307E-4, 0.264767714443518, 2.1830380921692935E-4, 2.4966878577045692, 2.4845774455614243E-4, -5.588994242604843, 2.3189476180193402, 6.621730348763373
9.208416833667334E-4, 0.26662389689022603, 2.1983475856931633E-4, 2.5122826916183216, 2.525189989125772E-4, -5.471510172032096, 2.419873733450112, 6.621826763485822
9.27254509018036E-4, 0.26848007933693413, 2.213657079217033E-4, 2.527948541698124, 2.566204637101815E-4, -5.353241026041735, 2.5209986513940046, 6.621923178208271
9.336673346693386E-4, 0.27033626178364223, 2.2289665727409026E-4, 2.543685407964854, 2.6076230313596863E-4, -5.234314340907599, 2.6222019626446156, 6.62201959293072
9.400801603206412E-4, 0.27219244423035033, 2.2442760662647724E-4, 2.5594932904393892, 2.6494468137707957E-4, -5.11485584394383, 2.7233657363893884, 6.62211600765317
9.464929859719437E-4, 0.27404862667705837, 2.259585559788642E-4, 2.575372189142609, 2.6916776262078326E-4, -4.994989322511469, 2.824374615819299, 6.622212422375619
9.529058116232464E-4, 0.27590480912376647, 2.2748950533125117E-4, 2.5913221040953927, 2.734317110544769E-4, -4.874836498629002, 2.9251159087039427, 6.6223088370980685
9.593186372745489E-4, 0.2777609915704745, 2.2902045468363812E-4, 2.6073430353186184, 2.777366908656851E-4, -4.754516909106843, 3.025479673018298, 6.622405251820518
9.657314629258516E-4, 0.2796171740171826, 2.305514040360251E-4, 2.6234349828331665, 2.820828662420608E-4, -4.634147791148732, 3.1253587976881207, 6.622501666542966
9.721442885771541E-4, 0.2814733564638907, 2.3208235338841206E-4, 2.639597946659917, 2.864704013713849E-4, -4.513843973338202, 3.2246490785468076, 6.622598081265416
9.785571142284567E-4, 0.28332953891059875, 2.3361330274079904E-4, 2.655831926819751, 2.908994604415661E-4, -4.393717771949686, 3.3232492895702475, 6.622694495987865
9.849699398797593E-4, 0.28518572135730685, 2.35144252093186E-4, 2.6721369233335492, 2.953702076406413E-4, -4.273878892512327, 3.42106124946699, 6.6227909107103144
9.91382765531062E-4, 0.28704190380401495, 2.3667520144557297E-4, 2.6885129362221925, 2.9988280715677497E-4, -4.154434336551871, 3.517989883709424, 6.622887325432764
9.977955911823647E-4, 0.28889808625072305, 2.3820615079795995E-4, 2.7049599655065633, 3.0443742317826E-4, -4.035488313452162, 3.613943282063719, 6.622983740155213
0.0010042084168336673, 0.2907551402230678, 2.3973710015034693E-4, 2.721489462767408, 3.0903696525727103E-4, -3.9171421573521, 3.708832751712954, 6.62310966748312
0.0010106212424849698, 0.29261265070884124, 2.4126804950273388E-4, 2.7380961605101217, 3.1368037929444377E-4, -3.7994942490249963, 3.802572866025127, 6.623251053794838
0.0010170340681362724, 0.2944701611946148, 2.4279899885512086E-4, 2.754774098863225, 3.1836641082493217E-4, -3.6826399426517646, 3.8950815090626194, 6.623392440106556
0.0010234468937875749, 0.2963276716803882, 2.443299482075078E-4, 2.7715232778716405, 3.2309522507291053E-4, -3.566671497438511, 3.986279915883563, 6.623533826418273
0.0010298597194388776, 0.2981851821661617, 2.4586089755989477E-4, 2.788343697580297, 3.2786698726282966E-4, -3.451678013994365, 4.076092708718849, 6.6236752127299905
0.0010362725450901802, 0.3000426926519352, 2.4739184691228175E-4, 2.8052353580341216, 3.3268186261941506E-4, -3.3377453754056217, 4.164447929095131, 6.623816599041708
0.0010426853707414829, 0.3019002031377087, 2.4892279626466873E-4, 2.8221982592780437, 3.3754001636766807E-4, -3.224956192938484, 4.251277065968955, 6.623957985353426
0.0010490981963927853, 0.30375771362348214, 2.5045374561705566E-4, 2.839232401356993, 3.424416137328651E-4, -3.113389756290775, 4.336515079953982, 6.624099371665144
0.0010555110220440878, 0.3056152241092556, 2.5198469496944264E-4, 2.8563377843159015, 3.4738681994055847E-4, -3.00312198834385, 4.420100423689042, 6.624240757976862
0.0010619238476953904, 0.30747273459502916, 2.535156443218296E-4, 2.873514408199703, 3.5237580021657577E-4, -2.8942254043154385, 4.501975058447643, 6.62438214428858
0.001068336673346693, 0.30933024508080265, 2.550465936742166E-4, 2.8907622730533307, 3.5740871978702006E-4, -2.786769075277107, 4.582084467024375, 6.624523530600298
0.0010747494989979955, 0.3111877555665761, 2.565775430266035E-4, 2.90808137892172, 3.6248574387826976E-4, -2.680818595940156, 4.6603776629898315, 6.624664916912016
0.0010811623246492984, 0.3130452660523496, 2.5810849237899056E-4, 2.9254717258498086, 3.676070377169792E-4, -2.576436056649923, 4.7368071963800595, 6.624806303223734
0.0010875751503006009, 0.3149027765381231, 2.596394417313775E-4, 2.9429333138825338, 3.7277276653007764E-4, -2.4736800195232185, 4.811329155875043, 6.6249476895354515
0.0010939879759519035, 0.3167602870238966, 2.6117039108376446E-4, 2.960466143064835, 3.7798309554477053E-4, -2.372605498659428, 4.883903167540884, 6.625089075847169
0.0011004008016032062, 0.3186176221671308, 2.6270134043615144E-4, 2.9780690761381043, 3.8323789121737163E-4, -2.273263944342034, 4.954492390214057, 6.625227789076096
0.0011068136272545089, 0.3204723271722758, 2.642322897885384E-4, 2.9957260775190866, 3.8853307642141785E-4, -2.1757032311772444, 5.023063507576734, 6.625326406063157
0.0011132264529058113, 0.32232703217742076, 2.6576323914092535E-4, 3.0134541067502134, 3.9387324472326193E-4, -2.079967650091011, 5.089586717000786, 6.625425023050217
0.001119639278557114, 0.32418173718256577, 2.6729418849331233E-4, 3.0312531638533438, 3.9925856036476933E-4, -1.9860979041265618, 5.1540357152150325, 6.625523640037278
0.0011260521042084166, 0.3260364421877108, 2.688251378456993E-4, 3.0491232488503357, 4.0468918758793885E-4, -1.8941311079508014, 5.216387680884307, 6.625622257024338
0.0011324649298597193, 0.32789114719285584, 2.703560871980863E-4, 3.0670643617630464, 4.1016529063490377E-4, -1.8041007910195108, 5.276623254144502, 6.625720874011399
0.0011388777555110217, 0.3297458521980008, 2.718870365504732E-4, 3.085076502613334, 4.156870337479309E-4, -1.7160369043290935, 5.3347265131641555, 6.625819490998459
0.0011452905811623244, 0.3316005572031458, 2.734179859028602E-4, 3.1031596714230596, 4.212545811694219E-4, -1.6299658306764304, 5.390684947807388, 6.62591810798552
0.0011517034068136269, 0.3334552622082908, 2.749489352552472E-4, 3.1213138682140817, 4.2686809714191133E-4, -1.5459103983682603, 5.444489430448519, 6.6260167249725805
0.0011581162324649293, 0.33530996721343576, 2.764798846076341E-4, 3.13953909300826, 4.325277459080682E-4, -1.4638898982991682, 5.496134184020803, 6.626115341959641
0.001164529058116232, 0.33716467221858076, 2.780108339600211E-4, 3.157835345827456, 4.382336917106959E-4, -1.383920104338818, 5.545616747346284, 6.6262139589467015
0.0011709418837675346, 0.33901937722372577, 2.7954178331240806E-4, 3.176202626693529, 4.439860987927311E-4, -1.3060132969487999, 5.592937937832524, 6.6263125759337616
0.0011773547094188373, 0.3408740822288708, 2.8107273266479504E-4, 3.1946409356283425, 4.4978513139724504E-4, -1.2301782899810676, 5.638101811563409, 6.6264111929208225
0.0011837675350701397, 0.34272878723401573, 2.8260368201718197E-4, 3.213150272653756, 4.556309537674423E-4, -1.1564204605490933, 5.681115620905836, 6.626509809907883
0.0011901803607214424, 0.34458349223916074, 2.8413463136956895E-4, 3.2317306377916335, 4.6152373014666256E-4, -1.0847417819450134, 5.721989769638783, 6.6266084268949434
0.001196593186372745, 0.3464381972443058, 2.856655807219559E-4, 3.250382031063837, 4.6746362477837833E-4, -1.0151408595108533, 5.7607377656967556, 6.626707043882004
0.0012030060120240477, 0.3482935286764557, 2.871965300743429E-4, 3.269108825847212, 4.734520579185728E-4, -0.9476129693836998, 5.797376171608628, 6.6268150586770265
0.0012094188376753504, 0.3501495700592112, 2.887274794267299E-4, 3.2879116787764238, 4.794894034793006E-4, -0.8821501000841132, 5.831924552641215, 6.626933724321072
0.001215831663326653, 0.35200561144196674, 2.9025842877911687E-4, 3.306785659997091, 4.855744178681818E-4, -0.8187409968247598, 5.864405422782483, 6.627052389965117
0.0012222444889779557, 0.3538616528247222, 2.9178937813150385E-4, 3.3257307695408773, 4.917072657917901E-4, -0.7573712085221164, 5.89484418856071, 6.627171055609162
0.0012286573146292584, 0.35571769420747773, 2.933203274838908E-4, 3.3447470074394485, 4.978881119568935E-4, -0.6980231374104424, 5.923269090804589, 6.627289721253208
0.0012350701402805608, 0.3575737355902332, 2.9485127683627775E-4, 3.36383437372447, 5.041171210704537E-4, -0.6406760911817337, 5.949711144409152, 6.627408386897253
0.0012414829659318635, 0.35942977697298867, 2.9638222618866473E-4, 3.382992868427608, 5.103944578396273E-4, -0.5853063376205287, 5.974204076133075, 6.627527052541298
0.001247895791583166, 0.3612858183557442, 2.979131755410517E-4, 3.4022224915805293, 5.167202869717644E-4, -0.5318871616250183, 5.996784260529366, 6.627645718185343
0.0012543086172344686, 0.3631418597384997, 2.994441248934387E-4, 3.421523243214904, 5.230947731744097E-4, -0.4803889245556936, 6.017490654063825, 6.627764383829389
0.001260721442885771, 0.36499790112125513, 3.009750742458256E-4, 3.440895123362397, 5.295180811553011E-4, -0.4307791258619608, 6.036364727462812, 6.627883049473434
0.0012671342685370737, 0.36685394250401065, 3.025060235982126E-4, 3.460338132054682, 5.359903756223724E-4, -0.3830224668914061, 6.053450396374501, 6.628001715117479
0.0012735470941883764, 0.3687099838867662, 3.040369729505996E-4, 3.4798522693234264, 5.425118212837496E-4, -0.33708091681218433, 6.068793950419216, 6.6281203807615245
0.001279959919839679, 0.37056602526952165, 3.0556792230298656E-4, 3.499437535200302, 5.490825828477544E-4, -0.2929137806178458, 6.082443980633214, 6.62823904640557
0.0012863727454909815, 0.3724220666522771, 3.070988716553735E-4, 3.5190939297169814, 5.55702825022902E-4, -0.2504777690776012, 6.094451305457556, 6.628357712049615
0.0012927855711422841, 0.3742781080350326, 3.0862982100776046E-4, 3.538821452905136, 5.623727125179019E-4, -0.20972707063753102, 6.1048688952397985, 6.62847637769366
0.0012991983967935868, 0.3761341494177881, 3.1016077036014744E-4, 3.5586201047964394, 5.690924100416574E-4, -0.17061342514493585, 6.113751795386063, 6.628595043337706
0.0013056112224448895, 0.3779900363509925, 3.116917197125344E-4, 3.57848277520372, 5.758598661069275E-4, -0.13308619934472554, 6.121157048193693, 6.628699638783742
0.001312024048096192, 0.37984590121997525, 3.1322266906492135E-4, 3.598415483284694, 5.826770980935732E-4, -0.09709246411162405, 6.127143613402094, 6.6288022242014915
0.0013184368737474946, 0.381701766088958, 3.1475361841730833E-4, 3.6184192397857635, 5.895445838259745E-4, -0.06257707327485179, 6.131772287597947, 6.6289048096192404
0.0013248496993987972, 0.3835576309579408, 3.162845677696953E-4, 3.638494044730599, 5.964624876421156E-4, -0.029482744040701676, 6.135105622453589, 6.62900739503699
0.0013312625250501, 0.38541349582692364, 3.178155171220823E-4, 3.6586398981428667, 6.034309738801246E-4, 0.0022498610853282676, 6.137207841900752, 6.629109980454739
0.0013376753507014026, 0.3872693606959064, 3.1934646647446927E-4, 3.6788568000462387, 6.104502068782755E-4, 0.03268205098241561, 6.138144758331183, 6.629212565872488
0.0013440881763527048, 0.38912522556488915, 3.208774158268562E-4, 3.699144750464384, 6.17520350974987E-4, 0.06187702119258096, 6.137983687801419, 6.629315151290238
0.0013505010020040075, 0.39098109043387197, 3.224083651792432E-4, 3.719503749420975, 6.246415705088236E-4, 0.08989976795320825, 6.136793364409663, 6.629417736707987
0.0013569138276553101, 0.39283695530285473, 3.2393931453163016E-4, 3.739933796939683, 6.318140298184941E-4, 0.11681700098784666, 6.134643853819185, 6.629520322125736
0.0013633266533066128, 0.39469282017183754, 3.2547026388401714E-4, 3.760434893044181, 6.390378932428533E-4, 0.14269705513613085, 6.1316064660202585, 6.629622907543486
0.0013697394789579152, 0.39654868504082025, 3.2700121323640406E-4, 3.781007037758138, 6.463133251208997E-4, 0.1676098009540749, 6.127753667444006, 6.629725492961235
0.001376152304609218, 0.39840454990980306, 3.2853216258879104E-4, 3.8016502311052305, 6.536404897917788E-4, 0.19162655422586872, 6.123158992367266, 6.629828078378984
0.0013825651302605208, 0.40026041477878593, 3.300631119411781E-4, 3.8223644731091326, 6.610195515947802E-4, 0.2148199846161145, 6.1178969538219246, 6.629930663796734
0.0013889779559118234, 0.4021162796477687, 3.3159406129356506E-4, 3.8431497637935137, 6.684506748693378E-4, 0.23726402338375077, 6.112042953931688, 6.630033249214483
0.001395390781563126, 0.40397214451675145, 3.33125010645952E-4, 3.8640061031820503, 6.75934023955032E-4, 0.25903377034764113, 6.105673193854888, 6.630135834632232
0.0014018036072144286, 0.4058278925416711, 3.3465595999833896E-4, 3.8849418183622517, 6.834725498931289E-4, 0.28020540006969047, 6.098864583285345, 6.630253760360231
0.0014082164328657312, 0.4076833419650961, 3.3618690935072594E-4, 3.905970037599309, 6.910708688113783E-4, 0.30085606742138743, 6.091694649678815, 6.630410889103314
0.0014146292585170339, 0.40953879138852106, 3.377178587031129E-4, 3.927069578855101, 6.987220900302002E-4, 0.321063812525083, 6.0842414471850805, 6.630568017846397
0.0014210420841683363, 0.411394240811946, 3.3924880805549985E-4, 3.94824044218521, 7.064263791555453E-4, 0.340907465178938, 6.076583465379674, 6.630725146589479
0.001427454909819639, 0.41324969023537095, 3.4077975740788683E-4, 3.9694826276452178, 7.141839017937042E-4, 0.36046654884905494, 6.068799537885606, 6.630882275332562
0.0014338677354709417, 0.415105139658796, 3.423107067602738E-4, 3.990796135290709, 7.219948235513093E-4, 0.379821184234985, 6.060968750867288, 6.631039404075644
0.001440280561122244, 0.41696058908222094, 3.438416561126608E-4, 4.0121809651772695, 7.298593100353338E-4, 0.3990519925549851, 6.053170351547418, 6.631196532818727
0.0014466933867735465, 0.41881603850564586, 3.453726054650477E-4, 4.0336371173604855, 7.377775268530908E-4, 0.41823999859245536, 6.045483656771937, 6.63135366156181
0.0014531062124248492, 0.42067148792907083, 3.469035548174347E-4, 4.055164591895949, 7.457496396122366E-4, 0.4374665335019507, 6.0379879616176995, 6.631510790304892
0.0014595190380761519, 0.4225269373524958, 3.484345041698217E-4, 4.0767633888392485, 7.537758139207664E-4, 0.45681313761078635, 6.030762448273264, 6.631667919047975
0.0014659318637274545, 0.42438238677592083, 3.4996545352220865E-4, 4.098433508245979, 7.618562153870179E-4, 0.47636146308081684, 6.023886095039106, 6.631825047791057
0.001472344689378757, 0.42623783619934574, 3.514964028745956E-4, 4.120174950171733, 7.699910096196685E-4, 0.49619317667932655, 6.0174375857009545, 6.63198217653414
0.0014787575150300596, 0.4280932856227707, 3.5302735222698256E-4, 4.141987714672108, 7.781803622277381E-4, 0.5163898626070654, 6.011495219208289, 6.632139305277223
0.0014851703406813623, 0.4299487350461957, 3.5455830157936954E-4, 4.163871801802703, 7.864244388205873E-4, 0.5370329255217094, 6.0061368197898615, 6.632296434020305
0.001491583166332665, 0.43180418446962066, 3.560892509317565E-4, 4.185827211619116, 7.947234050079167E-4, 0.5582034937906164, 6.001439647528896, 6.632453562763388
0.0014979959919839674, 0.43365963389304557, 3.5762020028414344E-4, 4.207853944176949, 8.03077426399769E-4, 0.579982323049666, 5.997480309476072, 6.63261069150647
0.00150440881763527, 0.4355140042570576, 3.591511496365304E-4, 4.229946341376509, 8.114846364735487E-4, 0.6024497001583069, 5.994334671370462, 6.632758114954189
0.0015108216432865727, 0.4373678841395183, 3.606820989889174E-4, 4.252107429707721, 8.199462664336148E-4, 0.6256853476003362, 5.992077770018497, 6.632901126904015
0.0015172344689378754, 0.43922176402197904, 3.622130483413044E-4, 4.274339770026366, 8.284633973591773E-4, 0.649768328379343, 5.990783726365704, 6.63304413885384
0.0015236472945891779, 0.44107564390443965, 3.637439976936913E-4, 4.296643362378503, 8.370361945324405E-4, 0.6747769515369749, 5.990525659386034, 6.633187150803666
0.0015300601202404803, 0.44292952378690037, 3.652749470460783E-4, 4.319018206810191, 8.456648232358921E-4, 0.7007886783265901, 5.991375600807924, 6.6333301627534915
0.001536472945891783, 0.4447834036693611, 3.6680589639846527E-4, 4.341464303367491, 8.543494487523011E-4, 0.7278800290721146, 5.993404410708345, 6.633473174703317
0.0015428857715430856, 0.4466372835518218, 3.6833684575085225E-4, 4.363981652096465, 8.630902363647201E-4, 0.7561264908914613, 5.996681694125987, 6.633616186653144
0.0015492985971943883, 0.44849116343428247, 3.6986779510323923E-4, 4.386570253043173, 8.718873513564834E-4, 0.7856024262135525, 6.001275718642238, 6.633759198602969
0.001555711422845691, 0.4503450433167432, 3.713987444556262E-4, 4.409230106253682, 8.807409590112081E-4, 0.816380982293003, 6.007253333102639, 6.633902210552795
0.0015621242484969936, 0.4521989231992039, 3.729296938080132E-4, 4.431961211774056, 8.896512246127943E-4, 0.8485340017077018, 6.014679887463255, 6.63404522250262
0.0015685370741482963, 0.4540528030816646, 3.7446064316040017E-4, 4.454763569650363, 8.986183134454244E-4, 0.8821319339075083, 6.023619153824845, 6.634188234452446
0.0015749498997995987, 0.45590668296412523, 3.759915925127871E-4, 4.477637179928669, 9.07642390793563E-4, 0.9172437479656184, 6.0341332488001145, 6.6343312464022715
0.0015813627254509014, 0.45776056284658595, 3.775225418651741E-4, 4.500582042655046, 9.167236219419587E-4, 0.9539368464764063, 6.046282557134551, 6.634474258352097
0.001587775551102204, 0.45961444272904667, 3.7905349121756106E-4, 4.523598157875564, 9.258621721756409E-4, 0.9922769807820129, 6.0601256567747885, 6.634617270301923
0.0015941883767535067, 0.46146832261150733, 3.8058444056994804E-4, 4.5466855256362955, 9.35058206779923E-4, 1.0323281675573228, 6.075719245390836, 6.634760282251748
0.0016006012024048092, 0.46332212656746535, 3.8211538992233496E-4, 4.569846898279082, 9.44312942734972E-4, 1.0741526067734526, 6.093118068373159, 6.6349077285641265
0.0016070140280561118, 0.4651751965672313, 3.8364633927472194E-4, 4.59310625934918, 9.536357591492046E-4, 1.1178106012078504, 6.112374848459738, 6.635098040381176
0.0016134268537074145, 0.46702826656699714, 3.851772886271089E-4, 4.61643711132899, 9.630167378424951E-4, 1.1633604774675534, 6.133540216943228, 6.635288352198225
0.0016198396793587172, 0.46888133656676306, 3.867082379794959E-4, 4.639839454300159, 9.724560452092018E-4, 1.210858508683349, 6.156662646636075, 6.635478664015275
0.0016262525050100194, 0.4707344065665289, 3.8823918733188283E-4, 4.663313288344337, 9.819538476441843E-4, 1.2603588388910298, 6.181788386558744, 6.635668975832325
0.001632665330661322, 0.4725874765662948, 3.897701366842698E-4, 4.686858613543178, 9.915103115428038E-4, 1.3119134091686744, 6.208961398450587, 6.6358592876493745
0.0016390781563126247, 0.47444054656606066, 3.913010860366568E-4, 4.710475429978336, 0.0010011256033009225, 1.3655718856335277, 6.238223295174215, 6.636049599466424
0.0016454909819639274, 0.4762936165658266, 3.9283203538904377E-4, 4.734163737731471, 0.0010107998893149033, 1.4213815893417021, 6.269613281062273, 6.636239911283473
0.0016519038076152298, 0.4781466865655924, 3.943629847414307E-4, 4.757923536884245, 0.0010205333359816111, 1.4793874281734336, 6.30316809426591, 6.636430223100523
0.0016583166332665325, 0.4799997565653583, 3.958939340938177E-4, 4.781754827518324, 0.0010303261096984125, 1.5396318307415207, 6.338921951152206, 6.636620534917572
0.0016647294589178351, 0.4818528265651242, 3.9742488344620465E-4, 4.805657609715377, 0.0010401783768631747, 1.602154682455803, 6.376906492861678, 6.6368108467346225
0.0016711422845691378, 0.4837058965648901, 3.9895583279859163E-4, 4.829631883557075, 0.0010500903038742659, 1.6669932637829712, 6.417150734062437, 6.637001158551672
0.0016775551102204403, 0.4855589665646559, 4.0048678215097856E-4, 4.853677649125091, 0.0010600620571305558, 1.734182190657656, 6.459681013838293, 6.637191470368721
0.001683967935871743, 0.48741203656442184, 4.0201773150336554E-4, 4.877794906501104, 0.0010700938030314172, 1.8037533573957647, 6.504520949078575, 6.637381782185771
0.0016903807615230456, 0.48926510656418776, 4.035486808557525E-4, 4.901983655766797, 0.0010801857079767224, 1.8757358818496965, 6.551691390067162, 6.63757209400282
0.0016967935871743482, 0.4911181765639536, 4.050796302081395E-4, 4.926243897003849, 0.0010903379383668458, 1.950156053104259, 6.601210378589374, 6.63776240581987
0.0017032064128256507, 0.49297165013630717, 4.066105795605264E-4, 4.950576597879941, 0.0011005510540333628, 2.0270372817041196, 6.653093108518729, 6.6379541813049965
0.0017096192384769534, 0.4948255272812485, 4.081415289129134E-4, 4.974981769574436, 0.0011108252303510487, 2.1064000524787434, 6.707351888959377, 6.638147420458201
0.0017160320641282558, 0.49667940442618985, 4.096724782653004E-4, 4.999458448284377, 0.0011211602433397144, 2.1882618800010167, 6.763996109951597, 6.638340659611404
0.0017224448897795587, 0.4985332815711313, 4.112034276176874E-4, 5.024006634094, 0.0011315562594707532, 2.2726372668828887, 6.823032210956155, 6.638533898764607
0.0017288577154308611, 0.5003871587160725, 4.1273437697007435E-4, 5.048626327087536, 0.0011420134452160744, 2.359537664783033, 6.8844636519670015, 6.638727137917812
0.0017352705410821638, 0.5022410358610139, 4.142653263224613E-4, 5.073317527349225, 0.0011525319670481055, 2.448971438385349, 6.948290887509951, 6.638920377071015
0.0017416833667334665, 0.5040949130059552, 4.157962756748483E-4, 5.098080234963312, 0.0011631119914397915, 2.540943832257103, 7.014511343433664, 6.639113616224219
0.0017480961923847691, 0.5059487901508966, 4.173272250272353E-4, 5.12291445001404, 0.0011737536848645939, 2.635456940777678, 7.08311939665668, 6.639306855377423
0.0017545090180360718, 0.5078026672958379, 4.1885817437962227E-4, 5.147820172585659, 0.0011844572137964912, 2.732509681144827, 7.1541063578879305, 6.639500094530627
0.0017609218436873742, 0.5096565444407792, 4.203891237320092E-4, 5.172797402762419, 0.0011952227447099798, 2.832097769513207, 7.227460457367539, 6.63969333368383
0.001767334669338677, 0.5115104215857206, 4.2192007308439617E-4, 5.197846140628577, 0.001206050444080074, 2.934213700444947, 7.303166833774027, 6.6398865728370335
0.0017737474949899796, 0.5133642987306619, 4.2345102243678315E-4, 5.222966386268393, 0.0012169404783823048, 3.0388467295520254, 7.381207526200608, 6.640079811990238
0.0017801603206412822, 0.5152181758756033, 4.2498197178917013E-4, 5.248158139766128, 0.00122789301409272, 3.145982859599495, 7.461561469442401, 6.640273051143441
0.0017865731462925847, 0.5170720530205445, 4.2651292114155706E-4, 5.273421401206043, 0.001238908217687885, 3.2556048300110034, 7.544204492527139, 6.640466290296645
0.0017929859719438873, 0.5189259301654858, 4.2804387049394404E-4, 5.298756170672411, 0.0012499862556448838, 3.367692109849212, 7.629109320569824, 6.640659529449849
0.00179939879759519, 0.5207798073104272, 4.29574819846331E-4, 5.324162448249503, 0.0012611272944413167, 3.482220894438988, 7.716245580085678, 6.640852768603053
0.0018058116232464927, 0.5226318646524778, 4.31105769198718E-4, 5.349699806546834, 0.0012723571826146187, 3.5991641056124184, 7.805579807756801, 6.64113092262715
0.0018122244488977949, 0.5244837337390569, 4.326367185511049E-4, 5.37531528988576, 0.0012836534496434835, 3.718491395673494, 7.8970754627222455, 6.641417860948237
0.0018186372745490976, 0.5263356028256361, 4.341676679034919E-4, 5.401002758106323, 0.0012950136265013259, 3.840169155121292, 7.99069294243491, 6.6417047992693234
0.0018250501002004002, 0.5281874719122153, 4.356986172558789E-4, 5.42676221139461, 0.0013064378819007474, 3.96416052424903, 8.086389602183274, 6.64199173759041
0.0018314629258517029, 0.5300393409987945, 4.3722956660826586E-4, 5.452593649936725, 0.0013179263845554952, 4.090425408722331, 8.184119778384629, 6.642278675911497
0.0018378757515030053, 0.5318912100853735, 4.387605159606528E-4, 5.4784970739187795, 0.0013294793031804605, 4.21892049906123, 8.283834815556977, 6.642565614232583
0.001844288577154308, 0.5337430791719526, 4.4029146531303977E-4, 5.504472483526898, 0.0013410968064916798, 4.349599294224724, 8.385483097162412, 6.64285255255367
0.0018507014028056106, 0.5355949482585318, 4.4182241466542675E-4, 5.530519878947215, 0.0013527790632063327, 4.482412129384311, 8.489010080391303, 6.6431394908747565
0.0018571142284569133, 0.537446817345111, 4.4335336401781373E-4, 5.556639260365873, 0.0013645262420427444, 4.6173062078036535, 8.594358334826925, 6.643426429195843
0.0018635270541082158, 0.5392986864316901, 4.4488431337020066E-4, 5.582830627969029, 0.001376338511720384, 4.754225637078893, 8.701467585183401, 6.64371336751693
0.0018699398797595184, 0.5411505555182693, 4.4641526272258764E-4, 5.60909398194285, 0.001388216040959866, 4.893111469657961, 8.810274758085576, 6.644000305838016
0.001876352705410821, 0.5430024246048484, 4.479462120749746E-4, 5.63542932247351, 0.0014001589984829498, 5.033901747805308, 8.92071403299437, 6.644287244159103
0.0018827655310621237, 0.5448542936914276, 4.494771614273616E-4, 5.661836649747199, 0.001412167553012539, 5.176531553076819, 9.032716897385773, 6.64457418248019
0.0018891783567134264, 0.5467061627780068, 4.510081107797486E-4, 5.6883159639501155, 0.0014242418732726835, 5.32093306027016, 9.146212206092402, 6.644861120801276
0.001895591182364729, 0.548558031864586, 4.5253906013213556E-4, 5.714867265268466, 0.001436382127988576, 5.467035596069599, 9.261126245042608, 6.645148059122363
0.0019020040080160317, 0.5504101774037023, 4.5407000948452254E-4, 5.741486090071913, 0.0014485864590013298, 5.614765702335785, 9.37738279935323, 6.645428964389687
0.0019084168336673344, 0.552262931138401, 4.556009588369095E-4, 5.768167017185817, 0.0014608525445595874, 5.764047204187158, 9.494903225876607, 6.645696596938736
0.0019148296593186366, 0.5541156848730995, 4.5713190818929644E-4, 5.794919833241236, 0.0014731849816870546, 5.914801282889172, 9.613606530228457, 6.645964229487784
0.0019212424849699393, 0.555968438607798, 4.586628575416834E-4, 5.821744538400159, 0.0014855839386489138, 6.066946553653254, 9.733409448423131, 6.646231862036832
0.001927655310621242, 0.5578211923424966, 4.601938068940704E-4, 5.848641132824577, 0.001498049583711341, 6.220399148407865, 9.85422653308957, 6.646499494585881
0.0019340681362725446, 0.5596739460771952, 4.617247562464574E-4, 5.87560961667649, 0.0015105820851415092, 6.375072803579782, 9.9759702443825, 6.64676712713493
0.001940480961923847, 0.5615266998118936, 4.632557055988443E-4, 5.90264999011791, 0.001523181611207586, 6.530878953066537, 10.098551045714284, 6.647034759683978
0.0019468937875751497, 0.5633794535465922, 4.647866549512313E-4, 5.929762253310856, 0.0015358483301787392, 6.6877268262438365, 10.22187750413844, 6.647302392233026
0.0019533066132264524, 0.5652322072812909, 4.6631760430361827E-4, 5.956946406417357, 0.0015485824103251282, 6.845523551383677, 10.345856395789161, 6.647570024782075
0.001959719438877755, 0.5670849610159894, 4.6784855365600525E-4, 5.984202449599446, 0.0015613840199179111, 7.00417426426363, 10.470392816117966, 6.647837657331123
0.0019661322645290573, 0.5689377147506879, 4.693795030083922E-4, 6.011530383019171, 0.0015742533272292414, 7.16358222218826, 10.59539029512751, 6.648105289880172
0.00197254509018036, 0.5707904684853865, 4.7091045236077915E-4, 6.038930206838587, 0.0015871905005322706, 7.323648923567912, 10.72075091779496, 6.64837292242922
0.0019789579158316626, 0.572643222220085, 4.7244140171316613E-4, 6.066401921219754, 0.0016001957081011446, 7.484274232862017, 10.846375449416024, 6.648640554978269
0.0019853707414829655, 0.5744959759547836, 4.739723510655531E-4, 6.093945526324743, 0.001613269118211007, 7.645356511213575, 10.972163466240547, 6.648908187527317
0.001991783567134268, 0.5763487296894821, 4.7550330041794004E-4, 6.1215610223156345, 0.0016264108991379974, 7.8067927527591205, 11.09801349133682, 6.6491758200763655
0.0019981963927855704, 0.5782014834241807, 4.77034249770327E-4, 6.1492484093545166, 0.001639621219159253, 7.9684787266422585, 11.223823135734207, 6.649443452625414
0.0020046092184368733, 0.5800535676294198, 4.78565199122714E-4, 6.176983079825696, 0.0016528884701268285, 8.130309124796485, 11.349489244895572, 6.649679569406301
0.0020110220440881757, 0.5819053898448706, 4.80096148475101E-4, 6.204779819929454, 0.001666219806020049, 8.292177715662543, 11.474908050634198, 6.649903353930081
0.002017434869739478, 0.5837572120603213, 4.816270978274879E-4, 6.232648227396208, 0.0016796199724582518, 8.453977503826978, 11.599975328527131, 6.65012713845386
0.002023847695390781, 0.585609034275772, 4.831580471798749E-4, 6.260588302339235, 0.001693089136669375, 8.615600895660465, 11.724586560835116, 6.6503509229776405
0.0020302605210420835, 0.5874608564912228, 4.8468899653226187E-4, 6.2886000448718065, 0.0017066274658820504, 8.77693987106401, 11.848637105056444, 6.650574707501421
0.0020366733466933864, 0.5893126787066736, 4.8621994588464885E-4, 6.316683455107206, 0.0017202351273256063, 8.937886161341119, 11.972022368117377, 6.650798492025201
0.002043086172344689, 0.5911645009221244, 4.8775089523703577E-4, 6.34483853315872, 0.0017339122882300676, 9.09833143324404, 12.09463798621386, 6.65102227654898
0.0020494989979959913, 0.5930163231375751, 4.892818445894228E-4, 6.373065279139645, 0.0017476591158261565, 9.258167479477883, 12.216380010645313, 6.651246061072761
0.0020559118236472937, 0.5948681453530258, 4.908127939418097E-4, 6.401363693163274, 0.001761475777345289, 9.41728641534025, 12.337145099246495, 6.651469845596541
0.002062324649298597, 0.5967199675684768, 4.923437432941968E-4, 6.429733775342912, 0.0017753624400195802, 9.57558088197826, 12.4568307138971, 6.65169363012032
0.002068737474949899, 0.5985717897839273, 4.938746926465837E-4, 6.458175525791861, 0.0017893192710818375, 9.732944256030622, 12.575335323910855, 6.6519174146441005
0.002075150300601202, 0.6004236119993781, 4.954056419989707E-4, 6.48668894462344, 0.0018033464377655698, 9.889270865878546, 12.692558615479175, 6.652141199167881
0.0020815631262525044, 0.6022754342148289, 4.969365913513577E-4, 6.515274031950962, 0.0018174441073049786, 10.044456214542645, 12.808401707205727, 6.65236498369166
0.0020879759519038072, 0.6041272564302796, 4.984675407037446E-4, 6.543930787887751, 0.0018316124469349635, 10.198397209264884, 12.922767371765971, 6.65258876821544
0.0020943887775551097, 0.6059790786457304, 4.999984900561316E-4, 6.572659212547136, 0.0018458516238911208, 10.350992397857468, 13.03556026378768, 6.652812552739221
0.0021008016032064126, 0.607830799261569, 5.015294394085186E-4, 6.601461128085736, 0.0018601627192180907, 10.502142211985356, 13.146687154053769, 6.653038561711898
0.002107214428857715, 0.6096818086801222, 5.030603887609056E-4, 6.63034751808426, 0.0018745514338685963, 10.651749217240491, 13.256057169947933, 6.653280141826861
0.002113627254509018, 0.6115328180986754, 5.045913381132926E-4, 6.659305668194503, 0.0018890115782869206, 10.799718370253458, 13.363582042308924, 6.653521721941824
0.00212004008016032, 0.6133838275172285, 5.061222874656794E-4, 6.688335578548591, 0.0019035433201391259, 10.945957282928303, 13.469176358829339, 6.653763302056787
0.002126452905811623, 0.6152348369357817, 5.076532368180664E-4, 6.717437249278665, 0.00191814682709209, 11.090376493656686, 13.572757823817481, 6.65400488217175
0.0021328657314629252, 0.6170858463543349, 5.091841861704534E-4, 6.746610680516868, 0.0019328222668134997, 11.232889745889485, 13.674247524695788, 6.654246462286713
0.002139278557114228, 0.6189368557728882, 5.107151355228404E-4, 6.775855872395351, 0.0019475698069718562, 11.373414273824888, 13.77357020497458, 6.654488042401676
0.0021456913827655306, 0.6207878651914414, 5.122460848752273E-4, 6.8051728250462675, 0.001962389615236472, 11.511871095555838, 13.8706545440748, 6.654729622516639
0.002152104208416833, 0.6226388746099946, 5.137770342276143E-4, 6.834561538601783, 0.001977281859277474, 11.648185313513025, 13.965433443775972, 6.654971202631602
0.002158517034068136, 0.6244898840285478, 5.153079835800013E-4, 6.864022013194065, 0.0019922467067657987, 11.782286422439624, 14.057844321558065, 6.655212782746564
0.0021649298597194383, 0.626340893447101, 5.168389329323883E-4, 6.893554248955288, 0.0020072843253731987, 11.91410862491205, 14.147829410803954, 6.655454362861527
0.002171342685370741, 0.6281919028656542, 5.183698822847753E-4, 6.923158246017639, 0.0020223948827722367, 12.043591154460088, 14.235336067963523, 6.65569594297649
0.0021777555110220432, 0.6300429122842073, 5.199008316371621E-4, 6.952834004513299, 0.00203757854663629, 12.170678606354006, 14.320317086672166, 6.6559375230914535
0.002184168336673346, 0.6318939217027605, 5.214317809895491E-4, 6.982581524574468, 0.0020528354846395475, 12.295321276150078, 14.402731018956754, 6.656179103206417
0.0021905811623246486, 0.6337449311213137, 5.229627303419361E-4, 7.012400806333345, 0.0020681658644570115, 12.417475506011687, 14.48254250350343, 6.656420683321379
0.0021969939879759514, 0.6355959405398669, 5.244936796943231E-4, 7.0422918499221385, 0.002083569853764497, 12.53710403907741, 14.559722601296677, 6.656662263436342
0.002203406813627254, 0.6374473184248166, 5.260246290467101E-4, 7.072204737108916, 0.0020990213619496508, 12.65417638158944, 14.634249138265996, 6.656845805396806
0.0022098196392785568, 0.639299021427175, 5.27555578399097E-4, 7.10214491391205, 0.0021145232004300693, 12.768669173168059, 14.706107055374654, 6.656978137220948
0.0022162324649298588, 0.6411507244295332, 5.290865277514839E-4, 7.132156295328812, 0.0021300985673921385, 12.880566565112149, 14.775288766003428, 6.657110469045089
0.002222645290581162, 0.6430024274318918, 5.30617477103871E-4, 7.162238881398816, 0.0021457476279047455, 12.9898606070315, 14.841794520921201, 6.6572428008692315
0.002229058116232464, 0.6448541304342501, 5.321484264562579E-4, 7.192392672161651, 0.0021614705470370133, 13.096551641394663, 14.905632780414747, 6.657375132693373
0.0022354709418837674, 0.6467058334366086, 5.33679375808645E-4, 7.22261766765693, 0.0021772674898583155, 13.200648706780035, 14.966820594375706, 6.657507464517514
0.0022418837675350694, 0.6485575364389669, 5.352103251610318E-4, 7.252913867924254, 0.002193138621438262, 13.302169949194896, 15.025383989680673, 6.657639796341656
0.002248296593186372, 0.6504092394413252, 5.367412745134188E-4, 7.2832812730032295, 0.0022090841068467125, 13.401143041991004, 15.081358365387704, 6.6577721281657976
0.0022547094188376748, 0.6522609424436836, 5.382722238658058E-4, 7.313719882933466, 0.002225104111153765, 13.497605614227187, 15.134788895607471, 6.65790445998994
0.002261122244488977, 0.654112645446042, 5.398031732181928E-4, 7.344229697754567, 0.0022411987994297618, 13.59160568764279, 15.185730940175969, 6.658036791814081
0.0022675350701402796, 0.6559643484484002, 5.413341225705796E-4, 7.374810717506143, 0.0022573683367452875, 13.683202122386719, 15.234250463316993, 6.658169123638222
0.0022739478957915825, 0.6578160514507588, 5.428650719229667E-4, 7.4054629422278095, 0.002273612888171175, 13.772465071192544, 15.28042445986361, 6.6583014554623645
0.002280360721442885, 0.6596677544531171, 5.443960212753536E-4, 7.436186371959168, 0.002289932618778491, 13.859476442668278, 15.324341389870721, 6.658433787286506
0.002286773547094188, 0.6615194574554756, 5.459269706277407E-4, 7.46698100673984, 0.0023063276936385554, 13.944330373306514, 15.366101621060384, 6.658566119110648
0.0022931863727454903, 0.6633711604578338, 5.474579199801276E-4, 7.497846846609431, 0.002322798277822921, 14.02713370827397, 15.405817879209271, 6.658698450934789
0.0022995991983967927, 0.6652228634601922, 5.489888693325145E-4, 7.52878389160756, 0.002339344536403394, 14.108006491572867, 15.443615707102307, 6.658830782758931
0.0023060120240480956, 0.6670764556945663, 5.505198186849015E-4, 7.559733681508273, 0.0023559344509172173, 14.187082464890274, 15.479633931267019, 6.658898209464193
0.002312424849699398, 0.6689301738777415, 5.520507680372885E-4, 7.590750439725593, 0.0023725978519930453, 14.26450957583261, 15.514025137282182, 6.658961309161531
0.002318837675350701, 0.6707838920609167, 5.535817173896755E-4, 7.621838052667281, 0.002389337036666366, 14.34045049527101, 15.546956153284425, 6.659024408858868
0.0023252505010020034, 0.6726376102440919, 5.551126667420625E-4, 7.652996520342336, 0.0024061521683830566, 14.415083143988017, 15.578608541931553, 6.659087508556206
0.0023316633266533063, 0.674491328427267, 5.566436160944494E-4, 7.684225842759756, 0.0024230434105890486, 14.488601228686578, 15.609179100806816, 6.659150608253543
0.0023380761523046087, 0.6763450466104421, 5.581745654468364E-4, 7.715526019928534, 0.0024400109267303273, 14.56121478737657, 15.63888037133088, 6.65921370795088
0.002344488977955911, 0.6781987647936173, 5.597055147992234E-4, 7.746897051857671, 0.0024570548802529367, 14.633150744361732, 15.66794115633909, 6.659276807648218
0.0023509018036072136, 0.6800524829767923, 5.612364641516103E-4, 7.778338938556156, 0.002474175434602971, 14.704653474535544, 15.696607046084303, 6.659339907345555
0.0023573146292585165, 0.6819062011599677, 5.627674135039974E-4, 7.809851680032997, 0.002491372753226587, 14.775985377687059, 15.7251409533197, 6.659403007042893
0.002363727454909819, 0.6837599193431427, 5.642983628563842E-4, 7.841435276297183, 0.0025086469995699873, 14.84742746210235, 15.75382365669811, 6.65946610674023
0.0023701402805611214, 0.6856136375263179, 5.658293122087712E-4, 7.873089727357714, 0.0025259983370794375, 14.91927993828068, 15.782954353437049, 6.6595292064375675
0.0023765531062124243, 0.687467355709493, 5.673602615611582E-4, 7.904815033223588, 0.0025434269292012542, 14.991862822155799, 15.81285122045816, 6.659592306134905
0.0023829659318637267, 0.6893210738926682, 5.688912109135452E-4, 7.9366111939038015, 0.002560932939381811, 15.065516548527237, 15.84385198478947, 6.659655405832242
0.0023893787575150296, 0.6911747920758434, 5.704221602659322E-4, 7.968478209407351, 0.0025785165310675357, 15.140602594290051, 15.876314502868327, 6.65971850552958
0.002395791583166332, 0.6930285102590186, 5.719531096183191E-4, 8.000416079743239, 0.0025961778677049113, 15.217504111722166, 15.910617348819034, 6.659781605226917
0.0024022044088176345, 0.6948811126258807, 5.73484058970706E-4, 8.032501932791192, 0.002613961344344845, 15.296626571987368, 15.947160412059485, 6.659926883107782
0.0024086172344689374, 0.696731584797964, 5.750150083230931E-4, 8.064806706258171, 0.0026319082689115056, 15.378398418621577, 15.986365503835795, 6.660229046611744
0.00241503006012024, 0.6985820569700472, 5.7654595767548E-4, 8.097183557365359, 0.00264993482327847, 15.463271731594784, 16.028676973359865, 6.660531210115707
0.0024214428857715423, 0.7004325291421304, 5.780769070278669E-4, 8.129632486320038, 0.002668041176623116, 15.551722901289606, 16.074562332840742, 6.66083337361967
0.0024278557114228447, 0.7022830013142136, 5.796078563802539E-4, 8.1621534933295, 0.0026862274981240917, 15.64425331325934, 16.124512892293215, 6.661135537123632
0.0024342685370741476, 0.7041334734862968, 5.811388057326409E-4, 8.194746578601052, 0.0027044939569613223, 15.741390043165467, 16.17904440347492, 6.661437700627594
0.00244068136272545, 0.7059839456583801, 5.826697550850279E-4, 8.227411742342008, 0.002722840722316011, 15.843686562488962, 16.23869771358385, 6.661739864131556
0.002447094188376753, 0.7078344178304633, 5.842007044374149E-4, 8.260148984759702, 0.0027412679633706393, 15.951723454462973, 16.30403942809278, 6.662042027635519
0.002453507014028055, 0.7096848900025464, 5.857316537898017E-4, 8.292958306061474, 0.0027597758493089607, 16.06610914118691, 16.37566258378576, 6.662344191139481
0.0024599198396793582, 0.7115353621746298, 5.872626031421888E-4, 8.325839706454683, 0.0027783645493160147, 16.187480621116222, 16.45418733103189, 6.662646354643444
0.0024663326653306603, 0.7133858343467129, 5.887935524945757E-4, 8.35879318614669, 0.0027970342325781055, 16.316504217364038, 16.540261625836568, 6.662948518147406
0.002472745490981963, 0.7152363065187961, 5.903245018469627E-4, 8.39181874534488, 0.002815785068282826, 16.45387633719375, 16.63456193200271, 6.663250681651369
0.0024791583166332656, 0.7170867786908793, 5.918554511993497E-4, 8.424916384256646, 0.0028346172256190415, 16.600324242056818, 16.737793932733684, 6.663552845155332
0.0024855711422845685, 0.7189372508629626, 5.933864005517366E-4, 8.458086103089391, 0.0028535308737768932, 16.756606828848145, 16.850693252387128, 6.663855008659294
0.0024919839679358713, 0.7207877230350459, 5.949173499041237E-4, 8.491327902050534, 0.002872526181947804, 16.92351542241912, 16.97402618832696, 6.664157172163256
0.002498396793587174, 0.722638195207129, 5.964482992565106E-4, 8.5246417813475, 0.002891603319324468, 17.101874578898666, 17.108590452550896, 6.664459335667218
0.0025048096192384762, 0.7244838206192211, 5.979792486088976E-4, 8.558051624240951, 0.0029107767366710804, 17.29254290047387, 17.255215923573036, 6.664785867908656
0.002511222444889779, 0.7263278304446495, 5.995101979612846E-4, 8.591541656914199, 0.002930037256185792, 17.496413861321518, 17.41476540834767, 6.665120523062585
0.0025176352705410816, 0.728171840270078, 6.010411473136715E-4, 8.625103939744697, 0.0029493803121441336, 17.71441664518965, 17.588135414756994, 6.665455178216515
0.0025240480961923836, 0.7300158500955063, 6.025720966660584E-4, 8.658738472987107, 0.0029688060745494483, 17.947516993989108, 17.77625693389417, 6.665789833370444
0.002530460921843687, 0.7318598599209348, 6.041030460184455E-4, 8.692445256896114, 0.0029883147134066573, 18.1967180682865, 17.980096233098863, 6.666124488524373
0.002536873747494989, 0.7337038697463631, 6.056339953708324E-4, 8.726224291726407, 0.003007906398722242, 18.463061319081497, 18.20065565913414, 6.666459143678303
0.002543286573146292, 0.7355478795717917, 6.071649447232195E-4, 8.76007557773271, 0.0030275813005042635, 18.74762737142456, 18.438974452061732, 6.666793798832232
0.0025496993987975942, 0.73739188939722, 6.086958940756063E-4, 8.793999115169747, 0.0030473395887623436, 19.051536919619966, 18.6961295693868, 6.6671284539861615
0.002556112224448897, 0.7392358992226484, 6.102268434279933E-4, 8.82799490429227, 0.0030671814335076824, 19.375951634257856, 18.973236521013867, 6.66746310914009
0.0025625250501001996, 0.7410799090480769, 6.117577927803803E-4, 8.86206294535504, 0.0030871070047530447, 19.72207508120492, 19.271450214836058, 6.667797764294019
0.0025689378757515024, 0.7429239188735053, 6.132887421327673E-4, 8.896203238612845, 0.003107116472512771, 20.091153652332665, 19.591965812901044, 6.668132419447949
0.002575350701402805, 0.7447679286989337, 6.148196914851542E-4, 8.930415784320477, 0.0031272100068027654, 20.48447750822336, 19.936019598296944, 6.668467074601878
0.0025817635270541078, 0.7466119385243621, 6.163506408375412E-4, 8.964700582732757, 0.00314738777764051, 20.903381533371732, 20.304889853398638, 6.668801729755807
0.0025881763527054098, 0.7484559483497903, 6.178815901899281E-4, 8.999057634104512, 0.003167649955045053, 21.349246302613793, 20.699897747961476, 6.669136384909737
0.002594589178356713, 0.750299958175219, 6.194125395423152E-4, 9.033486938690602, 0.003187996709037018, 21.823499061072408, 21.12240823966117, 6.669471040063666
0.002601002004008015, 0.7521431792692392, 6.209434888947021E-4, 9.06802359631177, 0.0032084500044854947, 22.327614714869053, 21.57383098395874, 6.669840131889292
0.002607414829659318, 0.7539821412136565, 6.22474438247089E-4, 9.102822720432965, 0.003229106726629517, 22.86311683547802, 22.055621256516222, 6.670395181742084
0.0026138276553106204, 0.7558211031580737, 6.24005387599476E-4, 9.13769526663155, 0.003249849954215519, 23.431578675650655, 22.56928088578095, 6.670950231594875
0.002620240480961923, 0.757660065102491, 6.25536336951863E-4, 9.172641235611927, 0.0032706798629164755, 24.034624198220094, 23.116359197274665, 6.671505281447667
0.0026266533066132258, 0.7594990270469082, 6.2706728630425E-4, 9.207660628078582, 0.0032915966284097252, 24.67392911732561, 23.69845396892479, 6.672060331300459
0.002633066132264528, 0.7613379889913254, 6.28598235656637E-4, 9.242753444736072, 0.0033126004263769673, 25.35122195227744, 24.317212397810636, 6.672615381153251
0.0026394789579158306, 0.7631769509357426, 6.301291850090238E-4, 9.277919686289032, 0.003333691432504263, 26.068285094172666, 24.974332078301437, 6.673170431006042
0.0026458917835671335, 0.7650159128801599, 6.316601343614109E-4, 9.313159353442176, 0.0033548698224820433, 26.826955884835378, 25.671561991239304, 6.673725480858834
0.002652304609218436, 0.766854874824577, 6.331910837137978E-4, 9.348472446900292, 0.003376135772005095, 27.629127709608866, 26.41070350565175, 6.674280530711625
0.0026587174348697384, 0.7686938367689942, 6.347220330661848E-4, 9.38385896736825, 0.0033974894567725777, 28.47675110168733, 27.193611390631023, 6.674835580564417
0.0026651302605210417, 0.7705327987134116, 6.362529824185719E-4, 9.419318915550997, 0.003418931052488013, 29.371834860589146, 28.02219484008764, 6.675390630417208
0.0026715430861723437, 0.7723717606578286, 6.377839317709587E-4, 9.454852292153547, 0.003440460734859286, 30.316447182927767, 28.89841850835506, 6.67594568027
0.002677955911823647, 0.7742107226022461, 6.393148811233458E-4, 9.490459097881011, 0.0034620786795986572, 31.312716806741292, 29.824303558093252, 6.676500730122791
0.002684368737474949, 0.7760496845466631, 6.408458304757327E-4, 9.526139333438554, 0.0034837850624227437, 32.36283416853115, 30.801928719493585, 6.677055779975583
0.002690781563126252, 0.7778886464910804, 6.423767798281197E-4, 9.561892999531436, 0.003505580059052539, 33.46905257401942, 31.8334313617732, 6.6776108298283745
0.0026971943887775544, 0.7797276084354976, 6.439077291805067E-4, 9.59772009686499, 0.0035274638452134025, 34.633689381912454, 32.921008576416355, 6.678165879681166
0.0027036072144288573, 0.7815627641399011, 6.454386785328936E-4, 9.633719573559135, 0.0035495004611235306, 35.85912720132214, 34.06691827257311, 6.6788140739709805
0.0027100200400801593, 0.7833949594354048, 6.469696278852805E-4, 9.669870146571292, 0.003571676767028893, 37.1478151019573, 35.27348028383545, 6.679534713934035
0.002716432865731462, 0.7852271547309088, 6.485005772376676E-4, 9.70609505520217, 0.0035939435155500224, 38.502269839153755, 36.54307748853049, 6.680255353897089
0.0027228456913827646, 0.7870593500264125, 6.500315265900545E-4, 9.742394300645408, 0.0036163008868909225, 39.9250770908249, 37.87815694041184, 6.680975993860144
0.0027292585170340675, 0.7888915453219165, 6.515624759424416E-4, 9.778767884094831, 0.0036387490612630295, 41.41889270952526, 39.281231013095024, 6.681696633823198
0.00273567134268537, 0.7907237406174202, 6.530934252948284E-4, 9.815215806744419, 0.0036612882188851886, 42.98644398731465, 40.75487855584681, 6.6824172737862515
0.0027420841683366724, 0.7925559359129241, 6.546243746472154E-4, 9.851738069788333, 0.003683918539983678, 44.63053093499619, 42.301746062304204, 6.683137913749306
0.0027484969939879753, 0.794388131208428, 6.561553239996024E-4, 9.888334674420895, 0.0037066402047921934, 46.354027574874905, 43.92454885124534, 6.68385855371236
0.0027549098196392777, 0.7962203265039318, 6.576862733519894E-4, 9.925005621836597, 0.003729453393551856, 48.15988324728077, 45.62607225965707, 6.684579193675415
0.00276132264529058, 0.7980525217994355, 6.592172227043762E-4, 9.9617509132301, 0.003752358286511213, 50.05112393207893, 47.409172849392554, 6.685299833638469
0.002767735470941883, 0.7998847170949396, 6.607481720567633E-4, 9.998570549796243, 0.0037753550639262464, 52.030853582767236, 49.27677962485847, 6.686020473601523
0.0027741482965931855, 0.8017169123904433, 6.622791214091502E-4, 10.035464532730018, 0.003798443906060353, 54.1022554760486, 51.23189526466906, 6.686741113564577
0.0027805611222444884, 0.8035491076859472, 6.638100707615373E-4, 10.072432863226602, 0.003821624993184375, 56.2685935748516, 53.277597365342835, 6.687461753527631
0.002786973947895791, 0.8053813029814509, 6.653410201139242E-4, 10.109475542481327, 0.0038448985055765756, 58.53321390600313, 55.41703969811019, 6.688182393490686
0.0027933867735470933, 0.8072134982769549, 6.668719694663111E-4, 10.146592571689705, 0.0038682646235226542, 60.89954595192822, 57.65345347817676, 6.68890303345374
0.002799799599198396, 0.8090456935724587, 6.684029188186981E-4, 10.183783952047417, 0.0038917235273157463, 63.371104057177234, 59.99014864735601, 6.689623673416794
0.0028062124248496986, 0.8108674767989581, 6.699338681710851E-4, 10.22144965749971, 0.003915543352547592, 65.95148884913267, 62.430515169347935, 6.6907057883050065
0.0028126252505010006, 0.8126889241522638, 6.71464817523472E-4, 10.25920469733683, 0.0039394676080205075, 68.64438867336797, 64.97802433808485, 6.691799563674676
0.002819038076152304, 0.8145103715055696, 6.729957668758591E-4, 10.297036204965499, 0.003963487882886836, 71.45358104375745, 67.63623009936735, 6.692893339044345
0.0028254509018036064, 0.8163318188588754, 6.74526716228246E-4, 10.334944183164229, 0.003987604368241604, 74.38293410723831, 70.40877038543833, 6.693987114414014
0.0028318637274549092, 0.8181532662121811, 6.76057665580633E-4, 10.372928634712132, 0.00401181725519726, 77.4364081229198, 73.29936846251262, 6.695080889783684
0.0028382765531062117, 0.8199747135654869, 6.7758861493302E-4, 10.410989562388904, 0.004036126734883672, 80.61805695699506, 76.31183429245696, 6.696174665153353
0.002844689378757514, 0.8217961609187925, 6.791195642854069E-4, 10.44912696897484, 0.004060532998448127, 83.93202959157345, 79.45006590675882, 6.697268440523023
0.002851102204408817, 0.8236176082720984, 6.80650513637794E-4, 10.48734085725083, 0.004085036237055345, 87.38257164894982, 82.71805079442062, 6.698362215892692
0.0028575150300601195, 0.825439055625404, 6.821814629901808E-4, 10.525631229998336, 0.004109636641887476, 90.97402693118856, 86.11986730356222, 6.6994559912623615
0.002863927855711422, 0.8272605029787097, 6.837124123425678E-4, 10.563998089999437, 0.004134334404144113, 94.7108389739865, 89.65968605557894, 6.70054976663203
0.002870340681362725, 0.8290819503320155, 6.852433616949548E-4, 10.602441440036785, 0.004159129715042284, 98.59755261669633, 93.34177137403036, 6.701643542001699
0.0028767535070140272, 0.8309033976853212, 6.867743110473418E-4, 10.64096128289363, 0.0041840227658164674, 102.6388155872003, 97.17048272662453, 6.702737317371369
0.00288316633266533, 0.832724845038627, 6.883052603997287E-4, 10.67955762135381, 0.004209013747718591, 106.83938010167967, 101.15027618043315, 6.703831092741038
0.0028895791583166326, 0.8345462923919327, 6.898362097521157E-4, 10.71823045820176, 0.0042341028520180395, 111.20410448061345, 105.28570587181159, 6.704924868110708
0.0028959919839679346, 0.8363677397452384, 6.913671591045026E-4, 10.756979796222497, 0.004259290270001655, 115.73795477965018, 109.58142548945217, 6.706018643480377
0.002902404809619238, 0.8381785039102935, 6.928981084568897E-4, 10.796022507956746, 0.004284726461616844, 120.44600643597744, 114.04218977129543, 6.7073009774487256
0.00290881763527054, 0.8399714627615973, 6.944290578092766E-4, 10.83550525268862, 0.004310514456768879, 125.33344593108062, 118.67285601619326, 6.708897575748205
0.002915230460921843, 0.8417644216129011, 6.959600071616635E-4, 10.875067530097084, 0.0043364052206723526, 130.4055724679785, 123.47838560824889, 6.710494174047685
0.0029216432865731452, 0.8435573804642049, 6.974909565140505E-4, 10.914709346187976, 0.004362398960813677, 135.66779966517572, 128.46384555640327, 6.712090772347166
0.002928056112224448, 0.8453503393155088, 6.990219058664375E-4, 10.954430706968965, 0.004388495884717329, 141.12565726610543, 133.6344100476015, 6.713687370646645
0.0029344689378757506, 0.8471432981668127, 7.005528552188245E-4, 10.994231618449568, 0.0044146961999458655, 146.78479286441265, 138.9953620142088, 6.7152839689461254
0.0029408817635270534, 0.8489362570181166, 7.020838045712115E-4, 11.034112086641134, 0.004441000114099934, 152.65097364490273, 144.5520947153194, 6.716880567245606
0.0029472945891783555, 0.8507292158694203, 7.036147539235983E-4, 11.074072117556852, 0.004467407834818287, 158.73008814144345, 150.31011333338736, 6.718477165545085
0.0029537074148296588, 0.8525221747207243, 7.051457032759854E-4, 11.11411171721176, 0.004493919569777807, 165.02814800982347, 156.27503658397927, 6.720073763844566
0.0029601202404809608, 0.854315133572028, 7.066766526283723E-4, 11.154230891622715, 0.0045205355266934935, 171.55128981761732, 162.4525983408285, 6.721670362144046
0.0029665330661322637, 0.8561080924233319, 7.082076019807593E-4, 11.194429646808437, 0.004547255913318513, 178.30577684978456, 168.84864927493143, 6.723266960443525
0.002972945891783566, 0.8579010512746358, 7.097385513331463E-4, 11.234707988789474, 0.004574080937444184, 185.29800093086365, 175.46915850838366, 6.724863558743006
0.002979358717434869, 0.8596940101259396, 7.112695006855332E-4, 11.275065923588208, 0.004601010806900004, 192.53448426350198, 182.3202152828732, 6.726460157042486
0.0029857715430861714, 0.8614869689772435, 7.128004500379202E-4, 11.315503457228868, 0.004628045729553661, 200.02188128285678, 189.40803064219108, 6.7280567553419655
0.0029921843687374743, 0.8632799278285473, 7.143313993903072E-4, 11.356020595737519, 0.004655185913311051, 207.76698052891703, 196.738939130974, 6.729653353641446
0.0029985971943887768, 0.8650728866798512, 7.158623487426942E-4, 11.396617345142065, 0.004682431566116287, 215.7767065337364, 204.31940050648618, 6.731249951940926
0.003005010020040079, 0.8668323034388719, 7.173932980950812E-4, 11.437933464762727, 0.004710241850674731, 224.05812172641902, 212.1560014664028, 6.73337966843152
0.003011422845691382, 0.8685823284120532, 7.189242474474681E-4, 11.479512292569034, 0.004738291603553795, 232.61842835412176, 220.2554573906846, 6.735658658015626
0.0030178356713426845, 0.8703323533852345, 7.204551967998551E-4, 11.52117519526861, 0.004766453172064339, 241.464970420969, 228.62461409978792, 6.737937647599733
0.0030242484969939874, 0.872082378358416, 7.219861461522421E-4, 11.56292218534915, 0.004794726789381417, 250.60523564209217, 237.27044962594348, 6.740216637183838
0.0030306613226452894, 0.8738324033315972, 7.23517095504629E-4, 11.604753275303697, 0.004823112688760425, 260.04685741626065, 246.20007600124453, 6.742495626767944
0.0030370741482965927, 0.8755824283047786, 7.25048044857016E-4, 11.64666847763066, 0.004851611103537149, 269.7976168147263, 255.4207410602462, 6.744774616352051
0.0030434869739478948, 0.8773324532779598, 7.265789942094029E-4, 11.68866780483377, 0.0048802222671277835, 279.86544458694533, 264.9398302573255, 6.7470536059361566
0.0030498997995991976, 0.8790824782511412, 7.281099435617899E-4, 11.730751269422129, 0.004908946413029004, 290.25842318403744, 274.764868500187, 6.749332595520262
0.0030563126252505, 0.8808325032243225, 7.296408929141769E-4, 11.772918883910181, 0.004937783774817987, 300.9847887988104, 284.90352199791414, 6.751611585104369
0.003062725450901803, 0.8825825281975039, 7.311718422665639E-4, 11.815170660817714, 0.004966734586152451, 312.05293342364337, 295.3636001250069, 6.753890574688475
0.0030691382765531054, 0.8843325531706853, 7.327027916189508E-4, 11.857506612669871, 0.0049957990807707065, 323.4714069253469, 306.153057300517, 6.7561695642725805
0.0030755511022044083, 0.8860825781438666, 7.342337409713378E-4, 11.899926751997146, 0.005024977492491693, 335.24891913783677, 317.2799948832448, 6.758448553856687
0.0030819639278557103, 0.8878326031170478, 7.357646903237247E-4, 11.942431091335369, 0.005054270055215019, 347.39434197155504, 328.7526630814668, 6.760727543440793
0.0030883767535070136, 0.8895826280902293, 7.372956396761118E-4, 11.98501964322574, 0.005083677002921007, 359.91671154088834, 340.5794628790466, 6.7630065330249
0.0030947895791583156, 0.8913326530634106, 7.388265890284987E-4, 12.027692420214787, 0.005113198569670723, 372.8252303100249, 352.7689479779672, 6.765285522609005
0.003101202404809618, 0.893068973117987, 7.403575383808856E-4, 12.070671629388064, 0.005142999493004018, 386.1292692542481, 365.3298267542031, 6.767742101074578
0.003107615230460921, 0.8947459051919427, 7.418884877332726E-4, 12.114701989005733, 0.005173633516237073, 399.83837004210767, 378.2709642328204, 6.7709682313598405
0.0031140280561122234, 0.8964228372658984, 7.434194370856596E-4, 12.158823454261706, 0.005204391589190745, 413.9622472324331, 391.60138407583145, 6.774194361645102
0.0031204408817635263, 0.8980997693398541, 7.449503864380466E-4, 12.203036050886936, 0.00523527398748357, 428.5107904913401, 405.3302705879492, 6.777420491930364
0.0031268537074148287, 0.8997767014138098, 7.464813357904336E-4, 12.247339804627543, 0.005266280986902978, 443.4940668261219, 419.46697073748993, 6.780646622215626
0.003133266533066131, 0.9014536334877654, 7.480122851428204E-4, 12.29173474124483, 0.005297412863405415, 458.9223228375028, 434.02099619356727, 6.783872752500888
0.003139679358717434, 0.9031305655617212, 7.495432344952075E-4, 12.336220886515266, 0.005328669893116462, 474.8059869900722, 449.0020253794327, 6.78709888278615
0.0031460921843687365, 0.9048074976356768, 7.510741838475944E-4, 12.380798266230485, 0.005360052352330936, 491.1556719010044, 464.4199055421986, 6.790325013071412
0.003152505010020039, 0.9064844297096325, 7.526051331999814E-4, 12.425466906197322, 0.005391560517513027, 507.98217664625747, 480.28465483794486, 6.793551143356674
0.003158917835671342, 0.9081613617835882, 7.541360825523683E-4, 12.470226832237758, 0.0054231946652964, 525.2964890866286, 496.60646443482113, 6.796777273641935
0.0031653306613226443, 0.9098382938575439, 7.556670319047553E-4, 12.515078070188967, 0.005454955072484313, 543.1097882102514, 513.3957006303813, 6.800003403927198
0.0031717434869739476, 0.9115152259314997, 7.571979812571424E-4, 12.560020645903286, 0.00548684201604974, 561.4334464953455, 530.6629069873184, 6.80322953421246
0.0031781563126252496, 0.9131921580054553, 7.587289306095293E-4, 12.605054585248224, 0.005518855773135474, 580.2790322903088, 548.4188064843959, 6.806455664497721
0.003184569138276552, 0.914869090079411, 7.602598799619163E-4, 12.650179914106475, 0.005550996621054261, 599.6583122125822, 566.6743036841038, 6.809681794782984
0.003190981963927855, 0.9165460221533667, 7.617908293143032E-4, 12.695396658375902, 0.005583264837288902, 619.583253567296, 585.4404869181665, 6.812907925068246
0.0031973947895791574, 0.9182229542273224, 7.633217786666902E-4, 12.740704843969533, 0.0056156606994923735, 640.0660267824792, 604.7286304874151, 6.8161340553535075
0.00320380761523046, 0.9198032037665649, 7.648527280190771E-4, 12.786888968860968, 0.00564878449107191, 661.119007865345, 624.5501968807059, 6.819957873504212
0.0032102204408817627, 0.9213173020978461, 7.663836773714642E-4, 12.83370785409191, 0.005682455237482554, 682.7547808763596, 644.9168390096005, 6.8241906359839035
0.003216633266533065, 0.9228314004291273, 7.679146267238511E-4, 12.880626461423315, 0.005716264828408377, 704.9861404218717, 665.8404024594669, 6.8284233984635945
0.003223046092184368, 0.9243454987604085, 7.694455760762381E-4, 12.927644836600415, 0.005750213595072194, 727.8260941662626, 687.3329277579143, 6.832656160943286
0.0032294589178356705, 0.9258595970916895, 7.70976525428625E-4, 12.974763025402666, 0.005784301869003357, 751.2878653638005, 709.4066526611404, 6.836888923422977
0.003235871743486973, 0.9273736954229707, 7.72507474781012E-4, 13.02198107364384, 0.005818529982038052, 775.3848954085528, 732.0740144557717, 6.841121685902668
0.003242284569138276, 0.9288877937542518, 7.74038424133399E-4, 13.069299027171954, 0.0058528982663195415, 800.1308464037872, 755.3476522784534, 6.84535444838236
0.0032486973947895782, 0.9304018920855329, 7.75569373485786E-4, 13.116716931869302, 0.005887407054298424, 825.5396037513686, 779.2404094531569, 6.849587210862051
0.0032551102204408807, 0.9319159904168139, 7.771003228381728E-4, 13.164234833652445, 0.005922056678732912, 851.6252787594096, 803.7653358444715, 6.853819973341742
0.0032615230460921836, 0.9334300887480952, 7.786312721905599E-4, 13.21185277847223, 0.005956847472689087, 878.4022112705554, 828.9356902296822, 6.858052735821434
0.003267935871743486, 0.9349441870793762, 7.801622215429468E-4, 13.259570812313743, 0.005991779769541149, 905.8849723084944, 854.7649426866503, 6.862285498301125
0.003274348697394789, 0.9364582854106576, 7.816931708953339E-4, 13.307388981196382, 0.006026853902971708, 934.0883667454061, 881.2667770006277, 6.866518260780817
0.003280761523046091, 0.9379723837419386, 7.832241202477208E-4, 13.355307331173776, 0.00606207020697201, 963.0274359878788, 908.455093087157, 6.870751023260508
0.003287174348697394, 0.9394864820732197, 7.847550696001077E-4, 13.403325908333855, 0.006097429015842234, 992.7174606830794, 936.3440094333724, 6.8749837857401985
0.0032935871743486962, 0.9410005804045009, 7.862860189524947E-4, 13.451444758798804, 0.006132930664191732, 1023.1739634447641, 964.9478655566807, 6.87921654821989
0.003299999999999999, 0.942514678735782, 7.878169683048817E-4, 13.499663928725079, 0.006168575486939297, 1054.4127115987799, 994.2812244807695, 6.883449310699581
