phi0, phi, rho, Z_fit_curve, F_ex_fit_per_V, mu_kT, PV_NkT, alpha
1.0000000000000005E-4, 0.02895990171168942, 2.387324146378431E-5, 1.074510260996018, 1.9011490220439494E-6, -32.318313945678526, -29.37752296942226, 6.615753641975305
1.0641282565130265E-4, 0.03081677403285228, 2.540419081617128E-5, 1.0786288355003446, 2.143964858656571E-6, -30.4242380947152, -25.770617282784915, 6.615771091194731
1.1282565130260525E-4, 0.032673646354015144, 2.6935140168558247E-5, 1.082675180604297, 2.4002882606336953E-6, -28.62699135515096, -22.56013745092307, 6.615788540414158
1.1923847695390786E-4, 0.03453051867517801, 2.8466089520945217E-5, 1.0866505368165928, 2.669949570569143E-6, -26.923127882119978, -19.689184763511978, 6.615805989633585
1.2565130260521045E-4, 0.03638739099634087, 2.9997038873332187E-5, 1.0905561446459504, 2.95278166326754E-6, -25.30928752725258, -17.112032105922136, 6.6158234388530115
1.3206412825651306E-4, 0.03824426331750373, 3.152798822571916E-5, 1.0943932446010867, 3.248619945744333E-6, -23.782194393938596, -14.791426819484403, 6.615840888072438
1.3847695390781567E-4, 0.040101135638666595, 3.305893757810612E-5, 1.09816307719072, 3.5573023572257688E-6, -22.338655407576034, -12.696642664195052, 6.615858337291865
1.4488977955911825E-4, 0.04195800795982946, 3.458988693049309E-5, 1.101866882923568, 3.878669369148914E-6, -20.97555890073226, -10.802048800706443, 6.615875786511292
1.513026052104209E-4, 0.04381488028099232, 3.612083628288006E-5, 1.1055059023083482, 4.212563985161645E-6, -19.689873213144782, -9.0860424015227, 6.615893235730718
1.5771543086172347E-4, 0.04567175260215518, 3.765178563526703E-5, 1.1090813758537788, 4.558831741122648E-6, -18.478645306488925, -7.530241396929425, 6.615910684950145
1.6412825651302606E-4, 0.04752862492331804, 3.9182734987653996E-5, 1.1125945440685767, 4.917320705101419E-6, -17.338999393839273, -6.118866211086013, 6.615928134169572
1.705410821643287E-4, 0.04938549724448091, 4.071368434004097E-5, 1.1160466474614612, 5.287881477378274E-6, -16.26813558375239, -4.838260745582953, 6.615945583388998
1.7695390781563127E-4, 0.051242369565643764, 4.2244633692427936E-5, 1.1194389265411484, 5.670367190444332E-6, -15.263328538897877, -3.6765172891864935, 6.615963032608425
1.833667334669339E-4, 0.053099241886806633, 4.377558304481491E-5, 1.1227726218163572, 6.064633509001528E-6, -14.321926149164721, -2.623179914712398, 6.615980481827852
1.897795591182365E-4, 0.054956114207969496, 4.5306532397201875E-5, 1.126048973795805, 6.470538629962604E-6, -13.441348219170468, -1.6690078008268678, 6.615997931047279
1.961923847695391E-4, 0.05681298652913236, 4.683748174958884E-5, 1.1292692229882093, 6.887943282451118E-6, -12.619085170099975, -0.8057847704101839, 6.616015380266706
2.0260521042084168E-4, 0.05866996724383064, 4.836843110197581E-5, 1.1324356336225103, 7.316760243542458E-6, -11.852696755801464, -0.026164808261923727, 6.616045934069786
2.090180360721443E-4, 0.060527106379849926, 4.9899380454362775E-5, 1.1355500308936997, 7.756889184056075E-6, -11.139810793066202, 0.6764541664075716, 6.616095640725897
2.154308617234469E-4, 0.06238424551586922, 5.143032980674975E-5, 1.1386122064812543, 8.208131303148921E-6, -10.478121906020034, 1.3080341577452843, 6.616145347382008
2.218436873747495E-4, 0.0642413846518885, 5.2961279159136715E-5, 1.14162340089875, 8.67035819195918E-6, -9.865390284552971, 1.8739831053965021, 6.616195054038119
2.2825651302605212E-4, 0.0660985237879078, 5.449222851152369E-5, 1.1445848546597632, 9.143443973865608E-6, -9.299440456714613, 2.3792265583109833, 6.61624476069423
2.3466933867735473E-4, 0.06795566292392707, 5.6023177863910654E-5, 1.1474978082778693, 9.627265304487502E-6, -8.778160075002258, 2.8282677507695433, 6.616294467350341
2.4108216432865734E-4, 0.06981280205994637, 5.755412721629763E-5, 1.150363502266645, 1.0121701371684762E-5, -8.299498716469072, 3.225238238005499, 6.6163441740064535
2.4749498997995995E-4, 0.07166994119596566, 5.9085076568684594E-5, 1.1531831771396663, 1.0626633895557807E-5, -7.861466696579317, 3.573940801612235, 6.616393880662565
2.539078156312625E-4, 0.07352708033198493, 6.061602592107156E-5, 1.1559580734105093, 1.114194712844767E-5, -7.462133896737934, 3.8778859893931696, 6.616443587318676
2.6032064128256516E-4, 0.07538421946800423, 6.214697527345853E-5, 1.1586894315927503, 1.166752785493592E-5, -7.099628605421527, 4.1403233853838906, 6.616493293974787
2.667334669338677E-4, 0.07724135860402352, 6.36779246258455E-5, 1.1613784921999653, 1.2203265391844705E-5, -6.772136372838045, 4.364268495039379, 6.616543000630898
2.7314629258517033E-4, 0.0790984977400428, 6.520887397823247E-5, 1.164026495745731, 1.2749051588236729E-5, -6.477898879042106, 4.552525964371372, 6.616592707287009
2.7955911823647294E-4, 0.08095563687606208, 6.673982333061943E-5, 1.1666346827436236, 1.3304780825415288E-5, -6.215212815433671, 4.707709719925575, 6.61664241394312
2.859719438877756E-4, 0.0828127760120814, 6.827077268300641E-5, 1.16920429370722, 1.387035001692423E-5, -5.982428779566269, 4.832260511215149, 6.6166921205992315
2.923847695390781E-4, 0.08466991514810066, 6.980172203539337E-5, 1.1717365691500965, 1.4445658608547963E-5, -5.777950183193063, 4.928461252730208, 6.616741827255343
2.9879759519038077E-4, 0.08652705428411996, 7.133267138778035E-5, 1.1742327495858291, 1.5030608578311492E-5, -5.600232173477007, 4.998450494471877, 6.616791533911455
3.052104208416834E-4, 0.08838459916570192, 7.286362074016731E-5, 1.1766932115220479, 1.562504148187867E-5, -5.447780567292905, 5.0442342946754986, 6.616833900414006
3.11623246492986E-4, 0.09024223768087526, 7.439457009255428E-5, 1.179119819568539, 1.6228906822876875E-5, -5.319150798548007, 5.067696723346842, 6.616874573034968
3.1803607214428854E-4, 0.0920998761960486, 7.592551944494125E-5, 1.1815140094310392, 1.6842127894249925E-5, -5.212946878448781, 5.070609188363371, 6.616915245655929
3.2444889779559115E-4, 0.09395751471122195, 7.745646879732821E-5, 1.1838770216212935, 1.7464616597462176E-5, -5.127820368640728, 5.0546387455848745, 6.616955918276891
3.308617234468938E-4, 0.0958151532263953, 7.898741814971519E-5, 1.1862100966510472, 1.8096287366207352E-5, -5.062469367148517, 5.021355529392677, 6.616996590897852
3.372745490981963E-4, 0.09767279174156863, 8.051836750210215E-5, 1.1885144750320458, 1.8737057166408557E-5, -5.015637507043502, 4.972239419337175, 6.617037263518814
3.43687374749499E-4, 0.09953043025674199, 8.204931685448913E-5, 1.190791397276035, 1.9386845496218215E-5, -4.986112967765968, 4.908686041313537, 6.617077936139775
3.501002004008016E-4, 0.10138806877191534, 8.358026620687609E-5, 1.1930421038947598, 2.0045574386018114E-5, -4.972727499029227, 4.8320121872746995, 6.6171186087607365
3.565130260521042E-4, 0.10324570728708868, 8.511121555926306E-5, 1.1952678353999657, 2.0713168398419388E-5, -4.974355457232432, 4.7434607254092755, 6.6171592813816975
3.629258517034068E-4, 0.10510334580226204, 8.664216491165004E-5, 1.1974698323033992, 2.138955462826258E-5, -4.989912854309856, 4.644205062554098, 6.617199954002659
3.6933867735470936E-4, 0.10696098431743536, 8.817311426403699E-5, 1.1996493351168047, 2.2074662702617492E-5, -5.018356418943166, 4.535353212040161, 6.61724062662362
3.75751503006012E-4, 0.10881862283260872, 8.970406361642397E-5, 1.2018075843519285, 2.2768424780783386E-5, -5.0586826700643615, 4.417951512915253, 6.617281299244582
3.821643286573147E-4, 0.11067626134778208, 9.123501296881095E-5, 1.203945820520516, 2.347077555428882E-5, -5.1099270025761045, 4.292988040328942, 6.617321971865544
3.885771543086172E-4, 0.11253389986295541, 9.27659623211979E-5, 1.2060652841343131, 2.4181652246891688E-5, -5.171162785217473, 4.161395741618473, 6.617362644486505
3.9498997995991985E-4, 0.11439153837812878, 9.429691167358488E-5, 1.2081672157050651, 2.4900994614579318E-5, -5.241500470500597, 4.024055328161335, 6.617403317107467
4.014028056112224E-4, 0.11624893436153043, 9.582786102597184E-5, 1.2102532791826235, 2.5628785522736246E-5, -5.320086716647546, 3.8817979492193717, 6.617446724477762
4.07815631262525E-4, 0.11810546416003333, 9.735881037835882E-5, 1.2123258416435163, 2.636508141760237E-5, -5.406103521452789, 3.7354076707140726, 6.6174998988099665
4.1422845691382757E-4, 0.11996199395853618, 9.888975973074577E-5, 1.2143846555044993, 2.7109689613424793E-5, -5.498767367999384, 3.5856237790357475, 6.617553073142171
4.2064128256513023E-4, 0.12181852375703907, 1.0042070908313275E-4, 1.2164309612799507, 2.7862560279706143E-5, -5.597328382155685, 3.4331429275473706, 6.617606247474375
4.270541082164329E-4, 0.12367505355554195, 1.0195165843551973E-4, 1.2184659994842488, 2.8623646118194507E-5, -5.701069501780192, 3.278621141327811, 6.617659421806579
4.334669338677354E-4, 0.1255315833540448, 1.0348260778790668E-4, 1.220491010631771, 2.93929023628834E-5, -5.809305657560615, 3.1226756938704368, 6.617712596138783
4.3987975951903806E-4, 0.1273881131525477, 1.0501355714029366E-4, 1.2225072352368958, 3.0170286780011892E-5, -5.9213829654162256, 2.965886867855436, 6.617765770470987
4.462925851703406E-4, 0.12924464295105056, 1.0654450649268062E-4, 1.2245159138140012, 3.095575966806449E-5, -6.036677930388108, 2.808799610735551, 6.617818944803191
4.527054108216433E-4, 0.13110117274955344, 1.080754558450676E-4, 1.2265182868774656, 3.1749283857771195E-5, -6.154596661947159, 2.6519250946571624, 6.617872119135395
4.591182364729458E-4, 0.1329577025480563, 1.0960640519745455E-4, 1.2285155949416673, 3.255082471210747E-5, -6.2745741006447755, 2.4957421891894573, 6.617925293467599
4.6553106212424844E-4, 0.13481423234655918, 1.1113735454984153E-4, 1.2305090785209842, 3.33603501262943E-5, -6.396073256035058, 2.340698854400795, 6.617978467799803
4.719438877755511E-4, 0.13667076214506207, 1.1266830390222851E-4, 1.2324999781297954, 3.4177830527798175E-5, -6.518584455794113, 2.18721346101551, 6.618031642132007
4.783567134268536E-4, 0.13852729194356492, 1.1419925325461546E-4, 1.234489534282479, 3.500323887633096E-5, -6.641624605965805, 2.0356760436615717, 6.618084816464211
4.8476953907815627E-4, 0.14038382174206782, 1.1573020260700244E-4, 1.2364789874934141, 3.583655066385011E-5, -6.764736462258325, 1.8864494925984177, 6.6181379907964155
4.911823647294588E-4, 0.1422403515405707, 1.172611519593894E-4, 1.2384695782769786, 3.6677743914558496E-5, -6.887487912320815, 1.739870688751377, 6.61819116512862
4.975951903807615E-4, 0.14409688133907356, 1.1879210131177638E-4, 1.2404625471475514, 3.752679918490454E-5, -7.009471268927978, 1.5962515863896063, 6.618244339460824
5.04008016032064E-4, 0.1459534760333146, 1.2032305066416333E-4, 1.2424582086997866, 3.838358815409611E-5, -7.130302573995181, 1.4558802473553714, 6.618292752418426
5.104208416833667E-4, 0.1478101096649986, 1.2185400001655031E-4, 1.2444581431487594, 3.924813358435269E-5, -7.249620913358681, 1.319021830353666, 6.618338308551268
5.168336673346693E-4, 0.14966674329668261, 1.233849493689373E-4, 1.246464139482162, 4.012048860979613E-5, -7.36708774224006, 1.1859195384847876, 6.618383864684109
5.232464929859718E-4, 0.15152337692836657, 1.2491589872132424E-4, 1.248477438212686, 4.1000643742285695E-5, -7.4823862213292065, 1.0567955278816525, 6.618429420816951
5.296593186372745E-4, 0.15338001056005057, 1.2644684807371122E-4, 1.2504992798530226, 4.188859202591564E-5, -7.595220563407559, 0.9318517800544589, 6.618474976949792
5.36072144288577E-4, 0.15523664419173452, 1.2797779742609817E-4, 1.2525309049158628, 4.278432903701548E-5, -7.70531539044141, 0.8112709402959466, 6.618520533082633
5.424849699398797E-4, 0.15709327782341853, 1.2950874677848515E-4, 1.254573553913899, 4.368785288414989E-5, -7.81241510107333, 0.6952171242832031, 6.618566089215475
5.488977955911824E-4, 0.1589499114551025, 1.3103969613087213E-4, 1.2566284673598214, 4.4599164208118556E-5, -7.916283248436084, 0.5838366948244488, 6.618611645348317
5.553106212424849E-4, 0.1608065450867865, 1.325706454832591E-4, 1.2586968857663217, 4.551826618195647E-5, -8.016701928218128, 0.47725901051902203, 6.618657201481158
5.617234468937875E-4, 0.16266317871847047, 1.3410159483564607E-4, 1.2607800496460924, 4.644516451093374E-5, -8.11347117690676, 0.37559714794639465, 6.618702757614
5.6813627254509E-4, 0.16451981235015445, 1.3563254418803302E-4, 1.262879199511824, 4.7379867432555514E-5, -8.206408380138914, 0.27894859885569123, 6.618748313746841
5.745490981963927E-4, 0.16637644598183843, 1.3716349354042E-4, 1.2649955758762086, 4.832238571656226E-5, -8.29534769108164, 0.1873959437107052, 6.618793869879682
5.809619238476952E-4, 0.1682330796135224, 1.3869444289280695E-4, 1.267130419251938, 4.927273266492948E-5, -8.380139458775032, 0.1010075028183755, 6.618839426012524
5.873747494989979E-4, 0.1700897132452064, 1.4022539224519393E-4, 1.2692849701517033, 5.0230924111867885E-5, -8.460649666359803, 0.019837966180181875, 6.6188849821453655
5.937875751503006E-4, 0.1719463468768904, 1.417563415975809E-4, 1.2714604690881965, 5.119697842382329E-5, -8.536759379121076, -0.05607099689845269, 6.618930538278207
6.002004008016031E-4, 0.17380298095362715, 1.4328729094996787E-4, 1.2736582667744507, 5.217093228978506E-5, -8.608364202271524, -0.12669014747932122, 6.618976570177396
6.066132264529058E-4, 0.17565962882700067, 1.4481824030235485E-4, 1.275882948647716, 5.315329405289119E-5, -8.675373748404631, -0.1920021050651649, 6.619037350833358
6.130260521042083E-4, 0.1775162767003742, 1.4634918965474183E-4, 1.278132375568454, 5.414361093579161E-5, -8.737711114543153, -0.252000793260962, 6.61909813148932
6.194388777555109E-4, 0.1793729245737477, 1.4788013900712878E-4, 1.2804077880529914, 5.514191178104465E-5, -8.795312368708935, -0.3066909022711353, 6.6191589121452825
6.258517034068136E-4, 0.1812295724471212, 1.4941108835951576E-4, 1.2827104266176526, 5.6148227963465926E-5, -8.848126045945072, -0.3560873675409826, 6.619219692801244
6.322645290581161E-4, 0.1830862203204947, 1.509420377119027E-4, 1.2850415317787636, 5.7162593390128584E-5, -8.896112653713471, -0.4002148638957011, 6.619280473457207
6.386773547094188E-4, 0.18494286819386824, 1.524729870642897E-4, 1.2874023440526496, 5.8185044500363104E-5, -8.9392441865978, -0.43910731458224006, 6.619341254113168
6.450901803607213E-4, 0.1867995160672417, 1.5400393641667664E-4, 1.2897941039556362, 5.9215620265757384E-5, -8.977503650235818, -0.47280741465645004, 6.619402034769131
6.51503006012024E-4, 0.18865616394061524, 1.5553488576906362E-4, 1.2922180520040498, 6.025436219015683E-5, -9.010884594414334, -0.5013661682064214, 6.619462815425092
6.579158316633265E-4, 0.19051281181398877, 1.570658351214506E-4, 1.2946754287142153, 6.130131430966415E-5, -9.039390655244638, -0.5248424389210206, 6.619523596081055
6.643286573146292E-4, 0.19236945968736227, 1.5859678447383759E-4, 1.297167474602459, 6.235652319263948E-5, -9.063035106356379, -0.543302513566797, 6.619584376737016
6.707414829659318E-4, 0.19422610756073577, 1.6012773382622454E-4, 1.2996954301851076, 6.342003793970051E-5, -9.081840419027426, -0.5568196779447163, 6.619645157392979
6.771543086172344E-4, 0.1960827554341093, 1.6165868317861152E-4, 1.302260535978486, 6.449191018372214E-5, -9.095837831182475, -0.5654738049391601, 6.6197059380489405
6.83567134268537E-4, 0.19793940330748278, 1.6318963253099847E-4, 1.304864032498922, 6.55721940898369E-5, -9.105066925187174, -0.5693509542930617, 6.619766718704903
6.899799599198396E-4, 0.1997960511808563, 1.6472058188338545E-4, 1.3075071602627402, 6.666094635543458E-5, -9.109575214362533, -0.568542983761007, 6.619827499360865
6.963927855711422E-4, 0.2016526990542298, 1.662515312357724E-4, 1.3101911597862683, 6.775822621016248E-5, -9.109417738147293, -0.5631471713156357, 6.619888280016827
7.028056112224449E-4, 0.20350914755888777, 1.6778248058815938E-4, 1.3129151369370726, 6.886373725926115E-5, -9.104656665839677, -0.5532658481091421, 6.619941192549711
7.092184368737473E-4, 0.20536533973233997, 1.6931342994054634E-4, 1.3156796582224979, 6.997741987400279E-5, -9.095360908838686, -0.5390060418927435, 6.6199839889243535
7.1563126252505E-4, 0.2072215319057922, 1.7084437929293332E-4, 1.318488683617617, 7.109979258531023E-5, -9.081605741316297, -0.5204791306271106, 6.620026785298995
7.220440881763525E-4, 0.20907772407924444, 1.7237532864532027E-4, 1.3213434536345767, 7.223092434146229E-5, -9.06347242924964, -0.49780050603102916, 6.620069581673637
7.284569138276552E-4, 0.21093391625269667, 1.7390627799770725E-4, 1.324245208785521, 7.337088662296948E-5, -9.041047867735486, -0.4710892468165578, 6.620112378048279
7.348697394789578E-4, 0.21279010842614887, 1.754372273500942E-4, 1.3271951895825964, 7.451975344257428E-5, -9.014424226515976, -0.4404678013847794, 6.620155174422921
7.412825651302605E-4, 0.21464630059960116, 1.769681767024812E-4, 1.3301946365379478, 7.567760134525079E-5, -8.983698603646548, -0.4060616797658117, 6.6201979707975624
7.476953907815631E-4, 0.21650249277305336, 1.7849912605486816E-4, 1.3332447901637212, 7.684450940820506E-5, -8.94897268722645, -0.3679991545871388, 6.620240767172205
7.541082164328656E-4, 0.21835868494650562, 1.8003007540725514E-4, 1.3363468909720617, 7.802055924087479E-5, -8.910352425122626, -0.32641097087585363, 6.620283563546846
7.605210420841682E-4, 0.22021487711995782, 1.815610247596421E-4, 1.339502179475116, 7.920583498492979E-5, -8.867947702619135, -0.28143006451109703, 6.6203263599214885
7.669338677354709E-4, 0.22207106929341006, 1.8309197411202908E-4, 1.3427118961850293, 8.040042331427135E-5, -8.821872027908285, -0.23319128913233692, 6.62036915629613
7.733466933867734E-4, 0.2239272614668623, 1.8462292346441603E-4, 1.3459772816139473, 8.160441343503276E-5, -8.772242225356939, -0.1818311513386648, 6.620411952670772
7.797595190380761E-4, 0.22578345364031452, 1.86153872816803E-4, 1.3492995762740152, 8.281789708557899E-5, -8.719178136481267, -0.12748755401861986, 6.620454749045414
7.861723446893786E-4, 0.22763964581376672, 1.8768482216918996E-4, 1.3526800206773797, 8.404096853650706E-5, -8.662802328541025, -0.07029954763359214, 6.620497545420056
7.925851703406813E-4, 0.22949583798721898, 1.8921577152157694E-4, 1.356119855336186, 8.527372459064552E-5, -8.603239810698067, -0.010407089320817315, 6.6205403417946975
7.989979959919837E-4, 0.23135203016067118, 1.907467208739639E-4, 1.3596203207625808, 8.651626458305487E-5, -8.540617757656353, 0.0520491903417401, 6.62058313816934
8.054108216432864E-4, 0.23320866026642878, 1.9227767022635087E-4, 1.3631950723472392, 8.777107748494733E-5, -8.475065240707705, 0.1169282130554729, 6.620665856610336
8.11823647294589E-4, 0.23506537147076143, 1.9380861957873783E-4, 1.366835451328749, 8.903640615095444E-5, -8.406712966121965, 0.1840886711285193, 6.620755968026585
8.182364729458916E-4, 0.2369220826750941, 1.953395689311248E-4, 1.370540417533043, 9.031192355836192E-5, -8.335693020798816, 0.25338923855686263, 6.620846079442833
8.246492985971943E-4, 0.23877879387942677, 1.968705182835118E-4, 1.374311211486388, 9.159774025288359E-5, -8.262138625114456, 0.32468877497743265, 6.620936190859081
8.310621242484969E-4, 0.24063550508375942, 1.9840146763589877E-4, 1.378149073715053, 9.28939693125519E-5, -8.186183892879823, 0.39784652263291853, 6.621026302275329
8.374749498997995E-4, 0.24249221628809206, 1.9993241698828572E-4, 1.3820552447453034, 9.420072634771719E-5, -8.107963598356752, 0.4727222964435629, 6.621116413691577
8.438877755511022E-4, 0.24434892749242473, 2.014633663406727E-4, 1.3860309651034082, 9.551812950104842E-5, -8.027612950238534, 0.5491766673294027, 6.621206525107825
8.503006012024046E-4, 0.24620563869675738, 2.0299431569305965E-4, 1.390077475315636, 9.6846299447533E-5, -7.945267372536032, 0.6270711388795849, 6.621296636524073
8.567134268537073E-4, 0.24806234990109002, 2.0452526504544663E-4, 1.394196015908255, 9.818535939447648E-5, -7.86106229228996, 0.7062683174876876, 6.621386747940321
8.631262525050098E-4, 0.24991906110542267, 2.060562143978336E-4, 1.398387827407534, 9.953543508150285E-5, -7.775132934038925, 0.7866320760579556, 6.6214768593565685
8.695390781563125E-4, 0.25177577230975534, 2.0758716375022057E-4, 1.4026541503397425, 1.0089665478055454E-4, -7.687614120967981, 0.8680277113907806, 6.621566970772816
8.75951903807615E-4, 0.25363248351408796, 2.0911811310260752E-4, 1.4069962252311499, 1.0226914929589213E-4, -7.598640082671902, 0.9503220953432735, 6.621657082189064
8.823647294589177E-4, 0.25548919471842063, 2.106490624549945E-4, 1.4114152926080261, 1.0365305196409487E-4, -7.508344269446746, 1.03338381987954, 6.621747193605313
8.887775551102203E-4, 0.25734590592275325, 2.1218001180738145E-4, 1.4159125929966416, 1.0504849865405997E-4, -7.416859173052649, 1.1170833360937742, 6.621837305021561
8.951903807615228E-4, 0.2592026171270859, 2.1371096115976843E-4, 1.4204893669232663, 1.0645562776700346E-4, -7.324316153864709, 1.2012930873107153, 6.621927416437809
9.016032064128254E-4, 0.2610590306129852, 2.1524191051215539E-4, 1.4251481215138977, 1.0787485286180417E-4, -7.230845274342033, 1.2858876363609855, 6.622021164757493
9.08016032064128E-4, 0.2629145509435843, 2.1677285986454237E-4, 1.4298926757265198, 1.0930688215563141E-4, -7.1365751387410965, 1.3707437871173573, 6.622125823787488
9.144288577154307E-4, 0.2647700712741834, 2.1830380921692935E-4, 1.43472049743236, 1.1075105572133409E-4, -7.041632739002902, 1.455740700388191, 6.622230482817482
9.208416833667334E-4, 0.2666255916047825, 2.1983475856931633E-4, 1.439632827164057, 1.1220752242321498E-4, -6.946143306741207, 1.5407600042540794, 6.622335141847476
9.27254509018036E-4, 0.2684811119353816, 2.213657079217033E-4, 1.444630905454249, 1.1367643365793415E-4, -6.850230171252323, 1.6256858989437013, 6.62243980087747
9.336673346693386E-4, 0.2703366322659807, 2.2289665727409026E-4, 1.449715972835576, 1.1515794335450905E-4, -6.754014623486687, 1.7104052563210173, 6.6225444599074645
9.400801603206412E-4, 0.2721921525965798, 2.2442760662647724E-4, 1.4548892698406766, 1.1665220797431452E-4, -6.65761578589292, 1.794807714090814, 6.622649118937458
9.464929859719437E-4, 0.2740476729271789, 2.259585559788642E-4, 1.4601520370021919, 1.1815938651108286E-4, -6.561150488078117, 1.8787857647845185, 6.622753777967453
9.529058116232464E-4, 0.275903193257778, 2.2748950533125117E-4, 1.4655055148527631, 1.1967964049090389E-4, -6.464733148198421, 1.9622348396269864, 6.622858436997447
9.593186372745489E-4, 0.27775871358837706, 2.2902045468363812E-4, 1.4709509439250303, 1.2121313397222462E-4, -6.368475660013101, 2.0450533873600683, 6.622963096027441
9.657314629258516E-4, 0.27961423391897616, 2.305514040360251E-4, 1.4764895647516363, 1.2276003354584982E-4, -6.272487285530326, 2.1271429481010236, 6.623067755057435
9.721442885771541E-4, 0.28146975424957527, 2.3208235338841206E-4, 1.4821226178652225, 1.2432050833494136E-4, -6.176874553168494, 2.208408222322044, 6.6231724140874295
9.785571142284567E-4, 0.28332527458017437, 2.3361330274079904E-4, 1.4878513437984329, 1.2589472999501876E-4, -6.081741161360578, 2.2887571350302016, 6.623277073117423
9.849699398797593E-4, 0.2851807949107734, 2.35144252093186E-4, 1.49367698308391, 1.2748287271395912E-4, -5.987187887533818, 2.3681008952183227, 6.6233817321474175
9.91382765531062E-4, 0.2870363152413725, 2.3667520144557297E-4, 1.499600776254298, 1.290851132119964E-4, -5.8933125023830115, 2.446354050677276, 6.623486391177412
9.977955911823647E-4, 0.2888918355719716, 2.3820615079795995E-4, 1.505623963842242, 1.3070163074172295E-4, -5.800209689371359, 2.5234345382391674, 6.6235910502074065
0.0010042084168336673, 0.29074803813831435, 2.3973710015034693E-4, 1.5117319114517849, 1.3232880127873978E-4, -5.707970969384427, 2.59926372952827, 6.623654804031927
0.0010106212424849698, 0.29260459806623706, 2.4126804950273388E-4, 1.5179331623555954, 1.339684981470601E-4, -5.616684630468764, 2.673766472291245, 6.62369713132025
0.0010170340681362724, 0.2944611579941598, 2.4279899885512086E-4, 1.5242372192191902, 1.3562287486317784E-4, -5.526435662562952, 2.7468711274048054, 6.623739458608572
0.0010234468937875749, 0.29631771792208245, 2.443299482075078E-4, 1.5306453225546264, 1.372921193800453E-4, -5.43730569718267, 2.8185096015961304, 6.6237817858968935
0.0010298597194388776, 0.29817427785000516, 2.4586089755989477E-4, 1.537158712873964, 1.3897642218284686E-4, -5.3493729519518896, 2.8886173759886957, 6.623824113185216
0.0010362725450901802, 0.30003083777792783, 2.4739184691228175E-4, 1.5437786306892602, 1.406759762889974E-4, -5.26271217992936, 2.957133530523436, 6.623866440473537
0.0010426853707414829, 0.30188739770585055, 2.4892279626466873E-4, 1.550506316512575, 1.4239097724814362E-4, -5.1773946236519865, 3.024000764335652, 6.6239087677618596
0.0010490981963927853, 0.3037439576337732, 2.5045374561705566E-4, 1.5573430108559645, 1.4412162314216285E-4, -5.09348797381348, 3.089165412167358, 6.623951095050181
0.0010555110220440878, 0.30560051756169593, 2.5198469496944264E-4, 1.5642899542314908, 1.458681145851649E-4, -5.011056332526809, 3.1525774568667106, 6.623993422338503
0.0010619238476953904, 0.30745707748961865, 2.535156443218296E-4, 1.5713483871512097, 1.476306547234894E-4, -4.930160181068068, 3.214190538076336, 6.624035749626825
0.001068336673346693, 0.30931363741754136, 2.550465936742166E-4, 1.578519550127182, 1.4940944923570834E-4, -4.850856352055205, 3.273961957155714, 6.624078076915147
0.0010747494989979955, 0.31117019734546403, 2.565775430266035E-4, 1.5858046836714648, 1.5120470633262439E-4, -4.773198005978437, 3.3318526784162565, 6.6241204042034685
0.0010811623246492984, 0.3130267572733868, 2.5810849237899056E-4, 1.5932050282961183, 1.5301663675727192E-4, -4.69723461200136, 3.3878273267551147, 6.624162731491791
0.0010875751503006009, 0.31488331720130947, 2.596394417313775E-4, 1.6007218245132007, 1.5484545378491624E-4, -4.623011932977933, 3.441854181730863, 6.624205058780113
0.0010939879759519035, 0.3167398771292322, 2.6117039108376446E-4, 1.6083563128347704, 1.5669137322305406E-4, -4.5505720145952875, 3.493905168174711, 6.6242473860684346
0.0011004008016032062, 0.3185963521293055, 2.6270134043615144E-4, 1.6161114895122306, 1.585550746464925E-4, -4.479953178583233, 3.543955843391488, 6.6242938411596874
0.0011068136272545089, 0.3204515532116379, 2.642322897885384E-4, 1.6240133500346512, 1.6044332805529413E-4, -4.4111900199031755, 3.591985381035762, 6.624402213294904
0.0011132264529058113, 0.32230675429397015, 2.6576323914092535E-4, 1.632036952921248, 1.6234952040211653E-4, -4.344313407854077, 3.637976551718109, 6.624510585430121
0.001119639278557114, 0.32416195537630255, 2.6729418849331233E-4, 1.6401835387064512, 1.6427387913913832E-4, -4.279350491031988, 3.681915700404882, 6.624618957565338
0.0011260521042084166, 0.32601715645863494, 2.688251378456993E-4, 1.6484543479246907, 1.6621663425090636E-4, -4.216324706040377, 3.7237927207090578, 6.624727329700555
0.0011324649298597193, 0.32787235754096733, 2.703560871980863E-4, 1.6568506211103948, 1.681780182543355E-4, -4.1552557899049845, 3.763601026113728, 6.624835701835771
0.0011388777555110217, 0.3297275586232996, 2.718870365504732E-4, 1.6653735987979965, 1.7015826619870978E-4, -4.096159796114652, 3.801337518203002, 6.624944073970988
0.0011452905811623244, 0.331582759705632, 2.734179859028602E-4, 1.674024521521927, 1.721576156656813E-4, -4.039049114214606, 3.8370025519669375, 6.625052446106205
0.0011517034068136269, 0.3334379607879644, 2.749489352552472E-4, 1.682804629816618, 1.7417630676927056E-4, -3.9839324928599034, 3.8705998982731504, 6.6251608182414214
0.0011581162324649293, 0.3352931618702967, 2.764798846076341E-4, 1.691715164216501, 1.762145821558663E-4, -3.930815066299346, 3.9021367035207644, 6.625269190376638
0.001164529058116232, 0.33714836295262907, 2.780108339600211E-4, 1.7007573652560106, 1.7827268700422612E-4, -3.8796983841702657, 3.9316234466028317, 6.625377562511855
0.0011709418837675346, 0.33900356403496146, 2.7954178331240806E-4, 1.7099324734695804, 1.8035086902547595E-4, -3.830580444565212, 3.9590738931976968, 6.625485934647072
0.0011773547094188373, 0.34085876511729385, 2.8107273266479504E-4, 1.7192417293916429, 1.8244937846310986E-4, -3.7834557302748175, 3.9845050474920383, 6.625594306782288
0.0011837675350701397, 0.34271396619962613, 2.8260368201718197E-4, 1.7286863735566358, 1.8456846809299088E-4, -3.738315248160643, 4.00793710136539, 6.625702678917505
0.0011901803607214424, 0.3445691672819585, 2.8413463136956895E-4, 1.738267646498993, 1.8670839322335018E-4, -3.69514657154288, 4.029393381152719, 6.625811051052722
0.001196593186372745, 0.3464243683642909, 2.856655807219559E-4, 1.7479867887531506, 1.8886941169478743E-4, -3.6539338855861248, 4.048900291991454, 6.625919423187939
0.0012030060120240477, 0.34828048757035107, 2.871965300743429E-4, 1.757850677775281, 1.9105340278463342E-4, -3.6146580355453626, 4.066487259888348, 6.626039911221619
0.0012094188376753504, 0.35013764731663616, 2.887274794267299E-4, 1.7678614004916402, 1.9326089966432663E-4, -3.577296577876444, 4.082186671489957, 6.626174130606891
0.001215831663326653, 0.3519948070629212, 2.9025842877911687E-4, 1.7780138432271513, 1.9549035318557607E-4, -3.5418238340554704, 4.0960338117142445, 6.626308349992164
0.0012222444889779557, 0.3538519668092062, 2.9178937813150385E-4, 1.7883092465303598, 1.977420319155271E-4, -3.508210947096741, 4.108066799236824, 6.626442569377437
0.0012286573146292584, 0.3557091265554913, 2.933203274838908E-4, 1.7987488509498115, 2.0001620695377965E-4, -3.4764259406745346, 4.1183265199319266, 6.626576788762709
0.0012350701402805608, 0.3575662863017763, 2.9485127683627775E-4, 1.8093338970340538, 2.023131519323888E-4, -3.4464337807618195, 4.12685655833484, 6.626711008147982
0.0012414829659318635, 0.3594234460480613, 2.9638222618866473E-4, 1.8200656253316354, 2.046331430158647E-4, -3.418196439742926, 4.133703127174809, 6.626845227533255
0.001247895791583166, 0.36128060579434634, 2.979131755410517E-4, 1.830945276391106, 2.069764589011729E-4, -3.3916729629020756, 4.138914995059974, 6.6269794469185275
0.0012543086172344686, 0.36313776554063143, 2.994441248934387E-4, 1.8419740907610158, 2.0934338081773335E-4, -3.366819537226304, 4.142543412374427, 6.6271136663038
0.001260721442885771, 0.3649949252869164, 3.009750742458256E-4, 1.8531533089899164, 2.1173419252742146E-4, -3.3435895624436585, 4.144642035456363, 6.627247885689073
0.0012671342685370737, 0.36685208503320144, 3.025060235982126E-4, 1.8644841716263616, 2.1414918032456776E-4, -3.3219337242458353, 4.145266849101753, 6.6273821050743456
0.0012735470941883764, 0.3687092447794865, 3.040369729505996E-4, 1.8759679192189043, 2.1658863303595775E-4, -3.3018000695679164, 4.144476087517257, 6.627516324459617
0.001279959919839679, 0.37056640452577155, 3.0556792230298656E-4, 1.8876057923160992, 2.1905284202083198E-4, -3.283134083937489, 4.142330153693331, 6.62765054384489
0.0012863727454909815, 0.37242356427205653, 3.070988716553735E-4, 1.899399031466503, 2.2154210117088601E-4, -3.2658787707281824, 4.138891537368654, 6.627784763230163
0.0012927855711422841, 0.37428072401834156, 3.0862982100776046E-4, 1.9113488772186737, 2.2405670691027122E-4, -3.2499747323194192, 4.13422473156176, 6.627918982615435
0.0012991983967935868, 0.37613788376462665, 3.1016077036014744E-4, 1.9234565701211686, 2.2659695819559296E-4, -3.235360253035404, 4.128396147802729, 6.628053202000708
0.0013056112224448895, 0.377993018001629, 3.116917197125344E-4, 1.9357115707032007, 2.291594847814242E-4, -3.221971383828921, 4.121474030081797, 6.628164106525808
0.001312024048096192, 0.3798478628801623, 3.1322266906492135E-4, 1.9481250917607789, 2.3174766011940456E-4, -3.2097420286234986, 4.113528367600898, 6.6282716803565975
0.0013184368737474946, 0.3817027077586957, 3.1475361841730833E-4, 1.9607000483610089, 2.343623095214546E-4, -3.1986040322245453, 4.104630806401539, 6.6283792541873865
0.0013248496993987972, 0.38355755263722907, 3.162845677696953E-4, 1.9734376810379515, 2.370037414574017E-4, -3.1884872697525664, 4.09485455992099, 6.6284868280181755
0.0013312625250501, 0.38541239751576245, 3.178155171220823E-4, 1.9863392303256704, 2.396722669294399E-4, -3.1793197375190334, 4.084274318531322, 6.628594401848965
0.0013376753507014026, 0.38726724239429583, 3.1934646647446927E-4, 1.999405936758226, 2.423681994721288E-4, -3.171027645249839, 4.072966158165946, 6.628701975679754
0.0013440881763527048, 0.38912208727282915, 3.208774158268562E-4, 2.012639040869681, 2.4509185515239455E-4, -3.1635355096286566, 4.061007448039388, 6.628809549510543
0.0013505010020040075, 0.39097693215136253, 3.224083651792432E-4, 2.0260397831941, 2.478435525695295E-4, -3.1567662490257398, 4.0484767575952, 6.628917123341333
0.0013569138276553101, 0.3928317770298959, 3.2393931453163016E-4, 2.039609404265547, 2.506236128551921E-4, -3.1506412794117953, 4.035453762672915, 6.629024697172122
0.0013633266533066128, 0.3946866219084293, 3.2547026388401714E-4, 2.0533491446180854, 2.5343235967340705E-4, -3.145080611310387, 4.0220191510271945, 6.629132271002911
0.0013697394789579152, 0.3965414667869626, 3.2700121323640406E-4, 2.0672602447857824, 2.562701192205655E-4, -3.1400029477746054, 4.008254527214947, 6.629239844833701
0.001376152304609218, 0.398396311665496, 3.2853216258879104E-4, 2.0813439453027023, 2.5913722022542426E-4, -3.1353257832861567, 3.9942423169357952, 6.62934741866449
0.0013825651302605208, 0.40025115654402943, 3.300631119411781E-4, 2.0956014867029107, 2.62033993949107E-4, -3.1309655035109785, 3.9800656708836963, 6.62945499249528
0.0013889779559118234, 0.40210600142256286, 3.3159406129356506E-4, 2.110034109520477, 2.64960774185103E-4, -3.1268374858315204, 3.9658083681915164, 6.629562566326069
0.001395390781563126, 0.4039608463010962, 3.33125010645952E-4, 2.1246430542894648, 2.67917897259268E-4, -3.122856200587331, 3.9515547195151592, 6.629670140156858
0.0014018036072144286, 0.4058155106635835, 3.3465595999833896E-4, 2.139442414084318, 2.709100032090614E-4, -3.1189353129829933, 3.9373894697995064, 6.6298013944968135
0.0014082164328657312, 0.4076697137072866, 3.3618690935072594E-4, 2.154453692786026, 2.739443047268114E-4, -3.1149877855031645, 3.923397700872226, 6.629993165693528
0.0014146292585170339, 0.4095239167509897, 3.377178587031129E-4, 2.169645437338344, 2.7701025662239624E-4, -3.110925980872876, 3.9096647338258363, 6.630184936890243
0.0014210420841683363, 0.41137811979469274, 3.3924880805549985E-4, 2.185018888332121, 2.801082073099458E-4, -3.106661765426663, 3.896276031305643, 6.630376708086958
0.001427454909819639, 0.41323232283839584, 3.4077975740788683E-4, 2.2005752863582124, 2.832385077363048E-4, -3.1021066127758545, 3.8833170998192577, 6.6305684792836725
0.0014338677354709417, 0.4150865258820989, 3.423107067602738E-4, 2.216315872007479, 2.86401511381033E-4, -3.0971717078242786, 3.870873391996684, 6.630760250480387
0.001440280561122244, 0.416940728925802, 3.438416561126608E-4, 2.2322418858707795, 2.895975742564054E-4, -3.091768050916172, 3.859030209014585, 6.630952021677102
0.0014466933867735465, 0.418794931969505, 3.453726054650477E-4, 2.2483545685389794, 2.9282705490741104E-4, -3.085806562159867, 3.8478726031348596, 6.631143792873816
0.0014531062124248492, 0.4206491350132081, 3.469035548174347E-4, 2.2646551606029464, 2.960903144117547E-4, -3.079198185780537, 3.8374852804891453, 6.631335564070531
0.0014595190380761519, 0.4225033380569112, 3.484345041698217E-4, 2.2811449026535526, 2.9938771637985623E-4, -3.07185399445543, 3.8279525041547684, 6.631527335267246
0.0014659318637274545, 0.42435754110061424, 3.4996545352220865E-4, 2.2978250352816714, 3.0271962695484976E-4, -3.06368529357244, 3.8193579975662737, 6.631719106463961
0.001472344689378757, 0.4262117441443173, 3.514964028745956E-4, 2.314696799078179, 3.060864148125848E-4, -3.054603725303967, 3.8117848483663477, 6.631910877660675
0.0014787575150300596, 0.4280659471880204, 3.5302735222698256E-4, 2.331761434633957, 3.0948845116162636E-4, -3.04452137247118, 3.8053154127124267, 6.63210264885739
0.0014851703406813623, 0.4299201502317235, 3.5455830157936954E-4, 2.3490201825398906, 3.129261097432542E-4, -3.0333508620635725, 3.800031220158735, 6.632294420054104
0.001491583166332665, 0.43177435327542657, 3.560892509317565E-4, 2.3664742833868635, 3.163997668314627E-4, -3.0210054684130165, 3.79601287911958, 6.632486191250819
0.0014979959919839674, 0.43362855631912955, 3.5762020028414344E-4, 2.384124977765768, 3.199098012329626E-4, -3.00739921588483, 3.793339983026862, 6.632677962447534
0.00150440881763527, 0.4354819581816303, 3.591511496365304E-4, 2.4019489450025264, 3.2344777308062754E-4, -2.9924469810494703, 3.7920910172211366, 6.632827605395982
0.0015108216432865727, 0.43733499587085733, 3.606820989889174E-4, 2.4199605628164496, 3.2701869176749153E-4, -2.976064594253731, 3.7923432666463466, 6.632958099140673
0.0015172344689378754, 0.43918803356008435, 3.622130483413044E-4, 2.4381721878356055, 3.3062691760279517E-4, -2.958168940530541, 3.794172724392042, 6.633088592885364
0.0015236472945891779, 0.44104107124931125, 3.637439976936913E-4, 2.456585060606373, 3.3427283809285926E-4, -2.938678059740217, 3.7976540011986315, 6.6332190866300555
0.0015300601202404803, 0.44289410893853826, 3.652749470460783E-4, 2.4752004216751273, 3.3795684327644654E-4, -2.917511245892697, 3.802860235947853, 6.633349580374746
0.001536472945891783, 0.44474714662776527, 3.6680589639846527E-4, 2.494019511588248, 3.4167932572476184E-4, -2.8945891456050936, 3.8098630071903172, 6.633480074119437
0.0015428857715430856, 0.4466001843169922, 3.6833684575085225E-4, 2.513043570892116, 3.454406805414519E-4, -2.8698338555580167, 3.8187322458315847, 6.633610567864128
0.0015492985971943883, 0.44845322200621923, 3.6986779510323923E-4, 2.532273840133112, 3.4924130536260437E-4, -2.8431690189612566, 3.829536148954771, 6.633741061608819
0.001555711422845691, 0.45030625969544624, 3.713987444556262E-4, 2.5517115598576177, 3.530816003567505E-4, -2.8145199208329914, 3.8423410949777326, 6.63387155535351
0.0015621242484969936, 0.4521592973846732, 3.729296938080132E-4, 2.571357970612017, 3.5696196822486165E-4, -2.7838135821778773, 3.857211560034088, 6.634002049098201
0.0015685370741482963, 0.4540123350739002, 3.7446064316040017E-4, 2.5912143129426926, 3.6088281420035154E-4, -2.750978852863058, 3.87421003578849, 6.634132542842892
0.0015749498997995987, 0.4558653727631271, 3.759915925127871E-4, 2.61128182739603, 3.6484454604907625E-4, -2.715946503159362, 3.8933969486953632, 6.6342630365875825
0.0015813627254509014, 0.4577184104523541, 3.775225418651741E-4, 2.631561754518416, 3.6884757406933303E-4, -2.6786493139161274, 3.914830580728817, 6.634393530332273
0.001587775551102204, 0.45957144814158113, 3.7905349121756106E-4, 2.6520553348562372, 3.728923110918615E-4, -2.639022165232873, 3.93856699172015, 6.634524024076964
0.0015941883767535067, 0.4614244858308081, 3.8058444056994804E-4, 2.6727638089558816, 3.769791724798432E-4, -2.597002123562092, 3.964659943341413, 6.634654517821655
0.0016006012024048092, 0.46327781162990694, 3.8211538992233496E-4, 2.693693265507478, 3.811104286792362E-4, -2.5525285272786506, 3.993160824712252, 6.634792822929814
0.0016070140280561118, 0.4651339224911009, 3.8364633927472194E-4, 2.714887191865154, 3.8530273021802783E-4, -2.5055430704130393, 4.024118579908133, 6.6350066378848265
0.0016134268537074145, 0.46699003335229483, 3.851772886271089E-4, 2.7363001534394993, 3.8953873815442776E-4, -2.4559898847914563, 4.057579637114383, 6.63522045283984
0.0016198396793587172, 0.4688461442134888, 3.867082379794959E-4, 2.757933390841638, 3.9381887993456606E-4, -2.4038156201815317, 4.093587839851221, 6.635434267794852
0.0016262525050100194, 0.4707022550746827, 3.8823918733188283E-4, 2.7797881446826946, 3.981435855374123E-4, -2.348969522611897, 4.132184380043404, 6.6356480827498645
0.001632665330661322, 0.47255836593587663, 3.897701366842698E-4, 2.801865655573805, 4.0251328747477723E-4, -2.291403510684888, 4.1734077331472035, 6.635861897704878
0.0016390781563126247, 0.4744144767970706, 3.913010860366568E-4, 2.8241671641261004, 4.0692842079130895E-4, -2.2310722498371383, 4.217293595344806, 6.63607571265989
0.0016454909819639274, 0.4762705876582646, 3.9283203538904377E-4, 2.846693910950724, 4.113894230644973E-4, -2.1679332244567497, 4.26387482291562, 6.6362895276149025
0.0016519038076152298, 0.47812669851945844, 3.943629847414307E-4, 2.8694471366588186, 4.158967344046705E-4, -2.101946807809895, 4.313181373785317, 6.636503342569916
0.0016583166332665325, 0.4799828093806524, 3.958939340938177E-4, 2.8924280818615347, 4.2045079745499755E-4, -2.0330763296942322, 4.36524025136652, 6.636717157524928
0.0016647294589178351, 0.4818389202418464, 3.9742488344620465E-4, 2.915637987170024, 4.250520573914863E-4, -1.961288141715671, 4.420075450754375, 6.636930972479941
0.0016711422845691378, 0.48369503110304035, 3.9895583279859163E-4, 2.939078093195448, 4.297009619229862E-4, -1.8865516801658717, 4.47770790731183, 6.637144787434954
0.0016775551102204403, 0.4855511419642342, 4.0048678215097856E-4, 2.962749640548965, 4.3439796129118424E-4, -1.8088395264470258, 4.538155447669454, 6.637358602389966
0.001683967935871743, 0.4874072528254282, 4.0201773150336554E-4, 2.9866538698417435, 4.391435082706088E-4, -1.7281274648054499, 4.601432743394246, 6.637572417344979
0.0016903807615230456, 0.48926336368662215, 4.035486808557525E-4, 3.0107920216849537, 4.439380581686285E-4, -1.6443945375865066, 4.667551267077319, 6.637786232299991
0.0016967935871743482, 0.4911194745478161, 4.050796302081395E-4, 3.035165336689775, 4.4878206882545163E-4, -1.5576230976158345, 4.736519251256531, 6.638000047255004
0.0017032064128256507, 0.4929747121421791, 4.066105795605264E-4, 3.059768157097828, 4.5367319566408317E-4, -1.467798857942611, 4.808341649901987, 6.638203427843341
0.0017096192384769534, 0.4948290764697113, 4.081415289129134E-4, 3.084601644327233, 4.586118375852693E-4, -1.3749109385995937, 4.8830201028176266, 6.638396374065002
0.0017160320641282558, 0.49668344079724347, 4.096724782653004E-4, 3.1096739109450646, 4.6360124323205115E-4, -1.2789519105249514, 4.960552902801118, 6.6385893202866635
0.0017224448897795587, 0.49853780512477575, 4.112034276176874E-4, 3.1349861975433364, 4.686418800830753E-4, -1.1799178364115845, 5.040934965782973, 6.638782266508325
0.0017288577154308611, 0.5003921694523078, 4.1273437697007435E-4, 3.160539744714063, 4.737342181497094E-4, -1.0778083085215566, 5.124157803908986, 6.638975212729986
0.0017352705410821638, 0.5022465337798401, 4.142653263224613E-4, 3.1863357930492717, 4.788787299760468E-4, -0.9726264833396812, 5.210209501665382, 6.639168158951647
0.0017416833667334665, 0.5041008981073722, 4.157962756748483E-4, 3.212375583140987, 4.840758906388999E-4, -0.8643791129974497, 5.299074695129195, 6.639361105173308
0.0017480961923847691, 0.5059552624349044, 4.173272250272353E-4, 3.2386603555812328, 4.893261777478042E-4, -0.7530765733703926, 5.39073455440948, 6.63955405139497
0.0017545090180360718, 0.5078096267624366, 4.1885817437962227E-4, 3.2651913509620436, 4.946300714450185E-4, -0.6387328889129225, 5.485166769219336, 6.639746997616631
0.0017609218436873742, 0.5096639910899687, 4.203891237320092E-4, 3.291969809875452, 4.999880544055231E-4, -0.5213657539339833, 5.582345537867689, 6.639939943838292
0.001767334669338677, 0.5115183554175009, 4.2192007308439617E-4, 3.3189969729134976, 5.054006118370202E-4, -0.40099655037898085, 5.682241559589602, 6.640132890059953
0.0017737474949899796, 0.5133727197450331, 4.2345102243678315E-4, 3.3462740806682225, 5.108682314799363E-4, -0.27765036211347294, 5.784822030209706, 6.640325836281614
0.0017801603206412822, 0.5152270840725652, 4.2498197178917013E-4, 3.373802373731668, 5.163914036074184E-4, -0.15135598542527398, 5.890050641425251, 6.640518782503276
0.0017865731462925847, 0.5170814484000974, 4.2651292114155706E-4, 3.4015830926958825, 5.219706210253371E-4, -0.022145935888788132, 5.997887583536907, 6.640711728724937
0.0017929859719438873, 0.5189358127276296, 4.2804387049394404E-4, 3.4296174781529194, 5.276063790722853E-4, 0.10994354864391358, 6.10828955187623, 6.640904674946598
0.00179939879759519, 0.5207901770551617, 4.29574819846331E-4, 3.45790677069483, 5.332991756195775E-4, 0.24487250886074635, 6.221209756830211, 6.641097621168259
0.0018058116232464927, 0.5226428554361766, 4.31105769198718E-4, 3.4864878932831704, 5.390648939466015E-4, 0.3825972688445758, 6.336597937712608, 6.641341425670267
0.0018122244488977949, 0.524495359408931, 4.326367185511049E-4, 3.5153303669733473, 5.448904778375668E-4, 0.5230704448788227, 6.454400380360304, 6.64159049137369
0.0018186372745490976, 0.5263478633816855, 4.341676679034919E-4, 3.5444317544872455, 5.507748541503281E-4, 0.6662409583701445, 6.574559938623556, 6.641839557077113
0.0018250501002004002, 0.52820036735444, 4.356986172558789E-4, 3.57379329647304, 5.567185322203259E-4, 0.8120540529727195, 6.697016059824233, 6.642088622780537
0.0018314629258517029, 0.5300528713271944, 4.3722956660826586E-4, 3.6034162335789093, 5.627220239160694E-4, 0.9604513159272313, 6.821704814193339, 6.64233768848396
0.0018378757515030053, 0.5319053752999489, 4.387605159606528E-4, 3.6333018064530376, 5.687858436391343E-4, 1.1113707036931268, 6.948558928339188, 6.642586754187383
0.001844288577154308, 0.5337578792727032, 4.4029146531303977E-4, 3.663451255743623, 5.749105083241668E-4, 1.2647465720312985, 7.077507822915083, 6.642835819890807
0.0018507014028056106, 0.5356103832454577, 4.4182241466542675E-4, 3.6938658220988616, 5.810965374388778E-4, 1.420509710480281, 7.208477654406603, 6.64308488559423
0.0018571142284569133, 0.5374628872182122, 4.4335336401781373E-4, 3.724546746166964, 5.873444529840493E-4, 1.5785873814193083, 7.341391361220867, 6.643333951297653
0.0018635270541082158, 0.5393153911909666, 4.4488431337020066E-4, 3.7554952685961407, 5.936547794935292E-4, 1.7389033637082258, 7.4761687140893045, 6.643583017001077
0.0018699398797595184, 0.5411678951637211, 4.4641526272258764E-4, 3.7867126300346166, 6.000280440342348E-4, 1.9013780010118846, 7.612726370822076, 6.643832082704499
0.001876352705410821, 0.5430203991364755, 4.479462120749746E-4, 3.818200071130618, 6.064647762061519E-4, 2.0659282548990197, 7.750977935560603, 6.644081148407922
0.0018827655310621237, 0.54487290310923, 4.494771614273616E-4, 3.849958832532383, 6.129655081423335E-4, 2.2324677627232323, 7.890834022490703, 6.644330214111346
0.0018891783567134264, 0.5467254070819845, 4.510081107797486E-4, 3.8819901548881504, 6.195307745089014E-4, 2.400906900455132, 8.032202324171358, 6.644579279814769
0.001895591182364729, 0.548577911054739, 4.5253906013213556E-4, 3.9142952788461702, 6.261611125050458E-4, 2.571152850419918, 8.174987684451995, 6.644828345518192
0.0019020040080160317, 0.5504307266799006, 4.5407000948452254E-4, 3.946892322890087, 6.328647255818994E-4, 2.743109674162798, 8.319092176169553, 6.645100224749907
0.0019084168336673344, 0.5522842279403579, 4.556009588369095E-4, 3.9798030261872928, 6.396515726670945E-4, 2.916678390344611, 8.464415183519591, 6.645422293743862
0.0019148296593186366, 0.5541377292008153, 4.5713190818929644E-4, 4.012991626615511, 6.465054550758346E-4, 3.0917570578981493, 8.610853489335767, 6.645744362737817
0.0019212424849699393, 0.5559912304612726, 4.586628575416834E-4, 4.046459364917544, 6.534269218987524E-4, 3.268240864396127, 8.758301367217946, 6.646066431731773
0.001927655310621242, 0.55784473172173, 4.601938068940704E-4, 4.080207481836197, 6.604165247601297E-4, 3.4460222197827, 8.906650678624343, 6.646388500725728
0.0019340681362725446, 0.5596982329821873, 4.617247562464574E-4, 4.1142372181143045, 6.674748178179024E-4, 3.6249908555185515, 9.055790975013213, 6.6467105697196835
0.001940480961923847, 0.5615517342426447, 4.632557055988443E-4, 4.148549814494705, 6.746023577636551E-4, 3.805033929147625, 9.205609605002463, 6.647032638713639
0.0019468937875751497, 0.5634052355031021, 4.647866549512313E-4, 4.18314651172026, 6.817997038226261E-4, 3.986036134510766, 9.355991826760416, 6.647354707707595
0.0019533066132264524, 0.5652587367635594, 4.6631760430361827E-4, 4.218028550533842, 6.89067417753704E-4, 4.167879817508638, 9.506820925554207, 6.64767677670155
0.001959719438877755, 0.5671122380240168, 4.6784855365600525E-4, 4.253197171678337, 6.964060638494301E-4, 4.35044509766107, 9.657978336655113, 6.647998845695505
0.0019661322645290573, 0.5689657392844741, 4.693795030083922E-4, 4.288653615896651, 7.03816208935996E-4, 4.533609995203783, 9.809343773336693, 6.64832091468946
0.00197254509018036, 0.5708192405449315, 4.7091045236077915E-4, 4.324399123931704, 7.112984223732488E-4, 4.71725056442394, 9.96079536071845, 6.648642983683416
0.0019789579158316626, 0.5726727418053889, 4.7244140171316613E-4, 4.360434936526426, 7.188532760546831E-4, 4.901241032493552, 10.112209774597513, 6.648965052677371
0.0019853707414829655, 0.5745262430658462, 4.739723510655531E-4, 4.396762294423767, 7.264813444074492E-4, 5.085453944621707, 10.263462386185326, 6.6492871216713265
0.001991783567134268, 0.5763797443263036, 4.7550330041794004E-4, 4.4333824383666895, 7.341832043923487E-4, 5.269760315015632, 10.414427412153074, 6.649609190665282
0.0019981963927855704, 0.5782332455867609, 4.77034249770327E-4, 4.4702966090981775, 7.419594355038357E-4, 5.454029784220569, 10.56497807060875, 6.649931259659237
0.0020046092184368733, 0.5800833391400334, 4.78565199122714E-4, 4.507468305624242, 7.497925578881445E-4, 5.638130782469919, 10.714986742574654, 6.650204999670123
0.0020110220440881757, 0.5819320992426682, 4.80096148475101E-4, 4.544921445344933, 7.576938697406762E-4, 5.8219306994051685, 10.864325139338794, 6.650459828339809
0.002017434869739478, 0.583780859345303, 4.816270978274879E-4, 4.582671988898948, 7.656709784658532E-4, 6.005296060121786, 11.012864475656363, 6.650714657009494
0.002023847695390781, 0.5856296194479378, 4.831580471798749E-4, 4.620721176941289, 7.737244720648254E-4, 6.1880927077330306, 11.160475648915787, 6.650969485679179
0.0020302605210420835, 0.5874783795505727, 4.8468899653226187E-4, 4.659070250126957, 7.818549410718503E-4, 6.370185992280666, 11.307029424152779, 6.651224314348864
0.0020366733466933864, 0.5893271396532075, 4.8621994588464885E-4, 4.697720449110967, 7.900629785542975E-4, 6.551440966361686, 11.45239662526515, 6.651479143018549
0.002043086172344689, 0.5911758997558423, 4.8775089523703577E-4, 4.736673014548337, 7.983491801126451E-4, 6.731722587255782, 11.596448332124767, 6.651733971688234
0.0020494989979959913, 0.5930246598584771, 4.892818445894228E-4, 4.775929187094101, 8.067141438804845E-4, 6.910895925974049, 11.739056084146677, 6.65198880035792
0.0020559118236472937, 0.594873419961112, 4.908127939418097E-4, 4.815490207403287, 8.151584705245136E-4, 7.088826382860345, 11.880092089779776, 6.652243629027605
0.002062324649298597, 0.5967221800637469, 4.923437432941968E-4, 4.855357316130942, 8.236827632445448E-4, 7.2653799102986705, 12.019429442573136, 6.652498457697289
0.002068737474949899, 0.5985709401663817, 4.938746926465837E-4, 4.895531753932109, 8.322876277734977E-4, 7.440423242107476, 12.156942343350742, 6.652753286366975
0.002075150300601202, 0.6004197002690165, 4.954056419989707E-4, 4.9360147614618555, 8.409736723774043E-4, 7.613824130193337, 12.292506329033952, 6.65300811503666
0.0020815631262525044, 0.6022684603716513, 4.969365913513577E-4, 4.976807579375241, 8.497415078554083E-4, 7.78545158811157, 12.42599850781385, 6.653262943706345
0.0020879759519038072, 0.6041172204742862, 4.984675407037446E-4, 5.0179114483273395, 8.585917475397613E-4, 7.9551761418023945, 12.557297800853302, 6.653517772376031
0.0020943887775551097, 0.605965980576921, 4.999984900561316E-4, 5.059327608973231, 8.675250072958287E-4, 8.122870087677871, 12.686285190769167, 6.653772601045715
0.0021008016032064126, 0.6078148874048115, 5.015294394085186E-4, 5.101062936495132, 8.765447314033163E-4, 8.28840775787867, 12.812843976628526, 6.654034306596735
0.002107214428857715, 0.6096648213094912, 5.030603887609056E-4, 5.143152637825201, 8.856686537608812E-4, 8.451665792947322, 12.936860035739292, 6.6543441503170975
0.002113627254509018, 0.611514755214171, 5.045913381132926E-4, 5.185558635734155, 8.948777402498063E-4, 8.61252342199324, 13.05822209230052, 6.65465399403746
0.00212004008016032, 0.6133646891188507, 5.061222874656794E-4, 5.228282170947669, 9.041726182030165E-4, 8.770862750315157, 13.176821992863841, 6.654963837757822
0.002126452905811623, 0.6152146230235305, 5.076532368180664E-4, 5.271324484191426, 9.135539174869872E-4, 8.92656905458772, 13.292554988668664, 6.655273681478184
0.0021328657314629252, 0.6170645569282102, 5.091841861704534E-4, 5.314686816191114, 9.23022270501735E-4, 9.079531085885536, 13.405320025191525, 6.655583525198546
0.002139278557114228, 0.61891449083289, 5.107151355228404E-4, 5.358370407672448, 9.325783121808278E-4, 9.229641380218014, 13.515020038486854, 6.655893368918909
0.0021456913827655306, 0.6207644247375698, 5.122460848752273E-4, 5.402376499361147, 9.42222679991375E-4, 9.376796577065488, 13.621562258892034, 6.65620321263927
0.002152104208416833, 0.6226143586422495, 5.137770342276143E-4, 5.4467063319829485, 9.519560139340374E-4, 9.520897745648996, 13.724858521707102, 6.656513056359633
0.002158517034068136, 0.6244642925469293, 5.153079835800013E-4, 5.491361146263597, 9.617789565430186E-4, 9.661850719278501, 13.824825585321266, 6.6568229000799946
0.0021649298597194383, 0.6263142264516091, 5.168389329323883E-4, 5.5363421829288635, 9.716921528860719E-4, 9.799566437636663, 13.921385456494953, 6.657132743800357
0.002171342685370741, 0.6281641603562889, 5.183698822847753E-4, 5.581650682704514, 9.816962505644965E-4, 9.933961297297254, 14.014465723202816, 6.65744258752072
0.0021777555110220432, 0.6300140942609684, 5.199008316371621E-4, 5.627287886316341, 9.917918997131361E-4, 10.064957510209615, 14.103999894688442, 6.657752431241081
0.002184168336673346, 0.6318640281656482, 5.214317809895491E-4, 5.6732550344901505, 0.0010019797530003872, 10.192483470646314, 14.189927749241786, 6.658062274961444
0.0021905811623246486, 0.633713962070328, 5.229627303419361E-4, 5.719553367951759, 0.0010122604656281884, 10.316474130329263, 14.27219568941492, 6.658372118681806
0.0021969939879759514, 0.6355638959750078, 5.244936796943231E-4, 5.766184127426991, 0.0010226346953320275, 10.436871382039012, 14.350757104955933, 6.658681962402168
0.002203406813627254, 0.6374153227422198, 5.260246290467101E-4, 5.813140394893604, 0.0010330988106785036, 10.553624451607282, 14.42557274336882, 6.6589823262780685
0.0022098196392785568, 0.6392680667410777, 5.27555578399097E-4, 5.860424300356083, 0.001043653906142208, 10.66669029851745, 14.49661108828294, 6.659274325585325
0.0022162324649298588, 0.6411208107399357, 5.290865277514839E-4, 5.908044261810739, 0.0010543044110688027, 10.776034025116845, 14.563848745661529, 6.659566324892582
0.002222645290581162, 0.6429735547387938, 5.30617477103871E-4, 5.956001519959035, 0.0010650509928915486, 10.881629294452233, 14.627270837853855, 6.659858324199839
0.002229058116232464, 0.6448262987376516, 5.321484264562579E-4, 6.0042973155024235, 0.001075894321577098, 10.983458756922841, 14.68687140563515, 6.660150323507096
0.0022354709418837674, 0.6466790427365098, 5.33679375808645E-4, 6.052932889142392, 0.0010868350696255078, 11.081514485733722, 14.742653818237496, 6.660442322814353
0.0022418837675350694, 0.6485317867353676, 5.352103251610318E-4, 6.1019094815804165, 0.0010978739120702243, 11.175798421306657, 14.79463119154555, 6.66073432212161
0.002248296593186372, 0.6503845307342256, 5.367412745134188E-4, 6.151228333518004, 0.0011090115264780983, 11.266322824535218, 14.842826814253973, 6.661026321428867
0.0022547094188376748, 0.6522372747330837, 5.382722238658058E-4, 6.200890685656658, 0.001120248592949373, 11.35311073930118, 14.887274582495245, 6.6613183207361235
0.002261122244488977, 0.6540900187319416, 5.398031732181928E-4, 6.2508977786979, 0.0011315857941176925, 11.436196463867486, 14.928019442463215, 6.661610320043381
0.0022675350701402796, 0.6559427627307995, 5.413341225705796E-4, 6.301250853343264, 0.0011430238151500956, 11.515626031757336, 14.965117841694079, 6.661902319350638
0.0022739478957915825, 0.6577955067296577, 5.428650719229667E-4, 6.351951150294296, 0.0011545633437470217, 11.591457701469809, 14.998638188258822, 6.662194318657895
0.002280360721442885, 0.6596482507285155, 5.443960212753536E-4, 6.4029999102525395, 0.001166205070142304, 11.663762456117825, 15.028661319078324, 6.6624863179651514
0.002286773547094188, 0.6615009947273737, 5.459269706277407E-4, 6.454398373919574, 0.001177949687103179, 11.732624511942666, 15.055280976176503, 6.662778317272409
0.0022931863727454903, 0.6633537387262315, 5.474579199801276E-4, 6.506147781996961, 0.0011897978899302756, 11.798141836581266, 15.078604291800968, 6.663070316579666
0.0022995991983967927, 0.6652064827250895, 5.489888693325145E-4, 6.558249375186302, 0.001201750376457624, 11.86042667697011, 15.098752282280783, 6.663362315886922
0.0023060120240480956, 0.6670611811864441, 5.505198186849015E-4, 6.610261441732849, 0.0012135639929467016, 11.919606096519999, 15.11586035025445, 6.6631631909704225
0.002312424849699398, 0.6689160099452984, 5.520507680372885E-4, 6.662596090597245, 0.001225464228022964, 11.975822522538838, 15.130078796197994, 6.662931324439005
0.002318837675350701, 0.6707708387041527, 5.535817173896755E-4, 6.715284010185516, 0.0012374679414735724, 12.029234302820543, 15.141573338198738, 6.662699457907587
0.0023252505010020034, 0.672625667463007, 5.551126667420625E-4, 6.768326441126604, 0.0012495758291167817, 12.08001627266485, 15.150525641251846, 6.662467591376171
0.0023316633266533063, 0.6744804962218613, 5.566436160944494E-4, 6.8217246240494305, 0.0012617885893037898, 12.128360331381325, 15.157133855023444, 6.662235724844753
0.0023380761523046087, 0.6763353249807157, 5.581745654468364E-4, 6.87547979958292, 0.0012741069229187402, 12.174476028997615, 15.161613160921839, 6.662003858313335
0.002344488977955911, 0.6781901537395699, 5.597055147992234E-4, 6.929593208355991, 0.0012865315333787193, 12.21859116302526, 15.164196328233558, 6.661771991781918
0.0023509018036072136, 0.6800449824984242, 5.612364641516103E-4, 6.984066090997554, 0.001299063126633756, 12.260952385309727, 15.165134279354302, 6.661540125250501
0.0023573146292585165, 0.6818998112572786, 5.627674135039974E-4, 7.038899688136518, 0.001311702411166826, 12.301825819187547, 15.164696664380882, 6.6613082587190835
0.002363727454909819, 0.6837546400161327, 5.642983628563842E-4, 7.094095240401776, 0.0013244500979938433, 12.341497686725784, 15.163172444731723, 6.661076392187666
0.0023701402805611214, 0.6856094687749871, 5.658293122087712E-4, 7.14965398842223, 0.001337306900663672, 12.380274946700977, 15.160870486579709, 6.660844525656248
0.0023765531062124243, 0.6874642975338414, 5.673602615611582E-4, 7.2055771728267635, 0.0013502735352581166, 12.418485942519471, 15.158120163121106, 6.660612659124831
0.0023829659318637267, 0.6893191262926956, 5.688912109135452E-4, 7.261866034244267, 0.001363350720391924, 12.456481061062, 15.155271966834787, 6.660380792593414
0.0023893787575150296, 0.69117395505155, 5.704221602659322E-4, 7.318521813303613, 0.0013765391772127854, 12.494633401943947, 15.152698131079658, 6.660148926061996
0.002395791583166332, 0.6930287838104043, 5.719531096183191E-4, 7.375545750633672, 0.0013898396294013363, 12.533339457341755, 15.150793261199539, 6.659917059530579
0.0024022044088176345, 0.6948816259989385, 5.73484058970706E-4, 7.433111786470554, 0.001403351843642898, 12.573019802770272, 15.149974975591768, 6.659869206932378
0.0024086172344689374, 0.6967306756441347, 5.750150083230931E-4, 7.491379970577102, 0.0014171686595025428, 12.614119798313867, 15.150684556104775, 6.660172653661228
0.00241503006012024, 0.6985797252893307, 5.7654595767548E-4, 7.550022728105806, 0.0014311027535953034, 12.65711030118373, 15.153387608747066, 6.660476100390077
0.0024214428857715423, 0.7004287749345268, 5.780769070278669E-4, 7.609041299773766, 0.0014451548721543508, 12.702488388732743, 15.158574733734564, 6.660779547118926
0.0024278557114228447, 0.7022778245797229, 5.796078563802539E-4, 7.668436926298071, 0.0014593257639463498, 12.750778092960374, 15.166762205973292, 6.661082993847775
0.0024342685370741476, 0.704126874224919, 5.811388057326409E-4, 7.728210848395827, 0.0014736161802714576, 12.802531145619891, 15.178492665038236, 6.661386440576624
0.00244068136272545, 0.7059759238701151, 5.826697550850279E-4, 7.78836430678416, 0.0014880268749633276, 12.858327735013706, 15.194335815739963, 6.6616898873054735
0.002447094188376753, 0.7078249735153113, 5.842007044374149E-4, 7.848898542180197, 0.001502558604389106, 12.918777273425334, 15.2148891381869, 6.661993334034323
0.002453507014028055, 0.7096740231605072, 5.857316537898017E-4, 7.909814795301086, 0.001517212127449435, 12.984519176466145, 15.240778608690476, 6.662296780763172
0.0024599198396793582, 0.7115230728057035, 5.872626031421888E-4, 7.971114306863997, 0.0015319882055784535, 13.056223653416852, 15.27265943050256, 6.662600227492022
0.0024663326653306603, 0.7133721224508994, 5.887935524945757E-4, 8.032798317586082, 0.0015468876027437887, 13.134592509005682, 15.311216774841913, 6.662903674220871
0.002472745490981963, 0.7152211720960955, 5.903245018469627E-4, 8.094868068184537, 0.0015619110854465683, 13.220359957103206, 15.357166532731554, 6.66320712094972
0.0024791583166332656, 0.7170702217412916, 5.918554511993497E-4, 8.157324799376555, 0.0015770594227214126, 13.314293445402415, 15.411256076568286, 6.6635105676785695
0.0024855711422845685, 0.7189192713864877, 5.933864005517366E-4, 8.22016975187935, 0.001592333386136438, 13.417194492390722, 15.474265032958405, 6.663814014407419
0.0024919839679358713, 0.720768321031684, 5.949173499041237E-4, 8.283404166410138, 0.001607733749793254, 13.529899535583398, 15.547006065490276, 6.664117461136268
0.002498396793587174, 0.7226173706768799, 5.964482992565106E-4, 8.34702928368615, 0.0016232612903269667, 13.6532807920013, 15.630325668691789, 6.664420907865117
0.0025048096192384762, 0.7244651253277404, 5.979792486088976E-4, 8.41109458494398, 0.0016389456337356826, 13.788247130111978, 15.725104972168479, 6.664773576494557
0.002511222444889779, 0.7263124483138225, 5.995101979612846E-4, 8.475569450122043, 0.0016547686824210468, 13.935744953957908, 15.832260555739573, 6.665142652424194
0.0025176352705410816, 0.7281597712999044, 6.010411473136715E-4, 8.540439082652146, 0.0016707216567798525, 14.096759099449077, 15.952745275573518, 6.665511728353831
0.0025240480961923836, 0.7300070942859863, 6.025720966660584E-4, 8.605704723352273, 0.0016868053452147114, 14.27231374249605, 16.08754910090907, 6.665880804283468
0.002530460921843687, 0.7318544172720683, 6.041030460184455E-4, 8.671367613040449, 0.0017030205386623597, 14.463473319364484, 16.23769996173604, 6.666249880213105
0.002536873747494989, 0.7337017402581503, 6.056339953708324E-4, 8.73742899253469, 0.0017193680305936404, 14.671343459586385, 16.404264607838112, 6.666618956142742
0.002543286573146292, 0.7355490632442324, 6.071649447232195E-4, 8.80389010265307, 0.0017358486170135276, 14.897071930803264, 16.588349478534674, 6.666988032072378
0.0025496993987975942, 0.7373963862303142, 6.086958940756063E-4, 8.870752184213648, 0.0017524630964611038, 15.14184959626126, 16.791101583724135, 6.667357108002014
0.002556112224448897, 0.7392437092163963, 6.102268434279933E-4, 8.938016478034548, 0.0017692122700095807, 15.406911384508673, 17.013709395966256, 6.667726183931651
0.0025625250501001996, 0.7410910322024782, 6.117577927803803E-4, 9.005684224933882, 0.0017860969412662826, 15.693537272221672, 17.257403754364855, 6.668095259861288
0.0025689378757515024, 0.7429383551885602, 6.132887421327673E-4, 9.0737566657298, 0.0018031179163726543, 16.003053278900957, 17.52345877903321, 6.668464335790925
0.002575350701402805, 0.7447856781746421, 6.148196914851542E-4, 9.142235041240472, 0.0018202760040042594, 16.336832474616596, 17.813192797319424, 6.668833411720562
0.0025817635270541078, 0.7466330011607242, 6.163506408375412E-4, 9.211120592284093, 0.0018375720153707869, 16.696296000865793, 18.127969281864836, 6.669202487650199
0.0025881763527054098, 0.748480324146806, 6.178815901899281E-4, 9.280414559678874, 0.0018550067642160372, 17.082914103503523, 18.46919779935943, 6.669571563579836
0.002594589178356713, 0.7503276471328881, 6.194125395423152E-4, 9.350118184243062, 0.0018725810668179417, 17.49820717927374, 18.83833497167549, 6.6699406395094725
0.002601002004008015, 0.7521732454184541, 6.209434888947021E-4, 9.42025500077078, 0.0018903095852876965, 17.943746834866847, 19.23688544807806, 6.670331585104366
0.002607414829659318, 0.7540095303212342, 6.22474438247089E-4, 9.490924772097086, 0.001908254570801362, 18.42115695941005, 19.666402889626923, 6.670840626891644
0.0026138276553106204, 0.7558458152240143, 6.24005387599476E-4, 9.562008664478954, 0.001926342474955533, 18.93211480965926, 20.12849096487563, 6.671349668678921
0.002620240480961923, 0.7576821001267945, 6.25536336951863E-4, 9.63350791901637, 0.0019445741277460888, 19.478352108814363, 20.624804357831955, 6.671858710466199
0.0026266533066132258, 0.7595183850295746, 6.2706728630425E-4, 9.705423776809392, 0.001962950361704777, 20.06165615821506, 21.157049787499226, 6.672367752253477
0.002633066132264528, 0.7613546699323547, 6.28598235656637E-4, 9.777757478958122, 0.001981472011899213, 20.683870962850616, 21.72698703974276, 6.6728767940407545
0.0026394789579158306, 0.7631909548351348, 6.301291850090238E-4, 9.850510266562727, 0.0020001399159328866, 21.34689836984916, 22.33643001087576, 6.673385835828033
0.0026458917835671335, 0.765027239737915, 6.316601343614109E-4, 9.92368338072346, 0.0020189549139451573, 22.052699220506657, 22.987247763252856, 6.673894877615311
0.002652304609218436, 0.766863524640695, 6.331910837137978E-4, 9.997278062540582, 0.0020379178486112483, 22.803294516388785, 23.681365593706264, 6.674403919402589
0.0026587174348697384, 0.7686998095434752, 6.347220330661848E-4, 10.07129555311446, 0.002057029565142263, 23.60076659824864, 24.420766113142417, 6.674912961189866
0.0026651302605210417, 0.7705360944462554, 6.362529824185719E-4, 10.145737093545504, 0.0020762909112851755, 24.447260339474518, 25.20749033953758, 6.675422002977144
0.0026715430861723437, 0.7723723793490354, 6.377839317709587E-4, 10.220603924934164, 0.002095702737322825, 25.344984352673524, 26.04363880239657, 6.675931044764422
0.002677955911823647, 0.7742086642518157, 6.393148811233458E-4, 10.295897288380994, 0.002115265896073933, 26.296212210530037, 26.9313726601398, 6.6764400865517
0.002684368737474949, 0.7760449491545957, 6.408458304757327E-4, 10.37161842498655, 0.0021349812428930826, 27.303283680398096, 27.87291482982796, 6.676949128338978
0.002690781563126252, 0.7778812340573757, 6.423767798281197E-4, 10.447768575851505, 0.002154849635670743, 28.368605972951492, 28.870551129354535, 6.677458170126256
0.0026971943887775544, 0.779717518960156, 6.439077291805067E-4, 10.52434898207656, 0.002174871934833249, 29.494655004861144, 29.92663143232893, 6.677967211913534
0.0027036072144288573, 0.7815532461461492, 6.454386785328936E-4, 10.601509772848086, 0.00219514510147204, 30.683976675705416, 31.043570835653252, 6.67861641921703
0.0027100200400801593, 0.783388539552419, 6.469696278852805E-4, 10.679220162679911, 0.0022156499646764803, 31.939188159037236, 32.223850839743285, 6.679374644144251
0.002716432865731462, 0.7852238329586894, 6.485005772376676E-4, 10.757365888154768, 0.0022363130244609447, 33.262979207928, 33.4700205418038, 6.680132869071472
0.0027228456913827646, 0.7870591263649592, 6.500315265900545E-4, 10.835948191103084, 0.0022571351581018653, 34.65811347427965, 34.784697841273605, 6.680891093998693
0.0027292585170340675, 0.7888944197712295, 6.515624759424416E-4, 10.914968313355516, 0.0022781172454161202, 36.12742984345174, 36.17057065920478, 6.681649318925914
0.00273567134268537, 0.7907297131774994, 6.530934252948284E-4, 10.994427496742889, 0.0022992601687610147, 37.67384378283567, 37.63039816991422, 6.682407543853135
0.0027420841683366724, 0.7925650065837695, 6.546243746472154E-4, 11.074326983096244, 0.0023205648130342977, 39.3003487050505, 39.16701204583394, 6.6831657687803565
0.0027484969939879753, 0.7944002999900396, 6.561553239996024E-4, 11.154668014246814, 0.0023420320656741492, 41.01001734597375, 40.78331771563803, 6.683923993707578
0.0027549098196392777, 0.7962355933963097, 6.576862733519894E-4, 11.23545183202603, 0.00236366281665919, 42.80600315721838, 42.482295635188144, 6.684682218634799
0.00276132264529058, 0.7980708868025796, 6.592172227043762E-4, 11.316679678265514, 0.0023854579585084823, 44.6915417139324, 44.26700257235507, 6.68544044356202
0.002767735470941883, 0.7999061802088498, 6.607481720567633E-4, 11.3983527947971, 0.0024074183862815334, 46.669952136968625, 46.140572904602486, 6.686198668489241
0.0027741482965931855, 0.8017414736151198, 6.622791214091502E-4, 11.480472423452788, 0.0024295449975782874, 48.74463853006449, 48.10621992994544, 6.686956893416462
0.0027805611222444884, 0.80357676702139, 6.638100707615373E-4, 11.56303980606482, 0.0024518386925391424, 50.9190914324283, 50.16723719177968, 6.687715118343683
0.002786973947895791, 0.80541206042766, 6.653410201139242E-4, 11.646056184465584, 0.00247430037384493, 53.1968892860232, 52.326999816865964, 6.688473343270903
0.0027933867735470933, 0.8072473538339301, 6.668719694663111E-4, 11.729522800487718, 0.0024969309467169475, 55.58169991808224, 54.588965866818384, 6.6892315681981245
0.002799799599198396, 0.8090826472402002, 6.684029188186981E-4, 11.81344089596401, 0.0025197313189169275, 58.07728203906033, 56.95667770350618, 6.689989793125346
0.0028062124248496986, 0.810900838367603, 6.699338681710851E-4, 11.898143600669837, 0.0025429247437200888, 60.68748675569532, 59.43376336794773, 6.691047927975293
0.0028126252505010006, 0.8127184778085906, 6.71464817523472E-4, 11.983312700410037, 0.0025662991547961726, 63.41625909949076, 62.02393797290017, 6.692115737338876
0.002819038076152304, 0.8145361172495784, 6.729957668758591E-4, 12.068938759656973, 0.0025898483388073824, 66.26763957103924, 64.73100510977835, 6.69318354670246
0.0028254509018036064, 0.8163537566905661, 6.74526716228246E-4, 12.155023021565471, 0.002613573222626879, 69.24576569886828, 67.55885826835707, 6.694251356066043
0.0028318637274549092, 0.8181713961315539, 6.76057665580633E-4, 12.241566729290934, 0.0026374747356766137, 72.35487361529266, 70.51148227180802, 6.695319165429626
0.0028382765531062117, 0.8199890355725415, 6.7758861493302E-4, 12.328571125989301, 0.0026615538099273323, 75.5992996467435, 73.59295472466971, 6.696386974793209
0.002844689378757514, 0.8218066750135291, 6.791195642854069E-4, 12.416037454817069, 0.0026858113798985694, 78.98348192047138, 76.80744747534344, 6.697454784156792
0.002851102204408817, 0.823624314454517, 6.80650513637794E-4, 12.503966958931297, 0.00271024838265867, 82.51196198687674, 80.15922809263728, 6.698522593520376
0.0028575150300601195, 0.8254419538955046, 6.821814629901808E-4, 12.592360881489562, 0.0027348657578247677, 86.18938645790966, 83.65266135670221, 6.699590402883959
0.002863927855711422, 0.8272595933364923, 6.837124123425678E-4, 12.681220465650021, 0.0027596644475628204, 90.02050866099003, 87.29221076367487, 6.700658212247542
0.002870340681362725, 0.82907723277748, 6.852433616949548E-4, 12.770546954571376, 0.002784645396587589, 94.01019030972873, 91.08244004552063, 6.701726021611126
0.0028767535070140272, 0.8308948722184677, 6.867743110473418E-4, 12.860341591412856, 0.0028098095521626497, 98.16340319004722, 95.02801470353529, 6.702793830974709
0.00288316633266533, 0.8327125116594555, 6.883052603997287E-4, 12.950605619334269, 0.0028351578641004054, 102.48523086261052, 99.13370355631379, 6.7038616403382925
0.0028895791583166326, 0.8345301511004432, 6.898362097521157E-4, 13.041340281495962, 0.002860691284762083, 106.98087038209111, 103.40438030295167, 6.704929449701876
0.0028959919839679346, 0.8363477905414307, 6.913671591045026E-4, 13.132546821058822, 0.002886410769057734, 111.655634032045, 107.84502510007155, 6.705997259065459
0.002902404809619238, 0.8381558441515308, 6.928981084568897E-4, 13.224449150620023, 0.0029124715616770606, 116.51495107639808, 112.46072615362635, 6.707258672179753
0.00290881763527054, 0.8399479213768174, 6.944290578092766E-4, 13.317199087135723, 0.0029389802081326976, 121.56436952796162, 117.25668132608364, 6.708842758211899
0.002915230460921843, 0.8417399986021042, 6.959600071616635E-4, 13.41042772766578, 0.002965681778346367, 126.80955793249902, 122.23819975723588, 6.710426844244046
0.0029216432865731452, 0.843532075827391, 6.974909565140505E-4, 13.504136318628623, 0.002992577253918688, 132.25630717019513, 127.41070350080206, 6.712010930276192
0.002928056112224448, 0.8453241530526778, 6.990219058664375E-4, 13.598326106444492, 0.003019667619019938, 137.91053227389574, 132.77972917584137, 6.713595016308338
0.0029344689378757506, 0.8471162302779646, 7.005528552188245E-4, 13.692998337535434, 0.003046953860390065, 143.77827426320312, 138.35092963234732, 6.715179102340485
0.0029408817635270534, 0.8489083075032514, 7.020838045712115E-4, 13.788154258325255, 0.0030744369673386994, 149.8657019964159, 144.13007563274778, 6.7167631883726315
0.0029472945891783555, 0.850700384728538, 7.036147539235983E-4, 13.883795115239597, 0.0031021179317451703, 156.17911403883556, 150.1230575480518, 6.718347274404778
0.0029537074148296588, 0.852492461953825, 7.051457032759854E-4, 13.979922154705898, 0.003129997748058525, 162.72494054855164, 156.33588706964358, 6.719931360436924
0.0029601202404809608, 0.8542845391791116, 7.066766526283723E-4, 14.076536623153348, 0.0031580774132975217, 169.50974517837994, 162.77469893527996, 6.721515446469071
0.0029665330661322637, 0.8560766164043984, 7.082076019807593E-4, 14.173639767012986, 0.0031863579270506696, 176.5402269959959, 169.4457526715502, 6.723099532501217
0.002972945891783566, 0.8578686936296852, 7.097385513331463E-4, 14.271232832717615, 0.003214840291476227, 183.82322242044955, 176.355434350775, 6.724683618533363
0.002979358717434869, 0.859660770854972, 7.112695006855332E-4, 14.36931706670185, 0.003243525511302218, 191.36570717670782, 183.51025836419737, 6.72626770456551
0.0029857715430861714, 0.8614528480802588, 7.128004500379202E-4, 14.467893715402088, 0.0032724145938264467, 199.17479826638046, 190.91686920922527, 6.727851790597656
0.0029921843687374743, 0.8632449253055455, 7.143313993903072E-4, 14.566964025256537, 0.00330150854891651, 207.25775595778396, 198.58204329441068, 6.729435876629802
0.0029985971943887768, 0.8650370025308324, 7.158623487426942E-4, 14.666529242705199, 0.003330808389009815, 215.62198579118308, 206.51269075757057, 6.731019962661949
0.003005010020040079, 0.8667966133345075, 7.173932980950812E-4, 14.767241107451888, 0.003360781788620231, 224.27504060350762, 214.715857301465, 6.733146155026101
0.003011422845691382, 0.8685471335401316, 7.189242474474681E-4, 14.868636528527276, 0.003391098929516377, 233.22462256955737, 223.19872604404839, 6.735424137163214
0.0030178356713426845, 0.8702976537457555, 7.204551967998551E-4, 14.970535113726584, 0.003421630824321251, 242.47858526185948, 231.96861938551655, 6.737702119300328
0.0030242484969939874, 0.8720481739513795, 7.219861461522421E-4, 15.072938116033821, 0.0034523785212179337, 252.04493572717382, 241.03300089008732, 6.739980101437442
0.0030306613226452894, 0.8737986941570034, 7.23517095504629E-4, 15.175846788438328, 0.003483343071001969, 261.9318365818643, 250.39947718449696, 6.742258083574556
0.0030370741482965927, 0.8755492143626274, 7.25048044857016E-4, 15.279262383934807, 0.00351452552708142, 272.14760812480944, 260.075799872413, 6.744536065711669
0.0030434869739478948, 0.8772997345682513, 7.265789942094029E-4, 15.383186155523262, 0.0035459269454769025, 282.70073046823427, 270.0698674645241, 6.746814047848783
0.0030498997995991976, 0.8790502547738753, 7.281099435617899E-4, 15.48761935620909, 0.0035775483848216254, 293.5998456866607, 280.38972732493306, 6.7490920299858965
0.0030563126252505, 0.8808007749794993, 7.296408929141769E-4, 15.592563239002994, 0.0036093909063614343, 304.85375998441856, 291.0435776340497, 6.751370012123011
0.003062725450901803, 0.8825512951851232, 7.311718422665639E-4, 15.698019056921032, 0.0036414555739548516, 316.47144588060553, 302.039769367055, 6.753647994260124
0.0030691382765531054, 0.8843018153907473, 7.327027916189508E-4, 15.803988062984603, 0.003673743454073117, 328.4620444129121, 313.38680828910924, 6.755925976397238
0.0030755511022044083, 0.8860523355963712, 7.342337409713378E-4, 15.910471510220436, 0.003706255615800225, 340.8348673600379, 325.09335696725117, 6.758203958534351
0.0030819639278557103, 0.887802855801995, 7.357646903237247E-4, 16.017470651660613, 0.0037389931308329724, 353.59939948186116, 337.16823679792844, 6.760481940671466
0.0030883767535070136, 0.8895533760076192, 7.372956396761118E-4, 16.124986740342585, 0.0037719570734809993, 366.765300778413, 349.6204300514608, 6.762759922808579
0.0030947895791583156, 0.891303896213243, 7.388265890284987E-4, 16.23302102930908, 0.0038051485206668165, 380.34240876764085, 362.45908193305206, 6.765037904945693
0.003101202404809618, 0.8930408422301985, 7.403575383808856E-4, 16.341804067144352, 0.0038387383126045577, 394.3407407817325, 375.6935026605453, 6.767499164749251
0.003107615230460921, 0.894718966762924, 7.418884877332726E-4, 16.45210561841337, 0.0038732987344052604, 408.7704962820621, 389.33316955854764, 6.770754627774066
0.0031140280561122234, 0.8963970912956494, 7.434194370856596E-4, 16.562936201074635, 0.003908098921875939, 423.64205919318465, 403.38772916978405, 6.774010090798881
0.0031204408817635263, 0.8980752158283748, 7.449503864380466E-4, 16.67429708185348, 0.00394314000504834, 438.96600025526925, 417.8669993825061, 6.777265553823695
0.0031268537074148287, 0.8997533403611002, 7.464813357904336E-4, 16.786189527490833, 0.00397842311665861, 454.75307939599185, 432.78097157561353, 6.78052101684851
0.003133266533066131, 0.9014314648938255, 7.480122851428204E-4, 16.898614804743225, 0.004013949392147404, 471.0142481210963, 448.1398127800219, 6.7837764798733255
0.003139679358717434, 0.9031095894265511, 7.495432344952075E-4, 17.011574180382773, 0.004049719969660019, 487.7606519244141, 463.9538678577657, 6.787031942898141
0.0031460921843687365, 0.9047877139592764, 7.510741838475944E-4, 17.125068921197162, 0.004085735990046488, 505.0036327163853, 480.23366169714944, 6.790287405922956
0.003152505010020039, 0.9064658384920017, 7.526051331999814E-4, 17.2391002939897, 0.004121998596861739, 522.7547312728152, 496.98990142619294, 6.79354286894777
0.003158917835671342, 0.9081439630247271, 7.541360825523683E-4, 17.353669565579274, 0.0041585089363656725, 541.0256897023298, 514.2334786427515, 6.796798331972585
0.0031653306613226443, 0.9098220875574525, 7.556670319047553E-4, 17.46877800280036, 0.004195268157523311, 559.8284539325288, 531.9754716609174, 6.8000537949974005
0.0031717434869739476, 0.9115002120901781, 7.571979812571424E-4, 17.58442687250303, 0.0042322774120049055, 579.1751762178078, 550.2271477772471, 6.803309258022216
0.0031781563126252496, 0.9131783366229034, 7.587289306095293E-4, 17.700617441552932, 0.004269537854186047, 599.0782176636853, 568.9999655510708, 6.806564721047031
0.003184569138276552, 0.9148564611556288, 7.602598799619163E-4, 17.817350976831342, 0.00430705064114781, 619.5501507738337, 588.305577105651, 6.809820184071846
0.003190981963927855, 0.9165345856883542, 7.617908293143032E-4, 17.934628745235084, 0.00434481693267685, 640.6037620140871, 608.1558304438292, 6.813075647096661
0.0031973947895791574, 0.9182127102210796, 7.633217786666902E-4, 18.05245201367661, 0.004382837891265529, 662.2520543981344, 628.5627717834315, 6.816331110121476
0.00320380761523046, 0.9197937722400537, 7.648527280190771E-4, 18.171584811087317, 0.004421698082711161, 684.5082500922898, 649.5386479094101, 6.820167682999743
0.0032102204408817627, 0.9213084230654085, 7.663836773714642E-4, 18.291793883967834, 0.004461222445528332, 707.3857930401057, 671.0959085437077, 6.824401857356688
0.003216633266533065, 0.9228230738907631, 7.679146267238511E-4, 18.412560245245835, 0.00450101506578006, 730.8983516065205, 693.2472087324645, 6.828636031713632
0.003223046092184368, 0.9243377247161179, 7.694455760762381E-4, 18.533885181207847, 0.00454107716832754, 755.0598212435699, 716.0054112524795, 6.832870206070577
0.0032294589178356705, 0.9258523755414725, 7.70976525428625E-4, 18.655769978174632, 0.004581409980870945, 779.8843271745061, 739.3835890339075, 6.8371043804275216
0.003235871743486973, 0.9273670263668272, 7.72507474781012E-4, 18.778215922501303, 0.004622014733949718, 805.3862270994344, 763.3950276024123, 6.841338554784467
0.003242284569138276, 0.928881677192182, 7.74038424133399E-4, 18.901224300577272, 0.004662892660942806, 831.5801139198918, 788.0532275376102, 6.845572729141411
0.0032486973947895782, 0.9303963280175367, 7.75569373485786E-4, 19.024796398826233, 0.00470404499806895, 858.4808184852615, 813.3719069515562, 6.849806903498356
0.0032551102204408807, 0.9319109788428913, 7.771003228381728E-4, 19.14893350370621, 0.004745472984386921, 886.1034123581155, 839.3650039835687, 6.8540410778553005
0.0032615230460921836, 0.9334256296682462, 7.786312721905599E-4, 19.27363690170953, 0.004787177861795811, 914.4632106015306, 866.0466793149129, 6.858275252212246
0.003267935871743486, 0.9349402804936008, 7.801622215429468E-4, 19.398907879362795, 0.004829160875035264, 943.5757745854223, 893.4313187002629, 6.86250942656919
0.003274348697394789, 0.9364549313189555, 7.816931708953339E-4, 19.524747723226966, 0.004871423271685771, 973.456914815051, 921.5335355188954, 6.866743600926135
0.003280761523046091, 0.9379695821443101, 7.832241202477208E-4, 19.651157719897235, 0.004913966302168901, 1004.1226937786687, 950.3681733427568, 6.870977775283079
0.003287174348697394, 0.9394842329696649, 7.847550696001077E-4, 19.77813915600318, 0.004956791219747594, 1035.5894288174895, 979.950308524753, 6.875211949640025
0.0032935871743486962, 0.9409988837950196, 7.862860189524947E-4, 19.905693318208627, 0.0049998992805263985, 1067.8736950153036, 1010.2952528041454, 6.879446123996969
0.003299999999999999, 0.9425135346203743, 7.878169683048817E-4, 20.033821493211732, 0.005043291743451748, 1100.9923281093488, 1041.4185559308958, 6.883680298353914
