phi0, phi, rho, Z_fit_curve, F_ex_fit_per_V, mu_kT, PV_NkT, alpha
1.0000000000000005E-4, 0.028959293523723416, 2.387324146378431E-5, 1.0329712172584062, 1.3132366278704483E-6, -42.483338951043976, -43.45577566162807, 6.61567117283951
1.0641282565130265E-4, 0.030816387664307478, 2.540419081617128E-5, 1.033108252444328, 1.4496641611363661E-6, -39.85625349565963, -38.28971142410144, 6.615701960340437
1.1282565130260525E-4, 0.03267348180489153, 2.6935140168558247E-5, 1.0331687438915813, 1.589301668081199E-6, -37.35953576310074, -33.6882305141133, 6.615732747841364
1.1923847695390786E-4, 0.034530575945475595, 2.8466089520945217E-5, 1.0331739440900118, 1.7318803407339307E-6, -34.98869992201536, -29.56989852598085, 6.615763535342292
1.2565130260521045E-4, 0.036387670086059656, 2.9997038873332187E-5, 1.0331439009154182, 1.8771765378380994E-6, -32.73936806167676, -25.869323954968433, 6.61579432284322
1.3206412825651306E-4, 0.03824476422664372, 3.152798822571916E-5, 1.0330974954267746, 2.025009460504273E-6, -30.607268428739996, -22.533282348987882, 6.615825110344147
1.3847695390781567E-4, 0.04010185836722777, 3.305893757810612E-5, 1.0330524789582947, 2.1752388973403657E-6, -28.588233681775137, -19.517917005528155, 6.6158558978450746
1.4488977955911825E-4, 0.041958952507811835, 3.458988693049309E-5, 1.0330255095137653, 2.327763037801659E-6, -26.678199163493233, -16.786682683002102, 6.615886685346002
1.513026052104209E-4, 0.0438160466483959, 3.612083628288006E-5, 1.0330321874705504, 2.482516352515493E-6, -24.873201190580307, -14.308811886913807, 6.615917472846929
1.5771543086172347E-4, 0.04567314078897995, 3.765178563526703E-5, 1.0330870906006473, 2.639467539348423E-6, -23.169375361055717, -12.058154997119209, 6.6159482603478565
1.6412825651302606E-4, 0.047530234929564014, 3.9182734987653996E-5, 1.0332038084161168, 2.7986175339966767E-6, -21.56295487906993, -10.012291993068333, 6.615979047848784
1.705410821643287E-4, 0.049387329070148075, 4.071368434004097E-5, 1.0333949758461942, 2.9599975838933426E-6, -20.050268897058157, -8.151844290931257, 6.616009835349711
1.7695390781563127E-4, 0.05124442321073214, 4.2244633692427936E-5, 1.0336723062533433, 3.123667384238762E-6, -18.627740875165014, -6.45993593178874, 6.616040622850639
1.833667334669339E-4, 0.0531015173513162, 4.377558304481491E-5, 1.0340466237954908, 3.2897132749730423E-6, -17.29188695785635, -4.921767561982901, 6.616071410351567
1.897795591182365E-4, 0.054958611491900254, 4.5306532397201875E-5, 1.0345278951416257, 3.458246497522451E-6, -16.039314367633764, -3.5242765295744998, 6.616102197852494
1.961923847695391E-4, 0.056815705632484316, 4.683748174958884E-5, 1.035125260547938, 3.6294015101639162E-6, -14.866719815767562, -2.255863396390536, 6.616132985353421
2.0260521042084168E-4, 0.058672752219045325, 4.836843110197581E-5, 1.035847143659529, 3.803338199281864E-6, -13.770887929964143, -1.106170153587123, 6.616164788671993
2.090180360721443E-4, 0.06052972930357265, 4.9899380454362775E-5, 1.0367011679373914, 3.980235257847355E-6, -12.748689698883197, -0.06589903965034483, 6.61619807664712
2.154308617234469E-4, 0.06238670638809998, 5.143032980674975E-5, 1.0376940622561437, 4.160282052383992E-6, -11.797080933420741, 0.8733364966522855, 6.616231364622247
2.218436873747495E-4, 0.06424368347262731, 5.2961279159136715E-5, 1.0388319594419548, 4.343690251660784E-6, -10.913100744673477, 1.719135190034623, 6.6162646525973745
2.2825651302605212E-4, 0.06610066055715465, 5.449222851152369E-5, 1.040120311945167, 4.530687157816761E-6, -10.093870038500762, 2.478410749543638, 6.616297940572502
2.3466933867735473E-4, 0.06795763764168197, 5.6023177863910654E-5, 1.0415639192281063, 4.721514349861141E-6, -9.33659002659906, 3.157477984982964, 6.6163312285476295
2.4108216432865734E-4, 0.06981461472620931, 5.755412721629763E-5, 1.0431669545626112, 4.916426378048877E-6, -8.638540754005353, 3.762125369291678, 6.616364516522757
2.4749498997995995E-4, 0.07167159181073664, 5.9085076568684594E-5, 1.0449329912441403, 5.115689508074466E-6, -7.9970796429450495, 4.297676494606377, 6.6163978044978835
2.539078156312625E-4, 0.07352856889526396, 6.061602592107156E-5, 1.0468650282293293, 5.319580514038932E-6, -7.409640052940064, 4.769042383160729, 6.616431092473011
2.6032064128256516E-4, 0.0753855459797913, 6.214697527345853E-5, 1.0489655152037995, 5.52838551915665E-6, -6.873729857092719, 5.180766227697598, 6.6164643804481384
2.667334669338677E-4, 0.07724252306431863, 6.36779246258455E-5, 1.0512363770870181, 5.742398883181088E-6, -6.386930034461562, 5.537061833214497, 6.616497668423266
2.7314629258517033E-4, 0.07909950014884595, 6.520887397823247E-5, 1.0536790379809382, 5.961922135539853E-6, -5.946893278444235, 5.841846793003614, 6.616530956398393
2.7955911823647294E-4, 0.08095647723337328, 6.673982333061943E-5, 1.0562944445691487, 6.18726295318181E-6, -5.55134262108412, 6.098771242398182, 6.616564244373521
2.859719438877756E-4, 0.08281345431790063, 6.827077268300641E-5, 1.059083088973206, 6.418734182150262E-6, -5.198070073215287, 6.3112428823465905, 6.616597532348648
2.923847695390781E-4, 0.08467043140242793, 6.980172203539337E-5, 1.0620450310727956, 6.656652901908268E-6, -4.884935280362633, 6.4824488435045335, 6.616630820323775
2.9879759519038077E-4, 0.08652740848695528, 7.133267138778035E-5, 1.0651799202963268, 6.9013395314537156E-6, -4.609864194311842, 6.6153748635650595, 6.616664108298902
3.052104208416834E-4, 0.08838441881720009, 7.286362074016731E-5, 1.0684886123926365, 7.153233230477877E-6, -4.3708477602662965, 6.712822171096857, 6.616710951408991
3.11623246492986E-4, 0.09024143681953357, 7.439457009255428E-5, 1.0719688466918265, 7.412580167302875E-6, -4.16594061950505, 6.777422404432019, 6.616760922627148
3.1803607214428854E-4, 0.09209845482186704, 7.592551944494125E-5, 1.0756188063654553, 7.679680487346165E-6, -3.993259827459142, 6.811650841156658, 6.6168108938453045
3.2444889779559115E-4, 0.09395547282420053, 7.745646879732821E-5, 1.07943670658413, 7.95486021113452E-6, -3.8509835871207083, 6.817838170199845, 6.616860865063462
3.308617234468938E-4, 0.09581249082653401, 7.898741814971519E-5, 1.0834204533056984, 8.238444823290901E-6, -3.737349997702005, 6.798181002553941, 6.616910836281618
3.372745490981963E-4, 0.09766950882886746, 8.051836750210215E-5, 1.0875676620253623, 8.530758609820811E-6, -3.6506558184581404, 6.754751286854597, 6.616960807499774
3.43687374749499E-4, 0.09952652683120096, 8.204931685448913E-5, 1.0918756760415373, 8.832124030772103E-6, -3.5892552475917276, 6.689504771242059, 6.6170107787179315
3.501002004008016E-4, 0.10138354483353443, 8.358026620687609E-5, 1.0963415842437934, 9.142861127396705E-6, -3.5515587161530853, 6.604288632218217, 6.617060749936088
3.565130260521042E-4, 0.10324056283586791, 8.511121555926306E-5, 1.100962238429171, 9.463286962954227E-6, -3.5360316968526173, 6.500848373849132, 6.617110721154245
3.629258517034068E-4, 0.1050975808382014, 8.664216491165004E-5, 1.105734270153148, 9.793715096307716E-6, -3.541193527701524, 6.380834086066016, 6.617160692372401
3.6933867735470936E-4, 0.10695459884053486, 8.817311426403699E-5, 1.1106541071214784, 1.0134455087473471E-5, -3.565616250395634, 6.245806138499466, 6.617210663590558
3.75751503006012E-4, 0.10881161684286834, 8.970406361642397E-5, 1.1157179891291047, 1.0485812034297487E-5, -3.607923463358504, 6.097240375855606, 6.617260634808715
3.821643286573147E-4, 0.11066863484520184, 9.123501296881095E-5, 1.1209219835523072, 1.0848086139441691E-5, -3.66678918936009, 5.9365328719913295, 6.617310606026871
3.885771543086172E-4, 0.1125256528475353, 9.27659623211979E-5, 1.1262620004002108, 1.1221572306874615E-5, -3.7409367576263426, 5.765004292309081, 6.617360577245028
3.9498997995991985E-4, 0.11438267084986878, 9.429691167358488E-5, 1.1317338069317517, 1.1606559767071217E-5, -3.829137700354352, 5.583903907659441, 6.617410548463185
4.014028056112224E-4, 0.11623954577231843, 9.582786102597184E-5, 1.1373321708084527, 1.2003248260649331E-5, -3.9302106635508927, 5.39441329742284, 6.617454894171061
4.07815631262525E-4, 0.11809590969518305, 9.735881037835882E-5, 1.1430502985401374, 1.2411685038587452E-5, -4.043020332108627, 5.1976497747192445, 6.617479148770796
4.1422845691382757E-4, 0.11995227361804763, 9.888975973074577E-5, 1.148886673686441, 1.2832428405371387E-5, -4.166476369036463, 4.994669562617399, 6.617503403370531
4.2064128256513023E-4, 0.12180863754091224, 1.0042070908313275E-4, 1.1548366301913404, 1.3265741111249878E-5, -4.2995323687585465, 4.7864707467077485, 6.617527657970265
4.270541082164329E-4, 0.12366500146377686, 1.0195165843551973E-4, 1.160895426026116, 1.3711878762508647E-5, -4.4411848243995315, 4.573996026360093, 6.61755191257
4.334669338677354E-4, 0.12552136538664144, 1.0348260778790668E-4, 1.1670582553250786, 1.4171089602824345E-5, -4.590472108970449, 4.358135284357307, 6.617576167169734
4.3987975951903806E-4, 0.12737772930950605, 1.0501355714029366E-4, 1.17332026012842, 1.4643614318059154E-5, -4.746473470371723, 4.139727992308065, 6.617600421769469
4.462925851703406E-4, 0.12923409323237064, 1.0654450649268062E-4, 1.1796765417380388, 1.5129685863783362E-5, -4.908308040127969, 3.9195654672488494, 6.617624676369203
4.527054108216433E-4, 0.13109045715523526, 1.080754558450676E-4, 1.1861221716920967, 1.562952931482647E-5, -5.0751338557723535, 3.6983929931061548, 6.6176489309689375
4.591182364729458E-4, 0.13294682107809982, 1.0960640519745455E-4, 1.1926522023640649, 1.61433617361651E-5, -5.2461468967926566, 3.4769118191755193, 6.617673185568672
4.6553106212424844E-4, 0.13480318500096444, 1.1113735454984153E-4, 1.199261677191981, 1.667139207446697E-5, -5.420580134060808, 3.2557810464324413, 6.617697440168406
4.719438877755511E-4, 0.13665954892382906, 1.1266830390222851E-4, 1.2059456405435762, 1.72138210696208E-5, -5.5977025926536905, 3.0356194113378647, 6.617721694768141
4.783567134268536E-4, 0.13851591284669365, 1.1419925325461546E-4, 1.2126991472229367, 1.7770841185590968E-5, -5.776818427988365, 2.817006975754631, 6.617745949367875
4.8476953907815627E-4, 0.14037227676955827, 1.1573020260700244E-4, 1.219517271624303, 1.834263655994607E-5, -5.957266015183543, 2.600486730702029, 6.61777020396761
4.911823647294588E-4, 0.14222864069242283, 1.172611519593894E-4, 1.226395116538576, 1.8929382971420653E-5, -6.138417051561952, 2.3865661208702784, 6.617794458567344
4.975951903807615E-4, 0.14408500461528745, 1.1879210131177638E-4, 1.2333278216180816, 1.9531247824878938E-5, -6.319675672214515, 2.17571849610596, 6.617818713167079
5.04008016032064E-4, 0.14594176725401306, 1.2032305066416333E-4, 1.2403169114599608, 2.0149152995769214E-5, -6.5004775785356985, 1.9683844954666019, 6.617875574131807
5.104208416833667E-4, 0.14779876912225534, 1.2185400001655031E-4, 1.247355297501503, 2.0782994849551733E-5, -6.6802891796507415, 1.7649733688743894, 6.61795199891553
5.168336673346693E-4, 0.1496557709904976, 1.233849493689373E-4, 1.2544345219292783, 2.1432470806920326E-5, -6.858606746647489, 1.565864240916897, 6.618028423699254
5.232464929859718E-4, 0.15151277285873982, 1.2491589872132424E-4, 1.261549949857827, 2.2097716141918545E-5, -7.034955579530719, 1.371407320897943, 6.618104848482978
5.296593186372745E-4, 0.15336977472698207, 1.2644684807371122E-4, 1.2686970206522747, 2.2778857919226E-5, -7.208889186812546, 1.1819250628545848, 6.618181273266702
5.36072144288577E-4, 0.15522677659522433, 1.2797779742609817E-4, 1.275871254457055, 2.3476015070820084E-5, -7.379988477656444, 0.9977132789070204, 6.618257698050425
5.424849699398797E-4, 0.15708377846346658, 1.2950874677848515E-4, 1.2830682584207043, 2.4189298485890662E-5, -7.5478609664907355, 0.8190422089943956, 6.618334122834149
5.488977955911824E-4, 0.15894078033170883, 1.3103969613087213E-4, 1.2902837326220118, 2.4918811113452677E-5, -7.712139990004964, 0.6461575497757336, 6.618410547617874
5.553106212424849E-4, 0.16079778219995106, 1.325706454832591E-4, 1.2975134757027342, 2.5664648077111358E-5, -7.872483936446881, 0.4792814452224823, 6.618486972401597
5.617234468937875E-4, 0.16265478406819334, 1.3410159483564607E-4, 1.3047533902120847, 2.642689680144338E-5, -8.028575487135997, 0.31861344120231605, 6.618563397185321
5.6813627254509E-4, 0.16451178593643556, 1.3563254418803302E-4, 1.3119994876681438, 2.7205637149466282E-5, -8.180120870109253, 0.16433140615755112, 6.618639821969045
5.745490981963927E-4, 0.16636878780467781, 1.3716349354042E-4, 1.3192478933413472, 2.800094157067833E-5, -8.326849125812124, 0.01659241980159219, 6.6187162467527685
5.809619238476952E-4, 0.16822578967292004, 1.3869444289280695E-4, 1.3264948507651078, 2.8812875259159547E-5, -8.468511384754942, -0.12446636841539428, 6.618792671536492
5.873747494989979E-4, 0.17008279154116232, 1.4022539224519393E-4, 1.3337367259786688, 2.9641496321233352E-5, -8.604880157046775, -0.2587269094560145, 6.618869096320216
5.937875751503006E-4, 0.17193979340940457, 1.417563415975809E-4, 1.3409700115071652, 3.0486855952197866E-5, -8.735748633724834, -0.38608945198632777, 6.61894552110394
6.002004008016031E-4, 0.17379676411987838, 1.4328729094996787E-4, 1.348190965886837, 3.1348946436827996E-5, -8.860929999793987, -0.5064717654482462, 6.619020373566066
6.066132264529058E-4, 0.1756527689395312, 1.4481824030235485E-4, 1.3553852910161852, 3.222620314468583E-5, -8.980256758892127, -0.6198083876649748, 6.619046484058655
6.130260521042083E-4, 0.177508773759184, 1.4634918965474183E-4, 1.3625610495020444, 3.312023985499091E-5, -9.093580069497866, -0.726049895829949, 6.619072594551246
6.194388777555109E-4, 0.1793647785788368, 1.4788013900712878E-4, 1.3697152745209393, 3.403108090370577E-5, -9.200769092595669, -0.8251621998167149, 6.619098705043836
6.258517034068136E-4, 0.1812207833984896, 1.4941108835951576E-4, 1.37684514186762, 3.495874471881187E-5, -9.301710350714066, -0.9171258568295668, 6.619124815536425
6.322645290581161E-4, 0.18307678821814238, 1.509420377119027E-4, 1.3839479724621275, 3.590324404162869E-5, -9.396307098253846, -1.0019354064892065, 6.619150926029016
6.386773547094188E-4, 0.1849327930377952, 1.524729870642897E-4, 1.3910212346282804, 3.686458615400767E-5, -9.484478703020324, -1.0795987255116029, 6.619177036521606
6.450901803607213E-4, 0.18678879785744798, 1.5400393641667664E-4, 1.3980625461483567, 3.7842773110978754E-5, -9.56616003887621, -1.1501364012015314, 6.619203147014195
6.51503006012024E-4, 0.18864480267710082, 1.5553488576906362E-4, 1.4050696760986823, 3.8837801978434265E-5, -9.641300889431706, -1.213581123040003, 6.6192292575067855
6.579158316633265E-4, 0.19050080749675363, 1.570658351214506E-4, 1.4120405464707606, 3.984966507544462E-5, -9.709865362684928, -1.2699770916872528, 6.619255367999375
6.643286573146292E-4, 0.19235681231640644, 1.5859678447383759E-4, 1.4189732335826948, 4.087835022080962E-5, -9.77183131653328, -1.319379444781855, 6.619281478491965
6.707414829659318E-4, 0.19421281713605923, 1.6012773382622454E-4, 1.4258659692853597, 4.1923840983456354E-5, -9.827189795064763, -1.3618536989443402, 6.619307588984555
6.771543086172344E-4, 0.19606882195571204, 1.6165868317861152E-4, 1.432717141968042, 4.298611693630002E-5, -9.87594447555053, -1.3974752074448198, 6.619333699477145
6.83567134268537E-4, 0.19792482677536483, 1.6318963253099847E-4, 1.43952529736801, 4.406515391319882E-5, -9.918111126053537, -1.4263286330246228, 6.619359809969735
6.899799599198396E-4, 0.19978083159501764, 1.6472058188338545E-4, 1.4462891391885293, 4.516092426863386E-5, -9.953717073565878, -1.4485074353897405, 6.619385920462325
6.963927855711422E-4, 0.20163683641467042, 1.662515312357724E-4, 1.453007529529835, 4.627339713975998E-5, -9.982800682592645, -1.4641133729303393, 6.619412030954915
7.028056112224449E-4, 0.2034936208826023, 1.6778248058815938E-4, 1.4596865673716468, 4.74037263141734E-5, -10.005410844101284, -1.4732560182513454, 6.619464235075089
7.092184368737473E-4, 0.2053514077554644, 1.6931342994054634E-4, 1.4663276671356167, 4.855228620639691E-5, -10.021606474746308, -1.4760522871094595, 6.619549988145015
7.1563126252505E-4, 0.20720919462832652, 1.7084437929293332E-4, 1.4729211495140164, 4.971754009778779E-5, -10.03145602628565, -1.4726259803853499, 6.619635741214941
7.220440881763525E-4, 0.2090669815011886, 1.7237532864532027E-4, 1.4794665109326024, 5.0899448273262174E-5, -10.03503700511349, -1.4631073387516114, 6.619721494284867
7.284569138276552E-4, 0.21092476837405072, 1.7390627799770725E-4, 1.4859634057169082, 5.20979691343593E-5, -10.03243550181085, -1.4476326096862435, 6.619807247354792
7.348697394789578E-4, 0.2127825552469128, 1.754372273500942E-4, 1.4924116454927494, 5.3313059468452836E-5, -10.023745730641043, -1.426343626532505, 6.619893000424718
7.412825651302605E-4, 0.21464034211977495, 1.769681767024812E-4, 1.4988111984300034, 5.454467471805174E-5, -10.009069578902391, -1.399387399303338, 6.619978753494644
7.476953907815631E-4, 0.21649812899263704, 1.7849912605486816E-4, 1.5051621883338577, 5.57927692498933E-5, -9.988516166052479, -1.3669157169469814, 6.62006450656457
7.541082164328656E-4, 0.21835591586549918, 1.8003007540725514E-4, 1.5114648935876758, 5.7057296623542554E-5, -9.962201412519093, -1.3290847608060206, 6.620150259634496
7.605210420841682E-4, 0.22021370273836127, 1.815610247596421E-4, 1.5177197459516254, 5.833820985921477E-5, -9.930247618117077, -1.2860547290198678, 6.620236012704422
7.669338677354709E-4, 0.2220714896112234, 1.8309197411202908E-4, 1.5239273292211448, 5.9635461704550664E-5, -9.8927830499869, -1.237989471625114, 6.620321765774348
7.733466933867734E-4, 0.22392927648408548, 1.8462292346441603E-4, 1.5300883777493182, 6.094900490007471E-5, -9.849941539962847, -1.185056136117999, 6.6204075188442735
7.797595190380761E-4, 0.2257870633569476, 1.86153872816803E-4, 1.536203774837185, 6.22787924430816E-5, -9.801862091298663, -1.1274248232696154, 6.620493271914199
7.861723446893786E-4, 0.22764485022980968, 1.8768482216918996E-4, 1.542274550995969, 6.362477784969344E-5, -9.748688494656177, -1.065268252970418, 6.620579024984125
7.925851703406813E-4, 0.2295026371026718, 1.8921577152157694E-4, 1.5483018820851437, 6.49869154148499E-5, -9.690568953277893, -0.99876143990834, 6.620664778054051
7.989979959919837E-4, 0.23136042397553389, 1.907467208739639E-4, 1.5542870873303705, 6.636516046998668E-5, -9.627655717260064, -0.9280813788881963, 6.620750531123977
8.054108216432864E-4, 0.23321664644763732, 1.9227767022635087E-4, 1.5602213023013198, 6.775748438590432E-5, -9.560104726835682, -0.8534067395968911, 6.620803084461104
8.11823647294589E-4, 0.23507257921589647, 1.9380861957873783E-4, 1.5661143593533993, 6.91653934974891E-5, -9.48807526459057, -0.7749175706451242, 6.620849489699564
8.182364729458916E-4, 0.2369285119841557, 1.953395689311248E-4, 1.571969891523582, 7.058920866668477E-5, -9.411729616526223, -0.6927950127100719, 6.620895894938025
8.246492985971943E-4, 0.23878444475241492, 1.968705182835118E-4, 1.577789769400549, 7.202889099400326E-5, -9.331232741879667, -0.6072210206052626, 6.620942300176486
8.310621242484969E-4, 0.24064037752067413, 1.9840146763589877E-4, 1.5835759953603001, 7.348440386231148E-5, -9.246751951624889, -0.5183780941285082, 6.6209887054149466
8.374749498997995E-4, 0.24249631028893331, 1.9993241698828572E-4, 1.589330700943187, 7.495571317604857E-5, -9.158456595565086, -0.4264490175249674, 6.621035110653407
8.438877755511022E-4, 0.24435224305719253, 2.014633663406727E-4, 1.5950561441372553, 7.644278759666498E-5, -9.066517757933326, -0.33161660741339016, 6.621081515891868
8.503006012024046E-4, 0.2462081758254517, 2.0299431569305965E-4, 1.6007547065714802, 7.794559877409048E-5, -8.971107961421724, -0.23406346904194983, 6.621127921130329
8.567134268537073E-4, 0.24806410859371092, 2.0452526504544663E-4, 1.6064288906225241, 7.946412157406335E-5, -8.872400879541658, -0.13397176070728972, 6.62117432636879
8.631262525050098E-4, 0.2499200413619701, 2.060562143978336E-4, 1.6120813164385832, 8.099833430114234E-5, -8.770571057250736, -0.03152296623282258, 6.62122073160725
8.695390781563125E-4, 0.2517759741302293, 2.0758716375022057E-4, 1.6177147188839345, 8.254821891723995E-5, -8.66579363974323, 0.07310232465996863, 6.62126713684571
8.75951903807615E-4, 0.25363190689848847, 2.0911811310260752E-4, 1.6233319444075351, 8.411376125551906E-5, -8.558244109335531, 0.1797246281901556, 6.621313542084171
8.823647294589177E-4, 0.2554878396667477, 2.106490624549945E-4, 1.6289359478393586, 8.569495122949759E-5, -8.448098030343262, 0.28816577072041816, 6.621359947322632
8.887775551102203E-4, 0.2573437724350069, 2.1218001180738145E-4, 1.634529789117672, 8.72917830372203E-5, -8.335530801889714, 0.39824908541960835, 6.621406352561093
8.951903807615228E-4, 0.2591997052032661, 2.1371096115976843E-4, 1.64011662995087, 8.890425536035262E-5, -8.220717418543597, 0.5097996015246647, 6.6214527577995534
9.016032064128254E-4, 0.2610561706984383, 2.1524191051215539E-4, 1.645706736477433, 9.053387955587473E-5, -8.103832238703506, 0.6226442263212388, 6.621519283278495
9.08016032064128E-4, 0.2629142343743494, 2.1677285986454237E-4, 1.65131772588971, 9.218378768546481E-5, -7.985048760656433, 0.7366119199419924, 6.621646169478879
9.144288577154307E-4, 0.2647722980502606, 2.1830380921692935E-4, 1.656932176464503, 9.384953511799988E-5, -7.864539406210243, 0.8515338631164548, 6.621773055679264
9.208416833667334E-4, 0.26663036172617177, 2.1983475856931633E-4, 1.6625536224463924, 9.553114219924468E-5, -7.742475311829653, 0.9672436179690753, 6.621899941879648
9.27254509018036E-4, 0.26848842540208295, 2.213657079217033E-4, 1.6681856822926193, 9.722863467364103E-5, -7.619026127182932, 1.0835772819799014, 6.622026828080032
9.336673346693386E-4, 0.2703464890779941, 2.2289665727409026E-4, 1.6738320550113404, 9.89420438503396E-5, -7.494359821016402, 1.2003736352187975, 6.622153714280417
9.400801603206412E-4, 0.27220455275390526, 2.2442760662647724E-4, 1.6794965164568545, 1.0067140676335527E-4, -7.36864249427908, 1.3174742809466575, 6.622280600480801
9.464929859719437E-4, 0.2740626164298164, 2.259585559788642E-4, 1.685182915585631, 1.0241676632572886E-4, -7.24203820040146, 1.434723779704482, 6.622407486681185
9.529058116232464E-4, 0.27592068010572757, 2.2748950533125117E-4, 1.6908951706756312, 1.0417817147762918E-4, -7.114708772652812, 1.5519697769784977, 6.62253437288157
9.593186372745489E-4, 0.2777787437816387, 2.2902045468363812E-4, 1.6966372655123074, 1.0595567732829587E-4, -6.986813658497234, 1.6690631245415157, 6.622661259081954
9.657314629258516E-4, 0.2796368074575499, 2.305514040360251E-4, 1.7024132455442522, 1.0774934529176054E-4, -6.8585097608414305, 1.785857995589831, 6.622788145282338
9.721442885771541E-4, 0.281494871133461, 2.3208235338841206E-4, 1.7082272140114223, 1.0955924321626364E-4, -6.729951286127102, 1.9022119937373103, 6.622915031482723
9.785571142284567E-4, 0.2833529348093722, 2.3361330274079904E-4, 1.714083328048901, 1.1138544550731129E-4, -6.601289599144112, 2.017986256002892, 6.623041917683107
9.849699398797593E-4, 0.2852109984852833, 2.35144252093186E-4, 1.719985794769245, 1.1322803324430062E-4, -6.472673084508806, 2.1330455498580623, 6.623168803883491
9.91382765531062E-4, 0.2870690621611945, 2.3667520144557297E-4, 1.725938867326008, 1.1508709429067171E-4, -6.344247014714108, 2.247258364436073, 6.623295690083876
9.977955911823647E-4, 0.28892712583710567, 2.3820615079795995E-4, 1.7319468409617786, 1.1696272339751926E-4, -6.216153424657761, 2.3604969960087585, 6.62342257628426
0.0010042084168336673, 0.29078330116342227, 2.3973710015034693E-4, 1.7380059044813283, 1.1885306974705532E-4, -6.088530992577383, 2.472637627808136, 6.623528475386992
0.0010106212424849698, 0.2926384873542369, 2.4126804950273388E-4, 1.7441241718043385, 1.2075910863121542E-4, -5.961514927310815, 2.583560404279223, 6.623623381248097
0.0010170340681362724, 0.29449367354505157, 2.4279899885512086E-4, 1.7503102794090228, 1.226819649954916E-4, -5.835236861779735, 2.6931494998761716, 6.623718287109202
0.0010234468937875749, 0.29634885973586617, 2.443299482075078E-4, 1.7565686511387608, 1.2462176130987663E-4, -5.7098247526226436, 2.8012931824801175, 6.6238131929703075
0.0010298597194388776, 0.29820404592668087, 2.4586089755989477E-4, 1.76290373302599, 1.2657862735063988E-4, -5.585402785902478, 2.9078838715140276, 6.6239080988314125
0.0010362725450901802, 0.3000592321174955, 2.4739184691228175E-4, 1.7693199893032614, 1.2855270026398448E-4, -5.46209128878992, 3.0128181908620184, 6.624003004692517
0.0010426853707414829, 0.30191441830831023, 2.4892279626466873E-4, 1.7758218984176886, 1.3054412462296656E-4, -5.340006647141642, 3.1159970166741386, 6.624097910553622
0.0010490981963927853, 0.3037696044991248, 2.5045374561705566E-4, 1.782413949051041, 1.3255305247765624E-4, -5.219261228889047, 3.2173255201462916, 6.624192816414727
0.0010555110220440878, 0.30562479068993953, 2.5198469496944264E-4, 1.789100636148264, 1.345796433985398E-4, -5.099963313167713, 3.316713205341424, 6.624287722275832
0.0010619238476953904, 0.3074799768807542, 2.535156443218296E-4, 1.7958864569568007, 1.3662406451316213E-4, -4.982217025076232, 3.414073942169796, 6.624382628136937
0.001068336673346693, 0.30933516307156883, 2.550465936742166E-4, 1.802775907079238, 1.386864905360048E-4, -4.866122276001283, 3.5093259945907436, 6.624477533998042
0.0010747494989979955, 0.3111903492623835, 2.565775430266035E-4, 1.8097734765416522, 1.4076710379162124E-4, -4.751774709420106, 3.6023920441225594, 6.624572439859147
0.0010811623246492984, 0.3130455354531982, 2.5810849237899056E-4, 1.8168836458802464, 1.428660942310176E-4, -4.639265652089027, 3.693199208752929, 6.624667345720251
0.0010875751503006009, 0.31490072164401284, 2.596394417313775E-4, 1.8241108822482222, 1.4498365944132945E-4, -4.5286820705402855, 3.7816790573302703, 6.624762251581356
0.0010939879759519035, 0.3167559078348275, 2.6117039108376446E-4, 1.8314596355459303, 1.4712000464876682E-4, -4.420106532812152, 3.8677676194995265, 6.624857157442461
0.0011004008016032062, 0.3186111283166954, 2.6270134043615144E-4, 1.838933424472462, 1.4927510362956233E-4, -4.313617175298345, 3.9514053913070577, 6.624949924045627
0.0011068136272545089, 0.3204668631643624, 2.642322897885384E-4, 1.8465238209386037, 1.5144578206786058E-4, -4.209287674664952, 4.032537336516447, 6.625010601779695
0.0011132264529058113, 0.3223225980120293, 2.6576323914092535E-4, 1.8542487717888885, 1.536358117915073E-4, -4.107187224735603, 4.111112883733991, 6.625071279513763
0.001119639278557114, 0.3241783328596962, 2.6729418849331233E-4, 1.8621126197356703, 1.5584542769359004E-4, -4.007380518257731, 4.187085919426237, 6.625131957247831
0.0011260521042084166, 0.32603406770736315, 2.688251378456993E-4, 1.8701196713100388, 1.580748722214366E-4, -3.9099277334797757, 4.260414776900002, 6.625192634981899
0.0011324649298597193, 0.3278898025550301, 2.703560871980863E-4, 1.878274193175844, 1.603243953400005E-4, -3.814884525430139, 4.331062221348134, 6.625253312715968
0.0011388777555110217, 0.32974553740269696, 2.718870365504732E-4, 1.8865804084819602, 1.6259425448880536E-4, -3.7223020218452088, 4.3989954310099595, 6.625313990450036
0.0011452905811623244, 0.3316012722503639, 2.734179859028602E-4, 1.8950424932551924, 1.6488471453248246E-4, -3.6322268236337334, 4.4641859745536605, 6.625374668184104
0.0011517034068136269, 0.33345700709803083, 2.749489352552472E-4, 1.9036645728349675, 1.671960477049686E-4, -3.5447010098185174, 4.526609784739803, 6.625435345918173
0.0011581162324649293, 0.3353127419456977, 2.764798846076341E-4, 1.912450718352667, 1.6952853354743945E-4, -3.4597621468387145, 4.586247128470738, 6.625496023652241
0.001164529058116232, 0.33716847679336465, 2.780108339600211E-4, 1.9214049432570308, 1.7188245884000128E-4, -3.377443302176599, 4.643082573263178, 6.625556701386309
0.0011709418837675346, 0.3390242116410316, 2.7954178331240806E-4, 1.9305311998880055, 1.7425811752724022E-4, -3.297773062159974, 4.697104950285831, 6.625617379120377
0.0011773547094188373, 0.34087994648869857, 2.8107273266479504E-4, 1.939833376100264, 1.7665581063770335E-4, -3.220775553925216, 4.748307313968175, 6.625678056854445
0.0011837675350701397, 0.34273568133636545, 2.8260368201718197E-4, 1.9493152919389942, 1.7907584619734877E-4, -3.1464704714059155, 4.796686898315557, 6.625738734588514
0.0011901803607214424, 0.3445914161840324, 2.8413463136956895E-4, 1.9589806963691145, 1.8151853913708934E-4, -3.074873105282324, 4.842245069983897, 6.625799412322582
0.001196593186372745, 0.3464471510316993, 2.856655807219559E-4, 1.9688332640602442, 1.8398421119446935E-4, -3.005994376812093, 4.884987278191247, 6.62586009005665
0.0012030060120240477, 0.34830279809657944, 2.871965300743429E-4, 1.9788885701633112, 1.8647663083080579E-4, -2.939840875432438, 4.924923001568502, 6.625946513727036
0.0012094188376753504, 0.3501583456743011, 2.887274794267299E-4, 1.989151929468944, 1.8899670726028935E-4, -2.87641490010717, 4.962065691967686, 6.626062116125249
0.001215831663326653, 0.3520138932520228, 2.9025842877911687E-4, 1.9996132728033749, 1.915409261233975E-4, -2.8157145042439713, 4.996432715400154, 6.626177718523462
0.0012222444889779557, 0.3538694408297445, 2.9178937813150385E-4, 2.01027594669595, 1.9410963655096218E-4, -2.7577335441963386, 5.028045290077084, 6.626293320921675
0.0012286573146292584, 0.3557249884074662, 2.933203274838908E-4, 2.0211432081976444, 1.9670319390428957E-4, -2.7024617311912094, 5.056928421709291, 6.626408923319888
0.0012350701402805608, 0.35758053598518785, 2.9485127683627775E-4, 2.0322182220344733, 1.99321959643595E-4, -2.6498846866290613, 5.083110836112881, 6.626524525718101
0.0012414829659318635, 0.3594360835629095, 2.9638222618866473E-4, 2.0435040578277492, 2.0196630119128582E-4, -2.599984000678796, 5.1066249091860705, 6.626640128116313
0.001247895791583166, 0.36129163114063123, 2.979131755410517E-4, 2.0550036873834223, 2.046365917900768E-4, -2.552737294068435, 5.1275065943535125, 6.626755730514526
0.0012543086172344686, 0.3631471787183529, 2.994441248934387E-4, 2.066719982050672, 2.0733321035619723E-4, -2.5081182829862474, 5.1457953475539355, 6.6268713329127396
0.001260721442885771, 0.36500272629607455, 3.009750742458256E-4, 2.0786557101524643, 2.1005654132766235E-4, -2.4660968470219715, 5.161534049834462, 6.626986935310952
0.0012671342685370737, 0.3668582738737962, 3.025060235982126E-4, 2.0908135344887837, 2.1280697450781378E-4, -2.42663910005477, 5.174768927635917, 6.627102537709165
0.0012735470941883764, 0.36871382145151793, 3.040369729505996E-4, 2.103196009914051, 2.15584904904201E-4, -2.3897074639916855, 5.185549470862339, 6.627218140107378
0.001279959919839679, 0.37056936902923965, 3.0556792230298656E-4, 2.1158055809900738, 2.1839073256293642E-4, -2.3552607453174086, 5.193928348752914, 6.627333742505591
0.0012863727454909815, 0.37242491660696125, 3.070988716553735E-4, 2.1286445797160085, 2.212248623986274E-4, -2.323254214295075, 5.199961323731613, 6.627449344903804
0.0012927855711422841, 0.37428046418468297, 3.0862982100776046E-4, 2.1417152233360848, 2.240877040200613E-4, -2.29363968681557, 5.203707163199549, 6.627564947302017
0.0012991983967935868, 0.37613601176240463, 3.1016077036014744E-4, 2.155019612226873, 2.269796715516797E-4, -2.2663656087568445, 5.205227549427535, 6.62768054970023
0.0013056112224448895, 0.37799022800488524, 3.116917197125344E-4, 2.1685753814051627, 2.2990606252979145E-4, -2.2413771427825604, 5.204586987594479, 6.6278271367838615
0.001312024048096192, 0.3798442540566171, 3.1322266906492135E-4, 2.1823711402896717, 2.3286322087431204E-4, -2.218616257510388, 5.201852712034768, 6.627978150251125
0.0013184368737474946, 0.381698280108349, 3.1475361841730833E-4, 2.1964064016634173, 2.358508838132379E-4, -2.198021818935161, 5.197094590810626, 6.628129163718389
0.0013248496993987972, 0.38355230616008085, 3.162845677696953E-4, 2.2106827789545815, 2.3886948249056612E-4, -2.1795296840718517, 5.190385028623951, 6.628280177185652
0.0013312625250501, 0.38540633221181275, 3.178155171220823E-4, 2.2252017593905036, 2.4191945161571607E-4, -2.163072796672804, 5.181798868208283, 6.628431190652915
0.0013376753507014026, 0.38726035826354466, 3.1934646647446927E-4, 2.23996470238527, 2.4500122926283474E-4, -2.148581284977341, 5.171413290242408, 6.628582204120178
0.0013440881763527048, 0.38911438431527645, 3.208774158268562E-4, 2.254972838013603, 2.481152566668717E-4, -2.1359825614072556, 5.159307711846498, 6.628733217587442
0.0013505010020040075, 0.39096841036700836, 3.224083651792432E-4, 2.270227265573204, 2.5126197801657703E-4, -2.1252014241083628, 5.145563683771179, 6.628884231054705
0.0013569138276553101, 0.39282243641874026, 3.2393931453163016E-4, 2.285728952235498, 2.544418402445541E-4, -2.116160160251706, 5.130264786339044, 6.629035244521968
0.0013633266533066128, 0.39467646247047217, 3.2547026388401714E-4, 2.30147873178646, 2.5765529281453485E-4, -2.1087786510332305, 5.113496524201929, 6.629186257989232
0.0013697394789579152, 0.39653048852220396, 3.2700121323640406E-4, 2.3174773034577765, 2.6090278750603383E-4, -2.1029744782522677, 5.0953462200257285, 6.629337271456495
0.001376152304609218, 0.39838451457393587, 3.2853216258879104E-4, 2.333725230850003, 2.641847781964505E-4, -2.098663032443482, 5.075902907106834, 6.629488284923759
0.0013825651302605208, 0.4002385406256678, 3.300631119411781E-4, 2.350222940946637, 2.6750172064091355E-4, -2.0957576223936343, 5.055257221094101, 6.629639298391021
0.0013889779559118234, 0.40209256667739973, 3.3159406129356506E-4, 2.366970723222913, 2.708540722498503E-4, -2.094169586039236, 5.033501290799531, 6.629790311858285
0.001395390781563126, 0.4039465927291315, 3.33125010645952E-4, 2.383968728846563, 2.742422918645993E-4, -2.0938084026084254, 5.010728628238106, 6.629941325325548
0.0014018036072144286, 0.40580099558800525, 3.3465595999833896E-4, 2.4012203471000513, 2.776679697064444E-4, -2.0945818059622914, 4.98703401790928, 6.630098560495476
0.0014082164328657312, 0.4076563613984636, 3.3618690935072594E-4, 2.4187307749623415, 2.81133372316539E-4, -2.0963958989911307, 4.962513405490346, 6.630271695572214
0.0014146292585170339, 0.40951172720892204, 3.377178587031129E-4, 2.436491154319662, 2.846361002588957E-4, -2.0991552690774706, 4.937263785883759, 6.630444830648951
0.0014210420841683363, 0.41136709301938035, 3.3924880805549985E-4, 2.454501077038368, 2.8817661633449366E-4, -2.1027631044266277, 4.911383090829561, 6.630617965725689
0.001427454909819639, 0.4132224588298387, 3.4077975740788683E-4, 2.4727599941123577, 2.917553836281722E-4, -2.1071213112743887, 4.884970076066488, 6.630791100802426
0.0014338677354709417, 0.41507782464029713, 3.423107067602738E-4, 2.491267215439665, 2.9537286527530216E-4, -2.112130631846388, 4.85812420813581, 6.630964235879164
0.001440280561122244, 0.4169331904507555, 3.438416561126608E-4, 2.5100219096966736, 2.99029524227513E-4, -2.117690762987275, 4.8309455509282175, 6.631137370955901
0.0014466933867735465, 0.4187885562612138, 3.453726054650477E-4, 2.529023104310359, 3.0272582301771843E-4, -2.1237004753671087, 4.8035346520356486, 6.631310506032639
0.0014531062124248492, 0.4206439220716722, 3.469035548174347E-4, 2.5482696855289406, 3.064622235245191E-4, -2.130057733216999, 4.775992428957035, 6.6314836411093765
0.0014595190380761519, 0.4224992878821306, 3.484345041698217E-4, 2.5677603985918873, 3.1023918673616513E-4, -2.1366598144548252, 4.748420055282221, 6.631656776186114
0.0014659318637274545, 0.42435465369258896, 3.4996545352220865E-4, 2.5874938479985126, 3.140571725142858E-4, -2.1434034311925187, 4.720918846856109, 6.631829911262852
0.001472344689378757, 0.4262100195030473, 3.514964028745956E-4, 2.607468497876612, 3.1791663935750196E-4, -2.150184850423231, 4.69359014811129, 6.632003046339589
0.0014787575150300596, 0.4280653853135057, 3.5302735222698256E-4, 2.6276826724504643, 3.218180441651455E-4, -2.1569000149582163, 4.666535218502503, 6.632176181416327
0.0014851703406813623, 0.42992075112396405, 3.5455830157936954E-4, 2.648134556609558, 3.257618420011537E-4, -2.1634446643722294, 4.639855119245413, 6.632349316493064
0.001491583166332665, 0.43177611693442247, 3.560892509317565E-4, 2.66882219657652, 3.2974848585847524E-4, -2.169714456013146, 4.613650600334204, 6.632522451569802
0.0014979959919839674, 0.4336314827448808, 3.5762020028414344E-4, 2.6897435006759007, 3.337784264239375E-4, -2.1756050858704525, 4.588021987993386, 6.632695586646539
0.00150440881763527, 0.4354869290364712, 3.591511496365304E-4, 2.7108864020715977, 3.3784857846726017E-4, -2.1810124093259886, 4.563069072560538, 6.632851847109854
0.0015108216432865727, 0.4373424119103943, 3.606820989889174E-4, 2.7322537981429154, 3.419612401364156E-4, -2.1858325615914636, 4.538890996974061, 6.6330004372943385
0.0015172344689378754, 0.4391978947843175, 3.622130483413044E-4, 2.7538476417225137, 3.461184455645606E-4, -2.1899620778610824, 4.515586145821102, 6.633149027478823
0.0015236472945891779, 0.44105337765824054, 3.637439976936913E-4, 2.7756652992255955, 3.5032063330777557E-4, -2.193298013024386, 4.493252035104112, 6.633297617663308
0.0015300601202404803, 0.4429088605321637, 3.652749470460783E-4, 2.797704004522675, 3.5456823845519595E-4, -2.1957380608502675, 4.471985202794823, 6.6334462078477925
0.001536472945891783, 0.44476434340608684, 3.6680589639846527E-4, 2.8199608603121415, 3.58861692401105E-4, -2.1971806726233383, 4.451881100192974, 6.633594798032278
0.0015428857715430856, 0.44661982628001, 3.6833684575085225E-4, 2.842432839593082, 3.632014226186177E-4, -2.197525175046104, 4.433033984255028, 6.633743388216763
0.0015492985971943883, 0.44847530915393313, 3.6986779510323923E-4, 2.865116787239124, 3.6758785243544797E-4, -2.1966718874568225, 4.415536810843919, 6.633891978401247
0.001555711422845691, 0.4503307920278563, 3.713987444556262E-4, 2.8880094216721, 3.7202140081172587E-4, -2.1945222381351805, 4.399481129114494, 6.634040568585732
0.0015621242484969936, 0.45218627490177943, 3.729296938080132E-4, 2.91110733663578, 3.7650248212012867E-4, -2.1909788797072225, 4.384956977008358, 6.6341891587702175
0.0015685370741482963, 0.45404175777570255, 3.7446064316040017E-4, 2.9344070030698024, 3.8103150592845396E-4, -2.185945803572494, 4.372052777929229, 6.634337748954702
0.0015749498997995987, 0.45589724064962567, 3.759915925127871E-4, 2.9579047710831325, 3.856088767848513E-4, -2.179328453147335, 4.360855238803521, 6.634486339139187
0.0015813627254509014, 0.4577527235235488, 3.775225418651741E-4, 2.981596872026593, 3.9023499400587483E-4, -2.171033836024786, 4.351449249386967, 6.6346349293236715
0.001587775551102204, 0.45960820639747196, 3.7905349121756106E-4, 3.0054794206648676, 3.9491025146742354E-4, -2.1609706348095625, 4.343917783089374, 6.634783519508157
0.0015941883767535067, 0.4614636892713951, 3.8058444056994804E-4, 3.0295484174463283, 3.9963503739895055E-4, -2.14904931662369, 4.338341799281283, 6.634932109692642
0.0016006012024048092, 0.4633189096872951, 3.8211538992233496E-4, 3.053800332627386, 4.044099564783517E-4, -2.1351822411725507, 4.334800147185643, 6.635081637121987
0.0016070140280561118, 0.46517159300897226, 3.8364633927472194E-4, 3.078236014611713, 4.092373325601551E-4, -2.119283767281465, 4.333369471460046, 6.635240224584978
0.0016134268537074145, 0.46702427633064936, 3.851772886271089E-4, 3.1028455346708927, 4.1411540437470815E-4, -2.101270357885064, 4.334124119426587, 6.635398812047969
0.0016198396793587172, 0.4688769596523265, 3.867082379794959E-4, 3.1276244606597476, 4.1904453580958955E-4, -2.081060683251353, 4.337136050227665, 6.635557399510961
0.0016262525050100194, 0.4707296429740036, 3.8823918733188283E-4, 3.152568258933959, 4.2402508412980075E-4, -2.0585757224874848, 4.342474745779115, 6.635715986973952
0.001632665330661322, 0.47258232629568075, 3.897701366842698E-4, 3.177672297203589, 4.2905739979434265E-4, -2.0337388631659343, 4.350207123717854, 6.635874574436944
0.0016390781563126247, 0.47443500961735785, 3.913010860366568E-4, 3.2029318474808086, 4.341418262770435E-4, -2.006475999066071, 4.360397452323842, 6.636033161899935
0.0016454909819639274, 0.476287692939035, 3.9283203538904377E-4, 3.2283420891226804, 4.392786998920022E-4, -1.9767156257754017, 4.373107267663108, 6.636191749362926
0.0016519038076152298, 0.4781403762607121, 3.943629847414307E-4, 3.2538981119678603, 4.444683496236056E-4, -1.944388934331804, 4.388395292760766, 6.636350336825918
0.0016583166332665325, 0.47999305958238925, 3.958939340938177E-4, 3.2795949195664917, 4.4971109696133695E-4, -1.9094299025606656, 4.4063173591321165, 6.636508924288909
0.0016647294589178351, 0.48184574290406634, 3.9742488344620465E-4, 3.305427432502281, 4.5500725573962143E-4, -1.8717753841778808, 4.426926330613262, 6.6366675117519005
0.0016711422845691378, 0.4836984262257435, 3.9895583279859163E-4, 3.3313904918069213, 4.6035713198279557E-4, -1.8313651955072725, 4.450272029603724, 6.6368260992148915
0.0016775551102204403, 0.4855511095474206, 4.0048678215097856E-4, 3.357478862464486, 4.6576102375535974E-4, -1.7881421998579154, 4.476401165677577, 6.636984686677883
0.001683967935871743, 0.48740379286909774, 4.0201773150336554E-4, 3.3836872370068747, 4.712192210176749E-4, -1.7420523891839672, 4.505357266950568, 6.6371432741408745
0.0016903807615230456, 0.48925647619077484, 4.035486808557525E-4, 3.41001023919738, 4.767320054873429E-4, -1.6930449633103495, 4.537180613856859, 6.6373018616038655
0.0016967935871743482, 0.491109159512452, 4.050796302081395E-4, 3.436442427803801, 4.8229965050624723E-4, -1.6410724063573585, 4.571908175770585, 6.637460449066857
0.0017032064128256507, 0.49296212092838, 4.066105795605264E-4, 3.4630007060967465, 4.87931531283584E-4, -1.5860905604434985, 4.609573550288257, 6.637652932799755
0.0017096192384769534, 0.494815360438559, 4.081415289129134E-4, 3.4896797715123746, 4.936281118310248E-4, -1.5280586964367615, 4.6502069054834365, 6.637879312802559
0.0017160320641282558, 0.4966685999487381, 4.096724782653004E-4, 3.5164516914086903, 4.993805998531227E-4, -1.4669395818979336, 4.693834924904678, 6.638105692805363
0.0017224448897795587, 0.49852183945891715, 4.112034276176874E-4, 3.5433108040846832, 5.051892355792227E-4, -1.402699545827578, 4.740480755754703, 6.638332072808167
0.0017288577154308611, 0.500375078969096, 4.1273437697007435E-4, 3.5702514029959396, 5.110542502907952E-4, -1.3353085404083678, 4.790163960001514, 6.638558452810971
0.0017352705410821638, 0.5022283184792751, 4.142653263224613E-4, 3.5972677410345355, 5.169758662264493E-4, -1.2647401994965712, 4.842900468684978, 6.638784832813774
0.0017416833667334665, 0.5040815579894542, 4.157962756748483E-4, 3.6243540348925265, 5.229542964936421E-4, -1.1909718938738763, 4.89870253938912, 6.639011212816578
0.0017480961923847691, 0.5059347974996332, 4.173272250272353E-4, 3.6515044695024805, 5.289897449875247E-4, -1.1139847830047849, 4.957578717132982, 6.639237592819382
0.0017545090180360718, 0.5077880370098122, 4.1885817437962227E-4, 3.678713202558985, 5.350824063166117E-4, -1.0337638635448234, 5.01953379839405, 6.639463972822186
0.0017609218436873742, 0.5096412765199911, 4.203891237320092E-4, 3.7059743691152924, 5.412324657360576E-4, -0.9502980140788359, 5.084568798825647, 6.6396903528249895
0.001767334669338677, 0.5114945160301702, 4.2192007308439617E-4, 3.7332820862578906, 5.474400990880255E-4, -0.8635800364200839, 5.15268092427845, 6.6399167328277935
0.0017737474949899796, 0.5133477555403492, 4.2345102243678315E-4, 3.760630457853974, 5.537054727497586E-4, -0.7736066930958565, 5.223863545518827, 6.640143112830597
0.0017801603206412822, 0.5152009950505282, 4.2498197178917013E-4, 3.7880135793737146, 5.600287435892286E-4, -0.6803787410664939, 5.298106176584129, 6.640369492833401
0.0017865731462925847, 0.5170542345607072, 4.2651292114155706E-4, 3.8154255427844, 5.664100589286509E-4, -0.5839009615916309, 5.375394456819407, 6.640595872836205
0.0017929859719438873, 0.5189074740708862, 4.2804387049394404E-4, 3.842860441513462, 5.728495565157712E-4, -0.48418218609008373, 5.455710136808112, 6.640822252839009
0.00179939879759519, 0.5207607135810652, 4.29574819846331E-4, 3.8703123754822997, 5.793473645033871E-4, -0.38123531802742894, 5.539031068053146, 6.641048632841813
0.0018058116232464927, 0.5226164470976877, 4.31105769198718E-4, 3.897750233888182, 5.858927279493503E-4, -0.27507735056769045, 5.625331196778003, 6.641239062693286
0.0018122244488977949, 0.5244724386149767, 4.326367185511049E-4, 3.9251905664049715, 5.924953402649199E-4, -0.16572938011342764, 5.714580561597955, 6.6414257735635855
0.0018186372745490976, 0.5263284301322658, 4.341676679034919E-4, 3.9526301230456724, 5.991564166360716E-4, -0.0532166154784983, 5.806745295397047, 6.641612484433886
0.0018250501002004002, 0.5281844216495549, 4.356986172558789E-4, 3.980063081330904, 6.058760458551339E-4, 0.06243161727840665, 5.901787631315705, 6.641799195304187
0.0018314629258517029, 0.530040413166844, 4.3722956660826586E-4, 4.007483651425183, 6.126543071413881E-4, 0.18118187450231998, 5.999665913012895, 6.6419859061744875
0.0018378757515030053, 0.5318964046841331, 4.387605159606528E-4, 4.034886081549395, 6.194912701713634E-4, 0.30299659915312593, 6.100334609265772, 6.642172617044787
0.001844288577154308, 0.5337523962014221, 4.4029146531303977E-4, 4.062264663456688, 6.263869951179091E-4, 0.42783412965878614, 6.203744332950946, 6.642359327915088
0.0018507014028056106, 0.5356083877187112, 4.4182241466542675E-4, 4.089613737958615, 6.333415326983689E-4, 0.5556487134382838, 6.30984186446995, 6.6425460387853885
0.0018571142284569133, 0.5374643792360003, 4.4335336401781373E-4, 4.11692770051085, 6.403549242317173E-4, 0.6863905252419117, 6.418570179717897, 6.642732749655689
0.0018635270541082158, 0.5393203707532894, 4.4488431337020066E-4, 4.144201006847695, 6.474272017049105E-4, 0.8200056905036731, 6.529868482805486, 6.642919460525989
0.0018699398797595184, 0.5411763622705785, 4.4641526272258764E-4, 4.171428178670375, 6.545583878486642E-4, 0.9564363134310233, 6.643672243221671, 6.64310617139629
0.001876352705410821, 0.5430323537878675, 4.479462120749746E-4, 4.198603809380259, 6.61748496222359E-4, 1.0956205103395922, 6.759913237957166, 6.64329288226659
0.0018827655310621237, 0.5448883453051566, 4.494771614273616E-4, 4.225722569864466, 6.689975313086127E-4, 1.2374924481124037, 6.8785195984669985, 6.643479593136891
0.0018891783567134264, 0.5467443368224457, 4.510081107797486E-4, 4.252779214320718, 6.763054886173509E-4, 1.3819823877616926, 6.999415862386218, 6.643666304007191
0.001895591182364729, 0.5486003283397348, 4.5253906013213556E-4, 4.279768586130167, 6.836723547994465E-4, 1.5290167334166567, 7.1225230303909735, 6.643853014877491
0.0019020040080160317, 0.5504540166164031, 4.5407000948452254E-4, 4.306718566638054, 6.911130661398073E-4, 1.6785180866971527, 7.247758628080621, 6.6440842679185526
0.0019084168336673344, 0.5523026377637058, 4.556009588369095E-4, 4.3336642040862685, 6.986459712654569E-4, 1.8304053064628503, 7.375036772911641, 6.644413513735289
0.0019148296593186366, 0.5541512589110085, 4.5713190818929644E-4, 4.360528420842478, 7.062383501066794E-4, 1.984593574266435, 7.504268246464797, 6.644742759552026
0.0019212424849699393, 0.5559998800583111, 4.586628575416834E-4, 4.3873064766793135, 7.138901586285482E-4, 2.1409944653608513, 7.635360571926923, 6.645072005368762
0.001927655310621242, 0.5578485012056138, 4.601938068940704E-4, 4.413993750479477, 7.216013446541508E-4, 2.2995160254505955, 7.768218096911777, 6.645401251185499
0.0019340681362725446, 0.5596971223529165, 4.617247562464574E-4, 4.440585746319542, 7.293718480379072E-4, 2.4600628532918236, 7.902742081764162, 6.645730497002235
0.001940480961923847, 0.561545743500219, 4.632557055988443E-4, 4.46707809958572, 7.372016008488037E-4, 2.6225361891117465, 8.038830793285298, 6.646059742818972
0.0019468937875751497, 0.5633943646475217, 4.647866549512313E-4, 4.4934665831110365, 7.45090527564227E-4, 2.78683400913876, 8.176379604156166, 6.646388988635708
0.0019533066132264524, 0.5652429857948243, 4.6631760430361827E-4, 4.519747113341275, 7.530385452734264E-4, 2.9528511260652, 8.315281097887258, 6.646718234452445
0.001959719438877755, 0.567091606942127, 4.6784855365600525E-4, 4.545915756517118, 7.61045563892066E-4, 3.1204792958275047, 8.455425179653592, 6.6470474802691815
0.0019661322645290573, 0.5689402280894297, 4.693795030083922E-4, 4.571968734879491, 7.691114863866621E-4, 3.2896073302932898, 8.596699192576775, 6.647376726085918
0.00197254509018036, 0.5707888492367323, 4.7091045236077915E-4, 4.597902432889001, 7.772362090094336E-4, 3.4601212168125186, 8.738988040483564, 6.6477059719026546
0.0019789579158316626, 0.572637470384035, 4.7244140171316613E-4, 4.623713403461011, 7.85419621543864E-4, 3.631904243591771, 8.882174315954936, 6.648035217719391
0.0019853707414829655, 0.5744860915313377, 4.739723510655531E-4, 4.649398374211856, 7.936616075605593E-4, 3.8048371319540415, 9.026138434845441, 6.648364463536128
0.001991783567134268, 0.5763347126786402, 4.7550330041794004E-4, 4.674954253713267, 8.019620446835856E-4, 3.978798174989747, 9.170758776693903, 6.648693709352864
0.0019981963927855704, 0.5781833338259429, 4.77034249770327E-4, 4.700378137756161, 8.103208048676697E-4, 4.153663382916121, 9.315911831351052, 6.649022955169601
0.0020046092184368733, 0.580035228051686, 4.78565199122714E-4, 4.725664907701585, 8.187366023414844E-4, 4.329306635251168, 9.461472351935123, 6.6493491167932595
0.0020110220440881757, 0.5818884030472534, 4.80096148475101E-4, 4.750813499275964, 8.272099820891155E-4, 4.5055998395898005, 9.607313513854594, 6.649674071558757
0.002017434869739478, 0.5837415780428208, 4.816270978274879E-4, 4.775822546641251, 8.357412487126695E-4, 4.682413097563135, 9.753307080523426, 6.649999026324255
0.002023847695390781, 0.5855947530383883, 4.831580471798749E-4, 4.800689957121534, 8.443302543658807E-4, 4.859614877627593, 9.899323575344138, 6.650323981089754
0.0020302605210420835, 0.5874479280339557, 4.8468899653226187E-4, 4.825413856579274, 8.529768470766077E-4, 5.037072194967634, 10.045232460299449, 6.650648935855251
0.0020366733466933864, 0.5893011030295232, 4.8621994588464885E-4, 4.849992595664929, 8.616808710877662E-4, 5.214650798622594, 10.190902321173116, 6.650973890620749
0.002043086172344689, 0.5911542780250906, 4.8775089523703577E-4, 4.874424756050189, 8.704421672083651E-4, 5.392215365630013, 10.33620105924464, 6.651298845386247
0.0020494989979959913, 0.593007453020658, 4.892818445894228E-4, 4.898709156650142, 8.792605731754452E-4, 5.5696297029311905, 10.480996090187666, 6.651623800151745
0.0020559118236472937, 0.5948606280162255, 4.908127939418097E-4, 4.9228448598263554, 8.881359240263554E-4, 5.7467569562198815, 10.625154549305314, 6.6519487549172425
0.002062324649298597, 0.5967138030117932, 4.923437432941968E-4, 4.946831177568384, 8.970680524822616E-4, 5.923459826631322, 10.768543504014982, 6.65227370968274
0.002068737474949899, 0.5985669780073605, 4.938746926465837E-4, 4.970667677654774, 9.060567893412943E-4, 6.099600794822993, 10.911030173123752, 6.652598664448239
0.002075150300601202, 0.600420153002928, 4.954056419989707E-4, 4.994354189785724, 9.151019638827728E-4, 6.275042352817613, 11.05248215325593, 6.652923619213737
0.0020815631262525044, 0.6022733279984954, 4.969365913513577E-4, 5.017890811685049, 9.24203404282219E-4, 6.4496472436054955, 11.192767652410712, 6.653248573979234
0.0020879759519038072, 0.6041265029940629, 4.984675407037446E-4, 5.041277915175115, 9.333609380361005E-4, 6.623278708448185, 11.331755730566114, 6.653573528744732
0.0020943887775551097, 0.6059796779896304, 4.999984900561316E-4, 5.064516152207858, 9.425743923975726E-4, 6.795800742369099, 11.469316547860705, 6.65389848351023
0.0021008016032064126, 0.607832557318145, 5.015294394085186E-4, 5.0875962942713215, 9.51838495974351E-4, 6.9670783573025865, 11.605321619744762, 6.654211030744617
0.002107214428857715, 0.6096833669772894, 5.030603887609056E-4, 5.110458285045127, 9.611221993823223E-4, 7.136977853661428, 11.739644079891953, 6.654436725261221
0.002113627254509018, 0.6115341766364338, 5.045913381132926E-4, 5.133174595647361, 9.704608008868363E-4, 7.305367099860859, 11.872158950388124, 6.654662419777826
0.00212004008016032, 0.6133849862955781, 5.061222874656794E-4, 5.155747057983845, 9.79854128924573E-4, 7.472115820214375, 12.002743419622153, 6.654888114294431
0.002126452905811623, 0.6152357959547226, 5.076532368180664E-4, 5.17817781363226, 9.893020140209034E-4, 7.637095891043207, 12.131277127636332, 6.655113808811036
0.0021328657314629252, 0.6170866056138671, 5.091841861704534E-4, 5.200469319603769, 9.988042892862987E-4, 7.800181645465203, 12.257642459532429, 6.6553395033276415
0.002139278557114228, 0.6189374152730115, 5.107151355228404E-4, 5.222624354041386, 0.0010083607909238835, 7.961250186322158, 12.381724846205456, 6.655565197844246
0.0021456913827655306, 0.6207882249321559, 5.122460848752273E-4, 5.244646021859438, 0.001017971358746421, 8.120181708077975, 12.503413073380548, 6.6557908923608515
0.002152104208416833, 0.6226390345913003, 5.137770342276143E-4, 5.266537760319409, 0.0010276358367027234, 8.276859827172432, 12.622599598338283, 6.656016586877456
0.002158517034068136, 0.6244898442504447, 5.153079835800013E-4, 5.288303344537638, 0.001037354073414147, 8.431171921151492, 12.739180874675572, 6.656242281394062
0.0021649298597194383, 0.6263406539095893, 5.168389329323883E-4, 5.309946892920038, 0.001047125922721272, 8.583009476735144, 12.853057685220945, 6.656467975910666
0.002171342685370741, 0.6281914635687337, 5.183698822847753E-4, 5.331472872526888, 0.0010569512442389784, 8.732268446792263, 12.9641354831106, 6.656693670427272
0.0021777555110220432, 0.630042273227878, 5.199008316371621E-4, 5.352886104353928, 0.0010668299039216355, 8.878849616226333, 13.07232474098253, 6.656919364943876
0.002184168336673346, 0.6318930828870224, 5.214317809895491E-4, 5.37419176853507, 0.0010767617746379361, 9.022658977139644, 13.177541308644491, 6.657145059460481
0.0021905811623246486, 0.6337438925461668, 5.229627303419361E-4, 5.395395409459752, 0.0010867467367537999, 9.163608113023576, 13.27970677896232, 6.657370753977086
0.0021969939879759514, 0.6355947022053112, 5.244936796943231E-4, 5.416502940801024, 0.0010967846787256433, 9.301614592318812, 13.37874886234963, 6.657596448493691
0.002203406813627254, 0.6374443505031797, 5.260246290467101E-4, 5.437505463467744, 0.0011068675089738918, 9.436602371278777, 13.474601769674285, 6.657804490668576
0.0022098196392785568, 0.6392929740705104, 5.27555578399097E-4, 5.458411300955618, 0.0011169959381169253, 9.568502206287766, 13.567206603796295, 6.657996957247825
0.0022162324649298588, 0.6411415976378411, 5.290865277514839E-4, 5.4792408644240425, 0.0011271768891944322, 9.697252075668997, 13.656511759774629, 6.658189423827074
0.002222645290581162, 0.642990221205172, 5.30617477103871E-4, 5.5000015930252175, 0.0011374102883281723, 9.822797611218766, 13.742473333957802, 6.658381890406322
0.002229058116232464, 0.6448388447725026, 5.321484264562579E-4, 5.520701318877826, 0.0011476960728234974, 9.94509253923435, 13.825055541627068, 6.6585743569855715
0.0022354709418837674, 0.6466874683398336, 5.33679375808645E-4, 5.541348271481752, 0.0011580341918138778, 10.064099131479457, 13.904231143771804, 6.658766823564821
0.0022418837675350694, 0.6485360919071642, 5.352103251610318E-4, 5.561951082021466, 0.001168424606912015, 10.17978866592341, 13.979981882738691, 6.65895929014407
0.002248296593186372, 0.650384715474495, 5.367412745134188E-4, 5.582518787553198, 0.001178867292869942, 10.2921418975341, 14.0522989269771, 6.659151756723318
0.0022547094188376748, 0.6522333390418258, 5.382722238658058E-4, 5.603060835063104, 0.0011893622382462745, 10.4011495388961, 14.121183324786733, 6.6593442233025675
0.002261122244488977, 0.6540819626091565, 5.398031732181928E-4, 5.623587085403784, 0.0011999094460806783, 10.506812751105391, 14.18664646736826, 6.659536689881817
0.0022675350701402796, 0.6559305861764871, 5.413341225705796E-4, 5.644107817099211, 0.0012105089345758012, 10.609143644933104, 14.248710561223904, 6.659729156461065
0.0022739478957915825, 0.6577792097438181, 5.428650719229667E-4, 5.664633730014515, 0.001221160737786343, 10.708165791936326, 14.307409109543421, 6.659921623040314
0.002280360721442885, 0.6596278333111487, 5.443960212753536E-4, 5.685175948883341, 0.0012318649063145712, 10.803914746274124, 14.362787403413188, 6.660114089619563
0.002286773547094188, 0.6614764568784797, 5.459269706277407E-4, 5.705746026702371, 0.0012426215080127891, 10.896438576990676, 14.41490302244668, 6.660306556198813
0.0022931863727454903, 0.6633250804458103, 5.474579199801276E-4, 5.726355947967107, 0.0012534306286919802, 10.985798410314034, 14.463826344494347, 6.660499022778061
0.0022995991983967927, 0.665173704013141, 5.489888693325145E-4, 5.747018131767959, 0.0012642923728362551, 11.072068983345874, 14.509641065782438, 6.66069148935731
0.0023060120240480956, 0.6670241273762987, 5.505198186849015E-4, 5.767830359399568, 0.0012752536170447942, 11.155339207759244, 14.552444730036196, 6.66097818637274
0.002312424849699398, 0.6688746707258447, 5.520507680372885E-4, 5.788727165652517, 0.0012862714146691413, 11.235712744814913, 14.592349267923858, 6.66127116541725
0.002318837675350701, 0.6707252140753909, 5.535817173896755E-4, 5.809716644980853, 0.001297342833685565, 11.313308590736215, 14.629481545845366, 6.661564144461758
0.0023252505010020034, 0.6725757574249369, 5.551126667420625E-4, 5.8308129826868935, 0.0013084680629708995, 11.3882616736444, 14.663983925272644, 6.661857123506268
0.0023316633266533063, 0.674426300774483, 5.566436160944494E-4, 5.852030811701468, 0.0013196473137337128, 11.460723460854407, 14.696014831404844, 6.662150102550776
0.0023380761523046087, 0.676276844124029, 5.581745654468364E-4, 5.873385214684902, 0.0013308808202595716, 11.530862577952071, 14.725749332527984, 6.662443081595286
0.002344488977955911, 0.6781273874735751, 5.597055147992234E-4, 5.894891725935679, 0.0013421688406629606, 11.598865438530838, 14.753379729038969, 6.662736060639794
0.0023509018036072136, 0.6799779308231211, 5.612364641516103E-4, 5.916566333120386, 0.001353511657641096, 11.664936885597527, 14.779116153022247, 6.663029039684304
0.0023573146292585165, 0.6818284741726672, 5.627674135039974E-4, 5.938425478813997, 0.0013649095792323124, 11.729300844066177, 14.803187177845482, 6.663322018728813
0.002363727454909819, 0.6836790175222132, 5.642983628563842E-4, 5.960486061844733, 0.0013763629395782753, 11.792200985065715, 14.825840438512571, 6.663614997773322
0.0023701402805611214, 0.6855295608717593, 5.658293122087712E-4, 5.982765438435024, 0.0013878720996881727, 11.85390140142143, 14.847343262059265, 6.663907976817831
0.0023765531062124243, 0.6873801042213054, 5.673602615611582E-4, 6.005281423149313, 0.0013994374482073565, 11.914687294912168, 14.867983308603284, 6.66420095586234
0.0023829659318637267, 0.6892306475708514, 5.688912109135452E-4, 6.028052289623361, 0.0014110594021863182, 11.974865675409934, 14.888069223218539, 6.664493934906849
0.0023893787575150296, 0.6910811909203974, 5.704221602659322E-4, 6.051096771089249, 0.0014227384078534973, 12.034766071465674, 14.907931298050885, 6.664786913951358
0.002395791583166332, 0.6929317342699436, 5.719531096183191E-4, 6.074434060675799, 0.0014344749413893083, 12.094741253141295, 14.927922145590026, 6.665079892995867
0.0024022044088176345, 0.694784040950204, 5.73484058970706E-4, 6.097961753323773, 0.0014461995112895372, 12.155167966518361, 14.948417382453156, 6.66524303304139
0.0024086172344689374, 0.6966397139891012, 5.750150083230931E-4, 6.1215877113192505, 0.0014578475495569537, 12.216447680462512, 14.969816324257918, 6.665158298634305
0.00241503006012024, 0.6984953870279983, 5.7654595767548E-4, 6.145564897693475, 0.0014695525346200382, 12.279007345298899, 14.992542691234297, 6.665073564227219
0.0024214428857715423, 0.7003510600668954, 5.780769070278669E-4, 6.16991434351354, 0.0014813150613167958, 12.343300164034769, 15.01704532520031, 6.664988829820133
0.0024278557114228447, 0.7022067331057926, 5.796078563802539E-4, 6.194657537834985, 0.0014931357583202985, 12.409806375527333, 15.043798917311497, 6.664904095413047
0.0024342685370741476, 0.7040624061446897, 5.811388057326409E-4, 6.219816426601483, 0.0015050152889156156, 12.479034050261669, 15.073304747181975, 6.664819361005962
0.00244068136272545, 0.7059180791835868, 5.826697550850279E-4, 6.245413411294351, 0.0015169543517760398, 12.551519898643443, 15.106091433345723, 6.664734626598875
0.002447094188376753, 0.7077737522224841, 5.842007044374149E-4, 6.271471347327406, 0.0015289536817382175, 12.627830091387368, 15.142715694514285, 6.66464989219179
0.002453507014028055, 0.7096294252613811, 5.857316537898017E-4, 6.298013542172782, 0.0015410140505749473, 12.70856109342241, 15.183763123235613, 6.664565157784704
0.0024599198396793582, 0.7114850983002784, 5.872626031421888E-4, 6.325063753229301, 0.0015531362677671835, 12.79434050966036, 15.229848970063514, 6.6644804233776185
0.0024663326653306603, 0.7133407713391754, 5.887935524945757E-4, 6.352646185416916, 0.0015653211812722868, 12.88582794380112, 15.281618939538351, 6.664395688970532
0.002472745490981963, 0.7151964443780725, 5.903245018469627E-4, 6.38078548849785, 0.0015775696782891237, 12.983715870593802, 15.339749998409307, 6.6643109545634465
0.0024791583166332656, 0.7170521174169697, 5.918554511993497E-4, 6.409506754107383, 0.0015898826860216778, 13.088730520140237, 15.404951194524553, 6.664226220156361
0.0024855711422845685, 0.7189077904558668, 5.933864005517366E-4, 6.438835512510536, 0.001602261172436302, 13.201632776027612, 15.477964488357609, 6.664141485749275
0.0024919839679358713, 0.7207634634947642, 5.949173499041237E-4, 6.468797729058622, 0.0016147061470167118, 13.323219086147368, 15.559565595854071, 6.664056751342189
0.002498396793587174, 0.7226191365336612, 5.964482992565106E-4, 6.49941980035004, 0.0016272186615128512, 13.454322387183236, 15.65056484368062, 6.663972016935103
0.0025048096192384762, 0.7244666808285105, 5.979792486088976E-4, 6.531075084149165, 0.001640007030857156, 13.595813041785501, 15.751808035836934, 6.664240938976717
0.002511222444889779, 0.7263115155420105, 5.995101979612846E-4, 6.563561911002012, 0.0016529367477644621, 13.748599789730635, 15.864177332850769, 6.664627746501231
0.0025176352705410816, 0.7281563502555105, 6.010411473136715E-4, 6.596792735113922, 0.0016659402894327602, 13.913630712281453, 15.988592142979966, 6.665014554025745
0.0025240480961923836, 0.7300011849690105, 6.025720966660584E-4, 6.630795633911873, 0.0016790188953122384, 14.09189421019358, 16.12601002555783, 6.665401361550258
0.002530460921843687, 0.7318460196825105, 6.041030460184455E-4, 6.665599092244747, 0.001692173850778314, 14.284419995288166, 16.27742760662917, 6.665788169074772
0.002536873747494989, 0.7336908543960105, 6.056339953708324E-4, 6.701231996662159, 0.001705406487842176, 14.492280095823302, 16.443881507007816, 6.666174976599286
0.002543286573146292, 0.7355356891095106, 6.071649447232195E-4, 6.737723629343577, 0.0017187181858511272, 14.716589875759329, 16.62644928280841, 6.6665617841238
0.0025496993987975942, 0.7373805238230104, 6.086958940756063E-4, 6.775103661697699, 0.0017321103721824119, 14.95850906762471, 16.826250378211995, 6.666948591648314
0.002556112224448897, 0.7392253585365105, 6.102268434279933E-4, 6.813402147612351, 0.0017455845229258568, 15.219242819976818, 17.044447091430552, 6.667335399172828
0.0025625250501001996, 0.7410701932500104, 6.117577927803803E-4, 6.852649516354177, 0.00175914216355684, 15.500042758101346, 17.282245552470084, 6.667722206697341
0.0025689378757515024, 0.7429150279635105, 6.132887421327673E-4, 6.8928765651151025, 0.001772784869599038, 15.802208059657115, 17.540896714464346, 6.668109014221855
0.002575350701402805, 0.7447598626770106, 6.148196914851542E-4, 6.934114451193977, 0.0017865142672752118, 16.12708654396716, 17.821697357101115, 6.668495821746369
0.0025817635270541078, 0.7466046973905105, 6.163506408375412E-4, 6.976394683805665, 0.0018003320341469231, 16.476075776186637, 18.125991103663374, 6.6688826292708825
0.0025881763527054098, 0.7484495321040104, 6.178815901899281E-4, 7.01974911552918, 0.0018142398997422066, 16.85062418527318, 18.45516945024579, 6.669269436795396
0.002594589178356713, 0.7502943668175106, 6.194125395423152E-4, 7.064209933362463, 0.0018282396461676703, 17.252232196864593, 18.81067280852702, 6.66965624431991
0.002601002004008015, 0.7521381813789294, 6.209434888947021E-4, 7.109830615611486, 0.0018423461275383773, 17.682453380663766, 19.19399156147201, 6.670063620656946
0.002607414829659318, 0.753976487119111, 6.22474438247089E-4, 7.156736644686362, 0.0018566190045288047, 18.142895612433747, 19.606667132272925, 6.670582068581602
0.0026138276553106204, 0.7558147928592927, 6.24005387599476E-4, 7.204848230586435, 0.0018709902779636967, 18.635222250789628, 20.050293066500988, 6.671100516506258
0.002620240480961923, 0.7576530985994743, 6.25536336951863E-4, 7.254198801099733, 0.001885461949504709, 19.161153328562435, 20.5265161273279, 6.671618964430914
0.0026266533066132258, 0.7594914043396559, 6.2706728630425E-4, 7.304822067855753, 0.0019000360762470858, 19.722466759618946, 21.03703740473193, 6.67213741235557
0.002633066132264528, 0.7613297100798375, 6.28598235656637E-4, 7.356752014988501, 0.0019147147712420681, 20.320999560169685, 21.583613437630994, 6.672655860280226
0.0026394789579158306, 0.7631680158200189, 6.301291850090238E-4, 7.410022887374566, 0.0019295002040020381, 20.95864908534997, 22.168057349756115, 6.673174308204882
0.0026458917835671335, 0.7650063215602008, 6.316601343614109E-4, 7.464669178458507, 0.0019443946009863322, 21.63737428092156, 22.792239999045467, 6.6736927561295385
0.002652304609218436, 0.7668446273003822, 6.331910837137978E-4, 7.520725617629182, 0.0019594002460690332, 22.359196950544508, 23.45809114117443, 6.6742112040541945
0.0026587174348697384, 0.7686829330405638, 6.347220330661848E-4, 7.578227157180322, 0.0019745194809867514, 23.126203037704823, 24.167600605986607, 6.674729651978851
0.0026651302605210417, 0.7705212387807455, 6.362529824185719E-4, 7.63720895879942, 0.001989754705765609, 23.940543923810463, 24.92281948872522, 6.675248099903507
0.0026715430861723437, 0.772359544520927, 6.377839317709587E-4, 7.697706379619376, 0.0020051083791287477, 24.804437741118402, 25.72586135426672, 6.675766547828163
0.002677955911823647, 0.7741978502611088, 6.393148811233458E-4, 7.759754957825635, 0.002020583018878197, 25.720170702062365, 26.57890345639511, 6.676284995752819
0.002684368737474949, 0.7760361560012903, 6.408458304757327E-4, 7.82339039777446, 0.002036181202258694, 26.69009844324789, 27.484187969896418, 6.676803443677475
0.002690781563126252, 0.7778744617414718, 6.423767798281197E-4, 7.888648554665565, 0.0020519055662949343, 27.716647386065162, 28.44402323784932, 6.677321891602131
0.0026971943887775544, 0.7797127674816534, 6.439077291805067E-4, 7.955565418717811, 0.0020677588081055576, 28.802316112487294, 29.460785032306603, 6.677840339526787
0.0027036072144288573, 0.78154829448395, 6.454386785328936E-4, 8.024312442511473, 0.0020838310412042427, 29.949676757798805, 30.53691783038847, 6.678486206734453
0.0027100200400801593, 0.7833816602456694, 6.469696278852805E-4, 8.094896723625766, 0.0021001068699176423, 31.161376417587572, 31.674936102843972, 6.679231177828906
0.002716432865731462, 0.7852150260073888, 6.485005772376676E-4, 8.167249560575783, 0.002116521570526983, 32.44013857294703, 32.877425619350824, 6.679976148923359
0.0027228456913827646, 0.7870483917691081, 6.500315265900545E-4, 8.241407316471395, 0.002133078089249174, 33.78876453000283, 34.14704476622209, 6.680721120017811
0.0027292585170340675, 0.7888817575308277, 6.515624759424416E-4, 8.317406403030873, 0.0021497794335770815, 35.2101348769335, 35.486525880137926, 6.681466091112264
0.00273567134268537, 0.7907151232925469, 6.530934252948284E-4, 8.39528326177151, 0.0021666286724323774, 36.70721095686992, 36.898676595918865, 6.682211062206716
0.0027420841683366724, 0.7925484890542662, 6.546243746472154E-4, 8.475074344685822, 0.0021836289362879846, 38.28303635712306, 38.38638120900894, 6.682956033301169
0.0027484969939879753, 0.7943818548159857, 6.561553239996024E-4, 8.556816094395913, 0.0022007834172586282, 39.94073841506001, 39.95260205276925, 6.683701004395621
0.0027549098196392777, 0.7962152205777051, 6.576862733519894E-4, 8.640544923770335, 0.0022180953691593036, 41.683529740658884, 41.60038089085527, 6.684445975490074
0.00276132264529058, 0.7980485863394243, 6.592172227043762E-4, 8.726297195008442, 0.002235568107534766, 43.514709755727175, 43.33284032445067, 6.685190946584526
0.002767735470941883, 0.7998819521011439, 6.607481720567633E-4, 8.814109198152892, 0.0022532050096504136, 45.437666249654185, 45.15318521426887, 6.685935917678979
0.0027741482965931855, 0.8017153178628631, 6.622791214091502E-4, 8.904017129080785, 0.00227100951445236, 47.455876952375625, 47.064704118027066, 6.686680888773431
0.0027805611222444884, 0.8035486836245826, 6.638100707615373E-4, 8.99605706690977, 0.002288985122491552, 49.572911123963586, 49.0707707427993, 6.687425859867884
0.002786973947895791, 0.8053820493863019, 6.653410201139242E-4, 9.090264950860501, 0.0023071353958110663, 51.792431161512575, 51.17484541284977, 6.688170830962336
0.0027933867735470933, 0.8072154151480213, 6.668719694663111E-4, 9.18667655650711, 0.002325463957796342, 54.118194222666126, 53.38047655227432, 6.688915802056789
0.002799799599198396, 0.8090487809097406, 6.684029188186981E-4, 9.285327471495748, 0.002343974492987594, 56.554053867087156, 55.69130218391005, 6.689660773151241
0.0028062124248496986, 0.8108650248737342, 6.699338681710851E-4, 9.386576452527152, 0.0023628873913388304, 59.10396171437837, 58.11105144274264, 6.690697997930017
0.0028126252505010006, 0.812680716521672, 6.71464817523472E-4, 9.490147364110499, 0.002381998936038368, 61.77196912008357, 60.64354610562293, 6.691744650246997
0.002819038076152304, 0.81449640816961, 6.729957668758591E-4, 9.59606467452295, 0.0024013060474849246, 64.5622288685505, 63.292702136081665, 6.692791302563977
0.0028254509018036064, 0.8163120998175478, 6.74526716228246E-4, 9.704362965986775, 0.00242081266085388, 67.47899688347071, 66.06253124480027, 6.693837954880957
0.0028318637274549092, 0.8181277914654858, 6.76057665580633E-4, 9.815076502293323, 0.002440522770938938, 70.5266339565763, 68.95714246658581, 6.694884607197937
0.0028382765531062117, 0.8199434831134237, 6.7758861493302E-4, 9.928239200869257, 0.002460440431715505, 73.70960749315265, 71.9807437521776, 6.695931259514917
0.002844689378757514, 0.8217591747613614, 6.791195642854069E-4, 10.04388460420114, 0.002480569755859849, 77.0324932759442, 75.1376435765685, 6.696977911831897
0.002851102204408817, 0.8235748664092994, 6.80650513637794E-4, 10.162045850643153, 0.0025009149142192766, 80.49997724640973, 78.43225256278596, 6.698024564148877
0.0028575150300601195, 0.8253905580572372, 6.821814629901808E-4, 10.282755644564759, 0.002521480135237786, 84.11685730519342, 81.86908512311938, 6.699071216465857
0.002863927855711422, 0.8272062497051751, 6.837124123425678E-4, 10.4060462258376, 0.002542269704332717, 87.88804512818534, 85.45276111379057, 6.700117868782837
0.002870340681362725, 0.8290219413531129, 6.852433616949548E-4, 10.531949338707136, 0.002563287963218988, 91.81856800355033, 89.18800750891933, 6.701164521099817
0.0028767535070140272, 0.8308376330010508, 6.867743110473418E-4, 10.660496199928957, 0.0025845393091903784, 95.91357068510801, 93.07966008875378, 6.702211173416797
0.00288316633266533, 0.8326533246489887, 6.883052603997287E-4, 10.791717466311184, 0.002606028194340193, 100.17831726416703, 97.13266514440078, 6.703257825733777
0.0028895791583166326, 0.8344690162969266, 6.898362097521157E-4, 10.925643201510184, 0.0026277591247350907, 104.61819306059806, 101.35208120006531, 6.704304478050757
0.0028959919839679346, 0.8362847079448643, 6.913671591045026E-4, 11.062302842179406, 0.0026497366595351346, 109.23870653156852, 105.7430807506393, 6.705351130367737
0.002902404809619238, 0.8380936260414527, 6.928981084568897E-4, 11.201977090500804, 0.002672139969862819, 114.04549119886866, 110.31095201619591, 6.7066168677684646
0.00290881763527054, 0.8398912548857913, 6.944290578092766E-4, 11.34486438675026, 0.0026950931795970134, 119.04430759548397, 115.06110071367588, 6.708247746975437
0.002915230460921843, 0.8416888837301302, 6.959600071616635E-4, 11.490573296571256, 0.0027183114868343794, 124.24104523009615, 119.99905184438306, 6.70987862618241
0.0029216432865731452, 0.8434865125744689, 6.974909565140505E-4, 11.639130399650185, 0.002741799671882622, 129.6417245708609, 125.13045149895729, 6.711509505389383
0.002928056112224448, 0.8452841414188077, 6.990219058664375E-4, 11.790561468766327, 0.002765562562910051, 135.25249904799801, 130.46106867900878, 6.713140384596356
0.0029344689378757506, 0.8470817702631465, 7.005528552188245E-4, 11.944891431658561, 0.0027896050347138157, 141.07965707488904, 135.9967971352089, 6.714771263803329
0.0029408817635270534, 0.8488793991074852, 7.020838045712115E-4, 12.102144332110356, 0.0028139320074331564, 147.1296240892287, 141.74365722354386, 6.716402143010302
0.0029472945891783555, 0.8506770279518239, 7.036147539235983E-4, 12.262343290348554, 0.0028385484451921295, 153.40896461207473, 147.70779777729248, 6.718033022217274
0.0029537074148296588, 0.8524746567961629, 7.051457032759854E-4, 12.425510462631564, 0.0028634593546812137, 159.924384326921, 153.8954979970426, 6.719663901424248
0.0029601202404809608, 0.8542722856405015, 7.066766526283723E-4, 12.591667000096777, 0.002888669783673775, 166.6827321778573, 160.31316935762334, 6.72129478063122
0.0029665330661322637, 0.8560699144848403, 7.082076019807593E-4, 12.760833006848316, 0.0029141848194711717, 173.69100248731098, 166.96735753273572, 6.722925659838193
0.002972945891783566, 0.857867543329179, 7.097385513331463E-4, 12.93302749724262, 0.0029400095872858245, 180.95633709253204, 173.86474433602638, 6.7245565390451665
0.002979358717434869, 0.8596651721735179, 7.112695006855332E-4, 13.108268352403456, 0.002966149248548905, 188.4860275026049, 181.01214968074262, 6.726187418252139
0.0029857715430861714, 0.8614628010178567, 7.128004500379202E-4, 13.286572275939534, 0.002992608999149965, 196.2875170742038, 188.416533555901, 6.7278182974591125
0.0029921843687374743, 0.8632604298621954, 7.143313993903072E-4, 13.46795474885721, 0.0030193940676034037, 204.3684032081034, 196.0849980212437, 6.729449176666085
0.0029985971943887768, 0.8650580587065342, 7.158623487426942E-4, 13.652429983665343, 0.0030465097131411045, 212.73643956408233, 204.02478921829294, 6.731080055873058
0.003005010020040079, 0.8668190116255962, 7.173932980950812E-4, 13.840612966214621, 0.0030743931580247408, 221.3995382972679, 212.24329940083504, 6.73321268910248
0.003011422845691382, 0.8685696952855806, 7.189242474474681E-4, 14.032085454622802, 0.0031027435055023256, 230.36577231288902, 220.74806898155768, 6.735485813458187
0.0030178356713426845, 0.870320378945565, 7.204551967998551E-4, 14.226689450926642, 0.0031314457622383107, 239.64337754282056, 229.54678859839066, 6.7377589378138945
0.0030242484969939874, 0.8720710626055496, 7.219861461522421E-4, 14.424433624328685, 0.0031605053134089456, 249.24075524021606, 238.64730119679132, 6.740032062169602
0.0030306613226452894, 0.8738217462655339, 7.23517095504629E-4, 14.625325133622937, 0.003189927564258843, 259.16647429638897, 248.05760413193497, 6.742305186525309
0.0030370741482965927, 0.8755724299255184, 7.25048044857016E-4, 14.829369576288627, 0.0032197179377251306, 269.4292735770015, 257.7858512882804, 6.744578310881017
0.0030434869739478948, 0.8773231135855027, 7.265789942094029E-4, 15.036570936669705, 0.0032498818719718936, 280.03806427803306, 267.8403552164157, 6.746851435236724
0.0030498997995991976, 0.8790737972454872, 7.281099435617899E-4, 15.2469315333542, 0.0032804248178473217, 291.0019323032662, 278.22958928941125, 6.749124559592431
0.0030563126252505, 0.8808244809054716, 7.296408929141769E-4, 15.460451965573611, 0.0033113522362485937, 302.33014066267947, 288.9621898778644, 6.751397683948139
0.003062725450901803, 0.882575164565456, 7.311718422665639E-4, 15.677131058806935, 0.0033426695954037466, 314.0321318894476, 300.04695854111003, 6.753670808303847
0.0030691382765531054, 0.8843258482254406, 7.327027916189508E-4, 15.896965809424728, 0.0033743823680589535, 326.1175304801495, 311.492864239639, 6.755943932659554
0.0030755511022044083, 0.886076531885425, 7.342337409713378E-4, 16.119951328447314, 0.0034064960285791757, 338.5961453542079, 323.30904556439964, 6.758217057015261
0.0030819639278557103, 0.8878272155454093, 7.357646903237247E-4, 16.34608078436986, 0.0034390160499555567, 351.4779723346024, 335.50481298498426, 6.760490181370969
0.0030883767535070136, 0.8895778992053939, 7.372956396761118E-4, 16.575345345104324, 0.003471947900716532, 364.7731966495047, 348.08965111663355, 6.7627633057266765
0.0030947895791583156, 0.8913285828653782, 7.388265890284987E-4, 16.80773411893506, 0.0035052970417478735, 378.49219545579746, 361.07322100684314, 6.765036430082383
0.003101202404809618, 0.8930645933922289, 7.403575383808856E-4, 17.043462098450618, 0.003539237727399891, 392.6455403819153, 374.4653624387141, 6.767491800040407
0.003107615230460921, 0.8947370203421664, 7.418884877332726E-4, 17.283278270974733, 0.0035743433762017718, 407.2440000940315, 388.27609625577276, 6.770736900941798
0.0031140280561122234, 0.896409447292104, 7.434194370856596E-4, 17.526180045987985, 0.003609891578575136, 422.2985428822233, 402.5156267041275, 6.77398200184319
0.0031204408817635263, 0.8980818742420416, 7.449503864380466E-4, 17.77214769770626, 0.0036458877734023565, 437.8203392682905, 417.1943437940115, 6.777227102744581
0.0031268537074148287, 0.8997543011919792, 7.464813357904336E-4, 18.02115913135549, 0.003682337374613487, 453.8207646353513, 432.3228256808778, 6.780472203645972
0.003133266533066131, 0.9014267281419166, 7.480122851428204E-4, 18.273189818373794, 0.0037192457673991264, 470.31140187843573, 447.9118410649633, 6.7837173045473635
0.003139679358717434, 0.9030991550918543, 7.495432344952075E-4, 18.528212730631367, 0.0037566183043128976, 487.3040440778931, 463.97235161152287, 6.7869624054487545
0.0031460921843687365, 0.9047715820417918, 7.510741838475944E-4, 18.78619827363127, 0.003794460301270619, 504.8106971928673, 480.51551438849333, 6.7902075063501455
0.003152505010020039, 0.9064440089917294, 7.526051331999814E-4, 19.047114218713887, 0.0038327770334353195, 522.8435827779361, 497.55268432522183, 6.793452607251537
0.003158917835671342, 0.908116435941667, 7.541360825523683E-4, 19.310925634245905, 0.0038715737309951703, 541.4151407216784, 515.0954166905009, 6.796697708152928
0.0031653306613226443, 0.9097888628916045, 7.556670319047553E-4, 19.577594815776592, 0.0039108555748212925, 560.5380320055702, 533.1554695886318, 6.79994280905432
0.0031717434869739476, 0.9114612898415423, 7.571979812571424E-4, 19.847081215129492, 0.003950627692017095, 580.2251414873691, 551.7448064776456, 6.803187909955711
0.0031781563126252496, 0.9131337167914797, 7.587289306095293E-4, 20.119341368514597, 0.003990895151346541, 600.4895807048421, 570.8755987051657, 6.806433010857102
0.003184569138276552, 0.9148061437414173, 7.602598799619163E-4, 20.394328823512296, 0.004031662958546012, 621.3446907022153, 590.5602280648906, 6.809678111758494
0.003190981963927855, 0.9164785706913549, 7.617908293143032E-4, 20.671994065048693, 0.004072936051513876, 642.8040448795269, 610.8112893733036, 6.812923212659885
0.0031973947895791574, 0.9181509976412925, 7.633217786666902E-4, 20.952284440268613, 0.004114719295380098, 664.8814518637101, 631.6415930658012, 6.816168313561277
0.00320380761523046, 0.919732431796437, 7.648527280190771E-4, 21.235912914827622, 0.004157605521080077, 687.5909584021236, 653.0641678126319, 6.819999178459798
0.0032102204408817627, 0.9212516077235655, 7.663836773714642E-4, 21.52258393988359, 0.004201421798038563, 710.9468522799149, 675.0922631563701, 6.824230829251094
0.003216633266533065, 0.9227707836506939, 7.679146267238511E-4, 21.811710592157397, 0.004245772496677236, 734.9636652576813, 697.7393521671631, 6.828462480042388
0.003223046092184368, 0.9242899595778225, 7.694455760762381E-4, 22.10322691418378, 0.004290662191130612, 759.6561760344896, 721.0191341206206, 6.8326941308336835
0.0032294589178356705, 0.9258091355049507, 7.70976525428625E-4, 22.397063418709422, 0.004336095356347991, 785.0394132317248, 744.9455371944398, 6.836925781624979
0.003235871743486973, 0.9273283114320792, 7.72507474781012E-4, 22.693147007021253, 0.004382076362384912, 811.128658401201, 769.5327211863587, 6.841157432416273
0.003242284569138276, 0.9288474873592076, 7.74038424133399E-4, 22.991400886021438, 0.004428609468567379, 837.9394490556726, 794.7950802521772, 6.845389083207569
0.0032486973947895782, 0.9303666632863361, 7.75569373485786E-4, 23.291744484228275, 0.0044756988175147505, 865.487581721928, 820.7472456639557, 6.849620733998864
0.0032551102204408807, 0.9318858392134644, 7.771003228381728E-4, 23.59409336656745, 0.004523348429031404, 893.7891150181609, 847.404088589498, 6.853852384790159
0.0032615230460921836, 0.9334050151405929, 7.786312721905599E-4, 23.898359148074178, 0.004571562193845802, 922.8603727541064, 874.7807228926001, 6.858084035581454
0.003267935871743486, 0.9349241910677213, 7.801622215429468E-4, 24.204449406352524, 0.004620343867217269, 952.7179470537615, 902.8925079529181, 6.862315686372749
0.003274348697394789, 0.9364433669948498, 7.816931708953339E-4, 24.512267592863736, 0.004669697062391898, 983.3787015036155, 931.7550515088428, 6.866547337164045
0.003280761523046091, 0.9379625429219781, 7.832241202477208E-4, 24.821712943063176, 0.004719625243912451, 1014.8597743213005, 961.3842125182776, 6.870778987955339
0.003287174348697394, 0.9394817188491066, 7.847550696001077E-4, 25.13268038529077, 0.00477013172078522, 1047.1785815507253, 991.7961040432463, 6.875010638746635
0.0032935871743486962, 0.9410008947762349, 7.862860189524947E-4, 25.445060448482764, 0.004821219639485397, 1080.3528202793989, 1023.0070961541787, 6.879242289537929
0.003299999999999999, 0.9425200707033634, 7.878169683048817E-4, 25.75873916862838, 0.0048728919768198375, 1114.4004718797694, 1055.0338188552655, 6.883473940329225
