phi0, phi, rho, Z_fit_curve, F_ex_fit_per_V, mu_kT, PV_NkT, alpha
1.0000000000000005E-4, 0.028960781728088525, 2.387324146378431E-5, 1.060506444228279, 1.7216289006254097E-6, -40.525156492745324, -40.39855363160494, 6.61577859053498
1.0641282565130265E-4, 0.030817713134453032, 2.540419081617128E-5, 1.0630254641821493, 1.9295775271428894E-6, -37.9679153977538, -35.48446771251008, 6.615796645410162
1.1282565130260525E-4, 0.03267464454081753, 2.6935140168558247E-5, 1.0654256098457684, 2.147109103969701E-6, -35.540827324123114, -31.11008190346892, 6.615814700285345
1.1923847695390786E-4, 0.03453157594718204, 2.8466089520945217E-5, 1.067715071825851, 2.373926466888569E-6, -33.23932681736093, -27.197876009380263, 6.615832755160528
1.2565130260521045E-4, 0.03638850735354655, 2.9997038873332187E-5, 1.069902050597276, 2.6097489722761606E-6, -31.05895972442659, -23.685564765948662, 6.6158508100357105
1.3206412825651306E-4, 0.03824543875991105, 3.152798822571916E-5, 1.0719947364454707, 2.8543125293860323E-6, -28.995381360493965, -20.522418748538804, 6.615868864910893
1.3847695390781567E-4, 0.040102370166275554, 3.305893757810612E-5, 1.0740012905092124, 3.1073695956717984E-6, -27.044354694269067, -17.666607140228397, 6.6158869197860755
1.4488977955911825E-4, 0.04195930157264006, 3.458988693049309E-5, 1.0759298268923039, 3.368689137110567E-6, -25.201748551774145, -15.083245771286093, 6.615904974661259
1.513026052104209E-4, 0.04381623297900457, 3.612083628288006E-5, 1.0777883958131136, 3.6380565554317424E-6, -23.46353583851047, -12.742941188592857, 6.615923029536441
1.5771543086172347E-4, 0.04567316438536907, 3.765178563526703E-5, 1.0795849677615128, 3.915273584102128E-6, -21.825791779911842, -10.620689576802835, 6.615941084411624
1.6412825651302606E-4, 0.047530095791733576, 3.9182734987653996E-5, 1.0813274186332682, 4.2001581548651794E-6, -20.28469218000043, -8.695033481978015, 6.615959139286806
1.705410821643287E-4, 0.04938702719809809, 4.071368434004097E-5, 1.0830235158124493, 4.492544236579859E-6, -18.836511698157516, -6.947408483016866, 6.61597719416199
1.7695390781563127E-4, 0.05124395860446258, 4.2244633692427936E-5, 1.0846809051729758, 4.792281648053332E-6, -17.477622143920694, -5.361631628652346, 6.615995249037172
1.833667334669339E-4, 0.0531008900108271, 4.377558304481491E-5, 1.0863070989708847, 5.099235846511175E-6, -16.20449078971958, -3.9234969382646185, 6.6160133039123545
1.897795591182365E-4, 0.054957821417191605, 4.5306532397201875E-5, 1.0879094645994525, 5.4132876932991505E-6, -15.013678701462393, -2.6204526455666355, 6.616031358787537
1.961923847695391E-4, 0.0568147528235561, 4.683748174958884E-5, 1.0894952141797811, 5.734333198361965E-6, -13.901839086884737, -1.4413414854060396, 6.61604941366272
2.0260521042084168E-4, 0.05867172871904018, 4.836843110197581E-5, 1.0910719708015777, 6.062311097551817E-6, -12.865715661573418, -0.37619005896119917, 6.616074839782449
2.090180360721443E-4, 0.06052876963708364, 4.9899380454362775E-5, 1.09264693690273, 6.397165909729072E-6, -11.90214103257628, 0.583963259829353, 6.616111039259592
2.154308617234469E-4, 0.062385810555127104, 5.143032980674975E-5, 1.0942259893185444, 6.738799608686029E-6, -11.008035099511225, 1.4472099044653286, 6.616147238736735
2.218436873747495E-4, 0.06424285147317056, 5.2961279159136715E-5, 1.0958156307681597, 7.087166282873641E-6, -10.18040347308528, 2.2208883541057096, 6.616183438213879
2.2825651302605212E-4, 0.06609989239121403, 5.449222851152369E-5, 1.0974221682596204, 7.442233624188746E-6, -9.416335910936576, 2.9116818141465877, 6.616219637691022
2.3466933867735473E-4, 0.06795693330925749, 5.6023177863910654E-5, 1.0990517071457353, 7.803982574946536E-6, -8.713004770710658, 3.525700077575667, 6.616255837168165
2.4108216432865734E-4, 0.06981397422730096, 5.755412721629763E-5, 1.1007101458373665, 8.172406963154728E-6, -8.06766348028348, 4.068548509996368, 6.616292036645308
2.4749498997995995E-4, 0.07167101514534441, 5.9085076568684594E-5, 1.102403171150608, 8.547513127275406E-6, -7.47764502504289, 4.5453864912072, 6.616328236122452
2.539078156312625E-4, 0.07352805606338787, 6.061602592107156E-5, 1.104136254264765, 8.929319531619267E-6, -6.940360452140662, 4.960977174872445, 6.6163644355995945
2.6032064128256516E-4, 0.07538509698143134, 6.214697527345853E-5, 1.105914647268501, 9.317856373476485E-6, -6.453297391627125, 5.3197300609741704, 6.6164006350767375
2.667334669338677E-4, 0.07724213789947479, 6.36779246258455E-5, 1.107743380271967, 9.713165183048646E-6, -6.014018594380148, 5.625737588266649, 6.61643683455388
2.7314629258517033E-4, 0.07909917881751825, 6.520887397823247E-5, 1.109627259063163, 1.011529841720751E-5, -5.620160486740937, 5.88280672722691, 6.616473034031024
2.7955911823647294E-4, 0.08095621973556172, 6.673982333061943E-5, 1.11157086328723, 1.0524319048067804E-5, -5.269431741767992, 6.094486374077526, 6.616509233508167
2.859719438877756E-4, 0.08281326065360518, 6.827077268300641E-5, 1.113578545127806, 1.0940300147324482E-5, -4.959611867021932, 6.2640912028485145, 6.61654543298531
2.923847695390781E-4, 0.08467030157164862, 6.980172203539337E-5, 1.1156544284699785, 1.1363324467267388E-5, -4.688549808792738, 6.394722517187558, 6.616581632462453
2.9879759519038077E-4, 0.0865273424896921, 7.133267138778035E-5, 1.1178024085248457, 1.1793484019351184E-5, -4.454162572681173, 6.489286550629992, 6.616617831939597
3.052104208416834E-4, 0.08838433749748709, 7.286362074016731E-5, 1.1200277996219943, 1.2230999710440644E-5, -4.254433860447247, 6.550510588629329, 6.616668030402366
3.11623246492986E-4, 0.09024132191060935, 7.439457009255428E-5, 1.1223328500469574, 1.2675899823763947E-5, -4.087412723036741, 6.580957224205918, 6.61672145940028
3.1803607214428854E-4, 0.09209830632373162, 7.592551944494125E-5, 1.1247203988139685, 1.3128275446001547E-5, -3.9512122296984225, 6.583037008777228, 6.616774888398194
3.2444889779559115E-4, 0.0939552907368539, 7.745646879732821E-5, 1.1271934312415663, 1.3588251782772003E-5, -3.8440081531037475, 6.559019718386631, 6.616828317396107
3.308617234468938E-4, 0.09581227514997617, 7.898741814971519E-5, 1.1297547083492612, 1.4055961183343868E-5, -3.764037670381053, 6.511044421412801, 6.616881746394021
3.372745490981963E-4, 0.09766925956309842, 8.051836750210215E-5, 1.1324067688543313, 1.4531542721042466E-5, -3.709598079975946, 6.441128505550019, 6.6169351753919345
3.43687374749499E-4, 0.0995262439762207, 8.204931685448913E-5, 1.1351519315015297, 1.5015141776408582E-5, -3.679045534250789, 6.351175798305041, 6.6169886043898485
3.501002004008016E-4, 0.10138322838934297, 8.358026620687609E-5, 1.137992297708913, 1.550690962372482E-5, -3.6707937877338797, 6.242983895599387, 6.6170420333877615
3.565130260521042E-4, 0.10324021280246523, 8.511121555926306E-5, 1.1409297545133614, 1.6007003021495805E-5, -3.6833129609318074, 6.118250796582886, 6.6170954623856755
3.629258517034068E-4, 0.10509719721558752, 8.664216491165004E-5, 1.1439659777997588, 1.651558380743909E-5, -3.715128319615494, 5.978580928912037, 6.617148891383589
3.6933867735470936E-4, 0.10695418162870976, 8.817311426403699E-5, 1.1471024357981645, 1.7032818498515962E-5, -3.7648190694937873, 5.825490637049101, 6.617202320381503
3.75751503006012E-4, 0.10881116604183205, 8.970406361642397E-5, 1.1503403928336786, 1.7558877896502883E-5, -3.831017166184127, 5.660413196247734, 6.617255749379416
3.821643286573147E-4, 0.11066815045495433, 9.123501296881095E-5, 1.1536809133140626, 1.8093936699577825E-5, -3.912406140394786, 5.484703406483262, 6.61730917837733
3.885771543086172E-4, 0.11252513486807658, 9.27659623211979E-5, 1.1571248659405462, 1.8638173120369138E-5, -4.007719938229367, 5.2996418134360255, 6.617362607375244
3.9498997995991985E-4, 0.11438211928119886, 9.429691167358488E-5, 1.160672928127602, 1.919176851088874E-5, -4.115741776524771, 5.1064385975282525, 6.617416036373158
4.014028056112224E-4, 0.11623921714298856, 9.582786102597184E-5, 1.1643257724725251, 1.975492442149488E-5, -4.23530301313687, 4.9062371667794356, 6.617470639859967
4.07815631262525E-4, 0.11809672017859058, 9.735881037835882E-5, 1.1680841916730877, 2.0327875327669258E-5, -4.3652820320840995, 4.700117484762189, 6.617529437949974
4.1422845691382757E-4, 0.11995422321419255, 9.888975973074577E-5, 1.1719476785930047, 2.09107496814785E-5, -4.504603143460958, 4.489099161071674, 6.617588236039982
4.2064128256513023E-4, 0.12181172624979457, 1.0042070908313275E-4, 1.175916193399931, 2.150373791513162E-5, -4.652235498034924, 4.274144328388337, 6.6176470341299884
4.270541082164329E-4, 0.12366922928539659, 1.0195165843551973E-4, 1.179989529734741, 2.2107031841197292E-5, -4.807192016436746, 4.056160327331843, 6.617705832219996
4.334669338677354E-4, 0.12552673232099856, 1.0348260778790668E-4, 1.1841673201058336, 2.2720824326334242E-5, -4.968528332857991, 3.8360022178018953, 6.617764630310003
4.3987975951903806E-4, 0.1273842353566006, 1.0501355714029366E-4, 1.18844904140245, 2.334530897418757E-5, -5.135341753166643, 3.614475133332052, 6.61782342840001
4.462925851703406E-4, 0.12924173839220257, 1.0654450649268062E-4, 1.1928340205154713, 2.3980679817687543E-5, -5.306770227352526, 3.3923364930924533, 6.617882226490017
4.527054108216433E-4, 0.1310992414278046, 1.080754558450676E-4, 1.197321440054485, 2.4627131020967946E-5, -5.481991336216645, 3.1702980845225914, 6.617941024580024
4.591182364729458E-4, 0.13295674446340658, 1.0960640519745455E-4, 1.201910344150208, 2.5284856591099647E-5, -5.660221292212678, 2.949028028142369, 6.617999822670032
4.6553106212424844E-4, 0.13481424749900858, 1.1113735454984153E-4, 1.2065996443316795, 2.595405009981736E-5, -5.840713954357584, 2.729152634813425, 6.6180586207600385
4.719438877755511E-4, 0.13667175053461061, 1.1266830390222851E-4, 1.2113881254679273, 2.663490441539673E-5, -6.022759857117728, 2.511258164628722, 6.618117418850046
4.783567134268536E-4, 0.1385292535702126, 1.1419925325461546E-4, 1.2162744517641213, 2.7327611444822218E-5, -6.205685253187427, 2.295892495617778, 6.618176216940053
4.8476953907815627E-4, 0.1403867566058146, 1.1573020260700244E-4, 1.2212571728025163, 2.8032361886367185E-5, -6.3888511700692705, 2.0835667096078283, 6.61823501503006
4.911823647294588E-4, 0.1422442596414166, 1.172611519593894E-4, 1.2263347296187814, 2.874934499269074E-5, -6.571652480368184, 1.8747566018179234, 6.618293813120067
4.975951903807615E-4, 0.1441017626770186, 1.1879210131177638E-4, 1.2315054608046048, 2.9478748344539424E-5, -6.753516985713263, 1.6699041200901261, 6.618352611210074
5.04008016032064E-4, 0.14595859475466838, 1.2032305066416333E-4, 1.2367653814385509, 3.022048965292644E-5, -6.933904514215945, 1.4694187390777063, 6.618399956765383
5.104208416833667E-4, 0.1478150242575469, 1.2185400001655031E-4, 1.2421134607023048, 3.097484185748563E-5, -7.112306031380662, 1.273678774170792, 6.618440430799871
5.168336673346693E-4, 0.14967145376042537, 1.233849493689373E-4, 1.2475490858900307, 3.1742142576309986E-5, -7.288242764376035, 1.0830326394852314, 6.61848090483436
5.232464929859718E-4, 0.15152788326330385, 1.2491589872132424E-4, 1.25307024706169, 3.252257023625463E-5, -7.4612653395814075, 0.897800053815521, 6.6185213788688495
5.296593186372745E-4, 0.15338431276618233, 1.2644684807371122E-4, 1.2586748624410236, 3.3316300621762175E-5, -7.630952933320234, 0.7182731980844664, 6.618561852903338
5.36072144288577E-4, 0.15524074226906082, 1.2797779742609817E-4, 1.264360784500012, 3.4123506713150116E-5, -7.796912435689523, 0.544717827496746, 6.618602326937827
5.424849699398797E-4, 0.1570971717719393, 1.2950874677848515E-4, 1.2701258060135319, 3.494435853568583E-5, -7.958777627402271, 0.3773743412964359, 6.6186428009723155
5.488977955911824E-4, 0.1589536012748178, 1.3103969613087213E-4, 1.2759676660772654, 3.5779023019419166E-5, -8.116208369551162, 0.21645881277550053, 6.618683275006805
5.553106212424849E-4, 0.16081003077769626, 1.325706454832591E-4, 1.2818840560821494, 3.662766386973009E-5, -8.268889806205726, 0.062163981939303, 6.618723749041293
5.617234468937875E-4, 0.16266646028057477, 1.3410159483564607E-4, 1.287872625638921, 3.749044144853781E-5, -8.41653157975667, -0.08533978698180592, 6.618764223075782
5.6813627254509E-4, 0.16452288978345322, 1.3563254418803302E-4, 1.2939309884465517, 3.836751266610364E-5, -8.558867058918832, -0.2259035811709114, 6.618804697110272
5.745490981963927E-4, 0.1663793192863317, 1.3716349354042E-4, 1.3000567280985962, 3.92590308833518E-5, -8.6956525793035, -0.3593990461822667, 6.61884517114476
5.809619238476952E-4, 0.1682357487892102, 1.3869444289280695E-4, 1.3062474038217462, 4.016514582461827E-5, -8.826666696474327, -0.4857175225462127, 6.618885645179249
5.873747494989979E-4, 0.17009217829208867, 1.4022539224519393E-4, 1.3125005561410688, 4.108600350072995E-5, -8.951709451395173, -0.6047692104806766, 6.618926119213738
5.937875751503006E-4, 0.17194860779496718, 1.417563415975809E-4, 1.3188137124666948, 4.2021746142304466E-5, -9.07060164818731, -0.7164823613076716, 6.618966593248227
6.002004008016031E-4, 0.173805045059666, 1.4328729094996787E-4, 1.3251844909261652, 4.2972526232487125E-5, -9.18318414410266, -0.8208024942705979, 6.6190074917942905
6.066132264529058E-4, 0.17566172294079654, 1.4481824030235485E-4, 1.3316133937151848, 4.393891095701213E-5, -9.28931715162757, -0.917691637565328, 6.619061550199166
6.130260521042083E-4, 0.17751840082192707, 1.4634918965474183E-4, 1.3380949259663522, 4.492060373586289E-5, -9.388879552630543, -1.007127592485523, 6.619115608604041
6.194388777555109E-4, 0.17937507870305755, 1.4788013900712878E-4, 1.344626616756793, 4.5917731521562015E-5, -9.481768224461458, -1.089103219664313, 6.619169667008916
6.258517034068136E-4, 0.18123175658418808, 1.4941108835951576E-4, 1.3512060086350455, 4.6930417301787336E-5, -9.56789737791887, -1.1636257464784363, 6.619223725413791
6.322645290581161E-4, 0.18308843446531856, 1.509420377119027E-4, 1.3578306626382501, 4.795878009119584E-5, -9.647197906996873, -1.2307160947463458, 6.619277783818666
6.386773547094188E-4, 0.1849451123464491, 1.524729870642897E-4, 1.3644981632000448, 4.900293493245781E-5, -9.719616750318274, -1.2904082279125708, 6.619331842223542
6.450901803607213E-4, 0.18680179022757956, 1.5400393641667664E-4, 1.3712061229456578, 5.006299290632478E-5, -9.785116264172785, -1.3427485169757647, 6.6193859006284175
6.51503006012024E-4, 0.1886584681087101, 1.5553488576906362E-4, 1.3779521873708067, 5.113906115054933E-5, -9.843673607071144, -1.3877951244679931, 6.619439959033293
6.579158316633265E-4, 0.19051514598984062, 1.570658351214506E-4, 1.3847340394012557, 5.2231242887468705E-5, -9.895280135719965, -1.4256174058314217, 6.619494017438168
6.643286573146292E-4, 0.19237182387097113, 1.5859678447383759E-4, 1.3915494038300675, 5.333963746005697E-5, -9.939940812341126, -1.4562953276019825, 6.619548075843043
6.707414829659318E-4, 0.19422850175210163, 1.6012773382622454E-4, 1.398396051629762, 5.446434037624543E-5, -9.977673623235704, -1.479918901827871, 6.619602134247918
6.771543086172344E-4, 0.19608517963323213, 1.6165868317861152E-4, 1.405271804136785, 5.560544336130751E-5, -10.00850900851446, -1.4965876362064872, 6.619656192652794
6.83567134268537E-4, 0.19794185751436263, 1.6318963253099847E-4, 1.4121745371058596, 5.676303441809508E-5, -10.032489302901173, -1.5064099994437148, 6.619710251057669
6.899799599198396E-4, 0.19979853539549317, 1.6472058188338545E-4, 1.4191021846320158, 5.793719789491312E-5, -10.049668187521236, -1.5095029013753056, 6.6197643094625445
6.963927855711422E-4, 0.20165521327662364, 1.662515312357724E-4, 1.4260527429381773, 5.912801456081146E-5, -10.060110152587548, -1.505991187418005, 6.61981836786742
7.028056112224449E-4, 0.203512060894025, 1.6778248058815938E-4, 1.433027274956431, 6.0336065191544355E-5, -10.063889970901775, -1.4960071469508944, 6.619883487654318
7.092184368737473E-4, 0.2053691267437745, 1.6931342994054634E-4, 1.4400248595608818, 6.156159787283174E-5, -10.061092182070919, -1.479690035231129, 6.619962829218104
7.1563126252505E-4, 0.20722619259352404, 1.7084437929293332E-4, 1.4470398776641804, 6.28040481471427E-5, -10.051810587361834, -1.4571856084944255, 6.620042170781891
7.220440881763525E-4, 0.20908325844327355, 1.7237532864532027E-4, 1.4540706091334303, 6.406348393741332E-5, -10.036147755104034, -1.428645671901433, 6.620121512345676
7.284569138276552E-4, 0.21094032429302312, 1.7390627799770725E-4, 1.4611154128249964, 6.533997006714761E-5, -10.014214536544536, -1.3942276399928561, 6.620200853909463
7.348697394789578E-4, 0.21279739014277263, 1.754372273500942E-4, 1.4681727295315832, 6.663356837539747E-5, -9.98612959207818, -1.3540941093684002, 6.620280195473248
7.412825651302605E-4, 0.2146544559925222, 1.769681767024812E-4, 1.4752410847851045, 6.794433783752718E-5, -9.9520189277589, -1.3084124432865807, 6.620359537037035
7.476953907815631E-4, 0.2165115218422717, 1.7849912605486816E-4, 1.4823190915144497, 6.927233469151549E-5, -9.912015442002444, -1.2573543679153987, 6.620438878600821
7.541082164328656E-4, 0.21836858769202125, 1.8003007540725514E-4, 1.4894054525575906, 7.06176125695527E-5, -9.866258482400319, -1.201095579975393, 6.620518220164607
7.605210420841682E-4, 0.22022565354177076, 1.815610247596421E-4, 1.4964989630274612, 7.198022263468087E-5, -9.814893412546336, -1.1398153655208285, 6.620597561728393
7.669338677354709E-4, 0.22208271939152033, 1.8309197411202908E-4, 1.503598512531285, 7.336021372223217E-5, -9.758071188797079, -1.07369622962671, 6.620676903292179
7.733466933867734E-4, 0.22393978524126984, 1.8462292346441603E-4, 1.5107030872431217, 7.475763248581362E-5, -9.695947946873071, -1.0029235367530631, 6.620756244855965
7.797595190380761E-4, 0.22579685109101938, 1.86153872816803E-4, 1.5178117718295192, 7.617252354758735E-5, -9.628684598216054, -0.9276851615719923, 6.6208355864197515
7.861723446893786E-4, 0.2276539169407689, 1.8768482216918996E-4, 1.5249237512283176, 7.760492965259453E-5, -9.556446436006603, -0.8481711500417881, 6.620914927983537
7.925851703406813E-4, 0.22951098279051843, 1.8921577152157694E-4, 1.5320383122807895, 7.905489182687474E-5, -9.479402750768044, -0.764573390543793, 6.620994269547324
7.989979959919837E-4, 0.23136804864026794, 1.907467208739639E-4, 1.539154845217355, 8.05224495391221E-5, -9.397726455456036, -0.6770852948781653, 6.621073611111109
8.054108216432864E-4, 0.23322436444156153, 1.9227767022635087E-4, 1.5462645875495553, 8.200605314281017E-5, -9.311593719947119, -0.5859014889337267, 6.621126403465365
8.11823647294589E-4, 0.23508054134499284, 1.9380861957873783E-4, 1.5533737244312444, 8.350697765315965E-5, -9.221183614848774, -0.49121751286951965, 6.621174279299338
8.182364729458916E-4, 0.2369367182484242, 1.953395689311248E-4, 1.5604834806610155, 8.502554750284282E-5, -9.126677764530557, -0.3932295306198933, 6.621222155133311
8.246492985971943E-4, 0.23879289515185556, 1.968705182835118E-4, 1.567593671963078, 8.656179689043793E-5, -9.028260009293415, -0.29213404856651215, 6.621270030967284
8.310621242484969E-4, 0.2406490720552869, 1.9840146763589877E-4, 1.574704222701882, 8.811575930972201E-5, -8.926116076591535, -0.1881276432176019, 6.621317906801257
8.374749498997995E-4, 0.24250524895871822, 1.9993241698828572E-4, 1.581815166502087, 8.968746772730205E-5, -8.820433261213449, -0.08140669773775148, 6.6213657826352295
8.438877755511022E-4, 0.24436142586214957, 2.014633663406727E-4, 1.5889266467273637, 9.127695476203317E-5, -8.711400114340508, 0.027832852819725425, 6.621413658469201
8.503006012024046E-4, 0.2462176027655809, 2.0299431569305965E-4, 1.5960389168192148, 9.288425286598462E-5, -8.599206141389097, 0.13939576772469423, 6.621461534303174
8.567134268537073E-4, 0.24807377966901226, 2.0452526504544663E-4, 1.6031523404970995, 9.45093945067051E-5, -8.484041508549783, 0.2530877383713672, 6.621509410137147
8.631262525050098E-4, 0.24992995657244357, 2.060562143978336E-4, 1.6102673918212165, 9.615241235054613E-5, -8.36609675794193, 0.3687156177935293, 6.62155728597112
8.695390781563125E-4, 0.2517861334758749, 2.0758716375022057E-4, 1.6173846551193767, 9.781333944680456E-5, -8.245562531280974, 0.48608764204900795, 6.621605161805093
8.75951903807615E-4, 0.25364231037930624, 2.0911811310260752E-4, 1.6245048247796152, 9.949220941244302E-5, -8.12262930199211, 0.6050136435777472, 6.621653037639065
8.823647294589177E-4, 0.2554984872827376, 2.106490624549945E-4, 1.631628704910035, 1.0118905661715923E-4, -7.99748711565737, 0.7253052566886325, 6.621700913473038
8.887775551102203E-4, 0.2573546641861689, 2.1218001180738145E-4, 1.6387572088677844, 1.0290391636855847E-4, -7.87032533873067, 0.8467761152753229, 6.621748789307011
8.951903807615228E-4, 0.25921084108960024, 2.1371096115976843E-4, 1.6458913586587793, 1.046368250972139E-4, -7.7413324154192855, 0.9692420428976078, 6.621796665140984
9.016032064128254E-4, 0.2610670823218595, 2.1524191051215539E-4, 1.6530336346050234, 1.0638811120292625E-4, -7.610695632641335, 1.0925212353502565, 6.621848418689233
9.08016032064128E-4, 0.2629235165406024, 2.1677285986454237E-4, 1.6601880226307653, 1.0815841601101165E-4, -7.478600892991391, 1.2164344358149073, 6.62191180538031
9.144288577154307E-4, 0.26477995075934535, 2.1830380921692935E-4, 1.667351843526096, 1.0994692117126537E-4, -7.345232495597747, 1.34080510273872, 6.621975192071388
9.208416833667334E-4, 0.2666363849780883, 2.1983475856931633E-4, 1.6745265453782776, 1.1175366980099708E-4, -7.210772924806663, 1.4654595705307079, 6.622038578762465
9.27254509018036E-4, 0.2684928191968312, 2.213657079217033E-4, 1.6817136800535788, 1.135787070561201E-4, -7.075402646590341, 1.590227203198295, 6.622101965453544
9.336673346693386E-4, 0.27034925341557414, 2.2289665727409026E-4, 1.6889149018643337, 1.1542208031080478E-4, -6.939299912606912, 1.7149405410204839, 6.622165352144621
9.400801603206412E-4, 0.2722056876343171, 2.2442760662647724E-4, 1.6961319661216883, 1.1728383933548787E-4, -6.802640571797949, 1.839435440386713, 6.622228738835698
9.464929859719437E-4, 0.27406212185305995, 2.259585559788642E-4, 1.7033667275760973, 1.1916403647302466E-4, -6.665597889472509, 1.9635512068748937, 6.622292125526776
9.529058116232464E-4, 0.2759185560718029, 2.2748950533125117E-4, 1.7106211387484125, 1.210627268127848E-4, -6.528342373750227, 2.0871307217075463, 6.622355512217854
9.593186372745489E-4, 0.27777499029054575, 2.2902045468363812E-4, 1.7178972481537225, 1.2297996836249794E-4, -6.391041609306431, 2.2100205616591553, 6.622418898908932
9.657314629258516E-4, 0.2796314245092887, 2.305514040360251E-4, 1.7251971984206678, 1.2491582221765067E-4, -6.253860098315042, 2.3320711125347375, 6.622482285600009
9.721442885771541E-4, 0.2814878587280316, 2.3208235338841206E-4, 1.7325232243087494, 1.2687035272825132E-4, -6.116959108508743, 2.453136676305316, 6.6225456722910865
9.785571142284567E-4, 0.28334429294677455, 2.3361330274079904E-4, 1.739877650626369, 1.2884362766277393E-4, -5.980496528253341, 2.5730755720227463, 6.622609058982165
9.849699398797593E-4, 0.2852007271655174, 2.35144252093186E-4, 1.7472628900521148, 1.3083571836910126E-4, -5.844626728580823, 2.691750230570934, 6.622672445673242
9.91382765531062E-4, 0.28705716138426035, 2.3667520144557297E-4, 1.7546814408623121, 1.3284669993229476E-4, -5.70950043205246, 2.809027283395295, 6.62273583236432
9.977955911823647E-4, 0.28891359560300334, 2.3820615079795995E-4, 1.7621358845673252, 1.348766513290123E-4, -5.575264588395062, 2.9247776452721803, 6.6227992190553975
0.0010042084168336673, 0.2907697679714926, 2.3973710015034693E-4, 1.7696442239095822, 1.3692933325339793E-4, -5.442062256806474, 3.038876591233651, 6.622902143216477
0.0010106212424849698, 0.2926258031803252, 2.4126804950273388E-4, 1.7772021427913758, 1.390032008301361E-4, -5.31003249485119, 3.151203827721883, 6.6230257774808905
0.0010170340681362724, 0.2944818383891578, 2.4279899885512086E-4, 1.7848044734661117, 1.4109644516247354E-4, -5.179310253851291, 3.261643558086553, 6.623149411745304
0.0010234468937875749, 0.2963378735979904, 2.443299482075078E-4, 1.7924541050468665, 1.4320916364856992E-4, -5.050026280684689, 3.3700845425057318, 6.623273046009717
0.0010298597194388776, 0.298193908806823, 2.4586089755989477E-4, 1.800153996796216, 1.4534145829454267E-4, -4.922307025908988, 3.4764201524207885, 6.623396680274131
0.0010362725450901802, 0.30004994401565566, 2.4739184691228175E-4, 1.807907175276559, 1.4749343584545362E-4, -4.796274558123553, 3.580548419573876, 6.623520314538545
0.0010426853707414829, 0.30190597922448825, 2.4892279626466873E-4, 1.8157167314299034, 1.4966520791188706E-4, -4.672046484465891, 3.6823720797545514, 6.623643948802958
0.0010490981963927853, 0.30376201443332085, 2.5045374561705566E-4, 1.8235858175900874, 1.518568910919673E-4, -4.549735877171138, 3.781798611327702, 6.623767583067371
0.0010555110220440878, 0.30561804964215344, 2.5198469496944264E-4, 1.8315176444306036, 1.5406860708870766E-4, -4.429451206112967, 3.8787402686211108, 6.623891217331785
0.0010619238476953904, 0.3074740848509861, 2.535156443218296E-4, 1.8395154778510094, 1.5630048282254933E-4, -4.31129627720657, 3.9731141103019745, 6.624014851596199
0.001068336673346693, 0.3093301200598187, 2.550465936742166E-4, 1.84758263580515, 1.585526505389861E-4, -4.1953701766173195, 4.0648420227880635, 6.624138485860612
0.0010747494989979955, 0.3111861552686513, 2.565775430266035E-4, 1.855722485074325, 1.6082524791115349E-4, -4.081767220676166, 4.1538507387930785, 6.624262120125025
0.0010811623246492984, 0.31304219047748394, 2.5810849237899056E-4, 1.8639384379883273, 1.6311841813728198E-4, -3.970576911407429, 4.2400718511088815, 6.624385754389439
0.0010875751503006009, 0.31489822568631654, 2.596394417313775E-4, 1.872233949098079, 1.6543231003290202E-4, -3.8618838975896796, 4.323441821687856, 6.624509388653853
0.0010939879759519035, 0.31675426089514913, 2.6117039108376446E-4, 1.8806125118022008, 1.6776707811772158E-4, -3.7557679412609297, 4.403901986122011, 6.624633022918266
0.0011004008016032062, 0.3186103092918169, 2.6270134043615144E-4, 1.889077067065544, 1.7012272826383407E-4, -3.6523038895674054, 4.481398553612445, 6.624755275283078
0.0011068136272545089, 0.3204665555060109, 2.642322897885384E-4, 1.8976228869883605, 1.7249723379379753E-4, -3.551561651892125, 4.555882602491315, 6.624856799153864
0.0011132264529058113, 0.32232280172020483, 2.6576323914092535E-4, 1.9062623271599057, 1.7489305579628222E-4, -3.4536061821514243, 4.627310071405887, 6.624958323024652
0.001119639278557114, 0.3241790479343989, 2.6729418849331233E-4, 1.9149990018272538, 1.7731037185703737E-4, -3.3584974661873463, 4.6956417462273095, 6.6250598468954385
0.0011260521042084166, 0.3260352941485929, 2.688251378456993E-4, 1.9238365466475567, 1.7974936561717468E-4, -3.266290514156717, 4.760843242787232, 6.625161370766225
0.0011324649298597193, 0.3278915403627869, 2.703560871980863E-4, 1.9327786151085977, 1.8221022682627644E-4, -3.1770353578394386, 4.82288498550811, 6.625262894637012
0.0011388777555110217, 0.3297477865769809, 2.718870365504732E-4, 1.9418288749261061, 1.8469315138963313E-4, -3.0907770527620464, 4.881742182034514, 6.6253644185077984
0.0011452905811623244, 0.3316040327911749, 2.734179859028602E-4, 1.950991004421366, 1.8719834140956123E-4, -3.007555685079781, 4.937394793904682, 6.625465942378585
0.0011517034068136269, 0.3334602790053689, 2.749489352552472E-4, 1.960268688881795, 1.8972600522076312E-4, -2.927406383084492, 4.9898275034045305, 6.625567466249373
0.0011581162324649293, 0.3353165252195629, 2.764798846076341E-4, 1.969665616908374, 1.9227635741966186E-4, -2.8503593332870074, 5.03902967663774, 6.625668990120159
0.001164529058116232, 0.3371727714337569, 2.780108339600211E-4, 1.9791854767525487, 1.9484961888769563E-4, -2.7764398009824354, 5.084995322905024, 6.625770513990946
0.0011709418837675346, 0.3390290176479509, 2.7954178331240806E-4, 1.9888319526459262, 1.9744601680853394E-4, -2.70566815517204, 5.127723050510652, 6.625872037861733
0.0011773547094188373, 0.34088526386214496, 2.8107273266479504E-4, 1.9986087211262338, 2.0006578467918546E-4, -2.6380598978204834, 5.167216019008542, 6.625973561732519
0.0011837675350701397, 0.3427415100763389, 2.8260368201718197E-4, 2.0085194473624046, 2.0270916231497196E-4, -2.573625697288232, 5.203481888047129, 6.626075085603306
0.0011901803607214424, 0.3445977562905329, 2.8413463136956895E-4, 2.0185677814819147, 2.0537639584837855E-4, -2.512371425915502, 5.236532762825503, 6.6261766094740935
0.001196593186372745, 0.34645400250472697, 2.856655807219559E-4, 2.028757354903778, 2.0806773772172001E-4, -2.4542982016165378, 5.266385136296141, 6.62627813334488
0.0012030060120240477, 0.34831004255525705, 2.871965300743429E-4, 2.039095516461872, 2.1078452072601026E-4, -2.399402433427089, 5.293059828168601, 6.626387694586706
0.0012094188376753504, 0.3501658489536347, 2.887274794267299E-4, 2.0495864106882715, 2.135271891715733E-4, -2.3476758709263796, 5.316581920774435, 6.626506364849042
0.001215831663326653, 0.3520216553520123, 2.9025842877911687E-4, 2.0602293752987215, 2.162948104440621E-4, -2.299105657396494, 5.336980691941951, 6.626625035111378
0.0012222444889779557, 0.3538774617503899, 2.9178937813150385E-4, 2.0710279304348878, 2.190876624244747E-4, -2.2536743866908195, 5.3542895448787275, 6.6267437053737135
0.0012286573146292584, 0.3557332681487675, 2.933203274838908E-4, 2.0819855593854992, 2.2190602917482438E-4, -2.21136016369061, 5.368545935194706, 6.626862375636049
0.0012350701402805608, 0.35758907454714506, 2.9485127683627775E-4, 2.0931057050170847, 2.2475020089399145E-4, -2.1721366682526213, 5.379791295146504, 6.626981045898385
0.0012414829659318635, 0.3594448809455227, 2.9638222618866473E-4, 2.104391766231774, 2.2762047386748677E-4, -2.1359732225931376, 5.38807095514527, 6.62709971616072
0.001247895791583166, 0.3613006873439003, 2.979131755410517E-4, 2.115847094454378, 2.3051715041117913E-4, -2.1028348619932973, 5.393434062648852, 6.627218386423056
0.0012543086172344686, 0.36315649374227793, 2.994441248934387E-4, 2.1274749901529697, 2.334405388090004E-4, -2.072682408743096, 5.395933498495662, 6.627337056685392
0.001260721442885771, 0.3650123001406555, 3.009750742458256E-4, 2.139278699394651, 2.3639095324470334E-4, -2.0454725492510875, 5.395625790760624, 6.627455726947728
0.0012671342685370737, 0.3668681065390331, 3.025060235982126E-4, 2.1512614104400614, 2.3936871372768796E-4, -2.0211579142018876, 5.392571026232099, 6.627574397210064
0.0012735470941883764, 0.36872391293741075, 3.040369729505996E-4, 2.1634262503792896, 2.4237414601295255E-4, -1.9996871617058882, 5.386832759561698, 6.6276930674724
0.001279959919839679, 0.37057971933578837, 3.0556792230298656E-4, 2.1757762818119204, 2.454075815152591E-4, -1.9810050633403424, 5.37847792017444, 6.627811737734736
0.0012863727454909815, 0.37243552573416594, 3.070988716553735E-4, 2.1883144995740547, 2.4846935721752045E-4, -1.9650525929669613, 5.3675767170591016, 6.627930407997072
0.0012927855711422841, 0.37429133213254356, 3.0862982100776046E-4, 2.2010438275152446, 2.5155981557352624E-4, -1.9517670183133786, 5.354202541419272, 6.628049078259408
0.0012991983967935868, 0.3761471385309212, 3.1016077036014744E-4, 2.2139671153274616, 2.546793044050487E-4, -1.9410819951170715, 5.338431867399492, 6.628167748521744
0.0013056112224448895, 0.3779998321436087, 3.116917197125344E-4, 2.227086733774811, 2.578280516009898E-4, -1.9329276638592712, 5.32034415084253, 6.628285623860899
0.001312024048096192, 0.3798520810726262, 3.1322266906492135E-4, 2.2404057149619074, 2.610065200446608E-4, -1.9272307489198672, 5.300021726228944, 6.6284033856396
0.0013184368737474946, 0.3817043300016438, 3.1475361841730833E-4, 2.2539267247419055, 2.6421509067721513E-4, -1.923914660110089, 5.277549701849441, 6.628521147418301
0.0013248496993987972, 0.3835565789306613, 3.162845677696953E-4, 2.2676522856086945, 2.674541316329531E-4, -1.9228995964614708, 5.253015853307019, 6.628638909197002
0.0013312625250501, 0.3854088278596789, 3.178155171220823E-4, 2.281584830922263, 2.707240158183275E-4, -1.9241026522222031, 5.226510515399554, 6.6287566709757035
0.0013376753507014026, 0.3872610767886964, 3.1934646647446927E-4, 2.2957267021071392, 2.740251207771803E-4, -1.9274379249270202, 5.198126472501197, 6.6288744327544045
0.0013440881763527048, 0.38911332571771395, 3.208774158268562E-4, 2.310080145920274, 2.7735782855090697E-4, -1.9328166255039292, 5.167958847473342, 6.628992194533105
0.0013505010020040075, 0.3909655746467315, 3.224083651792432E-4, 2.324647311792142, 2.80722525533842E-4, -1.9401471902656615, 5.136104989241324, 6.629109956311806
0.0013569138276553101, 0.392817823575749, 3.2393931453163016E-4, 2.339430249242171, 2.841196023237911E-4, -1.949335394788284, 5.102664359039186, 6.629227718090507
0.0013633266533066128, 0.3946700725047666, 3.2547026388401714E-4, 2.3544309053715184, 2.875494535679735E-4, -1.9602844694814319, 5.06773841548721, 6.629345479869208
0.0013697394789579152, 0.3965223214337841, 3.2700121323640406E-4, 2.369651122435435, 2.9101247780440335E-4, -1.972895216841404, 5.031430498526423, 6.629463241647909
0.001376152304609218, 0.39837457036280166, 3.2853216258879104E-4, 2.3850926354964344, 2.9450907729886315E-4, -1.9870661302741506, 4.993845712287809, 6.62958100342661
0.0013825651302605208, 0.40022681929181925, 3.300631119411781E-4, 2.4007570701619416, 2.9803965787762824E-4, -2.002693514411117, 4.955090806983328, 6.629698765205311
0.0013889779559118234, 0.40207906822083683, 3.3159406129356506E-4, 2.4166459404068235, 3.016046287560018E-4, -2.0196716067856224, 4.91527405993471, 6.629816526984012
0.001395390781563126, 0.4039313171498543, 3.33125010645952E-4, 2.432760646484388, 3.052044023628464E-4, -2.037892700830482, 4.874505155764272, 6.629934288762713
0.0014018036072144286, 0.40578512024200736, 3.3465595999833896E-4, 2.4491113793597323, 3.0884237475225097E-4, -2.0572472701322306, 4.8328950658072785, 6.63006845909927
0.0014082164328657312, 0.40764289508439555, 3.3618690935072594E-4, 2.465713347806415, 3.125237258375591E-4, -2.077624093744737, 4.790555926940669, 6.630244562417016
0.0014146292585170339, 0.40950066992678374, 3.377178587031129E-4, 2.4825449435644424, 3.16241330755031E-4, -2.098910382580358, 4.747600919782332, 6.630420665734763
0.0014210420841683363, 0.4113584447691719, 3.3924880805549985E-4, 2.499607092967281, 3.199956143147397E-4, -2.120991906783343, 4.704144146357452, 6.630596769052509
0.001427454909819639, 0.41321621961156013, 3.4077975740788683E-4, 2.5169005995626623, 3.2378700360799446E-4, -2.1437531239148147, 4.660300507405052, 6.6307728723702555
0.0014338677354709417, 0.4150739944539483, 3.423107067602738E-4, 2.534426142588343, 3.276159278108347E-4, -2.1670773079420695, 4.616185579284406, 6.630948975688002
0.001440280561122244, 0.4169317692963365, 3.438416561126608E-4, 2.5521842755492616, 3.3148281798451706E-4, -2.190846678930529, 4.571915490623061, 6.6311250790057485
0.0014466933867735465, 0.41878954413872466, 3.453726054650477E-4, 2.5701754248958677, 3.35388106873201E-4, -2.2149425332939274, 4.527606798792336, 6.631301182323495
0.0014531062124248492, 0.42064731898111285, 3.469035548174347E-4, 2.5883998888059336, 3.3933222869899325E-4, -2.239245374629342, 4.483376366208273, 6.631477285641241
0.0014595190380761519, 0.42250509382350104, 3.484345041698217E-4, 2.606857836071316, 3.433156189545012E-4, -2.2636350448907563, 4.4393412366785245, 6.631653388958988
0.0014659318637274545, 0.4243628686658893, 3.4996545352220865E-4, 2.6255493050908654, 3.4733871419305267E-4, -2.2879908559786455, 4.395618511713123, 6.631829492276734
0.001472344689378757, 0.4262206435082774, 3.514964028745956E-4, 2.6444742029713644, 3.5140195181681606E-4, -2.3121917215223116, 4.352325227000179, 6.63200559559448
0.0014787575150300596, 0.4280784183506656, 3.5302735222698256E-4, 2.663632304736516, 3.555057698629016E-4, -2.3361162888519287, 4.30957822906445, 6.632181698912226
0.0014851703406813623, 0.4299361931930538, 3.5455830157936954E-4, 2.6830232526465254, 3.596506067877483E-4, -2.359643071059818, 4.267494052167605, 6.632357802229973
0.001491583166332665, 0.431793968035442, 3.560892509317565E-4, 2.7026465556293666, 3.638369012497727E-4, -2.3826505789895163, 4.226188795628185, 6.632533905547719
0.0014979959919839674, 0.43365174287783015, 3.5762020028414344E-4, 2.7225015888232282, 3.6806509189073856E-4, -2.405017453179962, 4.185778001506216, 6.632710008865465
0.00150440881763527, 0.4355076575162287, 3.591511496365304E-4, 2.742568275236131, 3.7232867903488415E-4, -2.426622595610389, 4.14637653280385, 6.632852977560057
0.0015108216432865727, 0.4373627266073592, 3.606820989889174E-4, 2.7628560542938216, 3.766317387550215E-4, -2.4473453011327053, 4.10809845229011, 6.632980885062303
0.0015172344689378754, 0.43921779569848973, 3.622130483413044E-4, 2.7833726412063022, 3.809778338959432E-4, -2.467065388567549, 4.07105690194333, 6.633108792564551
0.0015236472945891779, 0.4410728647896202, 3.637439976936913E-4, 2.8041168736320836, 3.85367399699246E-4, -2.485663331345445, 4.035363983149259, 6.633236700066798
0.0015300601202404803, 0.44292793388075075, 3.652749470460783E-4, 2.8250874548737426, 3.898008702811705E-4, -2.5030203875875783, 4.001130637718429, 6.633364607569046
0.001536472945891783, 0.4447830029718812, 3.6680589639846527E-4, 2.8462829541143884, 3.942786784092427E-4, -2.5190187295673807, 3.9684665298008226, 6.633492515071294
0.0015428857715430856, 0.44663807206301176, 3.6833684575085225E-4, 2.8677018067720255, 3.988012552788033E-4, -2.5335415724545802, 3.9374799287579165, 6.633620422573541
0.0015492985971943883, 0.4484931411541423, 3.6986779510323923E-4, 2.889342314972354, 4.0336903028961966E-4, -2.546473302262557, 3.908277593078332, 6.633748330075789
0.001555711422845691, 0.45034821024527283, 3.713987444556262E-4, 2.9112026481418622, 4.079824308227959E-4, -2.5576996028813728, 3.880964655450067, 6.633876237578036
0.0015621242484969936, 0.45220327933640336, 3.729296938080132E-4, 2.9332808437190767, 4.1264188201814867E-4, -2.567107582114923, 3.8556445090320617, 6.634004145080284
0.0015685370741482963, 0.45405834842753384, 3.7446064316040017E-4, 2.9555748079872144, 4.17347806552261E-4, -2.5745858967180526, 3.83241869495058, 6.634132052582531
0.0015749498997995987, 0.4559134175186643, 3.759915925127871E-4, 2.978082317026465, 4.2210062441748794E-4, -2.580024876174212, 3.8113867912550097, 6.634259960084778
0.0015813627254509014, 0.45776848660979486, 3.775225418651741E-4, 3.000801017787272, 4.2690075270192436E-4, -2.5833166453186576, 3.7926463032063125, 6.634387867587026
0.001587775551102204, 0.45962355570092533, 3.7905349121756106E-4, 3.0237284292836213, 4.317486053707087E-4, -2.5843552455731458, 3.776292555146988, 6.634515775089273
0.0015941883767535067, 0.46147862479205587, 3.8058444056994804E-4, 3.046861943908513, 4.366445930488917E-4, -2.5830367547546156, 3.7624185839580275, 6.634643682591521
0.0016006012024048092, 0.4633334073752717, 3.8211538992233496E-4, 3.0702025411151723, 4.4159054131183125E-4, -2.5792594054309497, 3.7511150341301556, 6.634777571315471
0.0016070140280561118, 0.46518542038197946, 3.8364633927472194E-4, 3.0937797128888613, 4.465992808574403E-4, -2.5729237015972637, 3.742470054662605, 6.6349692785158805
0.0016134268537074145, 0.4670374333886872, 3.851772886271089E-4, 3.1175547413604097, 4.5165761058372865E-4, -2.563932533740223, 3.7365691977019266, 6.635160985716289
0.0016198396793587172, 0.468889446395395, 3.867082379794959E-4, 3.1415245280499855, 4.5676592711260997E-4, -2.5521912920670458, 3.733495319160479, 6.635352692916698
0.0016262525050100194, 0.47074145940210266, 3.8823918733188283E-4, 3.1656858562422165, 4.619246226693943E-4, -2.5376079779260947, 3.733328481238993, 6.635544400117108
0.001632665330661322, 0.47259347240881044, 3.897701366842698E-4, 3.1900353930258696, 4.6713408487883233E-4, -2.52009331321977, 3.736145857075956, 6.635736107317516
0.0016390781563126247, 0.4744454854155182, 3.913010860366568E-4, 3.2145696914526685, 4.723946965637691E-4, -2.499560847848743, 3.7420216374486914, 6.635927814517926
0.0016454909819639274, 0.4762974984222259, 3.9283203538904377E-4, 3.2392851928137514, 4.777068355473019E-4, -2.4759270649411067, 3.7510269397905476, 6.636119521718335
0.0016519038076152298, 0.47814951142893364, 3.943629847414307E-4, 3.264178229038391, 4.8307087445787145E-4, -2.449111483962143, 3.763229719377165, 6.636311228918744
0.0016583166332665325, 0.48000152443564137, 3.958939340938177E-4, 3.2892450252069825, 4.884871805380599E-4, -2.419036761471853, 3.7786946829395234, 6.636502936119153
0.0016647294589178351, 0.48185353744234916, 3.9742488344620465E-4, 3.314481702185322, 4.93956115457131E-4, -2.3856287894502457, 3.7974832047713702, 6.636694643319562
0.0016711422845691378, 0.4837055504490569, 3.9895583279859163E-4, 3.3398842793736137, 4.994780351272313E-4, -2.348816791216569, 3.819653245263627, 6.636886350519971
0.0016775551102204403, 0.48555756345576456, 4.0048678215097856E-4, 3.3654486775721644, 5.050532895240425E-4, -2.308533414803438, 3.8452592720151206, 6.63707805772038
0.001683967935871743, 0.48740957646247235, 4.0201773150336554E-4, 3.3911707219637677, 5.10682222511419E-4, -2.264714823536085, 3.8743521837839787, 6.63726976492079
0.0016903807615230456, 0.4892615894691801, 4.035486808557525E-4, 3.4170461452083316, 5.163651716707043E-4, -2.217300784040787, 3.9069792369808733, 6.637461472121198
0.0016967935871743482, 0.49111360247588787, 4.050796302081395E-4, 3.4430705906527272, 5.221024681347171E-4, -2.1662347512881674, 3.9431839751506104, 6.637653179321608
0.0017032064128256507, 0.49296635506688696, 4.066105795605264E-4, 3.469263076954231, 5.279039760398072E-4, -2.1114639508118636, 3.9830061612601138, 6.637880377421512
0.0017096192384769534, 0.4948198472421776, 4.081415289129134E-4, 3.4956193487531877, 5.337702310313685E-4, -2.052939457842058, 4.0264817130443, 6.63814306642091
0.0017160320641282558, 0.49667333941746816, 4.096724782653004E-4, 3.522111430540484, 5.396920783682561E-4, -1.990616273438887, 4.073642641311598, 6.638405755420308
0.0017224448897795587, 0.49852683159275885, 4.112034276176874E-4, 3.5487346428116044, 5.456698235121632E-4, -1.9244533973390499, 4.124516991510593, 6.638668444419707
0.0017288577154308611, 0.5003803237680494, 4.1273437697007435E-4, 3.575484234460662, 5.517037647236527E-4, -1.8544138975722764, 4.179128788449993, 6.6389311334191055
0.0017352705410821638, 0.5022338159433399, 4.142653263224613E-4, 3.602355386647572, 5.57794192928295E-4, -1.7804649768014738, 4.237497984236527, 6.6391938224185045
0.0017416833667334665, 0.5040873081186306, 4.157962756748483E-4, 3.629343216769472, 5.639413915889682E-4, -1.7025780350634339, 4.299640409736469, 6.639456511417903
0.0017480961923847691, 0.5059408002939212, 4.173272250272353E-4, 3.6564427825369865, 5.701456365840269E-4, -1.6207287290836851, 4.365567729373999, 6.639719200417301
0.0017545090180360718, 0.5077942924692118, 4.1885817437962227E-4, 3.6836490861497637, 5.764071960922874E-4, -1.5348970279438123, 4.435287399468422, 6.6399818894167
0.0017609218436873742, 0.5096477846445023, 4.203891237320092E-4, 3.710957078576886, 5.827263304841545E-4, -1.4450672650462386, 4.508802630179547, 6.640244578416098
0.001767334669338677, 0.511501276819793, 4.2192007308439617E-4, 3.7383616639306094, 5.891032922197649E-4, -1.3512281862362308, 4.586112351164563, 6.640507267415497
0.0017737474949899796, 0.5133547689950835, 4.2345102243678315E-4, 3.765857703941151, 5.955383257538566E-4, -1.2533729940880296, 4.667211180934173, 6.640769956414895
0.0017801603206412822, 0.5152082611703741, 4.2498197178917013E-4, 3.7934400225253455, 6.020316674479023E-4, -1.151499388179623, 4.752089400094534, 6.641032645414294
0.0017865731462925847, 0.5170617533456646, 4.2651292114155706E-4, 3.8211034104484405, 6.085835454892738E-4, -1.0456096013468743, 4.840732928441496, 6.641295334413693
0.0017929859719438873, 0.5189152455209552, 4.2804387049394404E-4, 3.8488426300769127, 6.151941798179395E-4, -0.9357104317520025, 4.933123306078453, 6.641558023413091
0.00179939879759519, 0.5207687376962459, 4.29574819846331E-4, 3.876652420222957, 6.218637820606818E-4, -0.8218132707333118, 5.029237678573496, 6.641820712412489
0.0018058116232464927, 0.5226225996757956, 4.31105769198718E-4, 3.9044570200847453, 6.285621707123677E-4, -0.7039341262852183, 5.129048786326461, 6.641982966158665
0.0018122244488977949, 0.5244764999109583, 4.326367185511049E-4, 3.932313790327772, 6.353163233573046E-4, -0.5820936421828564, 5.232524958057306, 6.642134830051058
0.0018186372745490976, 0.5263304001461212, 4.341676679034919E-4, 3.9602246937065466, 6.421295445106587E-4, -0.45631711260030605, 5.339630108613711, 6.6422866939434515
0.0018250501002004002, 0.528184300381284, 4.356986172558789E-4, 3.9881844248554223, 6.490020094181706E-4, -0.3266344920714843, 5.4503237412169785, 6.6424385578358445
0.0018314629258517029, 0.5300382006164469, 4.3722956660826586E-4, 4.0161876803372, 6.55933884801877E-4, -0.19308040082989156, 5.564560954094058, 6.642590421728238
0.0018378757515030053, 0.5318921008516097, 4.387605159606528E-4, 4.04422916398028, 6.629253288428295E-4, -0.055694125390540146, 5.682292451635581, 6.642742285620631
0.001844288577154308, 0.5337460010867724, 4.4029146531303977E-4, 4.072303592285074, 6.699764911726948E-4, 0.08548038576022474, 5.80346456017898, 6.642894149513024
0.0018507014028056106, 0.5355999013219352, 4.4182241466542675E-4, 4.100405699908773, 6.770875128736934E-4, 0.23039453141653923, 5.9280192484868355, 6.643046013405418
0.0018571142284569133, 0.5374538015570981, 4.4335336401781373E-4, 4.128530245213007, 6.842585264878395E-4, 0.37899507186789855, 6.055894152906508, 6.643197877297811
0.0018635270541082158, 0.5393077017922608, 4.4488431337020066E-4, 4.156672015882901, 6.914896560348191E-4, 0.5312241483785398, 6.187022607514734, 6.643349741190205
0.0018699398797595184, 0.5411616020274237, 4.4641526272258764E-4, 4.184825834606297, 6.987810170392373E-4, 0.6870193076898912, 6.321333678995794, 6.643501605082598
0.001876352705410821, 0.5430155022625864, 4.479462120749746E-4, 4.212986564820312, 7.061327165668286E-4, 0.8463135319327706, 6.458752206594943, 6.643653468974992
0.0018827655310621237, 0.5448694024977493, 4.494771614273616E-4, 4.241149116508254, 7.135448532704296E-4, 1.0090352739326651, 6.5991988471968215, 6.643805332867385
0.0018891783567134264, 0.5467233027329121, 4.510081107797486E-4, 4.26930845206067, 7.210175174449348E-4, 1.1751084979328565, 6.742590125450437, 6.643957196759778
0.001895591182364729, 0.5485772029680749, 4.5253906013213556E-4, 4.297459592186506, 7.285507910920635E-4, 1.344452725863491, 6.8888384891227465, 6.6441090606521716
0.0019020040080160317, 0.5504298665152059, 4.5407000948452254E-4, 4.325649087198329, 7.361681168550319E-4, 1.5169830893546987, 7.037852369848435, 6.644330506094496
0.0019084168336673344, 0.5522798093486666, 4.556009588369095E-4, 4.353934596733652, 7.438982738017289E-4, 1.692610387320896, 7.189536249074984, 6.64470503094667
0.0019148296593186366, 0.5541297521821273, 4.5713190818929644E-4, 4.38219851965129, 7.516902635297678E-4, 1.8712411495558168, 7.343790729664404, 6.645079555798843
0.0019212424849699393, 0.5559796950155881, 4.586628575416834E-4, 4.410436170277592, 7.595441410538275E-4, 2.0527777061287353, 7.500512612908183, 6.645454080651017
0.001927655310621242, 0.5578296378490488, 4.601938068940704E-4, 4.438642951510857, 7.674599535675709E-4, 2.2371182627657022, 7.659594981131507, 6.645828605503191
0.0019340681362725446, 0.5596795806825096, 4.617247562464574E-4, 4.466814360996786, 7.754377405676763E-4, 2.4241569823557954, 7.82092728601998, 6.646203130355365
0.001940480961923847, 0.5615295235159703, 4.632557055988443E-4, 4.49494599732941, 7.834775339879488E-4, 2.6137840726657284, 7.9843954427416906, 6.646577655207539
0.0019468937875751497, 0.563379466349431, 4.647866549512313E-4, 4.523033566284511, 7.915793583439866E-4, 2.8058858802223297, 8.14988192980437, 6.646952180059713
0.0019533066132264524, 0.5652294091828918, 4.6631760430361827E-4, 4.551072887079037, 7.997432308877099E-4, 3.000344990641486, 8.317265894943725, 6.647326704911886
0.001959719438877755, 0.5670793520163525, 4.6784855365600525E-4, 4.579059898656382, 8.079691617727453E-4, 3.197040335395921, 8.486423266974016, 6.64770122976406
0.0019661322645290573, 0.5689292948498132, 4.693795030083922E-4, 4.606990665985663, 8.162571542296728E-4, 3.395847304881335, 8.657226873484761, 6.648075754616234
0.00197254509018036, 0.570779237683274, 4.7091045236077915E-4, 4.634861386385772, 8.246072047522163E-4, 3.596637868584744, 8.829546565207602, 6.648450279468408
0.0019789579158316626, 0.5726291805167347, 4.7244140171316613E-4, 4.662668395855384, 8.330193032936922E-4, 3.799280701401644, 9.003249345990069, 6.648824804320581
0.0019853707414829655, 0.5744791233501955, 4.739723510655531E-4, 4.690408175420217, 8.414934334739057E-4, 4.0036413171006195, 9.178199509477217, 6.649199329172755
0.001991783567134268, 0.5763290661836562, 4.7550330041794004E-4, 4.718077357477114, 8.500295727969431E-4, 4.209582208568234, 9.354258782038828, 6.649573854024929
0.0019981963927855704, 0.5781790090171169, 4.77034249770327E-4, 4.7456727321583045, 8.586276928791263E-4, 4.416962994982776, 9.531286472130947, 6.649948378877102
0.0020046092184368733, 0.580030061652624, 4.78565199122714E-4, 4.77312280299855, 8.672550015772695E-4, 4.62564057617212, 9.709139626324037, 6.650235252707067
0.0020110220440881757, 0.581881548558497, 4.80096148475101E-4, 4.80046582115002, 8.759308897519288E-4, 4.835469293850921, 9.887673191624012, 6.65048782831095
0.002017434869739478, 0.58373303546437, 4.816270978274879E-4, 4.8277257847067645, 8.846680451749436E-4, 5.046301100421924, 10.066740184900567, 6.650740403914832
0.002023847695390781, 0.585584522370243, 4.831580471798749E-4, 4.854900178031222, 8.934664154402021E-4, 5.257985734791865, 10.246191868685322, 6.6509929795187155
0.0020302605210420835, 0.5874360092761161, 4.8468899653226187E-4, 4.881986674917158, 9.023259435532163E-4, 5.4703709058886405, 10.425877934154753, 6.651245555122598
0.0020366733466933864, 0.5892874961819891, 4.8621994588464885E-4, 4.908983144892858, 9.112465682229267E-4, 5.68330248342258, 10.605646690772227, 6.65149813072648
0.002043086172344689, 0.5911389830878621, 4.8775089523703577E-4, 4.935887659500125, 9.202282241642041E-4, 5.896624696272809, 10.785345262937978, 6.651750706330363
0.0020494989979959913, 0.5929904699937351, 4.892818445894228E-4, 4.96269849855554, 9.292708424110665E-4, 6.110180338719652, 10.964819793924802, 6.652003281934246
0.0020559118236472937, 0.5948419568996081, 4.908127939418097E-4, 4.989414156373172, 9.383743506405926E-4, 6.323810984263057, 11.143915656752725, 6.652255857538129
0.002062324649298597, 0.5966934438054813, 4.923437432941968E-4, 5.016033347967806, 9.475386735068787E-4, 6.53735720730802, 11.322477672335175, 6.652508433142011
0.002068737474949899, 0.5985449307113542, 4.938746926465837E-4, 5.042555015213466, 9.56763732985999E-4, 6.750658812878921, 11.50035033500129, 6.652761008745894
0.002075150300601202, 0.6003964176172272, 4.954056419989707E-4, 5.068978332967006, 9.66049448731029E-4, 6.963555074227514, 11.677378045271801, 6.653013584349776
0.0020815631262525044, 0.6022479045231002, 4.969365913513577E-4, 5.095302715149032, 9.75395738437931E-4, 7.175884978681259, 11.853405350229817, 6.6532661599536596
0.0020879759519038072, 0.6040993914289732, 4.984675407037446E-4, 5.121527820775711, 9.848025182213052E-4, 7.387487481548189, 12.028277191267689, 6.653518735557542
0.0020943887775551097, 0.6059508783348462, 4.999984900561316E-4, 5.147653559949987, 9.942697030005405E-4, 7.598201768485932, 12.20183915963585, 6.6537713111614245
0.0021008016032064126, 0.607802676305014, 5.015294394085186E-4, 5.173677335266888, 0.0010037958204097159, 7.8078675260720285, 12.373937759495538, 6.654020512692058
0.002107214428857715, 0.6096566517252443, 5.030603887609056E-4, 5.199582911876703, 0.0010133723880562644, 8.016325220950797, 12.544420678833255, 6.654246095709945
0.002113627254509018, 0.6115106271454748, 5.045913381132926E-4, 5.225390279613919, 0.0010230089645965924, 8.223416387489127, 12.713137068215444, 6.654471678727832
0.00212004008016032, 0.613364602565705, 5.061222874656794E-4, 5.251100411596084, 0.0010327054635861106, 8.42898392404406, 12.879937827387351, 6.65469726174572
0.002126452905811623, 0.6152185779859355, 5.076532368180664E-4, 5.276714561069639, 0.0010424617994676273, 8.632872398003103, 13.044675899950551, 6.654922844763607
0.0021328657314629252, 0.617072553406166, 5.091841861704534E-4, 5.302234267016033, 0.0010522778880182613, 8.834928359685893, 13.207206576131478, 6.655148427781494
0.002139278557114228, 0.6189265288263963, 5.107151355228404E-4, 5.327661359683546, 0.0010621536468051855, 9.035000664990957, 13.367387803547231, 6.655374010799382
0.0021456913827655306, 0.6207805042466268, 5.122460848752273E-4, 5.35299796604788, 0.0010720889956510465, 9.23294080718763, 13.52508050637584, 6.655599593817269
0.002152104208416833, 0.6226344796668573, 5.137770342276143E-4, 5.378246515176002, 0.0010820838571093576, 9.42860325771597, 13.680148912711443, 6.655825176835156
0.002158517034068136, 0.6244884550870876, 5.153079835800013E-4, 5.403409743513322, 0.0010921381569489646, 9.621845816144186, 13.832460890344073, 6.656050759853043
0.0021649298597194383, 0.6263424305073181, 5.168389329323883E-4, 5.428490700075059, 0.0011022518246470107, 9.812529969450274, 13.981888291014451, 6.656276342870931
0.002171342685370741, 0.6281964059275486, 5.183698822847753E-4, 5.453492751554663, 0.001112424793892279, 10.000521260577367, 14.128307303176056, 6.6565019258888185
0.0021777555110220432, 0.6300503813477788, 5.199008316371621E-4, 5.478419587318768, 0.0011226570030966592, 10.185689666441862, 14.27159881336787, 6.656727508906705
0.002184168336673346, 0.6319043567680093, 5.214317809895491E-4, 5.503275224313768, 0.0011329483959152762, 10.367909985445754, 14.411648776257433, 6.656953091924593
0.0021905811623246486, 0.6337583321882396, 5.229627303419361E-4, 5.528064011862682, 0.0011432989217756307, 10.547062234652225, 14.548348593509079, 6.65717867494248
0.0021969939879759514, 0.6356123076084701, 5.244936796943231E-4, 5.5527906363611805, 0.001153708536415228, 10.723032056503536, 14.681595501368866, 6.657404257960367
0.002203406813627254, 0.6374647531376718, 5.260246290467101E-4, 5.5772950145831715, 0.0011640903498356158, 10.895711135682205, 14.81129296747852, 6.657437910491767
0.0022098196392785568, 0.6393158487630246, 5.27555578399097E-4, 5.601600553998281, 0.0011744530872865241, 11.064997625290664, 14.937351096178794, 6.6573022125939145
0.0022162324649298588, 0.6411669443883774, 5.290865277514839E-4, 5.625858239583295, 0.001184872906538825, 11.230796583452298, 15.05968704330933, 6.657166514696061
0.002222645290581162, 0.6430180400137303, 5.30617477103871E-4, 5.650074150552484, 0.0011953497857214064, 11.393020419874807, 15.178225440119837, 6.6570308167982075
0.002229058116232464, 0.6448691356390831, 5.321484264562579E-4, 5.674254724903506, 0.0012058837120812634, 11.551589352303514, 15.292898826121554, 6.656895118900355
0.0022354709418837674, 0.646720231264436, 5.33679375808645E-4, 5.6984067633856625, 0.0012164746825675012, 11.706431873426517, 15.403648091492473, 6.656759421002501
0.0022418837675350694, 0.6485713268897887, 5.352103251610318E-4, 5.722537433334708, 0.0012271227044248559, 11.857485228172676, 15.510422928932968, 6.656623723104648
0.002248296593186372, 0.6504224225151416, 5.367412745134188E-4, 5.746654272379374, 0.0012378277957910706, 12.004695901040472, 15.613182294654232, 6.656488025206795
0.0022547094188376748, 0.6522735181404944, 5.382722238658058E-4, 5.770765192013414, 0.0012485899863030163, 12.14802011430734, 15.711894879215738, 6.656352327308942
0.002261122244488977, 0.6541246137658473, 5.398031732181928E-4, 5.79487848100419, 0.0012594093177092178, 12.28742433654799, 15.806539587782304, 6.656216629411088
0.0022675350701402796, 0.6559757093912, 5.413341225705796E-4, 5.819002808685127, 0.0012702858444886955, 12.422885802103664, 15.897106030343421, 6.656080931513236
0.0022739478957915825, 0.657826805016553, 5.428650719229667E-4, 5.843147228080227, 0.0012812196344743048, 12.5543930408223, 15.983595021173137, 6.655945233615382
0.002280360721442885, 0.6596779006419057, 5.443960212753536E-4, 5.8673211788921265, 0.0012922107694847643, 12.681946419098207, 16.066019088645337, 6.6558095357175295
0.002286773547094188, 0.6615289962672586, 5.459269706277407E-4, 5.891534490315308, 0.001303259345959984, 12.805558691820771, 16.144402994969948, 6.655673837819676
0.0022931863727454903, 0.6633800918926114, 5.474579199801276E-4, 5.915797383722634, 0.0013143654756036568, 12.925255564820747, 16.21878426530431, 6.6555381399218225
0.0022995991983967927, 0.6652311875179642, 5.489888693325145E-4, 5.940120475160114, 0.0013255292860292651, 13.041076269164641, 16.289213727805244, 6.65540244202397
0.0023060120240480956, 0.6670871488387733, 5.505198186849015E-4, 5.96483647022157, 0.0013369280195148856, 13.153074145994331, 16.35575606312162, 6.655624275237721
0.002312424849699398, 0.6689434345392796, 5.520507680372885E-4, 5.989658394704037, 0.001348398590448904, 13.261317243106186, 16.418490364608544, 6.655869943858914
0.002318837675350701, 0.6707997202397858, 5.535817173896755E-4, 6.0145766760443, 0.0013599294462016461, 13.365888922465896, 16.47751070833584, 6.6561156124801055
0.0023252505010020034, 0.6726560059402922, 5.551126667420625E-4, 6.0396035309234435, 0.0013715207934600938, 13.466888479742858, 16.532926734200338, 6.656361281101298
0.0023316633266533063, 0.6745122916407984, 5.566436160944494E-4, 6.06475158076546, 0.0013831728581237997, 13.564431774784055, 16.58486423671232, 6.65660694972249
0.0023380761523046087, 0.6763685773413046, 5.581745654468364E-4, 6.090033853224043, 0.0013948858859780533, 13.658651874160814, 16.633465766907406, 6.656852618343683
0.002344488977955911, 0.678224863041811, 5.597055147992234E-4, 6.11546378351369, 0.0014066601433688711, 13.749699705144621, 16.678891244482898, 6.6570982869648745
0.0023509018036072136, 0.6800811487423171, 5.612364641516103E-4, 6.141055215540234, 0.0014184959178814953, 13.837744721736776, 16.721318580947116, 6.657343955586067
0.0023573146292585165, 0.6819374344428234, 5.627674135039974E-4, 6.166822402853597, 0.001430393519022504, 13.922975582450901, 16.760944313326927, 6.657589624207259
0.002363727454909819, 0.6837937201433296, 5.642983628563842E-4, 6.192780009419664, 0.0014423532789028595, 14.005600840017863, 16.79798424870776, 6.657835292828452
0.0023701402805611214, 0.6856500058438358, 5.658293122087712E-4, 6.218943110201167, 0.001454375552924568, 14.085849643350251, 16.8326741198828, 6.6580809614496435
0.0023765531062124243, 0.6875062915443421, 5.673602615611582E-4, 6.245327191560193, 0.001466460720466689, 14.163972451446405, 16.86527025172381, 6.658326630070835
0.0023829659318637267, 0.6893625772448484, 5.688912109135452E-4, 6.271948151447134, 0.0014786091855768894, 14.240241759820664, 16.89605023899051, 6.658572298692028
0.0023893787575150296, 0.6912188629453546, 5.704221602659322E-4, 6.298822299425353, 0.001490821377660375, 14.314952838897945, 16.92531363486502, 6.65881796731322
0.002395791583166332, 0.6930751486458608, 5.719531096183191E-4, 6.325966356471895, 0.0015030977521719238, 14.388424485248828, 16.953382651149216, 6.659063635934412
0.0024022044088176345, 0.6949279222723982, 5.73484058970706E-4, 6.353408131004187, 0.0015154449140456529, 14.460999784975657, 16.98060286941759, 6.659320681981238
0.0024086172344689374, 0.6967739910304497, 5.750150083230931E-4, 6.38117498602935, 0.0015278690688907935, 14.533046889878195, 17.007343963714316, 6.65959944856791
0.00241503006012024, 0.698620059788501, 5.7654595767548E-4, 6.409264547588293, 0.0015403591296457783, 14.604959806284578, 17.034000434703927, 6.659878215154581
0.0024214428857715423, 0.7004661285465523, 5.780769070278669E-4, 6.437695176610475, 0.001552915663690594, 14.677159196718991, 17.060992355443073, 6.6601569817412525
0.0024278557114228447, 0.7023121973046037, 5.796078563802539E-4, 6.466485641565896, 0.0015655392679143586, 14.750093194278453, 17.0887661285517, 6.660435748327924
0.0024342685370741476, 0.7041582660626551, 5.811388057326409E-4, 6.495655117078002, 0.0015782305694053318, 14.824238229939656, 17.117795255130016, 6.660714514914596
0.00244068136272545, 0.7060043348207065, 5.826697550850279E-4, 6.52522318234071, 0.001590990226140572, 14.900099873313986, 17.148581115802994, 6.660993281501267
0.002447094188376753, 0.7078504035787578, 5.842007044374149E-4, 6.555209819338813, 0.0016038189276713806, 14.978213685879249, 17.18165376294027, 6.661272048087938
0.002453507014028055, 0.7096964723368091, 5.857316537898017E-4, 6.585635410834186, 0.0016167173958101001, 15.059146088086274, 17.21757272556432, 6.6615508146746105
0.0024599198396793582, 0.7115425410948606, 5.872626031421888E-4, 6.616520738186239, 0.0016296863853124954, 15.143495239144128, 17.256927825507706, 6.661829581261282
0.0024663326653306603, 0.7133886098529119, 5.887935524945757E-4, 6.647886978937038, 0.0016427266845568597, 15.231891930779247, 17.300340006299795, 6.662108347847953
0.002472745490981963, 0.7152346786109632, 5.903245018469627E-4, 6.679755704205718, 0.0016558391162231692, 15.32500049406559, 17.348462173809807, 6.662387114434625
0.0024791583166332656, 0.7170807473690146, 5.918554511993497E-4, 6.712148875863363, 0.001669024537964331, 15.423519719939174, 17.401980049153497, 6.662665881021296
0.0024855711422845685, 0.718926816127066, 5.933864005517366E-4, 6.7450888435055845, 0.00168228384307903, 15.528183793454138, 17.461613034138633, 6.662944647607968
0.0024919839679358713, 0.7207728848851175, 5.949173499041237E-4, 6.7785983412317705, 0.0016956179611757674, 15.639763241612691, 17.528115088755055, 6.66322341419464
0.002498396793587174, 0.7226189536431687, 5.964482992565106E-4, 6.812700484199922, 0.001709027858834672, 15.759065895378518, 17.602275621649078, 6.663502180781311
0.0025048096192384762, 0.7244634652782586, 5.979792486088976E-4, 6.84752415910134, 0.0017225775637707066, 15.886937864989795, 17.684920392385205, 6.663888515096032
0.002511222444889779, 0.7263074578723611, 5.995101979612846E-4, 6.883023624853649, 0.001736226872298366, 16.024264529908987, 17.776912426991355, 6.664310705320101
0.0025176352705410816, 0.7281514504664637, 6.010411473136715E-4, 6.9191880795672205, 0.0017499559712099988, 16.17197154251799, 17.87915294591645, 6.664732895544172
0.0025240480961923836, 0.7299954430605661, 6.025720966660584E-4, 6.9560421243461406, 0.0017637659850731346, 16.331025846171976, 17.99258230483454, 6.665155085768242
0.002530460921843687, 0.7318394356546688, 6.041030460184455E-4, 6.993610721072514, 0.0017776580786604684, 16.50243670731094, 18.11818094813509, 6.6655772759923115
0.002536873747494989, 0.7336834282487712, 6.056339953708324E-4, 7.03191918775326, 0.0017916334575774767, 16.68725676207093, 18.256970375469024, 6.665999466216382
0.002543286573146292, 0.7355274208428739, 6.071649447232195E-4, 7.0709931936229395, 0.001805693368885794, 16.886583077467282, 18.410014121424425, 6.666421656440452
0.0025496993987975942, 0.7373714134369763, 6.086958940756063E-4, 7.110858754102537, 0.001819839101715806, 17.101558226837522, 18.578418747998736, 6.666843846664523
0.002556112224448897, 0.7392154060310788, 6.102268434279933E-4, 7.1515422255303065, 0.0018340719878744485, 17.333371380050593, 18.763334850372818, 6.667266036888592
0.0025625250501001996, 0.7410593986251814, 6.117577927803803E-4, 7.19307029968752, 0.0018483934024463855, 17.5832594085281, 18.96595807601037, 6.667688227112662
0.0025689378757515024, 0.742903391219284, 6.132887421327673E-4, 7.235469998153349, 0.0018628047643825182, 17.852508004845255, 19.18753015687842, 6.668110417336733
0.002575350701402805, 0.7447473838133866, 6.148196914851542E-4, 7.278768666456017, 0.0018773075370866268, 18.142452817311458, 19.429339955069565, 6.6685326075608025
0.0025817635270541078, 0.7465913764074891, 6.163506408375412E-4, 7.3229939680330745, 0.001891903228987149, 18.45448059980486, 19.69272452229196, 6.668954797784873
0.0025881763527054098, 0.7484353690015915, 6.178815901899281E-4, 7.368173878008406, 0.0019065933941030885, 18.79003037604562, 19.979070172143953, 6.669376988008943
0.002594589178356713, 0.7502793615956942, 6.194125395423152E-4, 7.414336676779271, 0.00192137963260057, 19.15059461957649, 20.289813566647805, 6.669799178233013
0.002601002004008015, 0.7521233243211347, 6.209434888947021E-4, 7.4615231840235765, 0.0019362711920615158, 19.537720448822117, 20.62644281628432, 6.670233376423633
0.002607414829659318, 0.7539671257558008, 6.22474438247089E-4, 7.509816365255688, 0.0019513034952442915, 19.95301083740612, 20.99049859371255, 6.670732417633625
0.0026138276553106204, 0.7558109271904669, 6.24005387599476E-4, 7.559179449434737, 0.00196643744985759, 20.398125839878336, 21.383575261420088, 6.671231458843616
0.002620240480961923, 0.7576547286251331, 6.25536336951863E-4, 7.609641870541168, 0.0019816748479950658, 20.874783833092252, 21.807322013301054, 6.671730500053608
0.0026266533066132258, 0.7594985300597992, 6.2706728630425E-4, 7.661233333126347, 0.001997017530531074, 21.384762772824956, 22.26344403002354, 6.672229541263599
0.002633066132264528, 0.7613423314944653, 6.28598235656637E-4, 7.713983804858685, 0.002012467387609372, 21.929901466767312, 22.753703649084027, 6.6727285824735905
0.0026394789579158306, 0.7631861329291313, 6.301291850090238E-4, 7.767923508913327, 0.002028026359130887, 22.5121008625319, 23.279921548328446, 6.673227623683582
0.0026458917835671335, 0.7650299343637975, 6.316601343614109E-4, 7.823082916222006, 0.0020436964352197884, 23.133325351543498, 23.84397794365324, 6.673726664893573
0.002652304609218436, 0.7668737357984635, 6.331910837137978E-4, 7.8794927375374755, 0.00205947965668625, 23.795604089958896, 24.447813802211257, 6.674225706103565
0.0026587174348697384, 0.7687175372331296, 6.347220330661848E-4, 7.937183915383457, 0.002075378115471163, 24.501032333922492, 25.09343206819108, 6.674724747313557
0.0026651302605210417, 0.7705613386677959, 6.362529824185719E-4, 7.996187615848271, 0.0020913939550811014, 25.251772792567426, 25.782898904791164, 6.675223788523549
0.0026715430861723437, 0.7724051401024619, 6.377839317709587E-4, 8.056535220256023, 0.0021075293710094978, 26.050056995920162, 26.51834494937113, 6.67572282973354
0.002677955911823647, 0.7742489415371282, 6.393148811233458E-4, 8.118258316673064, 0.002123786611146511, 26.89818667999439, 27.301966584136384, 6.6762218709435315
0.002684368737474949, 0.7760927429717942, 6.408458304757327E-4, 8.181388691349866, 0.0021401679761746395, 27.798535187824605, 28.13602722105395, 6.676720912153523
0.002690781563126252, 0.7779365444064603, 6.423767798281197E-4, 8.24595831996885, 0.002156675819948786, 28.75354888712518, 29.022858601746236, 6.677219953363514
0.0026971943887775544, 0.7797803458411264, 6.439077291805067E-4, 8.311999358858202, 0.0021733125498669265, 29.765748604376757, 29.964862111996112, 6.677718994573506
0.0027036072144288573, 0.781617077423207, 6.454386785328936E-4, 8.379711448679245, 0.0021901886172817353, 30.83773107588096, 30.96451011169941, 6.6783755582358095
0.0027100200400801593, 0.7834483102310541, 6.469696278852805E-4, 8.44909109107266, 0.0022072840223507917, 31.97217041503678, 32.02434727902573, 6.679154639361023
0.002716432865731462, 0.7852795430389015, 6.485005772376676E-4, 8.520041132547249, 0.002224517764429196, 33.17181959692048, 33.14699197040881, 6.679933720486237
0.0027228456913827646, 0.7871107758467486, 6.500315265900545E-4, 8.5925943624934, 0.002241892476041202, 34.43951195956721, 34.33513759531006, 6.68071280161145
0.0027292585170340675, 0.7889420086545961, 6.515624759424416E-4, 8.666783705364196, 0.002259410844895657, 35.77816272209135, 35.59155400612565, 6.681491882736664
0.00273567134268537, 0.7907732414624432, 6.530934252948284E-4, 8.742642211303519, 0.0022770756141666376, 37.19077052020194, 36.919088903739805, 6.682270963861877
0.0027420841683366724, 0.7926044742702905, 6.546243746472154E-4, 8.8202030467653, 0.0022948895827615834, 38.6804189590292, 38.32066925851027, 6.68305004498709
0.0027484969939879753, 0.7944357070781378, 6.561553239996024E-4, 8.899499484985427, 0.0023128556055789645, 40.25027818246998, 39.79930274608122, 6.683829126112304
0.0027549098196392777, 0.7962669398859851, 6.576862733519894E-4, 8.980564896542774, 0.0023309765937441773, 41.9036064604462, 41.358079199188275, 6.684608207237518
0.00276132264529058, 0.7980981726938322, 6.592172227043762E-4, 9.063432739753807, 0.002349255514834808, 43.643751793886025, 43.0001720754986, 6.685387288362731
0.002767735470941883, 0.7999294055016796, 6.607481720567633E-4, 9.148136551121752, 0.0023676953930917705, 45.474153536574235, 44.728839940366754, 6.686166369487944
0.0027741482965931855, 0.8017606383095268, 6.622791214091502E-4, 9.234709935761202, 0.002386299309609069, 47.39834403476343, 46.54742796558395, 6.686945450613158
0.0027805611222444884, 0.8035918711173742, 6.638100707615373E-4, 9.323186557770896, 0.0024050704025177644, 49.41995028514783, 48.459369444599, 6.687724531738372
0.002786973947895791, 0.8054231039252213, 6.653410201139242E-4, 9.41360013065696, 0.0024240118671436245, 51.54269560958442, 50.46818732267504, 6.688503612863585
0.0027933867735470933, 0.8072543367330686, 6.668719694663111E-4, 9.50598440777344, 0.0024431269561609736, 53.770401348489294, 52.577495743781, 6.689282693988798
0.002799799599198396, 0.8090855695409159, 6.684029188186981E-4, 9.600373172710988, 0.0024624189797234353, 56.106988571834556, 54.79100161322956, 6.690061775114012
0.0028062124248496986, 0.8109008569329967, 6.699338681710851E-4, 9.697064170097065, 0.00248206812810621, 58.556479808408966, 57.11250617666888, 6.691079360944109
0.0028126252505010006, 0.812715629956827, 6.71464817523472E-4, 9.795837160292194, 0.0025019084498046074, 61.123000792953555, 59.54590661508832, 6.692104640474363
0.002819038076152304, 0.8145304029806575, 6.729957668758591E-4, 9.896717469363011, 0.0025219377587683695, 63.810782231911375, 62.09519765646577, 6.693129920004616
0.0028254509018036064, 0.8163451760044879, 6.74526716228246E-4, 9.99973890840488, 0.0025421596031936777, 66.62416158717416, 64.76447320348258, 6.694155199534871
0.0028318637274549092, 0.8181599490283181, 6.76057665580633E-4, 10.104935271714794, 0.002562577589203238, 69.56758487803171, 67.55792797755547, 6.695180479065125
0.0028382765531062117, 0.8199747220521485, 6.7758861493302E-4, 10.212340327753054, 0.002583195380882433, 72.64560850267247, 70.47985918042234, 6.6962057585953785
0.002844689378757514, 0.8217894950759788, 6.791195642854069E-4, 10.321987809980556, 0.00260401670031285, 75.86290107676685, 73.53466817084892, 6.697231038125633
0.002851102204408817, 0.8236042680998092, 6.80650513637794E-4, 10.433911408006907, 0.002625045327585507, 79.22424529162457, 76.7268621588791, 6.698256317655887
0.0028575150300601195, 0.8254190411236394, 6.821814629901808E-4, 10.548144758736044, 0.002646285100795176, 82.73453979141571, 80.06105591741779, 6.699281597186141
0.002863927855711422, 0.8272338141474698, 6.837124123425678E-4, 10.664721437772187, 0.002667739916029449, 86.3988010682516, 83.54197350924545, 6.700306876716395
0.002870340681362725, 0.8290485871713001, 6.852433616949548E-4, 10.783674950878549, 0.0026894137273380525, 90.22216537694645, 87.17445003213896, 6.701332156246649
0.0028767535070140272, 0.8308633601951305, 6.867743110473418E-4, 10.905038725743452, 0.0027113105466904652, 94.20989066877407, 90.96343338073412, 6.702357435776903
0.00288316633266533, 0.8326781332189608, 6.883052603997287E-4, 11.028846103842625, 0.0027334344439178815, 98.36735854367112, 94.91398602477456, 6.703382715307157
0.0028895791583166326, 0.8344929062427912, 6.898362097521157E-4, 11.15513033251409, 0.0027557895466482907, 102.70007622266976, 99.03128680575831, 6.704407994837411
0.0028959919839679346, 0.8363076792666214, 6.913671591045026E-4, 11.28392455734047, 0.002778380040216938, 107.21367853861673, 103.32063274957642, 6.705433274367665
0.002902404809619238, 0.8381146388106958, 6.928981084568897E-4, 11.415516856357044, 0.002801386885456114, 111.91392994709902, 107.78744089746282, 6.706680343402855
0.00290881763527054, 0.8399085758885099, 6.944290578092766E-4, 11.550112612806515, 0.0028249353176666436, 116.80672655605224, 112.43725015357268, 6.708297061612938
0.002915230460921843, 0.8417025129663241, 6.959600071616635E-4, 11.687320663965693, 0.002848736599345092, 121.89809817570506, 117.27572315057941, 6.70991377982302
0.0029216432865731452, 0.8434964500441384, 6.974909565140505E-4, 11.827173680430406, 0.0028727951644813288, 127.1942103874882, 122.30864813246711, 6.7115304980331025
0.002928056112224448, 0.8452903871219526, 6.990219058664375E-4, 11.969704196709245, 0.002897115504204073, 132.70136663308912, 127.54194085511938, 6.713147216243185
0.0029344689378757506, 0.8470843241997669, 7.005528552188245E-4, 12.114944605160417, 0.0029217021666430587, 138.4260103232408, 132.98164650462243, 6.714763934453267
0.0029408817635270534, 0.8488782612775811, 7.020838045712115E-4, 12.262927150458381, 0.0029465597567510105, 144.3747269664047, 138.63394163332592, 6.71638065266335
0.0029472945891783555, 0.8506721983553952, 7.036147539235983E-4, 12.413683924381075, 0.002971692936143855, 150.554246317203, 144.50513611354145, 6.717997370873433
0.0029537074148296588, 0.8524661354332096, 7.051457032759854E-4, 12.567246860892737, 0.00299710642292203, 156.97144454508816, 150.6016751091959, 6.719614089083516
0.0029601202404809608, 0.8542600725110236, 7.066766526283723E-4, 12.723647731746496, 0.0030228049914761412, 163.6333464236607, 156.9301410662118, 6.721230807293598
0.0029665330661322637, 0.8560540095888379, 7.082076019807593E-4, 12.88291814246486, 0.003048793472297362, 170.54712753941638, 163.4972557199091, 6.72284752550368
0.002972945891783566, 0.8578479466666521, 7.097385513331463E-4, 13.045089528783137, 0.0030750767517765676, 177.72011652135538, 170.3098821212126, 6.724464243713763
0.002979358717434869, 0.8596418837444664, 7.112695006855332E-4, 13.210193153553973, 0.003101659771991727, 185.15979729101113, 177.37502668108635, 6.726080961923845
0.0029857715430861714, 0.8614358208222807, 7.128004500379202E-4, 13.37826010412573, 0.003128547530495407, 192.87381133251833, 184.69984123268196, 6.727697680133928
0.0029921843687374743, 0.8632297579000948, 7.143313993903072E-4, 13.549321290275657, 0.0031557450801064646, 200.8699599841064, 192.2916251129315, 6.729314398344011
0.0029985971943887768, 0.8650236949779091, 7.158623487426942E-4, 13.723407442670577, 0.003183257528674849, 209.15620674969298, 200.1578272617618, 6.7309311165540935
0.003005010020040079, 0.8667879836699077, 7.173932980950812E-4, 13.90119153051728, 0.00321155090570438, 217.74067963120194, 208.30604833993846, 6.7330832213810305
0.003011422845691382, 0.8685439708138779, 7.189242474474681E-4, 14.082245362664707, 0.0032403037082054664, 226.63167348203297, 216.74404286573474, 6.735385234460688
0.0030178356713426845, 0.8702999579578482, 7.204551967998551E-4, 14.266419746434622, 0.003269392815268668, 235.8376523818499, 225.47972137083633, 6.737687247540346
0.0030242484969939874, 0.8720559451018184, 7.219861461522421E-4, 14.453744698658284, 0.0032988235779187747, 245.3672520311643, 234.5211525734602, 6.739989260620003
0.0030306613226452894, 0.8738119322457885, 7.23517095504629E-4, 14.644250058149737, 0.003328601401121012, 255.22928216864003, 243.87656557224005, 6.74229127369966
0.0030370741482965927, 0.8755679193897589, 7.25048044857016E-4, 14.837965487886322, 0.0033587317435679886, 265.43272900846705, 253.55435205765173, 6.744593286779318
0.0030434869739478948, 0.8773239065337289, 7.265789942094029E-4, 15.034920477950891, 0.0033892201174456904, 275.9867576994811, 263.56306854302125, 6.746895299858975
0.0030498997995991976, 0.8790798936776992, 7.281099435617899E-4, 15.235144349090206, 0.0034200720882163194, 286.90071480575455, 273.91143861458795, 6.749197312938633
0.0030563126252505, 0.8808358808216694, 7.296408929141769E-4, 15.438666257128716, 0.0034512932744111824, 298.1841308082626, 284.6083552004131, 6.75149932601829
0.003062725450901803, 0.8825918679656397, 7.311718422665639E-4, 15.645515198156318, 0.003482889347417417, 309.8467226288435, 295.6628828591739, 6.753801339097947
0.0030691382765531054, 0.8843478551096099, 7.327027916189508E-4, 15.855720014403687, 0.0035148660312854796, 321.89839617489906, 307.08426008737064, 6.756103352177605
0.0030755511022044083, 0.8861038422535802, 7.342337409713378E-4, 16.069309401234932, 0.003547229102529026, 334.3492489069681, 318.8819016470746, 6.758405365257262
0.0030819639278557103, 0.8878598293975503, 7.357646903237247E-4, 16.286311914731414, 0.0035799843899554373, 347.20957242699427, 331.06540091199776, 6.760707378336919
0.0030883767535070136, 0.8896158165415207, 7.372956396761118E-4, 16.50675598034468, 0.003613137774494457, 360.48985508891866, 343.6445322334063, 6.763009391416577
0.0030947895791583156, 0.8913718036854907, 7.388265890284987E-4, 16.73066990246207, 0.0036466951890320454, 374.2007846324961, 356.6292533270761, 6.765311404496234
0.003101202404809618, 0.8931124090565602, 7.403575383808856E-4, 16.958301184995435, 0.0036808249862035902, 388.353250836404, 370.0297076768512, 6.767788698631831
0.003107615230460921, 0.8947863600783927, 7.418884877332726E-4, 17.190412967936027, 0.003716079531346783, 402.9583481967078, 383.8562269614445, 6.77102554400983
0.0031140280561122234, 0.8964603111002254, 7.434194370856596E-4, 17.42608566983199, 0.0037517648391008906, 418.0273786256403, 398.11933349895804, 6.774262389387829
0.0031204408817635263, 0.898134262122058, 7.449503864380466E-4, 17.665347238953473, 0.0037878870898023775, 433.5718541734524, 412.8297427120147, 6.777499234765828
0.0031268537074148287, 0.8998082131438907, 7.464813357904336E-4, 17.908225565322027, 0.003824452515326149, 449.6034997720849, 427.99836561234906, 6.780736080143827
0.003133266533066131, 0.9014821641657232, 7.480122851428204E-4, 18.154748496514912, 0.003861467399024876, 466.13425600212616, 443.6363113062085, 6.783972925521826
0.003139679358717434, 0.903156115187556, 7.495432344952075E-4, 18.40494385464899, 0.0038989380757217806, 483.17628188261205, 459.75488952014734, 6.787209770899825
0.0031460921843687365, 0.9048300662093884, 7.510741838475944E-4, 18.658839454501503, 0.003936870931719627, 500.74195768211416, 476.3656131454954, 6.790446616277824
0.003152505010020039, 0.9065040172312211, 7.526051331999814E-4, 18.916463122888672, 0.0039752724048298105, 518.8438877542259, 493.48020080492904, 6.793683461655823
0.003158917835671342, 0.9081779682530537, 7.541360825523683E-4, 19.177842719424007, 0.004014148984448462, 537.4949033951593, 511.1105794385669, 6.7969203070338216
0.0031653306613226443, 0.9098519192748864, 7.556670319047553E-4, 19.44300615834254, 0.00405350721164871, 556.7080657242464, 529.2688869103708, 6.8001571524118205
0.0031717434869739476, 0.9115258702967192, 7.571979812571424E-4, 19.711981431898494, 0.004093353679319844, 576.4966685882271, 547.9674746359387, 6.8033939977898195
0.0031781563126252496, 0.9131998213185516, 7.587289306095293E-4, 19.984796634973463, 0.004133695032336404, 596.8742414875283, 567.2189102297508, 6.806630843167818
0.003184569138276552, 0.9148737723403843, 7.602598799619163E-4, 20.261479991170745, 0.004174537967764569, 617.8545525269226, 587.035980174081, 6.809867688545817
0.003190981963927855, 0.9165477233622169, 7.617908293143032E-4, 20.542059880357556, 0.0042158892351211175, 639.4516113889262, 607.4316925083458, 6.813104533923816
0.0031973947895791574, 0.9182216743840496, 7.633217786666902E-4, 20.826564867703382, 0.0042577556366582, 661.6796723307219, 628.4192795392136, 6.816341379301815
0.00320380761523046, 0.9198016626241908, 7.648527280190771E-4, 21.11579112700383, 0.004300730970182076, 684.5532372045074, 650.0122005715765, 6.820162863628493
0.0032102204408817627, 0.9213173605400174, 7.663836773714642E-4, 21.40953173349044, 0.004344644837947054, 708.0870585020251, 672.2241446612962, 6.824384364077952
0.003216633266533065, 0.9228330584558437, 7.679146267238511E-4, 21.707292582792434, 0.0043891047054214205, 732.2961424217528, 695.0690333877683, 6.82860586452741
0.003223046092184368, 0.9243487563716702, 7.694455760762381E-4, 22.00910332199055, 0.004434117641457458, 757.195751960812, 718.561023648693, 6.832827364976869
0.0032294589178356705, 0.9258644542874965, 7.70976525428625E-4, 22.314993952365512, 0.004479690769980893, 782.8014100296568, 742.7145104751368, 6.837048865426327
0.003235871743486973, 0.927380152203323, 7.72507474781012E-4, 22.624994868235262, 0.0045258312706144554, 809.1289025927467, 767.5441298696823, 6.841270365875785
0.003242284569138276, 0.9288958501191494, 7.74038424133399E-4, 22.939136897466597, 0.004572546379341791, 836.194281830887, 793.0647616638531, 6.8454918663252435
0.0032486973947895782, 0.9304115480349758, 7.75569373485786E-4, 23.25745134407225, 0.004619843389246148, 864.0138693289582, 819.2915323980282, 6.849713366774702
0.0032551102204408807, 0.9319272459508021, 7.771003228381728E-4, 23.5799700323887, 0.004667729651303243, 892.6042592872952, 846.239818222589, 6.85393486722416
0.0032615230460921836, 0.9334429438666287, 7.786312721905599E-4, 23.90672535338217, 0.004716212575263334, 921.9823217588208, 873.92524782195, 6.858156367673619
0.003267935871743486, 0.934958641782455, 7.801622215429468E-4, 24.23775031268633, 0.004765299630595243, 952.1652059081522, 902.3637053580221, 6.862377868123077
0.003274348697394789, 0.9364743396982815, 7.816931708953339E-4, 24.573078581072878, 0.004814998347503208, 983.1703432977419, 931.5713334378745, 6.866599368572535
0.003280761523046091, 0.9379900376141078, 7.832241202477208E-4, 24.912744546417343, 0.004865316318043655, 1015.0154511958405, 961.5645361005814, 6.870820869021993
0.003287174348697394, 0.9395057355299343, 7.847550696001077E-4, 25.256783368240576, 0.004916261197296157, 1047.718535912285, 992.3599818291365, 6.875042369471451
0.0032935871743486962, 0.9410214334457607, 7.862860189524947E-4, 25.605231034164717, 0.004967840704642068, 1081.2978961561398, 1023.9746065816394, 6.87926386992091
0.003299999999999999, 0.9425371313615871, 7.878169683048817E-4, 25.958124418637453, 0.005020062625140098, 1115.7721264200047, 1056.4256168460938, 6.8834853703703685
