phi0, phi, rho, Z_fit_curve, F_ex_fit_per_V, mu_kT, PV_NkT, alpha
1.0000000000000005E-4, 0.028957822816047325, 2.387324146378431E-5, 1.0064906408692578, 7.587876903374512E-7, -34.634019928068206, -32.50310043602465, 6.615553055555554
1.0641282565130265E-4, 0.030814985830184723, 2.540419081617128E-5, 1.0064279973257892, 8.176451564731173E-7, -32.58992207182974, -28.562367585885724, 6.615588073410193
1.1282565130260525E-4, 0.03267214884432212, 2.6935140168558247E-5, 1.0066651761980303, 8.772349444566008E-7, -30.649148178222376, -25.053791288541408, 6.615623091264833
1.1923847695390786E-4, 0.03452931185845952, 2.8466089520945217E-5, 1.0072268395253756, 9.380227667537356E-7, -28.808053923170963, -21.91521336358059, 6.615658109119472
1.2565130260521045E-4, 0.03638647487259691, 2.9997038873332187E-5, 1.0081320777436433, 1.0005359022664181E-6, -27.063084883630903, -19.096694637735972, 6.615693126974112
1.3206412825651306E-4, 0.038243637886734315, 3.152798822571916E-5, 1.0093948857988344, 1.0653522193162688E-6, -25.410775033396604, -16.55756426056722, 6.6157281448287515
1.3847695390781567E-4, 0.04010080090087171, 3.305893757810612E-5, 1.0110246144427852, 1.1330900762641265E-6, -23.8477452544038, -14.264288558749367, 6.615763162683391
1.4488977955911825E-4, 0.041957963915009104, 3.458988693049309E-5, 1.0130263975824496, 1.2043990555765022E-6, -22.370701863450876, -12.188905523398756, 6.615798180538031
1.513026052104209E-4, 0.043815126929146506, 3.612083628288006E-5, 1.0154015565335197, 1.2799514886684833E-6, -20.97643515426436, -10.307857117330089, 6.61583319839267
1.5771543086172347E-4, 0.0456722899432839, 3.765178563526703E-5, 1.0181479820083643, 1.3604347303350823E-6, -19.66181795483375, -8.601106176353454, 6.615868216247309
1.6412825651302606E-4, 0.047529452957421295, 3.9182734987653996E-5, 1.021260494647949, 1.446544143029763E-6, -18.423804199940772, -7.051460070431649, 6.615903234101949
1.705410821643287E-4, 0.0493866159715587, 4.071368434004097E-5, 1.024731184887317, 1.5389767526608188E-6, -17.259427518808327, -5.644046704775453, 6.615938251956588
1.7695390781563127E-4, 0.0512437789856961, 4.2244633692427936E-5, 1.028549732924548, 1.6384255389538342E-6, -16.16579983779437, -4.365904218399007, 6.615973269811228
1.833667334669339E-4, 0.0531009419998335, 4.377558304481491E-5, 1.032703709543717, 1.7455743247720708E-6, -15.140109998055614, -3.20565654908612, 6.616008287665867
1.897795591182365E-4, 0.054958105013970894, 4.5306532397201875E-5, 1.0371788585233184, 1.8610932300971865E-6, -14.179622388106555, -2.153254557195228, 6.616043305520506
1.961923847695391E-4, 0.05681526802810829, 4.683748174958884E-5, 1.0419593613429037, 1.9856346576502536E-6, -13.281675591198711, -1.1997677109661693, 6.616078323375146
2.0260521042084168E-4, 0.05867232164945324, 4.836843110197581E-5, 1.0470279665800786, 2.119824056288969E-6, -12.443681047445507, -0.3372151335221594, 6.616111826884222
2.090180360721443E-4, 0.06052921538902463, 4.9899380454362775E-5, 1.0523663903158196, 2.264264405089403E-6, -11.663121730617593, 0.44157243931184426, 6.616143117119012
2.154308617234469E-4, 0.062386109128596025, 5.143032980674975E-5, 1.0579557160893562, 2.4195434729754974E-6, -10.937550839534332, 1.143066228778028, 6.616174407353802
2.218436873747495E-4, 0.06424300286816742, 5.2961279159136715E-5, 1.0637761931374128, 2.586212111085434E-6, -10.26459050397598, 1.7731334600459963, 6.616205697588593
2.2825651302605212E-4, 0.06609989660773881, 5.449222851152369E-5, 1.0698075900779203, 2.7647902857333573E-6, -9.641930505042257, 2.3371157232377526, 6.616236987823384
2.3466933867735473E-4, 0.0679567903473102, 5.6023177863910654E-5, 1.0760293673636117, 2.9557656280165815E-6, -9.067327009882161, 2.839894646858606, 6.616268278058174
2.4108216432865734E-4, 0.0698136840868816, 5.755412721629763E-5, 1.0824208365245667, 3.1595923170624943E-6, -8.538601320720248, 3.285947243858785, 6.616299568292964
2.4749498997995995E-4, 0.07167057782645299, 5.9085076568684594E-5, 1.0889613067736417, 3.3766902730029595E-6, -8.053638638104827, 3.6793928013191337, 6.616330858527755
2.539078156312625E-4, 0.07352747156602438, 6.061602592107156E-5, 1.0956302195327774, 3.607444636770423E-6, -7.61038683830271, 4.024032806729811, 6.616362148762545
2.6032064128256516E-4, 0.07538436530559577, 6.214697527345853E-5, 1.1024072714224045, 3.852205514789584E-6, -7.206855264765967, 4.323385109617233, 6.616393438997336
2.667334669338677E-4, 0.07724125904516715, 6.36779246258455E-5, 1.109272526240786, 4.111287967590876E-6, -6.841113533596402, 4.580713286721582, 6.6164247292321265
2.7314629258517033E-4, 0.07909815278473854, 6.520887397823247E-5, 1.1162065164449408, 4.384972222297374E-6, -6.511290352931485, 4.799051997093639, 6.616456019466917
2.7955911823647294E-4, 0.08095504652430993, 6.673982333061943E-5, 1.123190334629952, 4.6735040898370915E-6, -6.2155723561786935, 4.981228969179099, 6.616487309701707
2.859719438877756E-4, 0.08281194026388133, 6.827077268300641E-5, 1.130205715488853, 4.977095568605675E-6, -5.952202949021979, 5.129884146788825, 6.616518599936498
2.923847695390781E-4, 0.08466883400345271, 6.980172203539337E-5, 1.1372351087209482, 5.295925617154559E-6, -5.719481170126315, 5.247486428411391, 6.616549890171289
2.9879759519038077E-4, 0.08652572774302411, 7.133267138778035E-5, 1.1442617433424116, 5.630141079302604E-6, -5.515760565465015, 5.33634835974238, 6.616581180406079
3.052104208416834E-4, 0.0883826598480191, 7.286362074016731E-5, 1.1512724939962866, 5.980062504093573E-6, -5.3394480761958505, 5.398639078822788, 6.616636345839827
3.11623246492986E-4, 0.09023960080657337, 7.439457009255428E-5, 1.1582502792045615, 6.345637709090381E-6, -5.18900294000968, 5.436395763903978, 6.616697020934873
3.1803607214428854E-4, 0.09209654176512765, 7.592551944494125E-5, 1.1651803374824516, 6.7268794183789265E-6, -5.0629356058783035, 5.451533793816602, 6.616757696029919
3.2444889779559115E-4, 0.09395348272368192, 7.745646879732821E-5, 1.1720495013895158, 7.123818448003554E-6, -4.959806662125654, 5.445855797464001, 6.616818371124965
3.308617234468938E-4, 0.09581042368223622, 7.898741814971519E-5, 1.1788455903220714, 7.536459884858868E-6, -4.878225777748026, 5.421059741682547, 6.616879046220011
3.372745490981963E-4, 0.09766736464079048, 8.051836750210215E-5, 1.1855574320135922, 7.964784620873236E-6, -4.8168506569082155, 5.378746184021303, 6.616939721315057
3.43687374749499E-4, 0.09952430559934478, 8.204931685448913E-5, 1.1921748782425616, 8.408750944505053E-6, -4.774386006528921, 5.320424798111212, 6.617000396410102
3.501002004008016E-4, 0.10138124655789905, 8.358026620687609E-5, 1.1986888150984862, 8.868296178707659E-6, -4.7495825169105625, 5.247520263527754, 6.617061071505148
3.565130260521042E-4, 0.10323818751645333, 8.511121555926306E-5, 1.2050911681450187, 9.343338355143977E-6, -4.741235855298475, 5.161377598833548, 6.617121746600194
3.629258517034068E-4, 0.10509512847500763, 8.664216491165004E-5, 1.2113749028076528, 9.833777915029628E-6, -4.748185672324921, 5.063267005374896, 6.61718242169524
3.6933867735470936E-4, 0.10695206943356188, 8.817311426403699E-5, 1.217534020302112, 1.033949942756824E-5, -4.769314621251225, 4.954388280028293, 6.617243096790286
3.75751503006012E-4, 0.10880901039211617, 8.970406361642397E-5, 1.2235635494085444, 1.0860373317503813E-5, -4.803547389934101, 4.835874847157317, 6.617303771885332
3.821643286573147E-4, 0.11066595135067046, 9.123501296881095E-5, 1.229459534385829, 1.139625759385662E-5, -4.849849745443481, 4.7087974532997166, 6.617364446980378
3.885771543086172E-4, 0.11252289230922473, 9.27659623211979E-5, 1.2352190193096253, 1.194699957243622E-5, -4.907227591254558, 4.574167562370327, 6.617425122075424
3.9498997995991985E-4, 0.11437983326777902, 9.429691167358488E-5, 1.240840029107569, 1.2512437585228657E-5, -4.974726036940872, 4.432940484264498, 6.6174857971704695
4.014028056112224E-4, 0.11623678551476842, 9.582786102597184E-5, 1.246320724206919, 1.3092323770584749E-5, -5.051428480293483, 4.286018265551168, 6.617541154881777
4.07815631262525E-4, 0.1180937780775976, 9.735881037835882E-5, 1.251658831905163, 1.3686266487600886E-5, -5.136455701789877, 4.134252367347532, 6.617577521936875
4.1422845691382757E-4, 0.11995077064042678, 9.888975973074577E-5, 1.256858070258758, 1.4294359443898994E-5, -5.228964971340506, 3.9784461523623262, 6.617613888991973
4.2064128256513023E-4, 0.12180776320325597, 1.0042070908313275E-4, 1.2619201408967367, 1.4916421099396968E-5, -5.328149167234916, 3.8193572004275067, 6.617650256047071
4.270541082164329E-4, 0.12366475576608517, 1.0195165843551973E-4, 1.2668475908016192, 1.5552269071836876E-5, -5.433235907215611, 3.6576994695184855, 6.617686623102169
4.334669338677354E-4, 0.12552174832891433, 1.0348260778790668E-4, 1.2716437787146226, 1.620172164860312E-5, -5.543486691602634, 3.4941453172643757, 6.617722990157267
4.3987975951903806E-4, 0.12737874089174353, 1.0501355714029366E-4, 1.2763128398794872, 1.686459924980879E-5, -5.658196058395181, 3.3293273962039995, 6.617759357212365
4.462925851703406E-4, 0.12923573345457268, 1.0654450649268062E-4, 1.2808596493232525, 1.7540725839181807E-5, -5.776690750275143, 3.163840434529278, 6.617795724267463
4.527054108216433E-4, 0.13109272601740188, 1.080754558450676E-4, 1.2852897838636532, 1.8229930279641804E-5, -5.898328893437651, 2.9982429127329877, 6.617832091322561
4.591182364729458E-4, 0.13294971858023105, 1.0960640519745455E-4, 1.2896094830247555, 1.8932047630796945E-5, -6.0224991881734375, 2.833058645423064, 6.617868458377659
4.6553106212424844E-4, 0.13480671114306025, 1.1113735454984153E-4, 1.2938256090343356, 1.9646920385923482E-5, -6.14862011112985, 2.6687782765483816, 6.617904825432757
4.719438877755511E-4, 0.13666370370588946, 1.1266830390222851E-4, 1.2979456060684458, 2.0374399646303608E-5, -6.276139129172264, 2.5058606953986002, 6.617941192487855
4.783567134268536E-4, 0.1385206962687186, 1.1419925325461546E-4, 1.3019774589014017, 2.1114346231096163E-5, -6.404531924775739, 2.34473437994867, 6.617977559542953
4.8476953907815627E-4, 0.1403776888315478, 1.1573020260700244E-4, 1.305929651111374, 2.1866631721206816E-5, -6.533301632867991, 2.1857986734390864, 6.618013926598051
4.911823647294588E-4, 0.14223468139437698, 1.172611519593894E-4, 1.3098111229849931, 2.263113943589355E-5, -6.661978089049918, 2.0294249994706095, 6.618050293653149
4.975951903807615E-4, 0.14409167395720618, 1.1879210131177638E-4, 1.3136312292568848, 2.3407765341112268E-5, -6.790117089122007, 1.8759580203505588, 6.618086660708247
5.04008016032064E-4, 0.14594867014099633, 1.2032305066416333E-4, 1.3174022463930208, 2.4196725662052834E-5, -6.917299659835303, 1.7257167429636306, 6.618136139171346
5.104208416833667E-4, 0.14780566849736312, 1.2185400001655031E-4, 1.3211332958286706, 2.499784183500573E-5, -7.043131340800101, 1.5789955760021384, 6.618193484479246
5.168336673346693E-4, 0.14966266685372995, 1.233849493689373E-4, 1.3248332120683144, 2.581087359422634E-5, -7.16724147746912, 1.4360653420326, 6.618250829787146
5.232464929859718E-4, 0.15151966521009672, 1.2491589872132424E-4, 1.3285125861175207, 2.663577566718779E-5, -7.289282525128786, 1.2971742475245562, 6.618308175095046
5.296593186372745E-4, 0.1533766635664635, 1.2644684807371122E-4, 1.3321822139397002, 2.7472518927686992E-5, -7.4089293638163705, 1.162548813686884, 6.618365520402946
5.36072144288577E-4, 0.15523366192283028, 1.2797779742609817E-4, 1.3358530556873773, 2.832109088677026E-5, -7.525878624092749, 1.0323947706792582, 6.618422865710846
5.424849699398797E-4, 0.15709066027919708, 1.2950874677848515E-4, 1.339536195536779, 2.9181496114725396E-5, -7.639848023594435, 0.9068979175346445, 6.618480211018746
5.488977955911824E-4, 0.15894765863556387, 1.3103969613087213E-4, 1.3432428022111949, 3.0053756594824235E-5, -7.750575714290366, 0.786224949915967, 6.618537556326646
5.553106212424849E-4, 0.16080465699193064, 1.325706454832591E-4, 1.3469840902731776, 3.093791200964573E-5, -7.857819640368144, 0.6705242576407954, 6.6185949016345464
5.617234468937875E-4, 0.16266165534829743, 1.3410159483564607E-4, 1.3507712822599682, 3.1834019960961365E-5, -7.961356906674828, 0.5599266937351065, 6.618652246942446
5.6813627254509E-4, 0.1645186537046642, 1.3563254418803302E-4, 1.3546155717314308, 3.274215612432954E-5, -8.060983157638567, 0.4545463166254867, 6.618709592250346
5.745490981963927E-4, 0.16637565206103103, 1.3716349354042E-4, 1.358528087294968, 3.3662414339634716E-5, -8.156511966595868, 0.3544811069405951, 6.618766937558246
5.809619238476952E-4, 0.16823265041739777, 1.3869444289280695E-4, 1.362519857666117, 3.4594906638979734E-5, -8.247774235446814, 0.25981366027189917, 6.618824282866146
5.873747494989979E-4, 0.1700896487737646, 1.4022539224519393E-4, 1.3666017778198816, 3.5539763213416145E-5, -8.33461760456929, 0.17061185712376764, 6.618881628174046
5.937875751503006E-4, 0.17194664713013139, 1.417563415975809E-4, 1.37078457628219, 3.649713232012624E-5, -8.416905872911997, 0.0869295111910201, 6.618938973481946
6.002004008016031E-4, 0.17380361850603976, 1.4328729094996787E-4, 1.3750786775415134, 3.7467164933932925E-5, -8.494518428192649, 0.008806997007009223, 6.618995860878138
6.066132264529058E-4, 0.17565975348773796, 1.4481824030235485E-4, 1.3794911644716437, 3.844957821957194E-5, -8.567349687129553, -0.06372814208180805, 6.619038553011375
6.130260521042083E-4, 0.1775158884694362, 1.4634918965474183E-4, 1.3840353348987702, 3.944503428377743E-5, -8.635308545627714, -0.13066060472482827, 6.619081245144613
6.194388777555109E-4, 0.17937202345113437, 1.4788013900712878E-4, 1.3887209487638243, 4.04537512564366E-5, -8.698317838846798, -0.19198676034496334, 6.61912393727785
6.258517034068136E-4, 0.1812281584328326, 1.4941108835951576E-4, 1.3935574545556981, 4.147596403883375E-5, -8.756313811075605, -0.24771409512871181, 6.619166629411088
6.322645290581161E-4, 0.18308429341453078, 1.509420377119027E-4, 1.398553964247744, 4.2511923892212036E-5, -8.809245595338917, -0.29786067452983783, 6.619209321544325
6.386773547094188E-4, 0.18494042839622898, 1.524729870642897E-4, 1.4037192296051797, 4.3561897980343064E-5, -8.857074702660832, -0.3424546216356972, 6.619252013677562
6.450901803607213E-4, 0.1867965633779272, 1.5400393641667664E-4, 1.4090616198807515, 4.462616886830467E-5, -8.899774520909585, -0.3815336107951149, 6.619294705810799
6.51503006012024E-4, 0.1886526983596254, 1.5553488576906362E-4, 1.4145891009128322, 4.57050339796767E-5, -8.937329823150455, -0.41514437594907094, 6.619337397944037
6.579158316633265E-4, 0.19050883334132362, 1.570658351214506E-4, 1.420309215637306, 4.679880501441372E-5, -8.969736285431361, -0.44334223314010546, 6.619380090077274
6.643286573146292E-4, 0.19236496832302183, 1.5859678447383759E-4, 1.4262290660207817, 4.7907807329691435E-5, -8.99700001392515, -0.4661906167157586, 6.619422782210512
6.707414829659318E-4, 0.19422110330472, 1.6012773382622454E-4, 1.432355296419528, 4.9032379286036444E-5, -9.01913708135505, -0.4837606287715034, 6.619465474343749
6.771543086172344E-4, 0.19607723828641824, 1.6165868317861152E-4, 1.4386940783666933, 5.017287156107732E-5, -9.03617307262837, -0.49613060140812515, 6.619508166476987
6.83567134268537E-4, 0.1979333732681164, 1.6318963253099847E-4, 1.4452510967862464, 5.1329646433233917E-5, -9.048142639603032, -0.5033856714066981, 6.619550858610224
6.899799599198396E-4, 0.19978950824981462, 1.6472058188338545E-4, 1.4520315376299022, 5.250307703773839E-5, -9.05508906491239, -0.5056173669473321, 6.619593550743461
6.963927855711422E-4, 0.20164564323151282, 1.662515312357724E-4, 1.4590400769310707, 5.369354659730543E-5, -9.057063834773004, -0.5029232060210772, 6.619636242876698
7.028056112224449E-4, 0.20350192636544426, 1.6778248058815938E-4, 1.4662848792441356, 5.490212009821281E-5, -9.054126220701994, -0.4954063062066346, 6.619693709208539
7.092184368737473E-4, 0.2053583999808184, 1.6931342994054634E-4, 1.473770839087001, 5.612943122123128E-5, -9.046342870068578, -0.4831750055018726, 6.619770170938583
7.1563126252505E-4, 0.2072148735961926, 1.7084437929293332E-4, 1.4814959450914682, 5.7375040507819415E-5, -9.033787405401418, -0.4663424939117298, 6.619846632668628
7.220440881763525E-4, 0.20907134721156673, 1.7237532864532027E-4, 1.4894627521465122, 5.863936418386996E-5, -9.016540032384869, -0.4450264555264174, 6.619923094398672
7.284569138276552E-4, 0.2109278208269409, 1.7390627799770725E-4, 1.497673271356866, 5.9922824418240204E-5, -8.994687156460081, -0.4193487208158361, 6.6199995561287155
7.348697394789578E-4, 0.21278429444231503, 1.754372273500942E-4, 1.5061289673349152, 6.122584845048044E-5, -8.96832100796335, -0.38943492890154235, 6.62007601785876
7.412825651302605E-4, 0.21464076805768925, 1.769681767024812E-4, 1.5148307568010633, 6.254886770942822E-5, -8.937539275723239, -0.3554141995664771, 6.620152479588804
7.476953907815631E-4, 0.2164972416730634, 1.7849912605486816E-4, 1.5237790084710394, 6.389231692490475E-5, -8.902444749043038, -0.31741881477967576, 6.620228941318849
7.541082164328656E-4, 0.21835371528843756, 1.8003007540725514E-4, 1.5329735442039045, 6.52566332347038E-5, -8.863144967989717, -0.27558390951813355, 6.620305403048893
7.605210420841682E-4, 0.2202101889038117, 1.815610247596421E-4, 1.542413641385175, 6.664225528901728E-5, -8.819751881925768, -0.2300471716967846, 6.620381864778937
7.669338677354709E-4, 0.2220666625191859, 1.8309197411202908E-4, 1.5520980365173787, 6.804962235444669E-5, -8.772381516192041, -0.18094855099165386, 6.620458326508982
7.733466933867734E-4, 0.22392313613456002, 1.8462292346441603E-4, 1.5620249299871545, 6.947917341967626E-5, -8.721153646882387, -0.1284299763901042, 6.620534788239025
7.797595190380761E-4, 0.2257796097499342, 1.86153872816803E-4, 1.5721919919809824, 7.093134630480782E-5, -8.666191483627909, -0.07263508228037857, 6.62061124996907
7.861723446893786E-4, 0.22763608336530833, 1.8768482216918996E-4, 1.5825963695148202, 7.240657677640662E-5, -8.60762136031297, -0.013708942910181767, 6.620687711699114
7.925851703406813E-4, 0.2294925569806825, 1.8921577152157694E-4, 1.593234694546895, 7.39052976701508E-5, -8.545572433658934, 0.04820218494252095, 6.6207641734291585
7.989979959919837E-4, 0.23134903059605666, 1.907467208739639E-4, 1.6041030931388824, 7.542793802301797E-5, -8.480176389589232, 0.11295111124906469, 6.620840635159203
8.054108216432864E-4, 0.23320534876324006, 1.9227767022635087E-4, 1.6151980728585822, 7.697509088839874E-5, -8.411567157304566, 0.1803899541152222, 6.62091991753053
8.11823647294589E-4, 0.2350616381437214, 1.9380861957873783E-4, 1.6265140800035698, 7.854704361506137E-5, -8.339880631000458, 0.2503703734030017, 6.6209997222428365
8.182364729458916E-4, 0.23691792752420282, 1.953395689311248E-4, 1.6380456267123173, 8.014417809651603E-5, -8.2652543991415, 0.322743796746999, 6.621079526955143
8.246492985971943E-4, 0.23877421690468423, 1.968705182835118E-4, 1.6497869267940755, 8.176689982672033E-5, -8.187827481222492, 0.39736163809248726, 6.621159331667449
8.310621242484969E-4, 0.24063050628516564, 1.9840146763589877E-4, 1.6617317484370604, 8.341560636702704E-5, -8.107740071944885, 0.4740755088863257, 6.621239136379755
8.374749498997995E-4, 0.24248679566564701, 1.9993241698828572E-4, 1.673873428896384, 8.509068657209292E-5, -8.02513329272711, 0.5527374220522369, 6.62131894109206
8.438877755511022E-4, 0.24434308504612842, 2.014633663406727E-4, 1.6862048899693047, 8.679251983706141E-5, -7.9401489504786875, 0.6331999888727955, 6.621398745804366
8.503006012024046E-4, 0.24619937442660977, 2.0299431569305965E-4, 1.698718654217707, 8.852147536729547E-5, -7.852929303563228, 0.7153166088959657, 6.621478550516672
8.567134268537073E-4, 0.24805566380709118, 2.0452526504544663E-4, 1.7114068618987852, 9.027791147214891E-5, -7.7636168348697625, 0.798941652990623, 6.621558355228978
8.631262525050098E-4, 0.24991195318757256, 2.060562143978336E-4, 1.7242612885620516, 9.206217488401367E-5, -7.672354031925315, 0.8839306396569839, 6.621638159941284
8.695390781563125E-4, 0.25176824256805397, 2.0758716375022057E-4, 1.7372733632732436, 9.3874600103856E-5, -7.579283173972306, 0.9701404047035227, 6.62171796465359
8.75951903807615E-4, 0.25362453194853535, 2.0911811310260752E-4, 1.7504341874229787, 9.571550877448771E-5, -7.484546125928003, 1.0574292644091803, 6.621797769365896
8.823647294589177E-4, 0.2554808213290167, 2.106490624549945E-4, 1.7637345540814222, 9.758520908256221E-5, -7.388284139161816, 1.1456571722637845, 6.621877574078202
8.887775551102203E-4, 0.2573371107094981, 2.1218001180738145E-4, 1.7771649678538337, 9.948399519045626E-5, -7.290637659011751, 1.2346858693971743, 6.621957378790508
8.951903807615228E-4, 0.2591934000899795, 2.1371096115976843E-4, 1.7907156651999407, 1.0141214669888123E-4, -7.191746138962046, 1.324379028795853, 6.6220371835028145
9.016032064128254E-4, 0.26104995802057573, 2.1524191051215539E-4, 1.804374304391692, 1.0336942645915832E-4, -7.091747861407683, 1.4146023934159664, 6.62211029581798
9.08016032064128E-4, 0.2629073216015166, 2.1677285986454237E-4, 1.8181259035053836, 1.0535504423906387E-4, -6.990779764940349, 1.505223908268052, 6.622163330941725
9.144288577154307E-4, 0.26476468518245744, 2.1830380921692935E-4, 1.8319669629445121, 1.0737071612095127E-4, -6.8889772780651874, 1.5961138465978792, 6.62221636606547
9.208416833667334E-4, 0.26662204876339823, 2.1983475856931633E-4, 1.845886857566454, 1.0941665811820842E-4, -6.786474159288682, 1.6871449302315094, 6.622269401189215
9.27254509018036E-4, 0.2684794123443391, 2.213657079217033E-4, 1.859874801169226, 1.1149306948646005E-4, -6.683402343487446, 1.7781924442004746, 6.6223224363129605
9.336673346693386E-4, 0.2703367759252799, 2.2289665727409026E-4, 1.8739198687211371, 1.1360013238735494E-4, -6.5798917945047375, 1.8691343457097611, 6.622375471436706
9.400801603206412E-4, 0.27219413950622073, 2.2442760662647724E-4, 1.888011018767779, 1.1573801158804965E-4, -6.476070363872186, 1.9598513675727525, 6.622428506560451
9.464929859719437E-4, 0.27405150308716153, 2.259585559788642E-4, 1.9021371159766276, 1.1790685419671298E-4, -6.372063655607014, 2.050227116168965, 6.622481541684197
9.529058116232464E-4, 0.2759088666681024, 2.2748950533125117E-4, 1.9162869537786897, 1.2010678943445713E-4, -6.267994896998006, 2.1401481640294318, 6.622534576807942
9.593186372745489E-4, 0.2777662302490432, 2.2902045468363812E-4, 1.9304492770699642, 1.2233792844401539E-4, -6.163984815297968, 2.2295041371405375, 6.622587611931687
9.657314629258516E-4, 0.27962359382998403, 2.305514040360251E-4, 1.9446128049330564, 1.246003641353184E-4, -6.060151520270358, 2.3181877970278837, 6.622640647055432
9.721442885771541E-4, 0.2814809574109248, 2.3208235338841206E-4, 1.9587662533431445, 1.2689417106823066E-4, -5.956610392491822, 2.406095117728711, 6.622693682179177
9.785571142284567E-4, 0.2833383209918657, 2.3361330274079904E-4, 1.972898357816438, 1.2921940537243698E-4, -5.853473977346743, 2.4931253577255497, 6.622746717302922
9.849699398797593E-4, 0.2851956845728065, 2.35144252093186E-4, 1.9869978959714298, 1.3157610470457008E-4, -5.7508518846447965, 2.5791811269143485, 6.622799752426667
9.91382765531062E-4, 0.2870530481537473, 2.3667520144557297E-4, 2.001053709959498, 1.3396428824261875E-4, -5.648850693766584, 2.6641684487111, 6.622852787550412
9.977955911823647E-4, 0.2889104117346881, 2.3820615079795995E-4, 2.0150547287348712, 1.36383956717353E-4, -5.547573864291185, 2.747996817346752, 6.6229058226741575
0.0010042084168336673, 0.2907672598564199, 2.3973710015034693E-4, 2.0290018348786076, 1.3883793210730497E-4, -5.447121652001686, 2.830579250460123, 6.622989384839641
0.0010106212424849698, 0.29262383797570873, 2.4126804950273388E-4, 2.0428787481703594, 1.4132491827941035E-4, -5.347591030218292, 2.9118323370424246, 6.62308893736032
0.0010170340681362724, 0.2944804160949976, 2.4279899885512086E-4, 2.056668624829843, 1.438433937937231E-4, -5.249075616361432, 2.99167628083499, 6.623188489881
0.0010234468937875749, 0.2963369942142864, 2.443299482075078E-4, 2.070360959276653, 1.46393287709404E-4, -5.151665603695061, 3.070034939232231, 6.623288042401678
0.0010298597194388776, 0.29819357233357524, 2.4586089755989477E-4, 2.083945440448674, 1.4897451134536895E-4, -5.055447698153287, 3.146835857787424, 6.623387594922358
0.0010362725450901802, 0.3000501504528641, 2.4739184691228175E-4, 2.097411972391786, 1.515869585293352E-4, -4.960505060185796, 3.2220103003914944, 6.623487147443037
0.0010426853707414829, 0.301906728572153, 2.4892279626466873E-4, 2.1107506944579457, 1.5423050588158602E-4, -4.866917251547274, 3.295493275195156, 6.623586699963716
0.0010490981963927853, 0.3037633066914418, 2.5045374561705566E-4, 2.12395200108727, 1.5690501313331214E-4, -4.774760186953221, 3.3672235563566044, 6.623686252484395
0.0010555110220440878, 0.30561988481073066, 2.5198469496944264E-4, 2.137006561138227, 1.596103234783744E-4, -4.6841060905341, 3.437143701680224, 6.623785805005075
0.0010619238476953904, 0.3074764629300195, 2.535156443218296E-4, 2.149905336747223, 1.623462639584412E-4, -4.595023456994695, 3.5052000662417546, 6.623885357525754
0.001068336673346693, 0.3093330410493084, 2.550465936742166E-4, 2.162639601683763, 1.6511264588025737E-4, -4.507577017431479, 3.571342812042336, 6.623984910046433
0.0010747494989979955, 0.3111896191685972, 2.565775430266035E-4, 2.1752009591784294, 1.679092652649085E-4, -4.421827709710268, 3.6355259137920055, 6.6240844625671125
0.0010811623246492984, 0.31304619728788613, 2.5810849237899056E-4, 2.1875813592029294, 1.707359033275716E-4, -4.3378326533347575, 3.697707160886731, 6.624184015087792
0.0010875751503006009, 0.31490277540717493, 2.596394417313775E-4, 2.19977311516828, 1.7359232698764196E-4, -4.255645128741608, 3.7578481556450574, 6.624283567608471
0.0010939879759519035, 0.31675935352646384, 2.6117039108376446E-4, 2.211768920035566, 1.7647828940791757E-4, -4.1753145609376645, 3.8159143078808926, 6.62438312012915
0.0011004008016032062, 0.3186157759197864, 2.6270134043615144E-4, 2.2235625406779382, 1.793937089061811E-4, -4.096886507400704, 3.8718748258952957, 6.624484268640164
0.0011068136272545089, 0.32046986242361486, 2.642322897885384E-4, 2.235157047010246, 1.8234084522373545E-4, -4.0204026501745185, 3.925702703949434, 6.624609357006196
0.0011132264529058113, 0.3223239489274432, 2.6576323914092535E-4, 2.2465362373787645, 1.853167703724684E-4, -3.9459007920920595, 3.9773747062778178, 6.624734445372228
0.001119639278557114, 0.32417803543127166, 2.6729418849331233E-4, 2.2576944712903737, 1.883211890203246E-4, -3.8734148570375972, 4.026871347737362, 6.62485953373826
0.0011260521042084166, 0.32603212193510006, 2.688251378456993E-4, 2.268626558632027, 1.9135379517952063E-4, -3.8029748941769674, 4.074176871150248, 6.624984622104291
0.0011324649298597193, 0.3278862084389285, 2.703560871980863E-4, 2.2793277717675604, 1.9441427290045908E-4, -3.7346070860844245, 4.119279221411471, 6.625109710470324
0.0011388777555110217, 0.3297402949427569, 2.718870365504732E-4, 2.2897938569096468, 1.975022969879736E-4, -3.6683337606855826, 4.162170016438568, 6.625234798836355
0.0011452905811623244, 0.3315943814465853, 2.734179859028602E-4, 2.3000210447476115, 2.006175337382108E-4, -3.604173406961102, 4.202844515010237, 6.625359887202387
0.0011517034068136269, 0.3334484679504138, 2.749489352552472E-4, 2.3100060603244725, 2.037596416955087E-4, -3.542140694295742, 4.241301581609979, 6.625484975568419
0.0011581162324649293, 0.3353025544542421, 2.764798846076341E-4, 2.3197461321400517, 2.0692827242767042E-4, -3.482246495443721, 4.2775436482933715, 6.625610063934451
0.001164529058116232, 0.3371566409580706, 2.780108339600211E-4, 2.3292390004768135, 2.1012307131894543E-4, -3.4244979130078255, 4.3115766736802685, 6.625735152300483
0.0011709418837675346, 0.339010727461899, 2.7954178331240806E-4, 2.3384829249434227, 2.1334367837859874E-4, -3.3688983093602243, 4.343410099136685, 6.625860240666515
0.0011773547094188373, 0.34086481396572743, 2.8107273266479504E-4, 2.3474766912115856, 2.1658972906478342E-4, -3.315447339940658, 4.3730568022064, 6.625985329032546
0.0011837675350701397, 0.3427189004695558, 2.8260368201718197E-4, 2.3562196169511274, 2.1986085512187863E-4, -3.26414098984686, 4.400533047368887, 6.6261104173985785
0.0011901803607214424, 0.34457298697338423, 2.8413463136956895E-4, 2.3647115569536106, 2.2315668542985915E-4, -3.214971613649489, 4.425858434191703, 6.62623550576461
0.001196593186372745, 0.3464270734772127, 2.856655807219559E-4, 2.372952907434905, 2.264768468650795E-4, -3.1679279783537857, 4.449055842938204, 6.626360594130642
0.0012030060120240477, 0.34828262485061157, 2.871965300743429E-4, 2.380943429939092, 2.2982062640123952E-4, -3.122995309421534, 4.470151377727998, 6.626483147488385
0.0012094188376753504, 0.35013983640952373, 2.887274794267299E-4, 2.3886844360306014, 2.3318759297037998E-4, -3.0801553398171064, 4.4891743072563575, 6.626602827836737
0.001215831663326653, 0.35199704796843584, 2.9025842877911687E-4, 2.3961792934371378, 2.3657775240808524E-4, -3.0393863619347163, 4.506157003235509, 6.626722508185088
0.0012222444889779557, 0.35385425952734795, 2.9178937813150385E-4, 2.4034305905887203, 2.3999073222963756E-4, -3.000663282417622, 4.52113487651836, 6.6268421885334385
0.0012286573146292584, 0.3557114710862601, 2.933203274838908E-4, 2.410441466447991, 2.4342616236714039E-4, -2.9639576797178293, 4.534146311063074, 6.626961868881789
0.0012350701402805608, 0.35756868264517216, 2.9485127683627775E-4, 2.4172156098431383, 2.468836760682461E-4, -2.9292378643641697, 4.545232595756862, 6.62708154923014
0.0012414829659318635, 0.3594258942040843, 2.9638222618866473E-4, 2.4237572579615057, 2.503629107958878E-4, -2.896468941852968, 4.554437854182296, 6.627201229578491
0.001247895791583166, 0.3612831057629964, 2.979131755410517E-4, 2.43007119403166, 2.538635091281522E-4, -2.8656128780886125, 4.56180897238861, 6.6273209099268415
0.0012543086172344686, 0.36314031732190855, 2.994441248934387E-4, 2.4361627441602183, 2.57385119657432E-4, -2.836628567293555, 4.567395524744411, 6.627440590275192
0.001260721442885771, 0.3649975288808206, 3.009750742458256E-4, 2.44203777337135, 2.609273978864923E-4, -2.8094719023152877, 4.57124969793302, 6.627560270623543
0.0012671342685370737, 0.3668547404397327, 3.025060235982126E-4, 2.447702680818341, 2.6449000712108214E-4, -2.7840958472694584, 4.573426213145224, 6.627679950971894
0.0012735470941883764, 0.36871195199864487, 3.040369729505996E-4, 2.4531643941899945, 2.680726193571842E-4, -2.760450512403256, 4.573982246587794, 6.6277996313202445
0.001279959919839679, 0.370569163557557, 3.0556792230298656E-4, 2.4584303633270084, 2.7167491616130466E-4, -2.738483231171389, 4.5729773482858445, 6.627919311668595
0.0012863727454909815, 0.37242637511646903, 3.070988716553735E-4, 2.463508553034173, 2.7529658954349417E-4, -2.7181386393711104, 4.57047335935195, 6.628038992016946
0.0012927855711422841, 0.37428358667538114, 3.0862982100776046E-4, 2.4684074351165606, 2.789373428208803E-4, -2.6993587563366073, 4.566534327688054, 6.628158672365298
0.0012991983967935868, 0.3761407982342933, 3.1016077036014744E-4, 2.473135979648559, 2.825968914703386E-4, -2.6820830680619014, 4.561226422269574, 6.628278352713648
0.0013056112224448895, 0.37799655593995524, 3.116917197125344E-4, 2.4777078368900565, 2.8627627039869375E-4, -2.6662486121915006, 4.554617846040616, 6.628406328088266
0.001312024048096192, 0.3798521059522956, 3.1322266906492135E-4, 2.4821293960224775, 2.899741297908079E-4, -2.651790064838301, 4.546778747467734, 6.628535488466636
0.0013184368737474946, 0.3817076559646361, 3.1475361841730833E-4, 2.4864104661633437, 2.936900420182471E-4, -2.6386398291003714, 4.537781130868046, 6.628664648845007
0.0013248496993987972, 0.3835632059769766, 3.162845677696953E-4, 2.4905619080849473, 2.974237796902272E-4, -2.6267281252374146, 4.527698765547605, 6.628793809223377
0.0013312625250501, 0.385418755989317, 3.178155171220823E-4, 2.4945950259992085, 3.0117513163753615E-4, -2.6159830824317045, 4.516607093805434, 6.628922969601748
0.0013376753507014026, 0.3872743060016575, 3.1934646647446927E-4, 2.4985215544567687, 3.049439036756657E-4, -2.606330832022744, 4.50458313792262, 6.629052129980119
0.0013440881763527048, 0.3891298560139979, 3.208774158268562E-4, 2.5023536445820707, 3.0872991934884666E-4, -2.597695602197814, 4.491705406130142, 6.629181290358489
0.0013505010020040075, 0.3909854060263384, 3.224083651792432E-4, 2.506103849626868, 3.1253302065336057E-4, -2.589999814015471, 4.478053797683847, 6.62931045073686
0.0013569138276553101, 0.39284095603867886, 3.2393931453163016E-4, 2.509785109907215, 3.163530687397677E-4, -2.5831641787122757, 4.463709507078799, 6.62943961111523
0.0013633266533066128, 0.39469650605101936, 3.2547026388401714E-4, 2.513410737116402, 3.201899445914487E-4, -2.5771077961957647, 4.448754927491807, 6.6295687714936005
0.0013697394789579152, 0.39655205606335975, 3.2700121323640406E-4, 2.516994398012274, 3.240435496822154E-4, -2.5717482546878605, 4.433273553493207, 6.629697931871971
0.001376152304609218, 0.3984076060757002, 3.2853216258879104E-4, 2.520550097552821, 3.2791380660491436E-4, -2.5670017313948037, 4.417349883120597, 6.629827092250341
0.0013825651302605208, 0.40026315608804075, 3.300631119411781E-4, 2.524092161449847, 3.318006596789167E-4, -2.5627830941832377, 4.40106931934662, 6.629956252628712
0.0013889779559118234, 0.40211870610038125, 3.3159406129356506E-4, 2.527635218196483, 3.3570407552690204E-4, -2.5590060041190017, 4.384518071069135, 6.630085413007082
0.001395390781563126, 0.40397425611272164, 3.33125010645952E-4, 2.531194180553669, 3.3962404362708194E-4, -2.55558301885995, 4.367783053620316, 6.6302145733854525
0.0014018036072144286, 0.40582917033689353, 3.3465595999833896E-4, 2.534788885818454, 3.4356213607667245E-4, -2.552425696806361, 4.3509517888827025, 6.630352316855934
0.0014082164328657312, 0.407682459769079, 3.3618690935072594E-4, 2.5384421035896025, 3.4752088053920625E-4, -2.5494447019010766, 4.334112305125661, 6.630511994895139
0.0014146292585170339, 0.4095357492012645, 3.377178587031129E-4, 2.542157631708843, 3.5149639060045375E-4, -2.546549909047942, 4.317353036560976, 6.630671672934345
0.0014210420841683363, 0.4113890386334499, 3.3924880805549985E-4, 2.545951325538592, 3.5548875279324435E-4, -2.5436505100760987, 4.300762722702134, 6.630831350973551
0.001427454909819639, 0.4132423280656354, 3.4077975740788683E-4, 2.5498392252642894, 3.594980788143333E-4, -2.5406551201106073, 4.284430307653104, 6.630991029012757
0.0014338677354709417, 0.41509561749782087, 3.423107067602738E-4, 2.553837534791654, 3.6352450589167897E-4, -2.5374718843683235, 4.268444839287635, 6.6311507070519635
0.001440280561122244, 0.41694890693000636, 3.438416561126608E-4, 2.5579626002791436, 3.675681971189135E-4, -2.534008585225334, 4.252895368483247, 6.63131038509117
0.0014466933867735465, 0.41880219636219174, 3.453726054650477E-4, 2.5622308883528184, 3.7162934175415097E-4, -2.5301727495246427, 4.237870848417246, 6.631470063130376
0.0014531062124248492, 0.4206554857943772, 3.469035548174347E-4, 2.566658964033355, 3.757081554866186E-4, -2.525871756047786, 4.223460033995548, 6.631629741169582
0.0014595190380761519, 0.4225087752265627, 3.484345041698217E-4, 2.5712634683961397, 3.7980488066597707E-4, -2.521012943032233, 4.209751381535944, 6.631789419208788
0.0014659318637274545, 0.4243620646587482, 3.4996545352220865E-4, 2.576061095967013, 3.8391978649749705E-4, -2.5155037157338382, 4.196832948674533, 6.631949097247994
0.001472344689378757, 0.42621535409093364, 3.514964028745956E-4, 2.5810685719374717, 3.880531692011778E-4, -2.5092516538842955, 4.184792294661791, 6.6321087752872
0.0014787575150300596, 0.42806864352311913, 3.5302735222698256E-4, 2.586302629168756, 3.922053521327308E-4, -2.5021646190185254, 4.173716381046096, 6.6322684533264065
0.0014851703406813623, 0.4299219329553046, 3.5455830157936954E-4, 2.5917799850599224, 3.963766858704305E-4, -2.4941508615872903, 4.16369147283017, 6.632428131365613
0.001491583166332665, 0.43177522238749005, 3.560892509317565E-4, 2.5975173182657656, 4.0056754826214174E-4, -2.4851191277496807, 4.154803040192515, 6.632587809404819
0.0014979959919839674, 0.4336285118196755, 3.5762020028414344E-4, 2.6035312453381394, 4.0477834443645153E-4, -2.474978765823023, 4.147135660789219, 6.632747487444025
0.00150440881763527, 0.43548285144251475, 3.591511496365304E-4, 2.6098331788887066, 4.0900766849951884E-4, -2.463639832270332, 4.1407729227523715, 6.632898386402435
0.0015108216432865727, 0.4373376684247421, 3.606820989889174E-4, 2.6164422786060584, 4.132569439574984E-4, -2.4510131971676787, 4.135797328417188, 6.633045294869576
0.0015172344689378754, 0.43919248540696937, 3.622130483413044E-4, 2.6233771504615717, 4.1752748560162836E-4, -2.4370106490965373, 4.132290198850293, 6.633192203336716
0.0015236472945891779, 0.44104730238919665, 3.637439976936913E-4, 2.6306539279101884, 4.2181980673325434E-4, -2.4215449993321707, 4.130331579269438, 6.633339111803856
0.0015300601202404803, 0.442902119371424, 3.652749470460783E-4, 2.6382885649990655, 4.2613444741785157E-4, -2.4045301853103234, 4.130000145391244, 6.633486020270997
0.001536472945891783, 0.4447569363536513, 3.6680589639846527E-4, 2.646296813002479, 4.304719742683335E-4, -2.3858813732891146, 4.131373110757213, 6.633632928738137
0.0015428857715430856, 0.4466117533358786, 3.6833684575085225E-4, 2.6546941971929883, 4.3483298018664367E-4, -2.3655150600632773, 4.134526135192375, 6.633779837205277
0.0015492985971943883, 0.44846657031810594, 3.6986779510323923E-4, 2.6634959937366034, 4.39218084071285E-4, -2.3433491737722845, 4.139533234329524, 6.633926745672417
0.001555711422845691, 0.4503213873003333, 3.713987444556262E-4, 2.6727172067542284, 4.436279304848162E-4, -2.3193031736237883, 4.146466690380413, 6.6340736541395575
0.0015621242484969936, 0.4521762042825606, 3.729296938080132E-4, 2.6823725455698337, 4.4806318928425435E-4, -2.2932981485114206, 4.155396964159127, 6.634220562606698
0.0015685370741482963, 0.4540310212647879, 3.7446064316040017E-4, 2.6924764022216863, 4.52524555212355E-4, -2.26525691443599, 4.166392608440946, 6.634367471073838
0.0015749498997995987, 0.4558858382470152, 3.759915925127871E-4, 2.7030428291744926, 4.570127474541794E-4, -2.2351041106616347, 4.179520182721153, 6.6345143795409784
0.0015813627254509014, 0.4577406552292425, 3.775225418651741E-4, 2.7140855173667546, 4.6152850915492233E-4, -2.202766294523339, 4.194844169439584, 6.634661288008119
0.001587775551102204, 0.4595954722114698, 3.7905349121756106E-4, 2.7256177745456682, 4.660726069016419E-4, -2.168172034826898, 4.212426891724495, 6.634808196475259
0.0015941883767535067, 0.4614502891936971, 3.8058444056994804E-4, 2.7376525039461796, 4.706458301687419E-4, -2.1312520037383385, 4.232328432760524, 6.634955104942399
0.0016006012024048092, 0.4633050359266483, 3.8211538992233496E-4, 2.750202953378192, 4.75249284970905E-4, -2.091939067122563, 4.2546065567872455, 6.635103253977094
0.0016070140280561118, 0.46515910358326346, 3.8364633927472194E-4, 2.763287864669877, 4.7988638257231335E-4, -2.050168373220975, 4.279316631857333, 6.635263395164819
0.0016134268537074145, 0.4670131712398787, 3.851772886271089E-4, 2.776911390009033, 4.8455515627748684E-4, -2.005877439655098, 4.3065115543363905, 6.635423536352544
0.0016198396793587172, 0.4688672388964939, 3.867082379794959E-4, 2.791084609298366, 4.89256481173525E-4, -1.9590062385595308, 4.3362416753461686, 6.635583677540269
0.0016262525050100194, 0.470721306553109, 3.8823918733188283E-4, 2.805818097517843, 4.939912519397282E-4, -1.9094972799252985, 4.368554729056062, 6.635743818727994
0.001632665330661322, 0.47257537420972423, 3.897701366842698E-4, 2.8211219060335537, 4.987603820899773E-4, -1.8572956929621691, 4.403495762995622, 6.6359039599157175
0.0016390781563126247, 0.47442944186633945, 3.913010860366568E-4, 2.837005544492655, 5.035648031795322E-4, -1.8023493054517226, 4.441107070434407, 6.636064101103442
0.0016454909819639274, 0.4762835095229547, 3.9283203538904377E-4, 2.8534779632681335, 5.084054639861923E-4, -1.7446087210014007, 4.481428124870898, 6.636224242291167
0.0016519038076152298, 0.4781375771795698, 3.943629847414307E-4, 2.870547536496389, 5.132833296551823E-4, -1.6840273941459696, 4.524495516714617, 6.636384383478892
0.0016583166332665325, 0.479991644836185, 3.958939340938177E-4, 2.8882220457037135, 5.181993808201684E-4, -1.6205617032192448, 4.570342892196957, 6.636544524666617
0.0016647294589178351, 0.4818457124928002, 3.9742488344620465E-4, 2.9065086641573146, 5.231546126925326E-4, -1.5541710208451236, 4.619000894675232, 6.636704665854341
0.0016711422845691378, 0.48369978014941545, 3.9895583279859163E-4, 2.925413941775446, 5.281500341254705E-4, -1.484817782118877, 4.670497108238602, 6.636864807042066
0.0016775551102204403, 0.48555384780603056, 4.0048678215097856E-4, 2.9449437908378115, 5.331866666502096E-4, -1.412467550310839, 4.724856003772109, 6.637024948229791
0.001683967935871743, 0.4874079154626458, 4.0201773150336554E-4, 2.9651034722884617, 5.38265543490046E-4, -1.3370890799204616, 4.782098887655845, 6.637185089417516
0.0016903807615230456, 0.489261983119261, 4.035486808557525E-4, 2.9858975829194208, 5.433877085433804E-4, -1.258654377309554, 4.842243852845544, 6.6373452306052405
0.0016967935871743482, 0.4911160507758762, 4.050796302081395E-4, 3.007330043178257, 5.485542153551232E-4, -1.1771387584382604, 4.905305732809047, 6.637505371792965
0.0017032064128256507, 0.492969223385501, 4.066105795605264E-4, 3.029412220797184, 5.537694338003021E-4, -1.0925209040161663, 4.971296057999427, 6.637677819734114
0.0017096192384769534, 0.49482150094813543, 4.081415289129134E-4, 3.052146743525469, 5.590345089029692E-4, -1.0047829116561362, 5.040223015262374, 6.637862574428689
0.0017160320641282558, 0.49667377851076994, 4.096724782653004E-4, 3.0755273341714258, 5.643472345761682E-4, -0.9139103452528011, 5.112091409950368, 6.638047329123264
0.0017224448897795587, 0.49852605607340444, 4.112034276176874E-4, 3.0995551026088037, 5.697086927457327E-4, -0.8198922812756759, 5.186902631046269, 6.638232083817838
0.0017288577154308611, 0.5003783336360389, 4.1273437697007435E-4, 3.124230433910043, 5.75119969503061E-4, -0.7227213520154849, 5.264654619233564, 6.638416838512413
0.0017352705410821638, 0.5022306111986733, 4.142653263224613E-4, 3.1495529811801646, 5.805821539592252E-4, -0.6223937857334534, 5.345341837992091, 6.638601593206988
0.0017416833667334665, 0.5040828887613078, 4.157962756748483E-4, 3.1755216593542457, 5.860963370849636E-4, -0.5189094435673686, 5.4289552477996255, 6.638786347901562
0.0017480961923847691, 0.5059351663239423, 4.173272250272353E-4, 3.2021346398439334, 5.916636105364175E-4, -0.4122718531005972, 5.5154822835809565, 6.638971102596137
0.0017545090180360718, 0.5077874438865767, 4.1885817437962227E-4, 3.2293893461857124, 5.972850654691712E-4, -0.3024882386885864, 5.604906835253356, 6.639155857290712
0.0017609218436873742, 0.5096397214492112, 4.203891237320092E-4, 3.2572824505584492, 6.029617913496221E-4, -0.18956954823021713, 5.697209231717409, 6.639340611985286
0.001767334669338677, 0.5114919990118456, 4.2192007308439617E-4, 3.2858098713339245, 6.086948747492035E-4, -0.07353047645401252, 5.792366228166127, 6.639525366679861
0.0017737474949899796, 0.5133442765744801, 4.2345102243678315E-4, 3.3149667715188116, 6.1448539813839E-4, 0.045610515319610793, 5.8903509967783645, 6.639710121374436
0.0017801603206412822, 0.5151965541371146, 4.2498197178917013E-4, 3.3447475582714787, 6.203344386699651E-4, 0.16783118317505683, 5.9911331210157135, 6.63989487606901
0.0017865731462925847, 0.517048831699749, 4.2651292114155706E-4, 3.3751458833502284, 6.262430669677146E-4, 0.29310548826222677, 6.094678593387483, 6.6400796307635845
0.0017929859719438873, 0.5189011092623834, 4.2804387049394404E-4, 3.40615464459097, 6.322123459025098E-4, 0.4214035883071177, 6.200949816922025, 6.640264385458159
0.00179939879759519, 0.5207533868250179, 4.29574819846331E-4, 3.4377659883652996, 6.382433293791959E-4, 0.5526918329959162, 6.309905610289013, 6.640449140152734
0.0018058116232464927, 0.522609578574454, 4.31105769198718E-4, 3.4700455872871316, 6.443690811061761E-4, 0.686932763329495, 6.421501216713169, 6.640739778198372
0.0018122244488977949, 0.5244661752397661, 4.326367185511049E-4, 3.502918072151715, 6.505624100047337E-4, 0.8240851150130784, 6.535688316709558, 6.641041369694121
0.0018186372745490976, 0.5263227719050783, 4.341676679034919E-4, 3.5363657047068955, 6.568210498771321E-4, 0.9641038259603636, 6.652415044719078, 6.64134296118987
0.0018250501002004002, 0.5281793685703904, 4.356986172558789E-4, 3.570377671225799, 6.63146009404314E-4, 1.1069400479532931, 6.771626009663275, 6.6416445526856185
0.0018314629258517029, 0.5300359652357025, 4.3722956660826586E-4, 3.6049424345079615, 6.695382822586929E-4, 1.2525411626498637, 6.893262319630315, 6.641946144181367
0.0018378757515030053, 0.5318925619010145, 4.387605159606528E-4, 3.6400477425395366, 6.759988459226797E-4, 1.4008508018025876, 7.017261610508379, 6.642247735677116
0.001844288577154308, 0.5337491585663267, 4.4029146531303977E-4, 3.6756806383458525, 6.825286605122508E-4, 1.551808872005, 7.143558078902562, 6.642549327172865
0.0018507014028056106, 0.5356057552316388, 4.4182241466542675E-4, 3.711827470806327, 6.891286676181697E-4, 1.705351583842397, 7.272082519198679, 6.642850918668613
0.0018571142284569133, 0.5374623518969509, 4.4335336401781373E-4, 3.748473906500351, 6.957997891612229E-4, 1.861411485662765, 7.402762364955775, 6.643152510164362
0.0018635270541082158, 0.539318948562263, 4.4488431337020066E-4, 3.785604942719033, 7.025429262613805E-4, 2.019917501947905, 7.535521734636534, 6.643454101660111
0.0018699398797595184, 0.5411755452275752, 4.4641526272258764E-4, 3.82320492134437, 7.093589581300859E-4, 2.1807949763999868, 7.670281481756223, 6.6437556931558595
0.001876352705410821, 0.5430321418928873, 4.479462120749746E-4, 3.861257543984209, 7.162487409795859E-4, 2.3439657198097352, 7.8069592495018805, 6.644057284651608
0.0018827655310621237, 0.5448887385581994, 4.494771614273616E-4, 3.8997458880070326, 7.232131069527699E-4, 2.5093480628291034, 7.945469529969581, 6.644358876147357
0.0018891783567134264, 0.5467453352235115, 4.510081107797486E-4, 3.9386524236738296, 7.302528630767947E-4, 2.6768569136065317, 8.085723727920605, 6.644660467643106
0.001895591182364729, 0.5486019318888237, 4.5253906013213556E-4, 3.9779590322368676, 7.373687902523796E-4, 2.8464038204886055, 8.22763022929155, 6.644962059138853
0.0019020040080160317, 0.5504567104913821, 4.5407000948452254E-4, 4.017630029933343, 7.445539252363235E-4, 3.0178970397933567, 8.37109447443923, 6.645240679589632
0.0019084168336673344, 0.5523074893558827, 4.556009588369095E-4, 4.05762553795671, 7.517995117696276E-4, 3.1912416087128217, 8.516019036151611, 6.645468763741475
0.0019148296593186366, 0.554158268220383, 4.5713190818929644E-4, 4.097963049976556, 7.591231065388095E-4, 3.3663394235186823, 8.662303702627579, 6.645696847893317
0.0019212424849699393, 0.5560090470848836, 4.586628575416834E-4, 4.138622292895889, 7.66525374513518E-4, 3.543089322971928, 8.809845565288871, 6.64592493204516
0.001927655310621242, 0.5578598259493841, 4.601938068940704E-4, 4.179582510535511, 7.740069498645488E-4, 3.721387177248944, 8.958539111719748, 6.646153016197002
0.0019340681362725446, 0.5597106048138846, 4.617247562464574E-4, 4.220822487599548, 7.81568435140479E-4, 3.901125982193529, 9.108276323569513, 6.646381100348845
0.001940480961923847, 0.561561383678385, 4.632557055988443E-4, 4.262320574772275, 7.892104004605348E-4, 4.082195959221536, 9.258946779700748, 6.646609184500687
0.0019468937875751497, 0.5634121625428856, 4.647866549512313E-4, 4.304054714731706, 7.969333827668873E-4, 4.26448466073193, 9.410437764447293, 6.64683726865253
0.0019533066132264524, 0.5652629414073861, 4.6631760430361827E-4, 4.34600246899538, 8.047378850997711E-4, 4.447877081273318, 9.562634381214755, 6.647065352804373
0.001959719438877755, 0.5671137202718866, 4.6784855365600525E-4, 4.388141045725774, 8.126243759187593E-4, 4.6322557744859685, 9.715419671443042, 6.6472934369562156
0.0019661322645290573, 0.568964499136387, 4.693795030083922E-4, 4.430447328394848, 8.205932884750994E-4, 4.817500975685965, 9.86867473875328, 6.647521521108058
0.00197254509018036, 0.5708152780008875, 4.7091045236077915E-4, 4.472897905237346, 8.286450202225973E-4, 5.003490730710093, 10.022278878962217, 6.6477496052599
0.0019789579158316626, 0.5726660568653881, 4.7244140171316613E-4, 4.515469099638608, 8.367799322674466E-4, 5.190101030406683, 10.176109715251224, 6.647977689411743
0.0019853707414829655, 0.5745168357298885, 4.739723510655531E-4, 4.558137001278624, 8.449983488775237E-4, 5.377205951330041, 10.330043339106806, 6.6482057735635856
0.001991783567134268, 0.576367614594389, 4.7550330041794004E-4, 4.600877498010732, 8.533005570308394E-4, 5.564677802595617, 10.483954456934557, 6.648433857715428
0.0019981963927855704, 0.5782183934588895, 4.77034249770327E-4, 4.643666308542834, 8.616868060229918E-4, 5.752387278865419, 10.637716542342936, 6.648661941867271
0.0020046092184368733, 0.5800694248253099, 4.78565199122714E-4, 4.686476729688593, 8.701562130369947E-4, 5.940203619735607, 10.79120199435116, 6.648887097363449
0.0020110220440881757, 0.5819205549968293, 4.80096148475101E-4, 4.729285616484958, 8.787096000220235E-4, 6.127994775251011, 10.944282301185185, 6.6491111068639315
0.002017434869739478, 0.5837716851683485, 4.816270978274879E-4, 4.772069275034028, 8.87347526604132E-4, 6.315627578108486, 11.096828210315014, 6.649335116364414
0.002023847695390781, 0.585622815339868, 4.831580471798749E-4, 4.814803088193003, 8.960700883014067E-4, 6.502967922237214, 11.248709904317737, 6.649559125864897
0.0020302605210420835, 0.5874739455113874, 4.8468899653226187E-4, 4.85746244339407, 9.0487734174792E-4, 6.689880947963558, 11.399797182812256, 6.64978313536538
0.0020366733466933864, 0.5893250756829068, 4.8621994588464885E-4, 4.900022769110137, 9.137693046225026E-4, 6.876231233868577, 11.549959650556586, 6.650007144865863
0.002043086172344689, 0.5911762058544261, 4.8775089523703577E-4, 4.942459571906284, 9.227459556354831E-4, 7.061882995344869, 11.699066911692933, 6.650231154366345
0.0020494989979959913, 0.5930273360259456, 4.892818445894228E-4, 4.984748474149228, 9.318072345721809E-4, 7.246700289964172, 11.846988770272107, 6.650455163866828
0.0020559118236472937, 0.594878466197465, 4.908127939418097E-4, 5.026865251995332, 9.40953042386436E-4, 7.430547229745254, 11.993595437088947, 6.650679173367311
0.002062324649298597, 0.5967295963689845, 4.923437432941968E-4, 5.0687858738817795, 9.501832413840172E-4, 7.6132882003839955, 12.138757742950789, 6.650903182867793
0.002068737474949899, 0.5985807265405038, 4.938746926465837E-4, 5.110486539390877, 9.594976554325174E-4, 7.7947880874761495, 12.282347358309671, 6.651127192368277
0.002075150300601202, 0.6004318567120231, 4.954056419989707E-4, 5.151943718458597, 9.688960702531196E-4, 7.974912509830867, 12.424237019433187, 6.651351201868759
0.0020815631262525044, 0.6022829868835426, 4.969365913513577E-4, 5.193134190875298, 9.783782337806912E-4, 8.153528060087385, 12.564300761275495, 6.6515752113692415
0.0020879759519038072, 0.604134117055062, 4.984675407037446E-4, 5.234035086189124, 9.879438565573717E-4, 8.330502552399635, 12.702414156800268, 6.651799220869725
0.0020943887775551097, 0.6059852472265814, 4.999984900561316E-4, 5.274623923442505, 9.975926122311046E-4, 8.505705277626864, 12.838454563186238, 6.652023230370207
0.0021008016032064126, 0.6078360328011512, 5.015294394085186E-4, 5.3149006119977, 0.0010073351518967155, 8.679007265818862, 12.972301374730254, 6.652274056631784
0.002107214428857715, 0.6096844061970732, 5.030603887609056E-4, 5.354975956626731, 0.0010172377759652407, 8.850281556198631, 13.103836282586705, 6.65271260022102
0.002113627254509018, 0.6115327795929951, 5.045913381132926E-4, 5.394675648541806, 0.0010272234370643923, 9.019403474769188, 13.23294354148604, 6.6531511438102555
0.00212004008016032, 0.613381152988917, 5.061222874656794E-4, 5.4339791684324155, 0.0010372916725421982, 9.18625091943211, 13.359510243340274, 6.653589687399491
0.002126452905811623, 0.6152295263848391, 5.076532368180664E-4, 5.472866588274883, 0.001047441986216091, 9.350704652895926, 13.483426597939504, 6.654028230988727
0.0021328657314629252, 0.6170778997807611, 5.091841861704534E-4, 5.511318611686875, 0.0010576738492141663, 9.512648603389586, 13.604586220799716, 6.654466774577963
0.002139278557114228, 0.618926273176683, 5.107151355228404E-4, 5.549316614187774, 0.0010679867009307231, 9.671970173049607, 13.722886428004982, 6.654905318167199
0.0021456913827655306, 0.6207746465726051, 5.122460848752273E-4, 5.58684268309662, 0.0010783799500211633, 9.828560554555155, 13.838228538598603, 6.655343861756434
0.002152104208416833, 0.6226230199685271, 5.137770342276143E-4, 5.62387965764583, 0.001088852975449417, 9.982315055404415, 13.950518183921, 6.65578240534567
0.002158517034068136, 0.6244713933644491, 5.153079835800013E-4, 5.660411168317751, 0.0010994051276323191, 10.133133430557967, 14.059665624595546, 6.656220948934906
0.0021649298597194383, 0.626319766760371, 5.168389329323883E-4, 5.6964216763130935, 0.0011100357296336683, 10.280920223042505, 14.165586074777027, 6.656659492524142
0.002171342685370741, 0.6281681401562931, 5.183698822847753E-4, 5.7318965123195085, 0.00112074407840633, 10.425585112923459, 14.268200034007029, 6.657098036113378
0.0021777555110220432, 0.630016513552215, 5.199008316371621E-4, 5.766821915102355, 0.0011315294461241021, 10.567043274498927, 14.367433626595153, 6.657536579702613
0.002184168336673346, 0.631864886948137, 5.214317809895491E-4, 5.801185069356961, 0.0011423910815667182, 10.705215741846327, 14.463218948565094, 6.657975123291849
0.0021905811623246486, 0.633713260344059, 5.229627303419361E-4, 5.834974143422187, 0.0011533282115560872, 10.84002978289322, 14.555494422390167, 6.658413666881085
0.0021969939879759514, 0.635561633739981, 5.244936796943231E-4, 5.868178325903045, 0.0011643400424800054, 10.97141928204753, 14.644205159527798, 6.658852210470321
0.002203406813627254, 0.6374093928696035, 5.260246290467101E-4, 5.900805458734794, 0.0011754350181197026, 11.099325131257647, 14.729303330607793, 6.659311198095778
0.0022098196392785568, 0.6392566099995498, 5.27555578399097E-4, 5.932844963737807, 0.0011866113789706367, 11.223695629966224, 14.810748543692473, 6.659788224576723
0.0022162324649298588, 0.6411038271294961, 5.290865277514839E-4, 5.96427382627644, 0.0011978601620122598, 11.344486893565293, 14.88850823030072, 6.660265251057668
0.002222645290581162, 0.6429510442594426, 5.30617477103871E-4, 5.995085671701872, 0.0012091805090981567, 11.461663271075562, 14.962558039837901, 6.660742277538613
0.002229058116232464, 0.6447982613893889, 5.321484264562579E-4, 6.025275319431785, 0.0012205715500900327, 11.575197771155587, 15.032882241491421, 6.661219304019559
0.0022354709418837674, 0.6466454785193354, 5.33679375808645E-4, 6.054838815130097, 0.0012320324046854458, 11.685072497688498, 15.099474134975491, 6.661696330500504
0.0022418837675350694, 0.6484926956492817, 5.352103251610318E-4, 6.083773461783494, 0.001243562184350927, 11.791279093888104, 15.162336468876504, 6.66217335698145
0.002248296593186372, 0.6503399127792281, 5.367412745134188E-4, 6.112077849953494, 0.0012551599942626779, 11.893819196073995, 15.22148186787433, 6.662650383462395
0.0022547094188376748, 0.6521871299091744, 5.382722238658058E-4, 6.139751886742488, 0.001266824935350186, 11.992704896052697, 15.27693326771995, 6.663127409943341
0.002261122244488977, 0.6540343470391208, 5.398031732181928E-4, 6.166796823881214, 0.0012785561063242967, 12.087959213247826, 15.32872435907528, 6.663604436424286
0.0022675350701402796, 0.6558815641690671, 5.413341225705796E-4, 6.193215284259168, 0.0012903526058082593, 12.179616576002033, 15.376900039697398, 6.664081462905232
0.0022739478957915825, 0.6577287812990136, 5.428650719229667E-4, 6.219011287295871, 0.0013022135345084063, 12.267723312229819, 15.421516875045738, 6.664558489386177
0.002280360721442885, 0.6595759984289599, 5.443960212753536E-4, 6.244190273035201, 0.0013141379973866107, 12.35233814971839, 15.46264356770043, 6.665035515867123
0.002286773547094188, 0.6614232155589064, 5.459269706277407E-4, 6.268759125083307, 0.0013261251059062118, 12.433532725945064, 15.50036143536697, 6.6655125423480674
0.0022931863727454903, 0.6632704326888527, 5.474579199801276E-4, 6.292726191531074, 0.0013381739803210446, 12.511392107468444, 15.534764897567467, 6.665989568829013
0.0022995991983967927, 0.665117649818799, 5.489888693325145E-4, 6.316101305052143, 0.0013502837519876187, 12.586015319150455, 15.565961971233806, 6.666466595309958
0.0023060120240480956, 0.6669744065197323, 5.505198186849015E-4, 6.338097695777833, 0.0013620141931247332, 12.657515883127369, 15.594074775131674, 6.666059542521254
0.002312424849699398, 0.6688317991920647, 5.520507680372885E-4, 6.359468526587079, 0.0013737694865949002, 12.726022367739336, 15.619240043321282, 6.665593551114573
0.002318837675350701, 0.6706891918643971, 5.535817173896755E-4, 6.3802812450085185, 0.0013855779183241101, 12.791678946149842, 15.641609647342065, 6.665127559707891
0.0023252505010020034, 0.6725465845367297, 5.551126667420625E-4, 6.4005517871510165, 0.0013974386661370075, 12.854645965397985, 15.661351127905714, 6.664661568301209
0.0023316633266533063, 0.6744039772090621, 5.566436160944494E-4, 6.42029764788731, 0.001409350931036224, 12.915100525182584, 15.678648235318795, 6.664195576894528
0.0023380761523046087, 0.6762613698813945, 5.581745654468364E-4, 6.439537890872089, 0.0014213139396699326, 12.973237067012429, 15.69370147936014, 6.663729585487847
0.002344488977955911, 0.6781187625537269, 5.597055147992234E-4, 6.458293155831598, 0.0014333269468452259, 13.029267973494111, 15.706728688244759, 6.663263594081165
0.0023509018036072136, 0.6799761552260593, 5.612364641516103E-4, 6.4765856649391935, 0.0014453892380603128, 13.08342417814027, 15.717965577183664, 6.662797602674484
0.0023573146292585165, 0.6818335478983918, 5.627674135039974E-4, 6.4944392263614645, 0.0014575001320230596, 13.135955785248752, 15.727666325977838, 6.662331611267802
0.002363727454909819, 0.6836909405707241, 5.642983628563842E-4, 6.51187923633006, 0.0014696589831854623, 13.187132700667938, 15.736104166478347, 6.66186561986112
0.0023701402805611214, 0.6855483332430565, 5.658293122087712E-4, 6.528932678945239, 0.0014818651843448993, 13.237245272722472, 15.743571979260182, 6.661399628454439
0.0023765531062124243, 0.687405725915389, 5.673602615611582E-4, 6.5456281236774885, 0.001494118169157621, 13.286604943901379, 15.750382899922352, 6.660933637047758
0.0023829659318637267, 0.6892631185877214, 5.688912109135452E-4, 6.561995721376661, 0.0015064174147031983, 13.33554491345898, 15.756870935375256, 6.660467645641076
0.0023893787575150296, 0.6911205112600538, 5.704221602659322E-4, 6.5780671972124765, 0.0015187624440351488, 13.384420810441034, 15.76339158941112, 6.660001654234395
0.002395791583166332, 0.6929779039323862, 5.719531096183191E-4, 6.593875842258058, 0.0015311528287411669, 13.433611377701798, 15.770322498293728, 6.659535662827713
0.0024022044088176345, 0.6948327461123548, 5.73484058970706E-4, 6.609732798607183, 0.0015437466431463265, 13.483519166997736, 15.77806407630307, 6.659364118978698
0.0024086172344689374, 0.6966827191705384, 5.750150083230931E-4, 6.625928502668103, 0.0015566909148931884, 13.53457124479598, 15.787040170935803, 6.6597547022852295
0.00241503006012024, 0.6985326922287215, 5.7654595767548E-4, 6.641974793183181, 0.0015696845066768272, 13.587219909340376, 15.797698728290984, 6.660145285591761
0.0024214428857715423, 0.7003826652869048, 5.780769070278669E-4, 6.657911089585468, 0.001582727228896852, 13.641943418843725, 15.810512468486447, 6.660535868898291
0.0024278557114228447, 0.7022326383450882, 5.796078563802539E-4, 6.673778297730678, 0.0015958189530176359, 13.699246730865253, 15.825979571166425, 6.660926452204823
0.0024342685370741476, 0.7040826114032716, 5.811388057326409E-4, 6.689618787419022, 0.0016089596139197693, 13.759662252920917, 15.84462437107035, 6.661317035511353
0.00244068136272545, 0.7059325844614549, 5.826697550850279E-4, 6.705476367116717, 0.001622149212336721, 13.823750604760871, 15.866998064284083, 6.661707618817885
0.002447094188376753, 0.7077825575196383, 5.842007044374149E-4, 6.721396255275977, 0.0016353878172236103, 13.89210139146835, 15.893679423991305, 6.662098202124416
0.002453507014028055, 0.7096325305778215, 5.857316537898017E-4, 6.7374250510783895, 0.001648675568025726, 13.965333988924744, 15.925275527651499, 6.662488785430947
0.0024599198396793582, 0.711482503636005, 5.872626031421888E-4, 6.753610700518038, 0.0016620126770211519, 14.044098340145649, 15.96242249376114, 6.662879368737478
0.0024663326653306603, 0.7133324766941882, 5.887935524945757E-4, 6.770002461695185, 0.001675399431476765, 14.12907576362119, 16.005786229495623, 6.663269952044009
0.002472745490981963, 0.7151824497523716, 5.903245018469627E-4, 6.786650866510172, 0.0016888361958480314, 14.220979773449235, 16.056063189035154, 6.66366053535054
0.0024791583166332656, 0.7170324228105549, 5.918554511993497E-4, 6.803607680134519, 0.0017023234139201815, 14.320556911019565, 16.11398114215818, 6.6640511186570714
0.0024855711422845685, 0.7188823958687383, 5.933864005517366E-4, 6.820925858224655, 0.0017158616108087221, 14.428587588896638, 16.18029995395789, 6.664441701963602
0.0024919839679358713, 0.7207323689269217, 5.949173499041237E-4, 6.838659500988797, 0.0017294513949795975, 14.545886946436186, 16.255812375022266, 6.664832285270133
0.002498396793587174, 0.722582341985105, 5.964482992565106E-4, 6.856863804947352, 0.0017430934601657677, 14.673305717653738, 16.341344842689693, 6.665222868576665
0.0025048096192384762, 0.7244311901008537, 5.979792486088976E-4, 6.875536252189704, 0.001756753449502324, 14.81173111107843, 16.43775829308548, 6.665553510766394
0.002511222444889779, 0.7262796632357909, 5.995101979612846E-4, 6.894772885809289, 0.0017704552288143605, 14.962087701630134, 16.5459489839082, 6.665864172583855
0.0025176352705410816, 0.728128136370728, 6.010411473136715E-4, 6.9146514123131055, 0.0017842114078205906, 15.125338335217153, 16.66684932879954, 6.666174834401317
0.0025240480961923836, 0.7299766095056651, 6.025720966660584E-4, 6.93523088132315, 0.0017980230369510908, 15.302485045399159, 16.801428742441505, 6.666485496218778
0.002530460921843687, 0.7318250826406024, 6.041030460184455E-4, 6.956571160611929, 0.0018118912603094506, 15.494569982328745, 16.950694496706944, 6.666796158036239
0.002536873747494989, 0.7336735557755395, 6.056339953708324E-4, 6.978732871772081, 0.0018258173170887515, 15.70267635440208, 17.115692588303215, 6.667106819853701
0.002543286573146292, 0.7355220289104768, 6.071649447232195E-4, 7.001777325594958, 0.0018398025428552067, 15.927929382588182, 17.2975086177931, 6.667417481671162
0.0025496993987975942, 0.7373705020454139, 6.086958940756063E-4, 7.025766452879907, 0.0018538483708228082, 16.171497266922508, 17.497268679456383, 6.667728143488624
0.002556112224448897, 0.7392189751803511, 6.102268434279933E-4, 7.0507627344795765, 0.0018679563329222493, 16.434592166380156, 17.716140263337216, 6.668038805306085
0.0025625250501001996, 0.7410674483152883, 6.117577927803803E-4, 7.076829128918689, 0.0018821280608274371, 16.718471190943852, 17.955333168109433, 6.668349467123547
0.0025689378757515024, 0.7429159214502254, 6.132887421327673E-4, 7.104028996312991, 0.00189636528678927, 17.024437406952487, 18.216100425951016, 6.668660128941008
0.002575350701402805, 0.7447643945851626, 6.148196914851542E-4, 7.132426022293657, 0.0019106698444789627, 17.35384085496067, 18.499739238583974, 6.66897079075847
0.0025817635270541078, 0.7466128677200998, 6.163506408375412E-4, 7.162084137493366, 0.001925043669586124, 17.708079581404554, 18.80759192586242, 6.669281452575931
0.0025881763527054098, 0.7484613408550369, 6.178815901899281E-4, 7.193067436637648, 0.001939488800375977, 18.08860068218435, 19.141046884827897, 6.669592114393393
0.002594589178356713, 0.7503098139899742, 6.194125395423152E-4, 7.225440094982332, 0.0019540073780310863, 18.496901360605534, 19.501539561936134, 6.669902776210854
0.002601002004008015, 0.7521565584005633, 6.209434888947021E-4, 7.259300307756348, 0.0019686227746342766, 18.934529997690106, 19.890553436102824, 6.670246816410595
0.002607414829659318, 0.7539939676996738, 6.22474438247089E-4, 7.294862515074783, 0.0019834310911197583, 19.40308723635508, 20.30962101443175, 6.670771099874643
0.0026138276553106204, 0.7558313769987842, 6.24005387599476E-4, 7.332007353903464, 0.0019983212709080433, 19.904227078639135, 20.76032483955527, 6.67129538333869
0.002620240480961923, 0.7576687862978947, 6.25536336951863E-4, 7.370798448529968, 0.0020132958737455464, 20.439657996548892, 21.24429850911753, 6.6718196668027385
0.0026266533066132258, 0.7595061955970052, 6.2706728630425E-4, 7.411299058432633, 0.002028357562297467, 21.011144056341934, 21.76322770749536, 6.672343950266786
0.002633066132264528, 0.7613436048961156, 6.28598235656637E-4, 7.453571983951406, 0.0020435091017316775, 21.620506056814225, 22.318851249963334, 6.672868233730834
0.0026394789579158306, 0.763181014195226, 6.301291850090238E-4, 7.4976794724861975, 0.0020587533590463725, 22.269622680570905, 22.91296213846501, 6.673392517194881
0.0026458917835671335, 0.7650184234943366, 6.316601343614109E-4, 7.543683120286005, 0.0020740933024510078, 22.96043165957963, 23.547408630279843, 6.67391680065893
0.002652304609218436, 0.7668558327934469, 6.331910837137978E-4, 7.591643776453566, 0.0020895320004268303, 23.6949309546711, 24.224095319267597, 6.674441084122977
0.0026587174348697384, 0.7686932420925574, 6.347220330661848E-4, 7.641621443690383, 0.00210507262061288, 24.47517994839258, 24.944984228832265, 6.674965367587025
0.0026651302605210417, 0.770530651391668, 6.362529824185719E-4, 7.6936751788562106, 0.002120718428725077, 25.303300652460095, 25.712095918265387, 6.675489651051072
0.0026715430861723437, 0.7723680606907783, 6.377839317709587E-4, 7.747862993615854, 0.00213647278714868, 26.181478928750227, 26.527510600986055, 6.676013934515121
0.002677955911823647, 0.7742054699898889, 6.393148811233458E-4, 7.804241753037786, 0.0021523391534459257, 27.11196572500494, 27.393369276189546, 6.676538217979168
0.002684368737474949, 0.7760428792889993, 6.408458304757327E-4, 7.862867075869872, 0.0021683210785901075, 28.09707832409503, 28.311874872435425, 6.677062501443216
0.002690781563126252, 0.7778802885881098, 6.423767798281197E-4, 7.923793232439493, 0.0021844222052644913, 29.139201608061363, 29.28529340460572, 6.677586784907263
0.0026971943887775544, 0.7797176978872202, 6.439077291805067E-4, 7.987073044558201, 0.002200646265786421, 30.24078933629382, 30.315955143531827, 6.678111068371312
0.0027036072144288573, 0.7815548017789794, 6.454386785328936E-4, 8.05287019606476, 0.002217069634835367, 31.40436543856801, 31.406255798866553, 6.678741173478645
0.0027100200400801593, 0.7833916681316875, 6.469696278852805E-4, 8.121210127072118, 0.0022336810888043956, 32.63252532156828, 32.55865771406055, 6.679453584308535
0.002716432865731462, 0.7852285344843958, 6.485005772376676E-4, 8.192053503335046, 0.002250428466585408, 33.927937191392324, 33.7756910757249, 6.680165995138426
0.0027228456913827646, 0.7870654008371037, 6.500315265900545E-4, 8.265446349039848, 0.0022673158409816097, 35.293343389469655, 35.05995513483722, 6.680878405968316
0.0027292585170340675, 0.788902267189812, 6.515624759424416E-4, 8.341432742545294, 0.0022843473619911236, 36.73156174404652, 36.41411944207781, 6.681590816798206
0.00273567134268537, 0.7907391335425201, 6.530934252948284E-4, 8.420054720445478, 0.002301527253964375, 38.245486936139905, 37.84092509603538, 6.682303227628095
0.0027420841683366724, 0.7925759998952282, 6.546243746472154E-4, 8.501352180333924, 0.002318859812445506, 39.83809188045602, 39.343186004781224, 6.683015638457985
0.0027484969939879753, 0.7944128662479364, 6.561553239996024E-4, 8.58536279098189, 0.0023363494008821206, 41.512429121044626, 40.92379016064678, 6.6837280492878755
0.0027549098196392777, 0.7962497326006446, 6.576862733519894E-4, 8.672121899027843, 0.002354000447308824, 43.27163224248925, 42.58570092894766, 6.684440460117766
0.00276132264529058, 0.7980865989533527, 6.592172227043762E-4, 8.76166244174965, 0.002371817440689483, 45.11891729566558, 44.3319583497206, 6.685152870947656
0.002767735470941883, 0.799923465306061, 6.607481720567633E-4, 8.854014861186442, 0.002389804927295014, 47.05758423920351, 46.16568045352144, 6.685865281777546
0.0027741482965931855, 0.8017603316587689, 6.622791214091502E-4, 8.949207021323673, 0.0024079675068362505, 49.09101839554766, 48.09006459023682, 6.686577692607436
0.0027805611222444884, 0.8035971980114772, 6.638100707615373E-4, 9.047264128057577, 0.0024263098284231788, 51.222691923171176, 50.10838877241937, 6.687290103437325
0.002786973947895791, 0.8054340643641853, 6.653410201139242E-4, 9.14820865476213, 0.002444836586651622, 53.45616530361671, 52.22401303186737, 6.6880025142672155
0.0027933867735470933, 0.8072709307168934, 6.668719694663111E-4, 9.25206026918022, 0.002463552517180112, 55.79508884398943, 54.440380789940136, 6.688714925097106
0.002799799599198396, 0.8091077970696016, 6.684029188186981E-4, 9.358835767183336, 0.002482462392504825, 58.24320419556509, 56.76102024246289, 6.689427335926996
0.0028062124248496986, 0.8109241669018717, 6.699338681710851E-4, 9.468967405344301, 0.0025018513154027033, 60.80434588740817, 59.18954575783638, 6.6905178942452785
0.0028126252505010006, 0.8127398755560631, 6.71464817523472E-4, 9.582063326626667, 0.002521455624225677, 63.48244287598308, 61.72965928962105, 6.6916206508696385
0.002819038076152304, 0.8145555842102548, 6.729957668758591E-4, 9.698117892810842, 0.0025412711879249095, 66.28152011090324, 64.38515180353366, 6.6927234074939985
0.0028254509018036064, 0.8163712928644463, 6.74526716228246E-4, 9.817135837729438, 0.002561302892047923, 69.20570011559877, 67.15990471762713, 6.6938261641183585
0.0028318637274549092, 0.8181870015186378, 6.76057665580633E-4, 9.939118764574232, 0.0025815556356723057, 72.25920458494498, 70.05789135782372, 6.6949289207427185
0.0028382765531062117, 0.8200027101728293, 6.7758861493302E-4, 10.064065111495438, 0.002602034326828484, 75.44635599835046, 73.08317842718343, 6.6960316773670785
0.002844689378757514, 0.8218184188270207, 6.791195642854069E-4, 10.191970127212699, 0.0026227438772505884, 78.7715792488917, 76.23992748943772, 6.6971344339914385
0.002851102204408817, 0.8236341274812123, 6.80650513637794E-4, 10.322825852112146, 0.002643689197574517, 82.239403288852, 79.5323964673189, 6.6982371906157985
0.0028575150300601195, 0.8254498361354037, 6.821814629901808E-4, 10.456621108110994, 0.0026648751922739855, 85.85446279161937, 82.96494115550259, 6.6993399472401585
0.002863927855711422, 0.8272655447895952, 6.837124123425678E-4, 10.593341496685753, 0.002686306754641432, 89.62149982902869, 86.54201674712309, 6.7004427038645185
0.002870340681362725, 0.8290812534437867, 6.852433616949548E-4, 10.732969407326891, 0.0027079887618501886, 93.54536556656383, 90.2681793766153, 6.701545460488879
0.0028767535070140272, 0.8308969620979783, 6.867743110473418E-4, 10.87548403369874, 0.0027299260697764005, 97.63102197353167, 94.14808767559214, 6.702648217113239
0.00288316633266533, 0.8327126707521697, 6.883052603997287E-4, 11.020861402452283, 0.0027521235080856243, 101.88354355074554, 98.18650434455628, 6.703750973737599
0.0028895791583166326, 0.8345283794063613, 6.898362097521157E-4, 11.16907440952491, 0.002774585875243485, 106.30811907443783, 102.38829773904735, 6.704853730361959
0.0028959919839679346, 0.8363440880605526, 6.913671591045026E-4, 11.320092871290399, 0.002797317933664445, 110.91005335672195, 106.75844347055904, 6.705956486986319
0.002902404809619238, 0.8381518054545581, 6.928981084568897E-4, 11.4740834382319, 0.0028204628825725386, 115.69476902342629, 111.3020260229875, 6.707233009908707
0.00290881763527054, 0.8399462040815867, 6.944290578092766E-4, 11.631145108331111, 0.0028441201654052506, 120.66780830792904, 116.02424038339615, 6.708799143327809
0.002915230460921843, 0.8417406027086153, 6.959600071616635E-4, 11.790906659676693, 0.0028680647367558265, 125.8348348624488, 120.93039368826649, 6.71036527674691
0.0029216432865731452, 0.8435350013356439, 6.974909565140505E-4, 11.953326331669814, 0.002892301182272128, 131.20163558618174, 126.02590688490815, 6.711931410166012
0.002928056112224448, 0.8453293999626724, 6.990219058664375E-4, 12.118359720669105, 0.002916834028762416, 136.774122470826, 131.31631640835192, 6.713497543585114
0.0029344689378757506, 0.8471237985897011, 7.005528552188245E-4, 12.28595991396287, 0.0029416677396509883, 142.55833446212986, 136.8072758724128, 6.715063677004215
0.0029408817635270534, 0.8489181972167297, 7.020838045712115E-4, 12.456077629947686, 0.0029668067114609897, 148.56043934032803, 142.50455777788343, 6.716629810423317
0.0029472945891783555, 0.8507125958437581, 7.036147539235983E-4, 12.628661384849693, 0.002992255269768762, 154.78673561624348, 148.4140552344631, 6.718195943842419
0.0029537074148296588, 0.8525069944707868, 7.051457032759854E-4, 12.80365767076728, 0.0030180176658722857, 161.24365444592735, 154.5417836993281, 6.71976207726152
0.0029601202404809608, 0.8543013930978154, 7.066766526283723E-4, 12.981011153606232, 0.0030440980737731493, 167.93776156200778, 160.89388273056423, 6.721328210680622
0.0029665330661322637, 0.856095791724844, 7.082076019807593E-4, 13.160664889393956, 0.0030705005870315105, 174.87575922290642, 167.47661775670906, 6.722894344099724
0.002972945891783566, 0.8578901903518725, 7.097385513331463E-4, 13.34256056122831, 0.003097229216527886, 182.06448817964045, 174.29638186170806, 6.724460477518825
0.002979358717434869, 0.8596845889789011, 7.112695006855332E-4, 13.52663873405254, 0.0031242878880206604, 189.510929659966, 181.35969758554333, 6.726026610937927
0.0029857715430861714, 0.8614789876059298, 7.128004500379202E-4, 13.712839132131194, 0.003151680440898197, 197.2222073704426, 188.67321874078715, 6.727592744357029
0.0029921843687374743, 0.8632733862329584, 7.143313993903072E-4, 13.90110094184638, 0.003179410626283463, 205.20558951664688, 196.24373224536197, 6.72915887777613
0.0029985971943887768, 0.8650677848599869, 7.158623487426942E-4, 14.091363128405646, 0.0032074821068084347, 213.46849084081924, 204.07815997084737, 6.730725011195232
0.003005010020040079, 0.866828688928472, 7.173932980950812E-4, 14.284244393740664, 0.0032363860014967827, 222.01847467732486, 212.1835606065572, 6.732857564491124
0.003011422845691382, 0.8685802145205649, 7.189242474474681E-4, 14.479199210254592, 0.0032657801512154805, 230.8632550265228, 220.56713154022538, 6.735148715352517
0.0030178356713426845, 0.8703317401126578, 7.204551967998551E-4, 14.675978300278075, 0.0032955321262599924, 240.01069864702848, 229.23621075499926, 6.7374398662139106
0.0030242484969939874, 0.8720832657047507, 7.219861461522421E-4, 14.874523476726608, 0.0033256452633345646, 249.46882716510433, 238.19827874164736, 6.739731017075304
0.0030306613226452894, 0.8738347912968434, 7.23517095504629E-4, 15.074778323585633, 0.0033561228148917266, 259.24581920372384, 247.46096042842512, 6.742022167936697
0.0030370741482965927, 0.8755863168889364, 7.25048044857016E-4, 15.27668867362081, 0.003386967951839459, 269.3500125283978, 257.0320271257484, 6.74431331879809
0.0030434869739478948, 0.8773378424810292, 7.265789942094029E-4, 15.480203117214842, 0.00341818376733638, 279.7899062128574, 266.9193984887235, 6.746604469659483
0.0030498997995991976, 0.879089368073122, 7.281099435617899E-4, 15.685273542403593, 0.0034497732810914172, 290.5741628221845, 277.13114449506924, 6.7488956205208765
0.0030563126252505, 0.8808408936652149, 7.296408929141769E-4, 15.891855705325725, 0.003481739444871401, 301.7116106150984, 287.6754874402339, 6.75118677138227
0.003062725450901803, 0.8825924192573078, 7.311718422665639E-4, 16.099909835815197, 0.0035140851486046287, 313.21124576455793, 298.5608039487538, 6.753477922243663
0.0030691382765531054, 0.8843439448494006, 7.327027916189508E-4, 16.30940127580834, 0.0035468132274569797, 325.0822345970937, 309.79562700234385, 6.755769073105056
0.0030755511022044083, 0.8860954704414935, 7.342337409713378E-4, 16.520301151569583, 0.0035799264702509603, 337.3339158512484, 321.3886479850622, 6.758060223966449
0.0030819639278557103, 0.8878469960335863, 7.357646903237247E-4, 16.732587085905834, 0.003613427628673449, 349.9758029544258, 333.34871874473, 6.7603513748278425
0.0030883767535070136, 0.8895985216256792, 7.372956396761118E-4, 16.946243943020818, 0.00364731942764962, 363.0175863187885, 345.68485367146127, 6.762642525689236
0.0030947895791583156, 0.891350047217772, 7.388265890284987E-4, 17.161264616574044, 0.003681604577066011, 376.4691356564631, 358.4062317933805, 6.764933676550629
0.003101202404809618, 0.8930867170040441, 7.403575383808856E-4, 17.37786981393583, 0.003716447891719099, 390.3405023132751, 371.5221988886824, 6.7673998470809895
0.003107615230460921, 0.8947590116317592, 7.418884877332726E-4, 17.59680486783327, 0.0037523975392392828, 404.6419216222796, 385.0422696155911, 6.7706244361768775
0.0031140280561122234, 0.8964313062594744, 7.434194370856596E-4, 17.817145813431125, 0.0037887573154886667, 419.3838152760657, 398.97612965887527, 6.773849025272765
0.0031204408817635263, 0.8981036008871895, 7.449503864380466E-4, 18.038926357839955, 0.0038255300529588254, 434.57679371833814, 413.3336378934961, 6.7770736143686525
0.0031268537074148287, 0.8997758955149048, 7.464813357904336E-4, 18.262192798545584, 0.003862718647622998, 450.23165855535484, 428.12482856606664, 6.78029820346454
0.003133266533066131, 0.9014481901426198, 7.480122851428204E-4, 18.48700506478781, 0.003900326078943195, 466.35940498610796, 443.35991349286763, 6.783522792560427
0.003139679358717434, 0.9031204847703351, 7.495432344952075E-4, 18.713437820057152, 0.003938355431955642, 482.97122425292537, 459.04928427622525, 6.786747381656315
0.0031460921843687365, 0.9047927793980501, 7.510741838475944E-4, 18.941581600171048, 0.003976809920457569, 500.07850611047985, 475.2035145370373, 6.789971970752202
0.003152505010020039, 0.9064650740257654, 7.526051331999814E-4, 19.171544013428502, 0.0040156929131089925, 517.6928413155996, 491.83336216597405, 6.79319655984809
0.003158917835671342, 0.9081373686534805, 7.541360825523683E-4, 19.40345098837861, 0.00405500796041558, 535.8260241367518, 508.9497715923689, 6.796421148943977
0.0031653306613226443, 0.9098096632811957, 7.556670319047553E-4, 19.637448077322915, 0.004094758824232159, 554.4900548819652, 526.5638760689712, 6.799645738039864
0.0031717434869739476, 0.911481957908911, 7.571979812571424E-4, 19.87370181438746, 0.0041349495092060096, 573.6971424487111, 544.6869999769352, 6.802870327135752
0.0031781563126252496, 0.9131542525366261, 7.587289306095293E-4, 20.11240113552776, 0.004175584296651991, 593.4597068922548, 563.3306611467018, 6.806094916231639
0.003184569138276552, 0.9148265471643412, 7.602598799619163E-4, 20.35375884891255, 0.004216667780454486, 613.7903820144257, 582.5065731973452, 6.809319505327527
0.003190981963927855, 0.9164988417920564, 7.617908293143032E-4, 20.598013178212568, 0.004258204905200458, 634.7020179730521, 602.2266478942173, 6.812544094423414
0.0031973947895791574, 0.9181711364197715, 7.633217786666902E-4, 20.845429357985267, 0.004300201007303883, 656.2076839105049, 622.5029975235847, 6.815768683519302
0.00320380761523046, 0.9197529953331021, 7.648527280190771E-4, 21.097111231589224, 0.004343281337225946, 678.3206706040021, 643.3479372866916, 6.819610423192063
0.0032102204408817627, 0.921272977178696, 7.663836773714642E-4, 21.353134092409164, 0.004387265019705211, 701.0544931349923, 664.7739877107888, 6.823874423785843
0.003216633266533065, 0.9227929590242898, 7.679146267238511E-4, 21.613302035315428, 0.004431737196807006, 724.4228935792028, 686.7938770784406, 6.828138424379623
0.003223046092184368, 0.9243129408698838, 7.694455760762381E-4, 21.878005678590853, 0.004476705287641991, 748.4398437177911, 709.4205438757126, 6.832402424973404
0.0032294589178356705, 0.9258329227154776, 7.70976525428625E-4, 22.147671647922834, 0.004522177348091461, 773.1195477684469, 732.6671392581601, 6.836666425567183
0.003235871743486973, 0.9273529045610714, 7.72507474781012E-4, 22.42276460202993, 0.004568162128816056, 798.4764451377491, 756.5470295355964, 6.840930426160964
0.003242284569138276, 0.9288728864066653, 7.74038424133399E-4, 22.703789311199216, 0.004614669136033811, 824.525213193336, 781.0737986744876, 6.845194426754744
0.0032486973947895782, 0.9303928682522592, 7.75569373485786E-4, 22.991292834863998, 0.004661708696271916, 851.2807700578031, 806.2612508198525, 6.849458427348525
0.0032551102204408807, 0.931912850097853, 7.771003228381728E-4, 23.28586675785482, 0.004709292024271505, 878.7582774227342, 832.1234128347996, 6.853722427942304
0.0032615230460921836, 0.9334328319434468, 7.786312721905599E-4, 23.588149530551163, 0.004757431294933667, 906.9731433846733, 858.6745368598591, 6.857986428536085
0.003267935871743486, 0.9349528137890406, 7.801622215429468E-4, 23.89882887204294, 0.0048061397179459675, 935.9410253005133, 885.9291028893276, 6.862250429129865
0.003274348697394789, 0.9364727956346346, 7.816931708953339E-4, 24.218644277047133, 0.004855431618270956, 965.6778326662588, 913.9018213686815, 6.866514429723646
0.003280761523046091, 0.9379927774802284, 7.832241202477208E-4, 24.54838959965855, 0.004905322518041544, 996.1997300143364, 942.6076358080435, 6.870778430317426
0.003287174348697394, 0.9395127593258222, 7.847550696001077E-4, 24.88891573215369, 0.004955829225231412, 1027.5231398340654, 972.0617254168288, 6.875042430911206
0.0032935871743486962, 0.9410327411714161, 7.862860189524947E-4, 25.241133379284292, 0.0050069699249988275, 1059.6647455131915, 1002.279507756631, 6.879306431504986
0.003299999999999999, 0.94255272301701, 7.878169683048817E-4, 25.60601592005696, 0.005058764275908345, 1092.6414942997155, 1033.2766414123023, 6.883570432098766
