phi0, phi, rho, Z_fit_curve, F_ex_fit_per_V, mu_kT, PV_NkT, alpha
1.0000000000000005E-4, 0.028959517374204286, 2.387324146378431E-5, 1.0900662817157334, 2.1445318437529254E-6, -37.84583966658038, -36.8417984235002, 6.615630010288064
1.0641282565130265E-4, 0.03081648435936592, 2.540419081617128E-5, 1.095355870156094, 2.428451755785211E-6, -35.50119715749379, -32.348193299018966, 6.615658806646213
1.1282565130260525E-4, 0.03267345134452755, 2.6935140168558247E-5, 1.100518753544628, 2.729176105464087E-6, -33.27596286218706, -28.348135422264736, 6.615687603004361
1.1923847695390786E-4, 0.03453041832968919, 2.8466089520945217E-5, 1.105549081695664, 3.0464558863736244E-6, -31.165928881994322, -24.770743270746575, 6.61571639936251
1.2565130260521045E-4, 0.03638738531485083, 2.9997038873332187E-5, 1.1104420124542027, 3.3800284610612816E-6, -29.166990535984272, -21.559061857943092, 6.615745195720659
1.3206412825651306E-4, 0.03824435230001246, 3.152798822571916E-5, 1.1151936584733753, 3.7296195197417485E-6, -27.275144648531516, -18.666699857839614, 6.6157739920788075
1.3847695390781567E-4, 0.040101319285174096, 3.305893757810612E-5, 1.1198010356115875, 4.094944941100911E-6, -25.48648785435602, -16.055400752462337, 6.615802788436956
1.4488977955911825E-4, 0.04195828627033572, 3.458988693049309E-5, 1.124262012918971, 4.475712558087386E-6, -23.79721492094724, -13.693258627781274, 6.615831584795105
1.513026052104209E-4, 0.043815253255497365, 3.612083628288006E-5, 1.1285752641830766, 4.871623831526E-6, -22.203617088289377, -11.553387362407568, 6.6158603811532535
1.5771543086172347E-4, 0.04567222024065899, 3.765178563526703E-5, 1.132740221004088, 5.282375434335165E-6, -20.702080425804276, -9.612914166228185, 6.615889177511402
1.6412825651302606E-4, 0.04752918722582063, 3.9182734987653996E-5, 1.1367570273701566, 5.707660749078092E-6, -19.28908420642831, -7.852208761838401, 6.615917973869551
1.705410821643287E-4, 0.04938615421098227, 4.071368434004097E-5, 1.1406264957037768, 6.147171281526511E-6, -17.961199297739963, -6.254286186719751, 6.6159467702276995
1.7695390781563127E-4, 0.0512431211961439, 4.2244633692427936E-5, 1.1443500643504636, 6.6005979928646795E-6, -16.71508657005438, -4.80433917556786, 6.615975566585848
1.833667334669339E-4, 0.053100088181305544, 4.377558304481491E-5, 1.1479297564812898, 7.067632553111338E-6, -15.547495321401458, -3.489368403894926, 6.616004362943997
1.897795591182365E-4, 0.05495705516646717, 4.5306532397201875E-5, 1.1513681403811888, 7.5479685182874245E-6, -14.45526171930416, -2.297887448491331, 6.6160331593021455
1.961923847695391E-4, 0.0568140221516288, 4.683748174958884E-5, 1.154668291095228, 8.041302433808453E-6, -13.43530725927277, -1.219685372374546, 6.616061955660294
2.0260521042084168E-4, 0.058671039565769224, 4.836843110197581E-5, 1.1578343362025774, 8.547363055517578E-6, -12.484637239932994, -0.24563416987603245, 6.616098212247542
2.090180360721443E-4, 0.060528130683801716, 4.9899380454362775E-5, 1.1608705873630676, 9.065875221045432E-6, -11.600339254702513, 0.6324685595483533, 6.616145372246553
2.154308617234469E-4, 0.062385221801834215, 5.143032980674975E-5, 1.1637805981418603, 9.596512148112184E-6, -10.779581699934408, 1.4220290465916496, 6.616192532245563
2.218436873747495E-4, 0.0642423129198667, 5.2961279159136715E-5, 1.1665691132950287, 1.0138992399606445E-5, -10.01961229944228, 2.129764537371252, 6.616239692244573
2.2825651302605212E-4, 0.06609940403789921, 5.449222851152369E-5, 1.1692412119892912, 1.0693042021547577E-5, -9.317756645324742, 2.761792601794123, 6.616286852243584
2.3466933867735473E-4, 0.0679564951559317, 5.6023177863910654E-5, 1.171802277030252, 1.125839525319719E-5, -8.671416755005135, 3.3237059820871897, 6.616334012242594
2.4108216432865734E-4, 0.06981358627396421, 5.755412721629763E-5, 1.1742579652628844, 1.1834795179416525E-5, -8.078069644402973, 3.8206356714256637, 6.616381172241604
2.4749498997995995E-4, 0.0716706773919967, 5.9085076568684594E-5, 1.176614179118994, 1.242199432737529E-5, -7.535265917153925, 4.257304355017256, 6.616428332240614
2.539078156312625E-4, 0.07352776851002919, 6.061602592107156E-5, 1.1788770392866512, 1.3019755209672558E-5, -7.040628369794608, 4.6380719151679655, 6.6164754922396245
2.6032064128256516E-4, 0.07538485962806168, 6.214697527345853E-5, 1.1810528584769229, 1.3627850815887182E-5, -6.5918506128285, 4.966974366542427, 6.6165226522386344
2.667334669338677E-4, 0.07724195074609419, 6.36779246258455E-5, 1.1831481162635102, 1.4246065054531602E-5, -6.186695707589913, 5.247757325072078, 6.616569812237644
2.7314629258517033E-4, 0.07909904186412668, 6.520887397823247E-5, 1.1851694349712159, 1.4874193147340243E-5, -5.822994818821933, 5.483904906727525, 6.616616972236655
2.7955911823647294E-4, 0.08095613298215917, 6.673982333061943E-5, 1.187123556589449, 1.551204197778143E-5, -5.498645882885444, 5.678664787916633, 6.616664132235665
2.859719438877756E-4, 0.08281322410019168, 6.827077268300641E-5, 1.189017320687289, 1.6159430395640438E-5, -5.211612291515056, 5.835070028008944, 6.616711292234675
2.923847695390781E-4, 0.08467031521822416, 6.980172203539337E-5, 1.190857643306902, 1.6816189479479446E-5, -4.959921591038973, 5.955958149131856, 6.616758452233685
2.9879759519038077E-4, 0.08652740633625666, 7.133267138778035E-5, 1.1926514968124198, 1.7482162758740164E-5, -4.741664196978881, 6.04398788338403, 6.616805612232696
3.052104208416834E-4, 0.08838414087259233, 7.286362074016731E-5, 1.1944050494412761, 1.8157145102121832E-5, -4.554992123946762, 6.10165392868079, 6.616845625592749
3.11623246492986E-4, 0.09024079312084411, 7.439457009255428E-5, 1.1961259371034338, 1.8841046796223107E-5, -4.398117730754599, 6.131299998285751, 6.616883989728428
3.1803607214428854E-4, 0.09209744536909589, 7.592551944494125E-5, 1.1978213794864407, 1.9533763034411277E-5, -4.2693124806536265, 6.135130403110827, 6.616922353864107
3.2444889779559115E-4, 0.09395409761734769, 7.745646879732821E-5, 1.199498391053348, 2.0235188422988612E-5, -4.166905716620122, 6.115220368075502, 6.616960717999786
3.308617234468938E-4, 0.09581074986559948, 7.898741814971519E-5, 1.2011639553842735, 2.0945230583285335E-5, -4.089283451603805, 6.073525252613962, 6.616999082135464
3.372745490981963E-4, 0.09766740211385125, 8.051836750210215E-5, 1.2028250102933522, 2.1663810166477944E-5, -4.034887173654234, 6.011888819561814, 6.6170374462711425
3.43687374749499E-4, 0.09952405436210304, 8.204931685448913E-5, 1.2044884337489281, 2.2390860839311446E-5, -4.00221266584446, 5.932050675128709, 6.6170758104068215
3.501002004008016E-4, 0.10138070661035484, 8.358026620687609E-5, 1.206161030576371, 2.3126329242183865E-5, -3.989808840905345, 5.835652984700375, 6.6171141745425
3.565130260521042E-4, 0.1032373588586066, 8.511121555926306E-5, 1.207849519923185, 2.3870174921014448E-5, -3.9962765904891246, 5.724246554145538, 6.617152538678179
3.629258517034068E-4, 0.10509401110685841, 8.664216491165004E-5, 1.2095605234663593, 2.4622370234281986E-5, -4.02026764897759, 5.599296353640594, 6.617190902813857
3.6933867735470936E-4, 0.10695066335511018, 8.817311426403699E-5, 1.2113005543421762, 2.5382900236583848E-5, -4.060483471752177, 5.46218655033559, 6.617229266949536
3.75751503006012E-4, 0.10880731560336197, 8.970406361642397E-5, 1.2130760067789759, 2.6151762540031733E-5, -4.11567412784117, 5.314225107141959, 6.617267631085215
3.821643286573147E-4, 0.11066396785161378, 9.123501296881095E-5, 1.2148931464136414, 2.6928967154766017E-5, -4.1846372068626785, 5.156647997239173, 6.617305995220894
3.885771543086172E-4, 0.11252062009986555, 9.27659623211979E-5, 1.2167581012728452, 2.7714536309836286E-5, -4.266216740177443, 4.990623077363375, 6.617344359356573
3.9498997995991985E-4, 0.11437727234811734, 9.429691167358488E-5, 1.218676853400366, 2.8508504255662778E-5, -4.359302136169136, 4.817253657354751, 6.617382723492251
4.014028056112224E-4, 0.11623414920324283, 9.582786102597184E-5, 1.22065615094267, 2.9311005194661468E-5, -4.462827129569153, 4.637581798658945, 6.6174270283365075
4.07815631262525E-4, 0.11809182822577455, 9.735881037835882E-5, 1.222704108586111, 3.0122339244010796E-5, -4.575768744741387, 4.452591370377023, 6.617492549997113
4.1422845691382757E-4, 0.11994950724830622, 9.888975973074577E-5, 1.2248229938062936, 3.094227116276521E-5, -4.697146272843942, 4.2632108879237345, 6.617558071657719
4.2064128256513023E-4, 0.12180718627083792, 1.0042070908313275E-4, 1.22701813327695, 3.1770881602085235E-5, -4.826020262783749, 4.070316156307544, 6.617623593318324
4.270541082164329E-4, 0.12366486529336963, 1.0195165843551973E-4, 1.2292946748809184, 3.260826201078728E-5, -4.961491525881722, 3.874732737409033, 6.617689114978929
4.334669338677354E-4, 0.12552254431590132, 1.0348260778790668E-4, 1.2316575828361915, 3.3454514350982564E-5, -5.102700154163741, 3.6772382583510037, 6.617754636639535
4.3987975951903806E-4, 0.12738022333843302, 1.0501355714029366E-4, 1.2341116333446005, 3.430975080290162E-5, -5.248824552194505, 3.4785645760671167, 6.61782015830014
4.462925851703406E-4, 0.1292379023609647, 1.0654450649268062E-4, 1.236661410746515, 3.5174093459869176E-5, -5.399080482370701, 3.2793998114499194, 6.617885679960746
4.527054108216433E-4, 0.1310955813834964, 1.080754558450676E-4, 1.23931130416524, 3.604767401436312E-5, -5.552720123589894, 3.080390264947589, 6.61795120162135
4.591182364729458E-4, 0.13295326040602806, 1.0960640519745455E-4, 1.242065504625002, 3.6930633436064344E-5, -5.709031143211183, 2.8821422241650736, 6.618016723281956
4.6553106212424844E-4, 0.13481093942855976, 1.1113735454984153E-4, 1.2449280026266962, 3.7823121642773566E-5, -5.867335782225907, 2.6852236728638688, 6.618082244942562
4.719438877755511E-4, 0.1366686184510915, 1.1266830390222851E-4, 1.2479025861658095, 3.8725297165045534E-5, -6.026989953551032, 2.4901659097512754, 6.618147766603167
4.783567134268536E-4, 0.13852629747362316, 1.1419925325461546E-4, 1.250992839177178, 3.963732680536163E-5, -6.187382353367374, 2.2974650845436857, 6.618213288263772
4.8476953907815627E-4, 0.14038397649615486, 1.1573020260700244E-4, 1.254202140391479, 4.055938529263621E-5, -6.347933585413376, 2.1075836580199816, 6.6182788099243774
4.911823647294588E-4, 0.14224165551868653, 1.172611519593894E-4, 1.257533662588626, 4.149165493282381E-5, -6.5080952981546485, 1.9209517920747332, 6.618344331584983
4.975951903807615E-4, 0.14409933454121823, 1.1879210131177638E-4, 1.260990372233453, 4.2434325256369405E-5, -6.667349334744767, 1.7379686751749484, 6.618409853245589
5.04008016032064E-4, 0.145956280372504, 1.2032305066416333E-4, 1.264570995222742, 4.338710724915886E-5, -6.825206895692393, 1.559003788081517, 6.618454630536796
5.104208416833667E-4, 0.14781278628904226, 1.2185400001655031E-4, 1.2682795658420818, 4.435036564960029E-5, -6.981207714154757, 1.3843981142104358, 6.618486961206365
5.168336673346693E-4, 0.1496692922055805, 1.233849493689373E-4, 1.2721208227471092, 4.532459264903112E-5, -7.134919243768773, 1.2144652985906144, 6.618519291875935
5.232464929859718E-4, 0.15152579812211872, 1.2491589872132424E-4, 1.2760969106400641, 4.631000235550437E-5, -7.28593585894174, 1.0494927589832026, 6.618551622545504
5.296593186372745E-4, 0.15338230403865696, 1.2644684807371122E-4, 1.2802097713265976, 4.730681431558594E-5, -7.433878067514495, 0.8897427523988133, 6.618583953215073
5.36072144288577E-4, 0.15523880995519518, 1.2797779742609817E-4, 1.2844611453519594, 4.83152531570179E-5, -7.578391735713593, 0.7354533999428357, 6.618616283884642
5.424849699398797E-4, 0.15709531587173342, 1.2950874677848515E-4, 1.2888525739239352, 4.933554823271645E-5, -7.719147325312214, 0.5868396726439047, 6.618648614554212
5.488977955911824E-4, 0.1589518217882717, 1.3103969613087213E-4, 1.2933854011098036, 5.036793326664854E-5, -7.855839142911661, 0.4440943406899403, 6.618680945223781
5.553106212424849E-4, 0.1608083277048099, 1.325706454832591E-4, 1.2980607762948646, 5.141264600211361E-5, -7.988184601264456, 0.3073888882670315, 6.6187132758933505
5.617234468937875E-4, 0.16266483362134815, 1.3410159483564607E-4, 1.3028796568902419, 5.246992785292942E-5, -8.115923492550634, 0.1768743960143839, 6.6187456065629195
5.6813627254509E-4, 0.16452133953788636, 1.3563254418803302E-4, 1.3078428112779588, 5.354002355800359E-5, -8.238817273529664, 0.052682392920377186, 6.6187779372324895
5.745490981963927E-4, 0.1663778454544246, 1.3716349354042E-4, 1.312950821981452, 5.462318083974804E-5, -8.356648362478719, -0.065074320658458, 6.618810267902059
5.809619238476952E-4, 0.16823435137096282, 1.3869444289280695E-4, 1.318204089049975, 5.571965006677403E-5, -8.469219447837574, -0.17630087732550648, 6.618842598571628
5.873747494989979E-4, 0.17009085728750106, 1.4022539224519393E-4, 1.3236028336454893, 5.682968392128468E-5, -8.576352808474399, -0.2809195729111769, 6.618874929241197
5.937875751503006E-4, 0.17194736320403933, 1.417563415975809E-4, 1.3291471018209107, 5.7953537071560516E-5, -8.67788964549126, -0.37886912139036794, 6.618907259910767
6.002004008016031E-4, 0.17380389035727709, 1.4328729094996787E-4, 1.3348370599697623, 5.909150761686448E-5, -8.773689425482898, -0.4701039332598827, 6.6189408490437645
6.066132264529058E-4, 0.1756610758482006, 1.4481824030235485E-4, 1.34068126363148, 6.024513587848014E-5, -8.86362923516771, -0.554593416286667, 6.61901345054306
6.130260521042083E-4, 0.1775182613391241, 1.4634918965474183E-4, 1.346670318431322, 6.141341425736482E-5, -8.9476031473063, -0.632321297616747, 6.619086052042355
6.194388777555109E-4, 0.17937544683004758, 1.4788013900712878E-4, 1.3528036112273698, 6.25966031238765E-5, -9.02552159782386, -0.703284966316318, 6.619158653541649
6.258517034068136E-4, 0.18123263232097112, 1.4941108835951576E-4, 1.3590803751554144, 6.379496328584431E-5, -9.097310774054366, -0.7674948354859767, 6.619231255040944
6.322645290581161E-4, 0.1830898178118946, 1.509420377119027E-4, 1.3654996943334339, 6.5008755698852E-5, -9.162912014020154, -0.824973723148753, 6.619303856540239
6.386773547094188E-4, 0.1849470033028181, 1.524729870642897E-4, 1.3720605086853774, 6.623824118385548E-5, -9.222281216667634, -0.8757562511794699, 6.619376458039534
6.450901803607213E-4, 0.18680418879374158, 1.5400393641667664E-4, 1.3787616188748864, 6.748368015237877E-5, -9.275388262970191, -0.9198882615837971, 6.6194490595388285
6.51503006012024E-4, 0.1886613742846651, 1.5553488576906362E-4, 1.3856016913396725, 6.874533233952173E-5, -9.322216447820667, -0.9574262494976626, 6.619521661038124
6.579158316633265E-4, 0.19051855977558863, 1.570658351214506E-4, 1.392579263417517, 7.002345654499277E-5, -9.36276192262441, -0.9884368123067161, 6.619594262537419
6.643286573146292E-4, 0.19237574526651213, 1.5859678447383759E-4, 1.3996927485550212, 7.1318310382365E-5, -9.39703314851477, -1.0129961143402537, 6.619666864036713
6.707414829659318E-4, 0.1942329307574356, 1.6012773382622454E-4, 1.4069404415905795, 7.263015003673687E-5, -9.425050360101318, -1.0311893666166396, 6.619739465536008
6.771543086172344E-4, 0.19609011624835912, 1.6165868317861152E-4, 1.4143205241029604, 7.395923003096478E-5, -9.446845039673397, -1.043110321163549, 6.619812067035303
6.83567134268537E-4, 0.1979473017392826, 1.6318963253099847E-4, 1.4218310698174268, 7.530580300061866E-5, -9.462459401771005, -1.0488607794578764, 6.619884668534597
6.899799599198396E-4, 0.1998044872302061, 1.6472058188338545E-4, 1.429470050061228, 7.66701194777977E-5, -9.47194588804312, -1.0485501145637797, 6.6199572700338924
6.963927855711422E-4, 0.20166167272112961, 1.662515312357724E-4, 1.4372353392606736, 7.805242768392527E-5, -9.475366672304826, -1.0422948065679118, 6.620029871533188
7.028056112224449E-4, 0.20351837563054084, 1.6778248058815938E-4, 1.4451217951508923, 7.945248251398928E-5, -9.472793175716559, -1.0302179909425049, 6.6200916910570085
7.092184368737473E-4, 0.20537445807800772, 1.6931342994054634E-4, 1.4531261912892812, 8.087035715484874E-5, -9.464305591996808, -1.012449019481303, 6.620139648040936
7.1563126252505E-4, 0.20723054052547463, 1.7084437929293332E-4, 1.4612498714174087, 8.230691075766227E-5, -9.449992422584033, -0.9891230334722909, 6.620187605024863
7.220440881763525E-4, 0.2090866229729415, 1.7237532864532027E-4, 1.4694903778887511, 8.376237984949519E-5, -9.429950021671226, -0.9603805488036781, 6.62023556200879
7.284569138276552E-4, 0.21094270542040844, 1.7390627799770725E-4, 1.4778451840030116, 8.523699774869479E-5, -9.404282151020523, -0.9263670526943654, 6.620283518992717
7.348697394789578E-4, 0.21279878786787532, 1.754372273500942E-4, 1.4863116995982129, 8.673099441336344E-5, -9.373099544481025, -0.8872326117757791, 6.620331475976643
7.412825651302605E-4, 0.21465487031534225, 1.769681767024812E-4, 1.4948872766346626, 8.824459629929044E-5, -9.336519482122975, -0.8431314912547865, 6.62037943296057
7.476953907815631E-4, 0.21651095276280913, 1.7849912605486816E-4, 1.5035692147644768, 8.977802622735634E-5, -9.29466537390769, -0.7942217849066745, 6.620427389944497
7.541082164328656E-4, 0.21836703521027603, 1.8003007540725514E-4, 1.5123547668803023, 9.133150326041819E-5, -9.247666352804183, -0.7406650556510219, 6.6204753469284245
7.605210420841682E-4, 0.2202231176577429, 1.815610247596421E-4, 1.5212411446374683, 9.290524258966929E-5, -9.195656877276942, -0.6826259864890849, 6.620523303912352
7.669338677354709E-4, 0.22207920010520982, 1.8309197411202908E-4, 1.5302255239435247, 9.449945543045706E-5, -9.13877634305334, -0.6202720415761256, 6.620571260896278
7.733466933867734E-4, 0.2239352825526767, 1.8462292346441603E-4, 1.5393050504096537, 9.611434892753382E-5, -9.077168704092772, -0.5537731372215952, 6.620619217880205
7.797595190380761E-4, 0.2257913650001436, 1.86153872816803E-4, 1.548476844758376, 9.775012606970031E-5, -9.01098210267194, -0.4833013226183268, 6.620667174864132
7.861723446893786E-4, 0.22764744744761048, 1.8768482216918996E-4, 1.5577380081822831, 9.940698561379803E-5, -8.940368508503019, -0.40903047010498966, 6.620715131848059
7.925851703406813E-4, 0.22950352989507738, 1.8921577152157694E-4, 1.5670856276486884, 1.0108512201799E-4, -8.865483366798264, -0.33113597477654894, 6.6207630888319855
7.989979959919837E-4, 0.23135961234254426, 1.907467208739639E-4, 1.5765167811450953, 1.0278472538426791E-4, -8.786485255206744, -0.24979446327371388, 6.620811045815913
8.054108216432864E-4, 0.233215870591498, 1.9227767022635087E-4, 1.5860338411259518, 1.0450700014817143E-4, -8.70353554952474, -0.16518351156426714, 6.620876039094651
8.11823647294589E-4, 0.2350721613962826, 1.9380861957873783E-4, 1.5956296583788407, 1.0625133311100174E-4, -8.616798098112135, -0.07748137157055461, 6.6209441872428
8.182364729458916E-4, 0.23692845220106723, 1.953395689311248E-4, 1.6053003414371223, 1.0801771585392852E-4, -8.526438904920122, 0.013133293530513143, 6.621012335390947
8.246492985971943E-4, 0.23878474300585184, 1.968705182835118E-4, 1.6150429834826239, 1.098063211222789E-4, -8.432625821052996, 0.10648166548026718, 6.621080483539095
8.310621242484969E-4, 0.24064103381063648, 1.9840146763589877E-4, 1.6248546938957975, 1.1161731715315985E-4, -8.335528244772119, 0.20238501874112616, 6.621148631687244
8.374749498997995E-4, 0.24249732461542106, 1.9993241698828572E-4, 1.634732603051328, 1.1345086767140977E-4, -8.23531682987414, 0.3006649600578802, 6.621216779835391
8.438877755511022E-4, 0.2443536154202057, 2.014633663406727E-4, 1.6446738670243355, 1.153071318940701E-4, -8.132163202341982, 0.40114365993603035, 6.62128492798354
8.503006012024046E-4, 0.24620990622499028, 2.0299431569305965E-4, 1.6546756722035165, 1.1718626454323858E-4, -8.026239685198094, 0.5036440761581165, 6.621353076131688
8.567134268537073E-4, 0.24806619702977492, 2.0452526504544663E-4, 1.6647352398077218, 1.1908841586716806E-4, -7.9177190314673895, 0.6079901694811212, 6.621421224279835
8.631262525050098E-4, 0.2499224878345595, 2.060562143978336E-4, 1.6748498303024963, 1.2101373166946273E-4, -7.80677416517834, 0.7140071116291079, 6.621489372427984
8.695390781563125E-4, 0.2517787786393441, 2.0758716375022057E-4, 1.6850167477133968, 1.229623533462252E-4, -7.693577930299216, 0.8215214857282457, 6.621557520576132
8.75951903807615E-4, 0.2536350694441287, 2.0911811310260752E-4, 1.6952333438330383, 1.2493441793098772E-4, -7.578302847551604, 0.9303614792776211, 6.621625668724279
8.823647294589177E-4, 0.25549136024891334, 2.106490624549945E-4, 1.7054970223187789, 1.2693005814727444E-4, -7.461120878992663, 1.040357069803705, 6.621693816872428
8.887775551102203E-4, 0.25734765105369795, 2.1218001180738145E-4, 1.7158052426784929, 1.289494024686084E-4, -7.342203200297682, 1.15134020329712, 6.621761965020576
8.951903807615228E-4, 0.25920394185848256, 2.1371096115976843E-4, 1.7261555241415185, 1.309925751858098E-4, -7.221719980660892, 1.2631449655446172, 6.621830113168723
9.016032064128254E-4, 0.2610602895630935, 2.1524191051215539E-4, 1.7365488639420117, 1.3306043143126607E-4, -7.099840170215099, 1.3756077464871428, 6.621908066111646
9.08016032064128E-4, 0.2629168079671836, 2.1677285986454237E-4, 1.746989862841479, 1.3515460981965876E-4, -6.976731294905566, 1.4885673976888978, 6.622015433438894
9.144288577154307E-4, 0.26477332637127365, 2.1830380921692935E-4, 1.7574660708312388, 1.37273049927806E-4, -6.852559258724382, 1.6018653830418095, 6.6221228007661415
9.208416833667334E-4, 0.2666298447753638, 2.1983475856931633E-4, 1.7679752823727017, 1.394158610269503E-4, -6.727488153220732, 1.7153459228057089, 6.622230168093389
9.27254509018036E-4, 0.26848636317945385, 2.213657079217033E-4, 1.7785153692000488, 1.4158314864489522E-4, -6.601680074210539, 1.8288561310861682, 6.622337535420637
9.336673346693386E-4, 0.2703428815835439, 2.2289665727409026E-4, 1.789084283455101, 1.4377501467302076E-4, -6.47529494559461, 1.9422461468560472, 6.622444902747884
9.400801603206412E-4, 0.272199399987634, 2.2442760662647724E-4, 1.799680060692845, 1.459915574792186E-4, -6.348490350206745, 2.0553692586193506, 6.622552270075132
9.464929859719437E-4, 0.27405591839172405, 2.259585559788642E-4, 1.8103008227558366, 1.4823287202655317E-4, -6.221421367605805, 2.168082022814747, 6.622659637402379
9.529058116232464E-4, 0.2759124367958141, 2.2748950533125117E-4, 1.8209447805164927, 1.5049904999740298E-4, -6.094240418732829, 2.2802443760562365, 6.622767004729627
9.593186372745489E-4, 0.27776895519990413, 2.2902045468363812E-4, 1.831610236485465, 1.5279017992290603E-4, -5.967097117337541, 2.3917197413166273, 6.622874372056875
9.657314629258516E-4, 0.27962547360399426, 2.305514040360251E-4, 1.8422955872851914, 1.5510634731745303E-4, -5.840138128107329, 2.502375128133544, 6.622981739384122
9.721442885771541E-4, 0.28148199200808427, 2.3208235338841206E-4, 1.8529993259875932, 1.5744763481803883E-4, -5.713507031404789, 2.612081226941815, 6.62308910671137
9.785571142284567E-4, 0.2833385104121744, 2.3361330274079904E-4, 1.863720044314901, 1.5981412232822417E-4, -5.587344194524981, 2.720712497629877, 6.623196474038617
9.849699398797593E-4, 0.2851950288162644, 2.35144252093186E-4, 1.8744564347027055, 1.6220588716650032E-4, -5.46178664941149, 2.828147252391382, 6.623303841365864
9.91382765531062E-4, 0.2870515472203545, 2.3667520144557297E-4, 1.885207292224815, 1.6462300421881665E-4, -5.336967976718651, 2.934267732989711, 6.623411208693112
9.977955911823647E-4, 0.2889080656244446, 2.3820615079795995E-4, 1.8959715163790831, 1.67065546095049E-4, -5.213018196155841, 3.0389601825059107, 6.623518576020359
0.0010042084168336673, 0.290764074297043, 2.3973710015034693E-4, 1.9067405167571079, 1.6953176225174442E-4, -5.090063663024118, 3.1421149116699403, 6.623606370312648
0.0010106212424849698, 0.2926198159674315, 2.4126804950273388E-4, 1.9175169006738244, 1.7202252937489112E-4, -4.9682269708648175, 3.243626359850829, 6.623683912062814
0.0010170340681362724, 0.29447555763782, 2.4279899885512086E-4, 1.928303843532161, 1.7453885524243106E-4, -4.847626860134908, 3.343393150806874, 6.623761453812981
0.0010234468937875749, 0.29633129930820845, 2.443299482075078E-4, 1.9391006775799096, 1.770808043102375E-4, -4.728378132812074, 3.4413181432858035, 6.623838995563148
0.0010298597194388776, 0.298187040978597, 2.4586089755989477E-4, 1.9499068463220468, 1.7964843959132417E-4, -4.6105915728813684, 3.537308476532241, 6.623916537313314
0.0010362725450901802, 0.3000427826489855, 2.4739184691228175E-4, 1.9607219054674339, 1.8224182283105772E-4, -4.494373872577254, 3.631275610826181, 6.623994079063481
0.0010426853707414829, 0.30189852431937403, 2.4892279626466873E-4, 1.9715455237356185, 1.8486101468467517E-4, -4.379827564326379, 3.72313536311269, 6.624071620813647
0.0010490981963927853, 0.30375426598976246, 2.5045374561705566E-4, 1.9823774835241514, 1.875060748968605E-4, -4.267050958301062, 3.812807937810094, 6.624149162563814
0.0010555110220440878, 0.305610007660151, 2.5198469496944264E-4, 1.9932176814369902, 1.9017706248316204E-4, -4.156138085492015, 3.900217952890065, 6.624226704313981
0.0010619238476953904, 0.3074657493305395, 2.535156443218296E-4, 2.004066128674117, 1.9287403591300133E-4, -4.047178646225006, 3.9852944613036487, 6.624304246064147
0.001068336673346693, 0.30932149100092804, 2.550465936742166E-4, 2.0149229512835203, 1.9559705329404457E-4, -3.9402579640343043, 4.0679709678411164, 6.624381787814314
0.0010747494989979955, 0.3111772326713165, 2.565775430266035E-4, 2.025788390275735, 1.9834617255768764E-4, -3.835456944814317, 4.148185441501875, 6.6244593295644805
0.0010811623246492984, 0.3130329743417051, 2.5810849237899056E-4, 2.0366628016021195, 2.01121451645465E-4, -3.7328520411597514, 4.22588032345976, 6.624536871314647
0.0010875751503006009, 0.3148887160120935, 2.596394417313775E-4, 2.0475466559976057, 2.0392294869607335E-4, -3.6325152218040038, 4.301002530720549, 6.624614413064814
0.0010939879759519035, 0.316744457682482, 2.6117039108376446E-4, 2.05844053868902, 2.0675072223287692E-4, -3.534513946102867, 4.373503455508652, 6.624691954814981
0.0011004008016032062, 0.31860024717674534, 2.6270134043615144E-4, 2.0693455310591014, 2.096049317268924E-4, -3.4389111434424255, 4.443338960514953, 6.624770394740098
0.0011068136272545089, 0.3204567540291309, 2.642322897885384E-4, 2.0802678331801268, 2.1248706227920626E-4, -3.3457651974959695, 4.5104693700701075, 6.624862307289478
0.0011132264529058113, 0.32231326088151635, 2.6576323914092535E-4, 2.0912026728906774, 2.1539568692866397E-4, -3.2551299352799847, 4.574859457288637, 6.624954219838856
0.001119639278557114, 0.3241697677339019, 2.6729418849331233E-4, 2.102151087823608, 2.1833086794273947E-4, -3.167054620876757, 4.636478427317257, 6.625046132388236
0.0011260521042084166, 0.3260262745862874, 2.688251378456993E-4, 2.1131142266691216, 2.2129266890940773E-4, -3.081583953775267, 4.695299896728663, 6.625138044937615
0.0011324649298597193, 0.32788278143867294, 2.703560871980863E-4, 2.1240933481022743, 2.2428115492240152E-4, -2.9987580717289464, 4.751301869159511, 6.625229957486994
0.0011388777555110217, 0.32973928829105836, 2.718870365504732E-4, 2.135089819585324, 2.2729639276533294E-4, -2.918612558053614, 4.804466707261145, 6.625321870036373
0.0011452905811623244, 0.3315957951434439, 2.734179859028602E-4, 2.1461051160469147, 2.3033845109446312E-4, -2.841178453287948, 4.854781101039336, 6.625413782585753
0.0011517034068136269, 0.3334523019958294, 2.749489352552472E-4, 2.1571408184398324, 2.3340740061985327E-4, -2.7664822711141306, 4.902236032679941, 6.625505695135131
0.0011581162324649293, 0.3353088088482149, 2.764798846076341E-4, 2.1681986121787586, 2.3650331428477225E-4, -2.694546018476802, 4.946826737912811, 6.625597607684511
0.001164529058116232, 0.33716531570060043, 2.780108339600211E-4, 2.179280285460736, 2.3962626744306002E-4, -2.6253872198080535, 4.988552664006577, 6.62568952023389
0.0011709418837675346, 0.33902182255298596, 2.7954178331240806E-4, 2.190387727469412, 2.4277633803431806E-4, -2.559018945254912, 5.027417424487995, 6.625781432783269
0.0011773547094188373, 0.3408783294053715, 2.8107273266479504E-4, 2.20152292646603, 2.4595360675667174E-4, -2.495449842879748, 5.063428750607914, 6.625873345332648
0.0011837675350701397, 0.34273483625775697, 2.8260368201718197E-4, 2.2126879677686553, 2.491581572369293E-4, -2.434684174679629, 5.096598439708693, 6.625965257882028
0.0011901803607214424, 0.3445913431101425, 2.8413463136956895E-4, 2.2238850316221526, 2.5239007619793106E-4, -2.376721856399274, 5.126942300504214, 6.626057170431406
0.001196593186372745, 0.346447849962528, 2.856655807219559E-4, 2.2351163909610805, 2.556494536229015E-4, -2.321558501025308, 5.1544800953772425, 6.626149082980786
0.0012030060120240477, 0.34830370668837335, 2.871965300743429E-4, 2.24638362614954, 2.589361580651182E-4, -2.2691854658785453, 5.179235479786084, 6.626239312843804
0.0012094188376753504, 0.3501588266041399, 2.887274794267299E-4, 2.2576890708408444, 2.6225024897782133E-4, -2.2195899032418196, 5.201235938810631, 6.62632763566228
0.001215831663326653, 0.35201394651990636, 2.9025842877911687E-4, 2.2690361441341356, 2.6559207911129514E-4, -2.1727548143984787, 5.220512720979837, 6.626415958480756
0.0012222444889779557, 0.3538690664356729, 2.9178937813150385E-4, 2.2804274652938625, 2.68961752984645E-4, -2.128659107059915, 5.237100769380551, 6.626504281299232
0.0012286573146292584, 0.3557241863514394, 2.933203274838908E-4, 2.2918657335678, 2.7235937914761626E-4, -2.087277656030813, 5.251038650195419, 6.6265926041177075
0.0012350701402805608, 0.3575793062672058, 2.9485127683627775E-4, 2.3033537253595426, 2.7578507032310147E-4, -2.0485813670806206, 5.262368478694752, 6.626680926936183
0.0012414829659318635, 0.35943442618297233, 2.9638222618866473E-4, 2.3148942913114086, 2.792389435453818E-4, -2.012537243906159, 5.27113584279216, 6.626769249754659
0.001247895791583166, 0.3612895460987388, 2.979131755410517E-4, 2.3264903533006436, 2.827211202940219E-4, -1.9791084581214735, 5.277389724212362, 6.626857572573135
0.0012543086172344686, 0.36314466601450535, 2.994441248934387E-4, 2.3381449013526545, 2.8623172662310534E-4, -1.9482544221809004, 5.281182417365777, 6.62694589539161
0.001260721442885771, 0.36499978593027177, 3.009750742458256E-4, 2.3498609904727346, 2.897708932858481E-4, -1.9199308651539193, 5.282569446000399, 6.627034218210086
0.0012671342685370737, 0.36685490584603825, 3.025060235982126E-4, 2.361641737399933, 2.93338755854288E-4, -1.8940899112740206, 5.281609477694028, 6.6271225410285615
0.0012735470941883764, 0.3687100257618048, 3.040369729505996E-4, 2.3734903172865747, 2.9693545483397014E-4, -1.8706801611503623, 5.278364236309121, 6.627210863847037
0.001279959919839679, 0.37056514567757126, 3.0556792230298656E-4, 2.3854099603049264, 3.0056113577352504E-4, -1.8496467756263517, 5.272898412386962, 6.627299186665513
0.0012863727454909815, 0.37242026559333774, 3.070988716553735E-4, 2.3974039481860583, 3.04215949368928E-4, -1.8309315621051472, 5.2652795716888985, 6.627387509483989
0.0012927855711422841, 0.3742753855091042, 3.0862982100776046E-4, 2.409475610692094, 3.0790005156233497E-4, -1.81447306334523, 5.255578061840066, 6.627475832302465
0.0012991983967935868, 0.3761305054248707, 3.1016077036014744E-4, 2.4216283220263493, 3.116136036354536E-4, -1.8002066485945891, 5.243866917224011, 6.6275641551209405
0.0013056112224448895, 0.37798650576803683, 3.116917197125344E-4, 2.4338999626605617, 3.153675149008671E-4, -1.7880646069908908, 5.230221762176077, 6.627720701629596
0.001312024048096192, 0.3798426318865457, 3.1322266906492135E-4, 2.4462648084450054, 3.1915297721430764E-4, -1.7779762431487631, 5.2147207125518955, 6.627886994379705
0.0013184368737474946, 0.38169875800505465, 3.1475361841730833E-4, 2.458721445565882, 3.2296865062351077E-4, -1.7698679748566943, 5.197444275742813, 6.628053287129815
0.0013248496993987972, 0.3835548841235636, 3.162845677696953E-4, 2.471273388996631, 3.2681472039234455E-4, -1.763663432762671, 5.178475249241686, 6.628219579879924
0.0013312625250501, 0.3854110102420725, 3.178155171220823E-4, 2.4839241793761953, 3.306913775041758E-4, -1.759283562036719, 5.157898617772112, 6.628385872630034
0.0013376753507014026, 0.3872671363605815, 3.1934646647446927E-4, 2.4966773791116394, 3.345988187196992E-4, -1.7566467258379788, 5.135801449135463, 6.6285521653801425
0.0013440881763527048, 0.38912326247909035, 3.208774158268562E-4, 2.5095365684416087, 3.385372466285023E-4, -1.7556688105845975, 5.112272788777728, 6.628718458130252
0.0013505010020040075, 0.3909793885975993, 3.224083651792432E-4, 2.5225053414631495, 3.425068696943436E-4, -1.756263332885683, 5.0874035531951405, 6.628884750880362
0.0013569138276553101, 0.3928355147161082, 3.2393931453163016E-4, 2.5355873021269804, 3.465079022939747E-4, -1.7583415480783542, 5.061286422244221, 6.629051043630471
0.0013633266533066128, 0.3946916408346172, 3.2547026388401714E-4, 2.5487860602019494, 3.5054056474953044E-4, -1.7618125602915522, 5.034015730404092, 6.62921733638058
0.0013697394789579152, 0.39654776695312605, 3.2700121323640406E-4, 2.5621052272164526, 3.5460508335432434E-4, -1.7665834339125288, 5.005687357130694, 6.62938362913069
0.001376152304609218, 0.398403893071635, 3.2853216258879104E-4, 2.575548412374597, 3.587016903921265E-4, -1.7725593064478566, 4.976398616275605, 6.629549921880799
0.0013825651302605208, 0.40026001919014403, 3.300631119411781E-4, 2.5891192184566103, 3.628306241497179E-4, -1.7796435025984187, 4.946248144758988, 6.629716214630908
0.0013889779559118234, 0.402116145308653, 3.3159406129356506E-4, 2.602821237702428, 3.6699212892282853E-4, -1.787737649569629, 4.915335790464579, 6.6298825073810175
0.001395390781563126, 0.40397227142716186, 3.33125010645952E-4, 2.6166580476852905, 3.711864550152475E-4, -1.7967417934137788, 4.883762499541517, 6.630048800131127
0.0014018036072144286, 0.4058275053917007, 3.3465595999833896E-4, 2.6306306644216484, 3.754130077832408E-4, -1.8065545164823675, 4.851630203028638, 6.630210408512498
0.0014082164328657312, 0.407680459407205, 3.3618690935072594E-4, 2.644738614799593, 3.796706900847421E-4, -1.8170730556955557, 4.819041703097969, 6.630360045729319
0.0014146292585170339, 0.40953341342270927, 3.377178587031129E-4, 2.6589918756728403, 3.83961924478128E-4, -1.8281934217497475, 4.786100558761085, 6.630509682946139
0.0014210420841683363, 0.4113863674382135, 3.3924880805549985E-4, 2.673393924562709, 3.882869847674793E-4, -1.8398105190658616, 4.752910971253201, 6.630659320162959
0.001427454909819639, 0.4132393214537178, 3.4077975740788683E-4, 2.6879482036448357, 3.9264615065868016E-4, -1.8518182663726277, 4.7195776691721685, 6.630808957379779
0.0014338677354709417, 0.415092275469222, 3.423107067602738E-4, 2.702658115629119, 3.970397077177778E-4, -1.8641097179640185, 4.686205793334447, 6.630958594596598
0.001440280561122244, 0.4169452294847263, 3.438416561126608E-4, 2.7175270196552086, 4.0146794732230705E-4, -1.8765771854144977, 4.652900781548155, 6.6311082318134185
0.0014466933867735465, 0.4187981835002305, 3.453726054650477E-4, 2.732558227205602, 4.059311666059152E-4, -1.8891123597239894, 4.619768253323302, 6.631257869030239
0.0014531062124248492, 0.4206511375157348, 3.469035548174347E-4, 2.747754998039844, 4.104296683961025E-4, -1.9016064338641727, 4.586913894547106, 6.631407506247059
0.0014595190380761519, 0.4225040915312391, 3.484345041698217E-4, 2.7631205361533864, 4.1496376114521843E-4, -1.9139502255129988, 4.554443342307678, 6.631557143463879
0.0014659318637274545, 0.42435704554674336, 3.4996545352220865E-4, 2.778657985767068, 4.195337588546259E-4, -1.9260343000393976, 4.522462069813747, 6.631706780680699
0.001472344689378757, 0.42620999956224753, 3.514964028745956E-4, 2.794370427346803, 4.241399809921464E-4, -1.9377490935235206, 4.491075271610382, 6.631856417897518
0.0014787575150300596, 0.4280629535777518, 3.5302735222698256E-4, 2.8102608736620933, 4.2878275240283486E-4, -1.9489850358291891, 4.460387749055889, 6.6320060551143385
0.0014851703406813623, 0.4299159075932561, 3.5455830157936954E-4, 2.826332265881023, 4.3346240321308897E-4, -1.9596326735983027, 4.430503796189947, 6.632155692331159
0.001491583166332665, 0.4317688616087604, 3.560892509317565E-4, 2.8425874697128872, 4.381792687280773E-4, -1.9695827930841705, 4.401527086058404, 6.632305329547979
0.0014979959919839674, 0.4336218156242646, 3.5762020028414344E-4, 2.859029271594647, 4.429336893228115E-4, -1.9787265427360219, 4.37356055758611, 6.632454966764799
0.00150440881763527, 0.435477012838563, 3.591511496365304E-4, 2.8756725596363903, 4.4773038647787734E-4, -1.9869555554961242, 4.346706303007661, 6.632625505043001
0.0015108216432865727, 0.43733322968867694, 3.606820989889174E-4, 2.892513433278639, 4.525674156718232E-4, -1.9941620706535497, 4.321065456015833, 6.632805543803651
0.0015172344689378754, 0.4391894465387909, 3.622130483413044E-4, 2.9095489041980187, 4.574431603410657E-4, -2.0002390552376834, 4.296738080634171, 6.6329855825643005
0.0015236472945891779, 0.4410456633889047, 3.637439976936913E-4, 2.926781404715088, 4.623579806311425E-4, -2.005080324826113, 4.273823060915258, 6.633165621324951
0.0015300601202404803, 0.44290188023901866, 3.652749470460783E-4, 2.944213269652071, 4.673122411166721E-4, -2.008580663694872, 4.252417991554103, 6.6333456600856
0.001536472945891783, 0.4447580970891326, 3.6680589639846527E-4, 2.9618467328807334, 4.7230631065450237E-4, -2.0106359442422237, 4.232619069438213, 6.63352569884625
0.0015428857715430856, 0.44661431393924655, 3.6833684575085225E-4, 2.979683923941616, 4.773405622311161E-4, -2.011143245577408, 4.214520986271594, 6.6337057376069
0.0015492985971943883, 0.4484705307893605, 3.6986779510323923E-4, 2.997726864740189, 4.824153728040404E-4, -2.0100009712175724, 4.198216822291216, 6.633885776367549
0.001555711422845691, 0.4503267476394744, 3.713987444556262E-4, 3.0159774663213472, 4.8753112313754425E-4, -2.0071089657695325, 4.183797941200791, 6.634065815128199
0.0015621242484969936, 0.45218296448958833, 3.729296938080132E-4, 3.0344375257278173, 4.926881976327167E-4, -2.002368630565782, 4.171353886343953, 6.6342458538888485
0.0015685370741482963, 0.4540391813397023, 3.7446064316040017E-4, 3.0531087229458933, 4.978869841520524E-4, -1.9956830381484272, 4.160972278207941, 6.634425892649499
0.0015749498997995987, 0.45589539818981617, 3.759915925127871E-4, 3.0719926179384736, 5.031278738387388E-4, -1.986957045457592, 4.152738713392552, 6.634605931410148
0.0015813627254509014, 0.45775161503993006, 3.775225418651741E-4, 3.0910906477744895, 5.084112609305665E-4, -1.9760974057778669, 4.146736664987894, 6.634785970170798
0.001587775551102204, 0.459607831890044, 3.7905349121756106E-4, 3.1104041238520583, 5.137375425688668E-4, -1.9630128792104105, 4.1430473845656115, 6.634966008931447
0.0015941883767535067, 0.46146404874015795, 3.8058444056994804E-4, 3.129934229225256, 5.191071186025463E-4, -1.9476143416866571, 4.14174980578146, 6.635146047692097
0.0016006012024048092, 0.46331998721150225, 3.8211538992233496E-4, 3.1496795472794723, 5.245194480391766E-4, -1.9298148924194594, 4.142920449662479, 6.635322109424616
0.0016070140280561118, 0.46517323468807403, 3.8364633927472194E-4, 3.1696194841433893, 5.299666709568473E-4, -1.9095299596276107, 4.146633331748251, 6.635459726551875
0.0016134268537074145, 0.4670264821646459, 3.851772886271089E-4, 3.1897785906497553, 5.354582387835128E-4, -1.8866774046456583, 4.152959870942812, 6.635597343679133
0.0016198396793587172, 0.46887972964121766, 3.867082379794959E-4, 3.210157511806262, 5.409945591520234E-4, -1.8611776240676814, 4.161968800455692, 6.635734960806391
0.0016262525050100194, 0.47073297711778944, 3.8823918733188283E-4, 3.230756752516296, 5.465760413538966E-4, -1.8329536500720667, 4.173726080632453, 6.635872577933649
0.001632665330661322, 0.4725862245943612, 3.897701366842698E-4, 3.251576675571222, 5.522030961173216E-4, -1.8019312487402446, 4.188294813875345, 6.636010195060907
0.0016390781563126247, 0.47443947207093307, 3.913010860366568E-4, 3.2726174997670086, 5.578761353810148E-4, -1.7680390162674837, 4.205735161749242, 6.636147812188165
0.0016454909819639274, 0.47629271954750485, 3.9283203538904377E-4, 3.2938792981467095, 5.635955720648583E-4, -1.731208473069668, 4.226104264248116, 6.636285429315423
0.0016519038076152298, 0.47814596702407663, 3.943629847414307E-4, 3.315361996369731, 5.693618198370211E-4, -1.6913741555861679, 4.249456161401446, 6.636423046442681
0.0016583166332665325, 0.4799992145006484, 3.958939340938177E-4, 3.337065371214102, 5.751752928780196E-4, -1.6484737058133319, 4.275841717211484, 6.63656066356994
0.0016647294589178351, 0.48185246197722026, 3.9742488344620465E-4, 3.3589890492114804, 5.810364056418301E-4, -1.6024479583757318, 4.305308546067837, 6.636698280697198
0.0016711422845691378, 0.48370570945379204, 3.9895583279859163E-4, 3.381132505422457, 5.869455726142242E-4, -1.553241025129212, 4.3379009416566845, 6.636835897824456
0.0016775551102204403, 0.4855589569303638, 4.0048678215097856E-4, 3.4034950623472504, 5.929032080687537E-4, -1.5008003772545457, 4.37365980836828, 6.636973514951714
0.001683967935871743, 0.4874122044069356, 4.0201773150336554E-4, 3.426075888984286, 5.989097258202484E-4, -1.44507692450407, 4.412622595588722, 6.637111132078973
0.0016903807615230456, 0.48926545188350745, 4.035486808557525E-4, 3.448874000029562, 6.049655389765254E-4, -1.3860250919620256, 4.454823234419664, 6.637248749206231
0.0016967935871743482, 0.49111869936007924, 4.050796302081395E-4, 3.4718882552270607, 6.110710596879856E-4, -1.3236028937388176, 4.500292077484738, 6.637386366333489
0.0017032064128256507, 0.4929727219443042, 4.066105795605264E-4, 3.4951435055412396, 6.172373304094757E-4, -1.2577720039113507, 4.549055841425645, 6.637563540434778
0.0017096192384769534, 0.4948275196361823, 4.081415289129134E-4, 3.5186385990071685, 6.234650029630767E-4, -1.188497824387761, 4.601137552453254, 6.637780271510097
0.0017160320641282558, 0.4966823173280605, 4.096724782653004E-4, 3.542345881355036, 6.2974393592908E-4, -1.1157495497677374, 4.656556494831608, 6.637997002585418
0.0017224448897795587, 0.49853711501993875, 4.112034276176874E-4, 3.5662635891275087, 6.360745369589265E-4, -1.0395002289431818, 4.715328162578829, 6.638213733660737
0.0017288577154308611, 0.5003919127118168, 4.1273437697007435E-4, 3.590389802969696, 6.424572114773531E-4, -0.9597268235411202, 4.777464214236619, 6.638430464736056
0.0017352705410821638, 0.5022467104036951, 4.142653263224613E-4, 3.6147224479203715, 6.488923624262174E-4, -0.8764102629995678, 4.842972430931891, 6.638647195811377
0.0017416833667334665, 0.5041015080955732, 4.157962756748483E-4, 3.639259293863333, 6.55380390008703E-4, -0.7895354962418252, 4.911856677741013, 6.638863926886696
0.0017480961923847691, 0.5059563057874514, 4.173272250272353E-4, 3.663997956150922, 6.619216914332759E-4, -0.6990915398206258, 4.984116868490843, 6.639080657962015
0.0017545090180360718, 0.5078111034793296, 4.1885817437962227E-4, 3.688935896389154, 6.685166606586388E-4, -0.6050715225852348, 5.059748933898785, 6.639297389037336
0.0017609218436873742, 0.5096659011712077, 4.203891237320092E-4, 3.7140704234037756, 6.751656881389533E-4, -0.507472726545294, 5.138744793428679, 6.639514120112655
0.001767334669338677, 0.5115206988630858, 4.2192007308439617E-4, 3.739398694367935, 6.818691605704945E-4, -0.40629662408356276, 5.2210923306259325, 6.6397308511879745
0.0017737474949899796, 0.513375496554964, 4.2345102243678315E-4, 3.764917716111725, 6.886274606394123E-4, -0.3015489113399272, 5.306775372160072, 6.639947582263295
0.0017801603206412822, 0.5152302942468422, 4.2498197178917013E-4, 3.7906243466044103, 6.954409667711066E-4, -0.19323953761881568, 5.395773670680776, 6.640164313338614
0.0017865731462925847, 0.5170850919387203, 4.2651292114155706E-4, 3.8165152966167213, 7.023100528816182E-4, -0.08138273087121292, 5.488062891433805, 6.6403810444139335
0.0017929859719438873, 0.5189398896305984, 4.2804387049394404E-4, 3.8425871315603786, 7.092350881310926E-4, 0.03400298096159419, 5.583614602837342, 6.640597775489254
0.00179939879759519, 0.5207946873224766, 4.29574819846331E-4, 3.868836273509075, 7.162164366798021E-4, 0.15289475269063088, 5.682396270961324, 6.640814506564573
0.0018058116232464927, 0.5226472669348204, 4.31105769198718E-4, 3.8952883562488196, 7.232671116282961E-4, 0.2752654089758399, 5.7843712581701565, 6.641073077739845
0.0018122244488977949, 0.5244996170906605, 4.326367185511049E-4, 3.9219134293622346, 7.30376312608339E-4, 0.40108343568357874, 5.889498825807393, 6.64133597720132
0.0018186372745490976, 0.5263519672465008, 4.341676679034919E-4, 3.94870447341701, 7.3754308876719E-4, 0.5303129756140605, 5.997734141036617, 6.641598876662794
0.0018250501002004002, 0.528204317402341, 4.356986172558789E-4, 3.975657361061778, 7.447677829856541E-4, 0.6629138288756558, 6.10902828810861, 6.6418617761242675
0.0018314629258517029, 0.5300566675581811, 4.3722956660826586E-4, 4.002767834472458, 7.520507319726715E-4, 0.7988414576569952, 6.223328283788008, 6.642124675585742
0.0018378757515030053, 0.5319090177140213, 4.387605159606528E-4, 4.030031508483759, 7.59392266042408E-4, 0.9380469958021311, 6.340577097322982, 6.642387575047216
0.001844288577154308, 0.5337613678698615, 4.4029146531303977E-4, 4.05744387390974, 7.66792708896361E-4, 1.0804772630725599, 6.460713674855746, 6.64265047450869
0.0018507014028056106, 0.5356137180257018, 4.4182241466542675E-4, 4.085000301055814, 7.742523774095572E-4, 1.226074784269923, 6.58367296842255, 6.642913373970164
0.0018571142284569133, 0.537466068181542, 4.4335336401781373E-4, 4.112696043417927, 7.817715814232092E-4, 1.3747778131989101, 6.709385969509128, 6.643176273431639
0.0018635270541082158, 0.5393184183373821, 4.4488431337020066E-4, 4.140526241574662, 7.893506235418556E-4, 1.5265203617484708, 6.837779747441385, 6.643439172893112
0.0018699398797595184, 0.5411707684932223, 4.4641526272258764E-4, 4.1684859272684776, 7.96989798936889E-4, 1.6812322339827577, 6.968777492487093, 6.6437020723545865
0.001876352705410821, 0.5430231186490626, 4.479462120749746E-4, 4.196570027682924, 8.046893951561039E-4, 1.8388390653646656, 7.102298563767352, 6.643964971816061
0.0018827655310621237, 0.5448754688049028, 4.494771614273616E-4, 4.224773369904312, 8.124496919401109E-4, 1.9992623672929246, 7.238258542186539, 6.6442278712775344
0.0018891783567134264, 0.546727818960743, 4.510081107797486E-4, 4.253090685581256, 8.202709610449247E-4, 2.162419576993225, 7.376569288347315, 6.644490770739009
0.001895591182364729, 0.5485801691165832, 4.5253906013213556E-4, 4.281516615773924, 8.281534660722965E-4, 2.3282241127157572, 7.517139005476872, 6.644753670200483
0.0019020040080160317, 0.5504327692421527, 4.5407000948452254E-4, 4.310044601935914, 8.36096956445989E-4, 2.4965854345115486, 7.6598723075448945, 6.645015063769514
0.0019084168336673344, 0.5522859193011268, 4.556009588369095E-4, 4.338667766249856, 8.441010574273934E-4, 2.6674091106242814, 7.804670292643184, 6.64527314437517
0.0019148296593186366, 0.5541390693601007, 4.5713190818929644E-4, 4.36738295149722, 8.521671124134093E-4, 2.840596889459001, 7.951430621584498, 6.645531224980825
0.0019212424849699393, 0.5559922194190747, 4.586628575416834E-4, 4.396184488706822, 8.60295350728419E-4, 3.0160467773482136, 8.100047601900066, 6.645789305586481
0.001927655310621242, 0.5578453694780487, 4.601938068940704E-4, 4.4250666454382355, 8.684859928116987E-4, 3.193653122164894, 8.25041227729749, 6.646047386192136
0.0019340681362725446, 0.5596985195370229, 4.617247562464574E-4, 4.454023631779606, 8.767392500970573E-4, 3.3733067028424037, 8.402412522626644, 6.646305466797792
0.001940480961923847, 0.5615516695959968, 4.632557055988443E-4, 4.483049606529406, 8.850553249019309E-4, 3.5548948248370382, 8.55593314435989, 6.646563547403448
0.0019468937875751497, 0.5634048196549708, 4.647866549512313E-4, 4.512138683569731, 8.934344103265482E-4, 3.7383014217979786, 8.710855986873984, 6.6468216280091035
0.0019533066132264524, 0.5652579697139448, 4.6631760430361827E-4, 4.541284938425804, 9.018766901626209E-4, 3.9234071632708223, 8.867060044321287, 6.6470797086147595
0.001959719438877755, 0.567111119772919, 4.6784855365600525E-4, 4.570482415013743, 9.103823388126892E-4, 4.1100895688090056, 9.024421578467711, 6.6473377892204155
0.0019661322645290573, 0.5689642698318929, 4.693795030083922E-4, 4.599725132567514, 9.189515212201203E-4, 4.298223128154998, 9.182814242128053, 6.647595869826071
0.00197254509018036, 0.5708174198908669, 4.7091045236077915E-4, 4.629007092756979, 9.275843928098857E-4, 4.4876794282127355, 9.342109208971564, 6.647853950431727
0.0019789579158316626, 0.5726705699498409, 4.7244140171316613E-4, 4.658322286981104, 9.36281099440996E-4, 4.67832728618793, 9.502175308963048, 6.648112031037382
0.0019853707414829655, 0.574523720008815, 4.739723510655531E-4, 4.687664703843893, 9.450417773701489E-4, 4.87003288947008, 9.66287917010103, 6.648370111643038
0.001991783567134268, 0.5763768700677889, 4.7550330041794004E-4, 4.717028336809264, 9.538665532275075E-4, 5.062659942173346, 9.824085366296801, 6.648628192248694
0.0019981963927855704, 0.578230020126763, 4.77034249770327E-4, 4.746407192031484, 9.627555440045194E-4, 5.25606981843864, 9.98565657152221, 6.648886272854349
0.0020046092184368733, 0.5800803775563247, 4.78565199122714E-4, 4.7758012839454835, 9.71711722503165E-4, 5.450121722506017, 10.14745372020336, 6.649152023161548
0.0020110220440881757, 0.5819296422178554, 4.80096148475101E-4, 4.805201070603374, 9.807334867229355E-4, 5.644672855777818, 10.309336174065468, 6.649420774656307
0.002017434869739478, 0.583778906879386, 4.816270978274879E-4, 4.834598309678398, 9.898198110389897E-4, 5.83957859080592, 10.471161895386363, 6.649689526151066
0.002023847695390781, 0.5856281715409168, 4.831580471798749E-4, 4.8639871398688115, 9.989707742795702E-4, 6.034692652484996, 10.632787626889764, 6.649958277645825
0.0020302605210420835, 0.5874774362024475, 4.8468899653226187E-4, 4.89336175428889, 0.0010081864457673635, 6.229867306315598, 10.794069078169768, 6.650227029140584
0.0020366733466933864, 0.5893267008639783, 4.8621994588464885E-4, 4.922716409314916, 0.0010174668853876, 6.4249535539513465, 10.95486111880007, 6.650495780635343
0.002043086172344689, 0.591175965525509, 4.8775089523703577E-4, 4.952045433583521, 0.0010268121436689433, 6.61980133605881, 11.115017978194151, 6.650764532130102
0.0020494989979959913, 0.5930252301870398, 4.892818445894228E-4, 4.981343237152771, 0.0010362222618801806, 6.814259742650077, 11.274393452354959, 6.651033283624861
0.0020559118236472937, 0.5948744948485705, 4.908127939418097E-4, 5.0106043208105575, 0.001045697272141143, 7.008177230903258, 11.432841117506813, 6.65130203511962
0.002062324649298597, 0.5967237595101014, 4.923437432941968E-4, 5.0398232855404785, 0.0010552371975484712, 7.20140185053568, 11.590214550653274, 6.651570786614379
0.002068737474949899, 0.598573024171632, 4.938746926465837E-4, 5.068994842124198, 0.001064842052317343, 7.393781476858357, 11.746367557214926, 6.651839538109138
0.002075150300601202, 0.6004222888331627, 4.954056419989707E-4, 5.098113820892735, 0.0010745118419382988, 7.585164051633646, 11.901154405830434, 6.652108289603897
0.0020815631262525044, 0.6022715534946935, 4.969365913513577E-4, 5.127175181619151, 0.0010842465633498256, 7.775397831715119, 12.054430070304708, 6.6523770410986565
0.0020879759519038072, 0.6041208181562242, 4.984675407037446E-4, 5.156174023537204, 0.0010940462051277008, 7.9643316456134965, 12.206050478812278, 6.6526457925934155
0.0020943887775551097, 0.605970082817755, 4.999984900561316E-4, 5.185105595502421, 0.001103910747689318, 8.15181515811624, 12.355872770516566, 6.6529145440881745
0.0021008016032064126, 0.6078195925835227, 5.015294394085186E-4, 5.213958162888844, 0.0011138365809019932, 8.33769914293985, 12.503755559527503, 6.653174574931755
0.002107214428857715, 0.6096708180789487, 5.030603887609056E-4, 5.242684243700836, 0.0011238019744309324, 8.521835763595876, 12.64955920641186, 6.653373561217083
0.002113627254509018, 0.6115220435743749, 5.045913381132926E-4, 5.27132944525232, 0.0011338318076175701, 8.704078862477212, 12.793146097186495, 6.65357254750241
0.00212004008016032, 0.6133732690698008, 5.061222874656794E-4, 5.299889718808771, 0.0011439260289568386, 8.88428425829337, 12.934380930031198, 6.653771533787738
0.002126452905811623, 0.615224494565227, 5.076532368180664E-4, 5.328361217842854, 0.0011540845800637675, 9.062310051950826, 13.07313100963467, 6.653970520073066
0.0021328657314629252, 0.617075720060653, 5.091841861704534E-4, 5.356740308869917, 0.001164307395981055, 9.238016940971834, 13.209266549445834, 6.654169506358394
0.002139278557114228, 0.6189269455560792, 5.107151355228404E-4, 5.3850235823963715, 0.001174594405504787, 9.411268542300254, 13.342660981517653, 6.654368492643721
0.0021456913827655306, 0.6207781710515052, 5.122460848752273E-4, 5.4132078639526355, 0.0011849455315267425, 9.58193172416871, 13.473191274683714, 6.654567478929049
0.002152104208416833, 0.6226293965469314, 5.137770342276143E-4, 5.441290225218694, 0.0011953606913978915, 9.749876946249898, 13.600738260269823, 6.654766465214377
0.002158517034068136, 0.6244806220423575, 5.153079835800013E-4, 5.4692679952200365, 0.0012058397973061224, 9.91497860907019, 13.725186966292764, 6.654965451499705
0.0021649298597194383, 0.6263318475377836, 5.168389329323883E-4, 5.497138771609144, 0.0012163827566759374, 10.077115412045503, 13.84642695949635, 6.655164437785032
0.002171342685370741, 0.6281830730332097, 5.183698822847753E-4, 5.524900432013169, 0.001226989472584707, 10.236170720770877, 13.96435269588031, 6.6553634240703605
0.0021777555110220432, 0.6300342985286357, 5.199008316371621E-4, 5.55255114543786, 0.0012376598441982203, 10.392032943113293, 14.078863879205363, 6.655562410355688
0.002184168336673346, 0.6318855240240618, 5.214317809895491E-4, 5.580089383741836, 0.001248393767225485, 10.544595914781054, 14.189865828174158, 6.655761396641016
0.0021905811623246486, 0.6337367495194879, 5.229627303419361E-4, 5.607513933137227, 0.001259191134391796, 10.693759293912619, 14.297269851822431, 6.655960382926343
0.0021969939879759514, 0.635587975014914, 5.244936796943231E-4, 5.634823905760072, 0.0012700518359311623, 10.839428965176273, 14.400993633588175, 6.656159369211672
0.002203406813627254, 0.637440673253819, 5.260246290467101E-4, 5.662044034762857, 0.0012809890598461104, 10.981517453179748, 14.500961623848667, 6.656387756088305
0.0022098196392785568, 0.6392946709722642, 5.27555578399097E-4, 5.68917136146888, 0.0012920013543559102, 11.119944345466873, 14.597105441186544, 6.656642084663151
0.0022162324649298588, 0.6411486686907093, 5.290865277514839E-4, 5.7161838029520595, 0.0013030769406303933, 11.254636724979408, 14.689364282266146, 6.656896413237996
0.002222645290581162, 0.6430026664091546, 5.30617477103871E-4, 5.743081891244572, 0.0013142157055800949, 11.3855296124088, 14.777685340748361, 6.657150741812842
0.002229058116232464, 0.6448566641275997, 5.321484264562579E-4, 5.769866542473039, 0.0013254175363754395, 11.512566418129289, 14.862024234864897, 6.6574050703876875
0.0022354709418837674, 0.646710661846045, 5.33679375808645E-4, 5.7965390685129705, 0.0013366823210550424, 11.635699403982871, 14.942345443995313, 6.657659398962533
0.0022418837675350694, 0.64856465956449, 5.352103251610318E-4, 5.823101188631824, 0.0013480099491535967, 11.7548901551256, 15.018622754364372, 6.657913727537378
0.002248296593186372, 0.6504186572829352, 5.367412745134188E-4, 5.849555041124063, 0.001359400312349112, 11.870110061739098, 15.090839713734713, 6.658168056112223
0.0022547094188376748, 0.6522726550013804, 5.382722238658058E-4, 5.875903194911302, 0.0013708533051296906, 11.981340810858649, 15.158990095240426, 6.658422384687069
0.002261122244488977, 0.6541266527198257, 5.398031732181928E-4, 5.9021486611100045, 0.0013823688254789857, 12.088574888483647, 15.223078370621066, 6.658676713261914
0.0022675350701402796, 0.6559806504382707, 5.413341225705796E-4, 5.928294904540849, 0.0013939467755826364, 12.19181609184655, 15.283120192651742, 6.65893104183676
0.0022739478957915825, 0.6578346481567161, 5.428650719229667E-4, 5.954345855209965, 0.0014055870625519634, 12.291080052007974, 15.339142886893498, 6.659185370411605
0.002280360721442885, 0.6596886458751612, 5.443960212753536E-4, 5.980305919701834, 0.0014172895991693552, 12.386394766968436, 15.391185953110147, 6.659439698986451
0.002286773547094188, 0.6615426435936065, 5.459269706277407E-4, 6.0061799925087485, 0.001429054304650082, 12.477801145270037, 15.439301576088338, 6.659694027561296
0.0022931863727454903, 0.6633966413120516, 5.474579199801276E-4, 6.031973467281887, 0.0014408811054257217, 12.565353560067159, 15.483555145990357, 6.659948356136142
0.0022995991983967927, 0.6652506390304967, 5.489888693325145E-4, 6.0576922479731365, 0.0014527699359455325, 12.64912041411953, 15.52402578865027, 6.660202684710987
0.0023060120240480956, 0.6671028078880958, 5.505198186849015E-4, 6.083229545615666, 0.0014646584127878046, 12.729184715267614, 15.56080690528309, 6.6603313731166045
0.002312424849699398, 0.6689548548216385, 5.520507680372885E-4, 6.108697320612293, 0.0014766039358160427, 12.805644662978958, 15.594006722346665, 6.66045168551094
0.002318837675350701, 0.6708069017551812, 5.535817173896755E-4, 6.1341105997709064, 0.0014886105971203753, 12.878614245679733, 15.62374885102859, 6.660571997905275
0.0023252505010020034, 0.6726589486887239, 5.551126667420625E-4, 6.159477437470912, 0.0015006783683958087, 12.948223849172457, 15.650172856938982, 6.66069231029961
0.0023316633266533063, 0.6745109956222667, 5.566436160944494E-4, 6.184806452408111, 0.0015128072336410142, 13.01462087613419, 15.673434839680192, 6.660812622693945
0.0023380761523046087, 0.6763630425558094, 5.581745654468364E-4, 6.210106837955266, 0.001524997190069495, 13.077970376773266, 15.693708022653302, 6.66093293508828
0.002344488977955911, 0.678215089489352, 5.597055147992234E-4, 6.235388372381067, 0.001537248249039197, 13.138455690766518, 15.711183352947366, 6.661053247482616
0.0023509018036072136, 0.6800671364228946, 5.612364641516103E-4, 6.260661428866456, 0.0015495604370007188, 13.196279100539824, 15.726070111612342, 6.661173559876951
0.0023573146292585165, 0.6819191833564374, 5.627674135039974E-4, 6.285936985331773, 0.0015619337964601424, 13.251662495941499, 15.738596534154143, 6.661293872271286
0.002363727454909819, 0.68377123028998, 5.642983628563842E-4, 6.311226634070067, 0.0015743683869614208, 13.304848050533328, 15.74901044156735, 6.661414184665621
0.0023701402805611214, 0.6856232772235227, 5.658293122087712E-4, 6.336542591153716, 0.0015868642860842885, 13.356098909350647, 15.75757988176154, 6.661534497059956
0.0023765531062124243, 0.6874753241570654, 5.673602615611582E-4, 6.361897705612023, 0.0015994215904573117, 13.405699888403852, 15.764593781541672, 6.661654809454292
0.0023829659318637267, 0.689327371090608, 5.688912109135452E-4, 6.387305468364957, 0.0016120404167897923, 13.453958186003272, 15.770362609347085, 6.661775121848627
0.0023893787575150296, 0.6911794180241508, 5.704221602659322E-4, 6.412780020909281, 0.0016247209029149404, 13.5012041057188, 15.775219048436371, 6.661895434242962
0.002395791583166332, 0.6930314649576935, 5.719531096183191E-4, 6.4383361637309235, 0.0016374632088541272, 13.547791791602917, 15.779518681195102, 6.662015746637297
0.0024022044088176345, 0.6948820284021476, 5.73484058970706E-4, 6.463992554917809, 0.0016502693475823269, 13.594099975113208, 15.783640684021925, 6.66213945613448
0.0024086172344689374, 0.6967297597310694, 5.750150083230931E-4, 6.489768271225671, 0.0016631412286007147, 13.640532734319244, 15.787988533237247, 6.6622696510098285
0.00241503006012024, 0.6985774910599911, 5.7654595767548E-4, 6.5156740632364745, 0.00167607561093433, 13.687520265188033, 15.792990721970952, 6.662399845885176
0.0024214428857715423, 0.7004252223889128, 5.780769070278669E-4, 6.541727445645279, 0.0016890727544787432, 13.735519665207136, 15.799101488163402, 6.662530040760524
0.0024278557114228447, 0.7022729537178345, 5.796078563802539E-4, 6.567946629674452, 0.0017021329468297972, 13.785015729400692, 15.806801553741805, 6.6626602356358715
0.0024342685370741476, 0.7041206850467563, 5.811388057326409E-4, 6.594350529576673, 0.0017152565044288443, 13.836521758536403, 15.81659887477274, 6.66279043051122
0.00244068136272545, 0.705968416375678, 5.826697550850279E-4, 6.620958768773789, 0.0017284437737151576, 13.890580380203554, 15.829029403311411, 6.662920625386568
0.002447094188376753, 0.7078161477045998, 5.842007044374149E-4, 6.647791685615061, 0.0017416951322913737, 13.94776438209343, 15.84465786012083, 6.663050820261915
0.002453507014028055, 0.7096638790335213, 5.857316537898017E-4, 6.674870338707706, 0.0017550109900993371, 14.008677558381246, 15.864078519369402, 6.663181015137264
0.0024599198396793582, 0.7115116103624433, 5.872626031421888E-4, 6.702216511879669, 0.001768391790605367, 14.073955568626678, 15.88791600446394, 6.663311210012611
0.0024663326653306603, 0.7133593416913648, 5.887935524945757E-4, 6.729852718668212, 0.0017818380119959398, 14.144266809265407, 15.916826095288785, 6.663441404887959
0.002472745490981963, 0.7152070730202865, 5.903245018469627E-4, 6.757802206383531, 0.001795350168381643, 14.220313298906943, 15.951496547987047, 6.663571599763307
0.0024791583166332656, 0.7170548043492083, 5.918554511993497E-4, 6.786088959705921, 0.001808928811006097, 14.302831575442477, 15.992647925151818, 6.663701794638655
0.0024855711422845685, 0.71890253567813, 5.933864005517366E-4, 6.814737703784772, 0.0018225745294687956, 14.392593607309495, 16.041034439025534, 6.663831989514002
0.0024919839679358713, 0.7207502670070519, 5.949173499041237E-4, 6.843773906871888, 0.0018362879529458948, 14.490407717240743, 16.09744480576372, 6.663962184389351
0.002498396793587174, 0.7225979983359735, 5.964482992565106E-4, 6.873223782410378, 0.001850069751425168, 14.597119519895655, 16.16270311231573, 6.664092379264699
0.0025048096192384762, 0.7244439696952729, 5.979792486088976E-4, 6.903323426618726, 0.0018640456959348461, 14.713612872094224, 16.23766969456101, 6.664435991592234
0.002511222444889779, 0.7262893543980317, 5.995101979612846E-4, 6.933962412818687, 0.0018781346891808964, 14.84081083708955, 16.32324202810837, 6.6648507430705
0.0025176352705410816, 0.7281347391007903, 6.010411473136715E-4, 6.9650996697250775, 0.0018922960682221796, 14.979676662185703, 16.420355631206785, 6.665265494548764
0.0025240480961923836, 0.7299801238035489, 6.025720966660584E-4, 6.996764401993346, 0.0019065306856563269, 15.131214769921865, 16.529984979708587, 6.66568024602703
0.002530460921843687, 0.7318255085063078, 6.041030460184455E-4, 7.028986561614374, 0.00192083944109947, 15.296471762727512, 16.653144434235973, 6.6660949975052946
0.002536873747494989, 0.7336708932090663, 6.056339953708324E-4, 7.061796846568768, 0.0019352232824343951, 15.476537441936294, 16.790889180292403, 6.66650974898356
0.002543286573146292, 0.7355162779118252, 6.071649447232195E-4, 7.095226698790384, 0.0019496832070554637, 15.672545839943307, 16.944316180129523, 6.666924500461825
0.0025496993987975942, 0.7373616626145837, 6.086958940756063E-4, 7.129308301507535, 0.001964220263111882, 15.885676266778212, 17.114565137611834, 6.66733925194009
0.002556112224448897, 0.7392070473173423, 6.102268434279933E-4, 7.164074575890481, 0.001978835550748459, 16.11715437055703, 17.302819475577383, 6.667754003418355
0.0025625250501001996, 0.7410524320201011, 6.117577927803803E-4, 7.1995591769828025, 0.0019935302233438645, 16.368253211976427, 17.510307325777994, 6.66816875489662
0.0025689378757515024, 0.7428978167228598, 6.132887421327673E-4, 7.235796488920641, 0.0020083054887411744, 16.640294353178096, 17.738302531824953, 6.668583506374886
0.002575350701402805, 0.7447432014256185, 6.148196914851542E-4, 7.272821619405704, 0.0020231626104733197, 16.934648960476622, 17.988125664419346, 6.668998257853151
0.0025817635270541078, 0.7465885861283772, 6.163506408375412E-4, 7.310670393437249, 0.0020381029089839436, 17.252738922154595, 18.26114505038214, 6.669413009331416
0.0025881763527054098, 0.7484339708311357, 6.178815901899281E-4, 7.349379346219848, 0.0020531277628311334, 17.596037979652593, 18.558777813426786, 6.669827760809681
0.002594589178356713, 0.7502793555338946, 6.194125395423152E-4, 7.388985715276476, 0.002068238609895065, 17.966072874474104, 18.882490929329922, 6.670242512287946
0.002601002004008015, 0.7521240869766195, 6.209434888947021E-4, 7.429537302534982, 0.00208344307775174, 18.36442450877481, 19.233802293174694, 6.670666945681482
0.002607414829659318, 0.7539652908151633, 6.22474438247089E-4, 7.471116344498796, 0.002098769924932048, 18.79272912091632, 19.61428180013658, 6.671143661417481
0.0026138276553106204, 0.755806494653707, 6.24005387599476E-4, 7.513708966497006, 0.0021141878457053426, 19.252679476091, 20.025552439815307, 6.67162037715348
0.002620240480961923, 0.7576476984922507, 6.25536336951863E-4, 7.557355119833801, 0.0021296985285624015, 19.746026071355033, 20.469291403461238, 6.672097092889478
0.0026266533066132258, 0.7594889023307945, 6.2706728630425E-4, 7.602095405878799, 0.0021453037271169373, 20.274578355721143, 20.947231204678662, 6.672573808625477
0.002633066132264528, 0.7613301061693382, 6.28598235656637E-4, 7.647971062888246, 0.0021610052612137665, 20.840205965726238, 21.46116081420013, 6.673050524361476
0.0026394789579158306, 0.7631713100078817, 6.301291850090238E-4, 7.695023951879648, 0.0021768050180267923, 21.444839975232057, 22.01292680717965, 6.673527240097474
0.0026458917835671335, 0.7650125138464257, 6.316601343614109E-4, 7.743296541468453, 0.0021927049531223347, 22.090474161016935, 22.604434524815574, 6.674003955833473
0.002652304609218436, 0.7668537176849692, 6.331910837137978E-4, 7.792831891760443, 0.0022087070915126628, 22.779166283991056, 23.237649250052336, 6.674480671569472
0.0026587174348697384, 0.7686949215235129, 6.347220330661848E-4, 7.843673637138409, 0.0022248135286770665, 23.513039384606635, 23.91459739579329, 6.67495738730547
0.0026651302605210417, 0.7705361253620568, 6.362529824185719E-4, 7.895865968034286, 0.0022410264315572553, 24.294283094756334, 24.637367708101422, 6.675434103041469
0.0026715430861723437, 0.7723773292006004, 6.377839317709587E-4, 7.949453611622175, 0.0022573480395277623, 25.125154964857146, 25.408112482959822, 6.675910818777468
0.002677955911823647, 0.7742185330391443, 6.393148811233458E-4, 8.004481811371988, 0.0022737806653354287, 26.007981806565354, 26.22904879704828, 6.6763875345134664
0.002684368737474949, 0.7760597368776879, 6.408458304757327E-4, 8.060996305460549, 0.0022903266960064145, 26.945161050814054, 27.102459752192644, 6.676864250249466
0.002690781563126252, 0.7779009407162316, 6.423767798281197E-4, 8.119043304064007, 0.0023069885937189727, 27.939162122232315, 28.030695734597213, 6.677340965985464
0.0026971943887775544, 0.7797421445547754, 6.439077291805067E-4, 8.178669465438361, 0.0023237688966459558, 28.99252782900878, 29.016175687904617, 6.6778176817214625
0.0027036072144288573, 0.7815778951915101, 6.454386785328936E-4, 8.240092258818322, 0.0023407801947908924, 30.107875768938808, 30.061388400723946, 6.678454811619118
0.0027100200400801593, 0.7834094044490599, 6.469696278852805E-4, 8.303322508600331, 0.0023580022496255126, 31.28789975113703, 31.168893808187562, 6.679216708086951
0.002716432865731462, 0.7852409137066101, 6.485005772376676E-4, 8.368275877086035, 0.002375352724537788, 32.53537123433725, 32.34132430844169, 6.679978604554784
0.0027228456913827646, 0.7870724229641599, 6.500315265900545E-4, 8.435000551769235, 0.002392834476935113, 33.853140781048275, 33.58138609327377, 6.680740501022617
0.0027292585170340675, 0.78890393222171, 6.515624759424416E-4, 8.503545029860334, 0.002410450443819878, 35.24413952785513, 34.89186049322015, 6.68150239749045
0.00273567134268537, 0.7907354414792599, 6.530934252948284E-4, 8.573958086682524, 0.002428203642376281, 36.71138067268104, 36.27560533789145, 6.6822642939582835
0.0027420841683366724, 0.7925669507368098, 6.546243746472154E-4, 8.64628874271466, 0.002446097170500844, 38.25796097789001, 37.73555633052102, 6.683026190426117
0.0027484969939879753, 0.7943984599943598, 6.561553239996024E-4, 8.72058622914119, 0.0024641342072909966, 39.887062290068236, 39.27472843728297, 6.68378808689395
0.0027549098196392777, 0.7962299692519098, 6.576862733519894E-4, 8.796899952058538, 0.0024823180134710687, 41.601953076469094, 40.89621729172579, 6.684549983361783
0.00276132264529058, 0.7980614785094596, 6.592172227043762E-4, 8.875279455163763, 0.0025006519317680442, 43.4059899784873, 42.6032006143811, 6.685311879829616
0.002767735470941883, 0.7998929877670097, 6.607481720567633E-4, 8.955774380964613, 0.0025191393872229517, 45.30261938096623, 44.39893964652105, 6.686073776297449
0.0027741482965931855, 0.8017244970245596, 6.622791214091502E-4, 9.038434430457528, 0.0025377838874431347, 47.295378999517375, 46.286780600023405, 6.686835672765282
0.0027805611222444884, 0.8035560062821097, 6.638100707615373E-4, 9.123309321241322, 0.0025565890227937926, 49.38789948399283, 48.27015612177414, 6.687597569233115
0.002786973947895791, 0.8053875155396595, 6.653410201139242E-4, 9.21044874407471, 0.002575558466514083, 51.58390603918518, 50.35258677345633, 6.688359465700948
0.0027933867735470933, 0.8072190247972095, 6.668719694663111E-4, 9.299902317800388, 0.002594695974777045, 53.88722006270145, 52.537682526624174, 6.689121362168781
0.002799799599198396, 0.8090505340547595, 6.684029188186981E-4, 9.391719542589271, 0.002614005386665952, 56.301760800232046, 54.829144273473126, 6.6898832586366135
0.0028062124248496986, 0.8108724048429861, 6.699338681710851E-4, 9.486270334495657, 0.0026337053934474552, 58.83154701739946, 57.23076535234398, 6.690934858626718
0.0028126252505010006, 0.8126939647128473, 6.71464817523472E-4, 9.58329523466773, 0.0026535942749416896, 61.480698689680054, 59.74643308944323, 6.691995803891733
0.002819038076152304, 0.8145155245827087, 6.729957668758591E-4, 9.682832776341456, 0.0026736692321943645, 64.25343870997237, 62.38013035635639, 6.6930567491567485
0.0028254509018036064, 0.81633708445257, 6.74526716228246E-4, 9.784931485010475, 0.00269393444285726, 67.15409461218128, 65.13593714179436, 6.694117694421765
0.0028318637274549092, 0.8181586443224313, 6.76057665580633E-4, 9.88963950804191, 0.0027143941662408633, 70.18710031446774, 68.01803214106398, 6.69517863968678
0.0028382765531062117, 0.8199802041922927, 6.7758861493302E-4, 9.997004557390028, 0.0027350527427972837, 73.35699787877353, 71.03069436002357, 6.696239584951796
0.002844689378757514, 0.8218017640621538, 6.791195642854069E-4, 10.10707385040223, 0.0027559145935293072, 76.66843928853339, 74.17830473526018, 6.697300530216811
0.002851102204408817, 0.8236233239320152, 6.80650513637794E-4, 10.219894048782862, 0.0027769842192902905, 80.1261882441479, 77.46534777012914, 6.698361475481827
0.0028575150300601195, 0.8254448838018764, 6.821814629901808E-4, 10.335511195525669, 0.0027982661999979563, 83.73512197700951, 80.89641318761383, 6.699422420746843
0.002863927855711422, 0.8272664436717377, 6.837124123425678E-4, 10.453970649952225, 0.002819765193736279, 87.50023308032928, 84.47619759780996, 6.700483366011858
0.002870340681362725, 0.8290880035415991, 6.852433616949548E-4, 10.575317020639432, 0.002841485935761362, 91.42663135929399, 88.20950618303735, 6.701544311276874
0.0028767535070140272, 0.8309095634114604, 6.867743110473418E-4, 10.699594096420697, 0.0028634332373970173, 95.51954569914386, 92.10125439883181, 6.702605256541889
0.00288316633266533, 0.8327311232813217, 6.883052603997287E-4, 10.82684477516068, 0.002885611984814629, 99.78432595033308, 96.15646969003994, 6.7036662018069055
0.0028895791583166326, 0.834552683151183, 6.898362097521157E-4, 10.957110990541878, 0.002908027137710212, 104.22644483433866, 100.38029322571833, 6.704727147071921
0.0028959919839679346, 0.8363742430210442, 6.913671591045026E-4, 11.090433636577927, 0.0029306837278487152, 108.85149986540905, 104.77798164797792, 6.705788092336936
0.002902404809619238, 0.838183550124781, 6.928981084568897E-4, 11.227067473314946, 0.0029537358190111496, 113.66521529282412, 109.35490883920703, 6.707035970727462
0.00290881763527054, 0.8399724359516428, 6.944290578092766E-4, 11.367196452936696, 0.0029772905205871503, 118.67344406069485, 114.11656770509775, 6.708595404327172
0.002915230460921843, 0.8417613217785049, 6.959600071616635E-4, 11.510500504729862, 0.0030011060097447917, 123.88216978667438, 119.06857197444093, 6.710154837926881
0.0029216432865731452, 0.843550207605367, 6.974909565140505E-4, 11.657015568452607, 0.0030251876054491755, 129.29750875964118, 124.21665801579293, 6.71171427152659
0.002928056112224448, 0.8453390934322291, 6.990219058664375E-4, 11.806776133378662, 0.0030495406896170474, 134.92571195610302, 129.5666866711505, 6.7132737051263
0.0029344689378757506, 0.8471279792590912, 7.005528552188245E-4, 11.959815149070891, 0.003074170704894519, 140.77316707555795, 135.12464510618616, 6.71483313872601
0.0029408817635270534, 0.8489168650859533, 7.020838045712115E-4, 12.116163933892494, 0.003099083152273474, 146.84640059479713, 140.89664867764742, 6.716392572325719
0.0029472945891783555, 0.8507057509128153, 7.036147539235983E-4, 12.275852080875211, 0.0031242835885703646, 153.15207984160625, 146.8889428180242, 6.7179520059254285
0.0029537074148296588, 0.8524946367396775, 7.051457032759854E-4, 12.438907361164638, 0.003149777623750072, 159.69701508716523, 153.10790493679667, 6.719511439525138
0.0029601202404809608, 0.8542835225665394, 7.066766526283723E-4, 12.60535562494806, 0.0031755709180885106, 166.48816165838753, 159.56004633965114, 6.721070873124847
0.0029665330661322637, 0.8560724083934015, 7.082076019807593E-4, 12.775220699737474, 0.0032016691791919016, 173.53262206916324, 166.25201416443156, 6.7226303067245565
0.002972945891783566, 0.8578612942202636, 7.097385513331463E-4, 12.948524286091015, 0.0032280781588267526, 180.83764817086396, 173.1905933343911, 6.724189740324266
0.002979358717434869, 0.8596501800471257, 7.112695006855332E-4, 13.125285850583168, 0.003254803649598237, 188.41064332322173, 180.38270852948486, 6.725749173923975
0.0029857715430861714, 0.8614390658739878, 7.128004500379202E-4, 13.305522516208839, 0.0032818514814539346, 196.25916458367735, 187.83542617428083, 6.727308607523685
0.0029921843687374743, 0.8632279517008499, 7.143313993903072E-4, 13.489248949823377, 0.0033092275180041653, 204.39092491737728, 195.55595644423647, 6.728868041123395
0.0029985971943887768, 0.865016837527712, 7.158623487426942E-4, 13.676477247031471, 0.0033369376526600214, 212.8137954267826, 203.5516552894677, 6.730427474723104
0.003005010020040079, 0.8667788245871098, 7.173932980950812E-4, 13.867932326687878, 0.003365501108536728, 221.53580760023516, 211.83002647544689, 6.732583304819511
0.003011422845691382, 0.8685332799916176, 7.189242474474681E-4, 14.063110039970525, 0.0033945599257651504, 230.5651555819644, 220.39872364272517, 6.734906125934994
0.0030178356713426845, 0.8702877353961255, 7.204551967998551E-4, 14.26181425516097, 0.003423977060326433, 239.9101984611428, 229.26555238396207, 6.737228947050476
0.0030242484969939874, 0.8720421908006333, 7.219861461522421E-4, 14.464045580331913, 0.003453758510504612, 249.57946258076683, 238.43847233811204, 6.739551768165958
0.0030306613226452894, 0.873796646205141, 7.23517095504629E-4, 14.669801432701206, 0.003483910282242375, 259.58164386796335, 247.9255993042601, 6.741874589281441
0.0030370741482965927, 0.875551101609649, 7.25048044857016E-4, 14.879075905795617, 0.0035144383840803317, 269.92561018337534, 257.7352073721306, 6.744197410396923
0.0030434869739478948, 0.8773055570141567, 7.265789942094029E-4, 15.091859633483182, 0.0035453488218992746, 280.6204036918052, 267.87573107163496, 6.746520231512405
0.0030498997995991976, 0.8790600124186645, 7.281099435617899E-4, 15.308139650753219, 0.003576647593416693, 291.6752432522422, 278.3557675397614, 6.748843052627888
0.0030563126252505, 0.8808144678231723, 7.296408929141769E-4, 15.527899251497729, 0.003608340682484501, 303.0995268297568, 289.18407870687236, 6.75116587374337
0.003062725450901803, 0.8825689232276802, 7.311718422665639E-4, 15.751117842882195, 0.0036404340531265844, 314.90283392690145, 300.36959350045913, 6.753488694858853
0.0030691382765531054, 0.884323378632188, 7.327027916189508E-4, 15.977770796447658, 0.0036729336433738435, 327.0949280363076, 311.9214100677376, 6.755811515974335
0.0030755511022044083, 0.8860778340366958, 7.342337409713378E-4, 16.207829296090495, 0.0037058453588218465, 339.68575911441945, 323.848798017191, 6.7581343370898175
0.0030819639278557103, 0.8878322894412035, 7.357646903237247E-4, 16.441260182356018, 0.0037391750659604983, 352.68546607488537, 336.1612006774855, 6.7604571582053
0.0030883767535070136, 0.8895867448457115, 7.372956396761118E-4, 16.67802579347881, 0.0037729285852540206, 366.10437930442646, 348.8682373764197, 6.762779979320783
0.0030947895791583156, 0.8913412002502192, 7.388265890284987E-4, 16.91808380301427, 0.0038071116839341057, 379.953023198668, 361.97970573794134, 6.7651028004362646
0.003101202404809618, 0.893080494114656, 7.403575383808856E-4, 17.161600154860935, 0.0038418878396357936, 394.24211871924393, 375.5055839976453, 6.767595949738986
0.003107615230460921, 0.8947540879721179, 7.418884877332726E-4, 17.409236929785948, 0.003877793554406761, 408.9825859726014, 389.4560333380327, 6.770827187853074
0.0031140280561122234, 0.8964276818295797, 7.434194370856596E-4, 17.66001603681252, 0.003914154138287995, 424.18554680975876, 403.8414002423151, 6.774058425967162
0.0031204408817635263, 0.8981012756870416, 7.449503864380466E-4, 17.91387480736921, 0.003950975108103716, 439.86232744726027, 418.672218866932, 6.77728966408125
0.0031268537074148287, 0.8997748695445035, 7.464813357904336E-4, 18.17074504195807, 0.003988261887524214, 456.02446110970914, 433.9592134334572, 6.780520902195338
0.003133266533066131, 0.9014484634019652, 7.480122851428204E-4, 18.430552825891937, 0.004026019798189617, 472.6836906942899, 449.7133006401542, 6.783752140309426
0.003139679358717434, 0.9031220572594272, 7.495432344952075E-4, 18.693218340995372, 0.004064254050556992, 489.851971456046, 465.9455920918032, 6.786983378423514
0.0031460921843687365, 0.904795651116889, 7.510741838475944E-4, 18.958655673634894, 0.0041029697344237, 507.54147371568007, 482.6673967497752, 6.790214616537602
0.003152505010020039, 0.9064692449743508, 7.526051331999814E-4, 19.22677261865647, 0.0041421718091370074, 525.7645855882012, 499.89022340049326, 6.79344585465169
0.003158917835671342, 0.9081428388318127, 7.541360825523683E-4, 19.497470479539516, 0.004181865093489723, 544.5339157351306, 517.6257831452368, 6.796677092765778
0.0031653306613226443, 0.9098164326892746, 7.556670319047553E-4, 19.77064386425991, 0.0042220542552899865, 563.8622961362594, 535.8859919067888, 6.799908330879866
0.0031717434869739476, 0.9114900265467365, 7.571979812571424E-4, 20.046180477252165, 0.004262743800585889, 583.7627848856812, 554.6829729582879, 6.803139568993954
0.0031781563126252496, 0.9131636204041983, 7.587289306095293E-4, 20.32396090722068, 0.00430393806257412, 604.2486690085947, 574.0290594700505, 6.806370807108042
0.003184569138276552, 0.9148372142616602, 7.602598799619163E-4, 20.6038584106318, 0.004345641190121707, 625.3334673007216, 593.9367970769613, 6.80960204522213
0.003190981963927855, 0.916510808119122, 7.617908293143032E-4, 20.8857386910513, 0.004387857135983331, 647.0309331901094, 614.4189464655094, 6.812833283336218
0.0031973947895791574, 0.9181844019765839, 7.633217786666902E-4, 21.169459674214522, 0.00443058964461418, 669.3550576211522, 635.4884859807656, 6.816064521450306
0.00320380761523046, 0.9197635672630791, 7.648527280190771E-4, 21.45563435863005, 0.0044744258834699124, 692.3200719609675, 657.158614253078, 6.8198771612566675
0.0032102204408817627, 0.9212781235273342, 7.663836773714642E-4, 21.74386978919756, 0.004519192828580376, 715.9404509291634, 679.4427528458554, 6.824087602220901
0.003216633266533065, 0.9227926797915891, 7.679146267238511E-4, 22.033478689476397, 0.004564496269713891, 740.2309155481944, 702.3545489213883, 6.828298043185134
0.003223046092184368, 0.9243072360558442, 7.694455760762381E-4, 22.324285554848757, 0.004610339040370226, 765.2064361191499, 725.9078779294484, 6.832508484149367
0.0032294589178356705, 0.925821792320099, 7.70976525428625E-4, 22.61610591141107, 0.004656723699363319, 790.8822352177035, 750.1168463138431, 6.836718925113599
0.003235871743486973, 0.927336348584354, 7.72507474781012E-4, 22.90874606381476, 0.0047036525163456355, 817.2737907155271, 774.995794241736, 6.840929366077832
0.003242284569138276, 0.928850904848609, 7.74038424133399E-4, 23.202002838672342, 0.004751127456900872, 844.3968388216662, 800.5592983502796, 6.845139807042065
0.0032486973947895782, 0.930365461112864, 7.75569373485786E-4, 23.495663322997643, 0.0047991501672282055, 872.2673771502192, 826.8221745173406, 6.849350248006298
0.0032551102204408807, 0.9318800173771188, 7.771003228381728E-4, 23.78950459796215, 0.00484772195838723, 900.9016678080842, 853.7994806493039, 6.85356068897053
0.0032615230460921836, 0.9333945736413739, 7.786312721905599E-4, 24.08329346769642, 0.004896843790105132, 930.3162405080036, 881.5065194921091, 6.857771129934764
0.003267935871743486, 0.9349091299056288, 7.801622215429468E-4, 24.37678618307109, 0.004946516254160982, 960.527895704694, 909.9588414624299, 6.861981570898997
0.003274348697394789, 0.9364236861698839, 7.816931708953339E-4, 24.669728160763043, 0.004996739557280416, 991.5537077530433, 939.172247498429, 6.866192011863229
0.003280761523046091, 0.9379382424341388, 7.832241202477208E-4, 24.961853696884646, 0.005047513503608547, 1023.4110280905362, 969.1627919322758, 6.870402452827462
0.003287174348697394, 0.9394527986983937, 7.847550696001077E-4, 25.252885675747166, 0.005098837476681162, 1056.117488444062, 999.946785384217, 6.874612893791696
0.0032935871743486962, 0.9409673549626487, 7.862860189524947E-4, 25.542535273323665, 0.005150710420941618, 1089.6910040590321, 1031.5407976766314, 6.878823334755928
0.003299999999999999, 0.9424819112269037, 7.878169683048817E-4, 25.830501655520493, 0.005203130822749369, 1124.1497769530013, 1063.9616607696425, 6.883033775720161
