phi0, phi, rho, Z_fit_curve, F_ex_fit_per_V, mu_kT, PV_NkT, alpha
1.0000000000000005E-4, 0.028957643768554767, 2.387324146378431E-5, 1.0636097397569797, 1.7622437837870568E-6, -37.98957728586569, -37.17013311675415, 6.615560689300411
1.0641282565130265E-4, 0.030814663083023684, 2.540419081617128E-5, 1.0664427342378806, 1.977951470310678E-6, -35.67098443390318, -32.68199375988375, 6.615587293290284
1.1282565130260525E-4, 0.0326716823974926, 2.6935140168558247E-5, 1.0691521615562956, 2.204036427411424E-6, -33.469406021952246, -28.685935751832602, 6.615613897280157
1.1923847695390786E-4, 0.03452870171196152, 2.8466089520945217E-5, 1.0717424412740668, 2.4402005114108684E-6, -31.380749937975985, -25.111169261288875, 6.61564050127003
1.2565130260521045E-4, 0.03638572102643044, 2.9997038873332187E-5, 1.0742179651144474, 2.686154630940914E-6, -29.401023949877246, -21.900826750186514, 6.615667105259902
1.3206412825651306E-4, 0.038242740340899355, 3.152798822571916E-5, 1.0765830965573018, 2.9416186938659445E-6, -27.5263340525233, -19.00860053803739, 6.615693709249776
1.3847695390781567E-4, 0.04009975965536827, 3.305893757810612E-5, 1.0788421704401, 3.2063215534611182E-6, -25.752882831624706, -16.396314280226502, 6.615720313239649
1.4488977955911825E-4, 0.04195677896983718, 3.458988693049309E-5, 1.0809994925647184, 3.4800009538571725E-6, -24.07696784438719, -14.032139019262045, 6.615746917229521
1.513026052104209E-4, 0.04381379828430611, 3.612083628288006E-5, 1.0830593393100458, 3.7624034747621034E-6, -22.494980016856026, -11.889262575627829, 6.615773521219395
1.5771543086172347E-4, 0.045670817598775025, 3.765178563526703E-5, 1.0850259572503833, 4.053284475470046E-6, -21.00340205787224, -9.944883250375034, 6.615800125209267
1.6412825651302606E-4, 0.04752783691324394, 3.9182734987653996E-5, 1.086903562779657, 4.352408038167817E-6, -19.59880688955998, -8.179439142622243, 6.61582672919914
1.705410821643287E-4, 0.04938485622771286, 4.071368434004097E-5, 1.0886963417414215, 4.659546910549339E-6, -18.277856094264408, -6.5760110671186, 6.615853333189014
1.7695390781563127E-4, 0.05124187554218178, 4.2244633692427936E-5, 1.090408449064679, 4.974482447748436E-6, -17.037298377859464, -5.119855036394264, 6.615879937178886
1.833667334669339E-4, 0.0530988948566507, 4.377558304481491E-5, 1.0920440084054868, 5.297004553600325E-6, -15.873968049344555, -3.798032592309488, 6.615906541168759
1.897795591182365E-4, 0.05495591417111961, 4.5306532397201875E-5, 1.093607111794379, 5.626911621242116E-6, -14.784783516650139, -2.599115845278969, 6.615933145158632
1.961923847695391E-4, 0.05681293348558853, 4.683748174958884E-5, 1.0951018192895816, 5.964010473062761E-6, -13.766745798570765, -1.5129501307874016, 6.615959749148505
2.0260521042084168E-4, 0.058670127007360365, 4.836843110197581E-5, 1.0965328531592773, 6.308149893012244E-6, -12.816937052745462, -0.5304615203319266, 6.6159952438209775
2.090180360721443E-4, 0.06052757513980569, 4.9899380454362775E-5, 1.0979046051720458, 6.659176362814292E-6, -11.932519119604644, 0.356500443500469, 6.616043732568019
2.154308617234469E-4, 0.062385023272251025, 5.143032980674975E-5, 1.099220054517847, 7.016876085310543E-6, -11.110732082202826, 1.155292124774083, 6.61609222131506
2.218436873747495E-4, 0.06424247140469636, 5.2961279159136715E-5, 1.1004831300176021, 7.3810894841951936E-6, -10.348892841856388, 1.8725829250239765, 6.616140710062101
2.2825651302605212E-4, 0.06609991953714169, 5.449222851152369E-5, 1.1016977268730561, 7.75166510279049E-6, -9.644393709505978, 2.5144445397312998, 6.616189198809142
2.3466933867735473E-4, 0.06795736766958702, 5.6023177863910654E-5, 1.1028677063548102, 8.128459540310789E-6, -8.99470101272286, 3.086425757130007, 6.616237687556183
2.4108216432865734E-4, 0.06981481580203235, 5.755412721629763E-5, 1.1039968954961548, 8.511337387548572E-6, -8.39735371827795, 3.593615488963456, 6.616286176303224
2.4749498997995995E-4, 0.07167226393447768, 5.9085076568684594E-5, 1.1050890867927103, 8.900171161992777E-6, -7.849962070194036, 4.0406961652972635, 6.616334665050265
2.539078156312625E-4, 0.07352971206692299, 6.061602592107156E-5, 1.1061480379078628, 9.29484124238985E-6, -7.350206243199418, 4.431989194715759, 6.616383153797306
2.6032064128256516E-4, 0.07538716019936834, 6.214697527345853E-5, 1.1071774713840106, 9.695235802757809E-6, -6.8958350115025455, 4.771493855952393, 6.616431642544347
2.667334669338677E-4, 0.07724460833181367, 6.36779246258455E-5, 1.1081810743596041, 1.0101250745863734E-5, -6.484664432807781, 5.062920724277231, 6.616480131291389
2.7314629258517033E-4, 0.079102056464259, 6.520887397823247E-5, 1.1091624982919963, 1.0512789636175046E-5, -6.114576547490237, 5.309720528751132, 6.616528620038429
2.7955911823647294E-4, 0.08095950459670431, 6.673982333061943E-5, 1.1101253586860895, 1.092976363229492E-5, -5.783518092850552, 5.515109172021028, 6.616577108785471
2.859719438877756E-4, 0.08281695272914966, 6.827077268300641E-5, 1.1110732348287877, 1.1352091418892183E-5, -5.489499232367615, 5.682089513083951, 6.6166255975325114
2.923847695390781E-4, 0.08467440086159497, 6.980172203539337E-5, 1.1120096695292487, 1.1779699138136107E-5, -5.230592299869361, 5.813470408106015, 6.616674086279552
2.9879759519038077E-4, 0.08653184899404032, 7.133267138778035E-5, 1.1129381688649425, 1.2212520320646452E-5, -5.004930558540547, 5.9118834193912635, 6.616722575026594
3.052104208416834E-4, 0.08838853390510046, 7.286362074016731E-5, 1.1138610699100955, 1.2650413332644469E-5, -4.810706974687591, 5.979797533672671, 6.61676144647319
3.11623246492986E-4, 0.09024504268814863, 7.439457009255428E-5, 1.1147826222351087, 1.3093381905465041E-5, -4.646173006178425, 6.019532174744988, 6.616798098542762
3.1803607214428854E-4, 0.09210155147119682, 7.592551944494125E-5, 1.1157064759984872, 1.3541399289749024E-5, -4.5096374054782356, 6.033268749489851, 6.616834750612334
3.2444889779559115E-4, 0.093958060254245, 7.745646879732821E-5, 1.1166359879252887, 1.3994427600830382E-5, -4.399465037199241, 6.023060928559796, 6.616871402681905
3.308617234468938E-4, 0.0958145690372932, 7.898741814971519E-5, 1.117574476826196, 1.4452435990321037E-5, -4.314075710084883, 5.99084383178629, 6.616908054751477
3.372745490981963E-4, 0.09767107782034136, 8.051836750210215E-5, 1.1185252233783871, 1.4915400574369727E-5, -4.25194302334625, 5.938442262524342, 6.616944706821048
3.43687374749499E-4, 0.09952758660338956, 8.204931685448913E-5, 1.1194914699122067, 1.5383304361509023E-5, -4.211593227272297, 5.8675781136242025, 6.6169813588906194
3.501002004008016E-4, 0.10138409538643774, 8.358026620687609E-5, 1.1204764202036424, 1.5856137180100106E-5, -4.191604098030589, 5.779877049758294, 6.617018010960191
3.565130260521042E-4, 0.10324060416948591, 8.511121555926306E-5, 1.1214832392725982, 1.6333895605386288E-5, -4.190603826580211, 5.676874555765669, 6.617054663029762
3.629258517034068E-4, 0.10509711295253411, 8.664216491165004E-5, 1.1225150531869776, 1.6816582886165417E-5, -4.207269921614741, 5.560021428016019, 6.6170913150993345
3.6933867735470936E-4, 0.10695362173558227, 8.817311426403699E-5, 1.1235749488725608, 1.7304208871091246E-5, -4.240328126455265, 5.430688775106649, 6.617127967168906
3.75751503006012E-4, 0.10881013051863048, 8.970406361642397E-5, 1.1246659739286928, 1.779678993461477E-5, -4.288551349812307, 5.290172585162545, 6.617164619238477
3.821643286573147E-4, 0.11066663930167868, 9.123501296881095E-5, 1.1257911364497655, 1.8294348902575208E-5, -4.350758610336443, 5.139697909331108, 6.617201271308049
3.885771543086172E-4, 0.11252314808472684, 9.27659623211979E-5, 1.1269534048525083, 1.8796914977451492E-5, -4.425813994877203, 4.98042270452324, 6.61723792337762
3.9498997995991985E-4, 0.11437965686777504, 9.429691167358488E-5, 1.1281557077090785, 1.9304523663284343E-5, -4.512625630368065, 4.81344137287439, 6.617274575447191
4.014028056112224E-4, 0.11623616699246767, 9.582786102597184E-5, 1.129401183830942, 1.9817240670721376E-5, -4.61014466925923, 4.639788030612216, 6.617312843773969
4.07815631262525E-4, 0.1180926819087477, 9.735881037835882E-5, 1.1306933474021168, 2.0335179849170236E-5, -4.717364288415355, 4.460439534920954, 6.61735688444791
4.1422845691382757E-4, 0.11994919682502769, 9.888975973074577E-5, 1.1320341270758698, 2.0858312393126432E-5, -4.83331870139887, 4.276318293855845, 6.61740092512185
4.2064128256513023E-4, 0.12180571174130772, 1.0042070908313275E-4, 1.1334262904943597, 2.1386698424024298E-5, -4.957082184057727, 4.088294881316278, 6.617444965795791
4.270541082164329E-4, 0.12366222665758775, 1.0195165843551973E-4, 1.1348725647076594, 2.1920403984901694E-5, -5.0877681133370585, 3.897190476450247, 6.617489006469731
4.334669338677354E-4, 0.12551874157386775, 1.0348260778790668E-4, 1.1363756360416626, 2.2459500963563855E-5, -5.22452801923363, 3.7037791445781902, 6.617533047143672
4.3987975951903806E-4, 0.12737525649014778, 1.0501355714029366E-4, 1.1379381499717907, 2.3004067015490598E-5, -5.366550649814035, 3.5087899747385416, 6.617577087817613
4.462925851703406E-4, 0.12923177140642778, 1.0654450649268062E-4, 1.1395627110025, 2.3554185486496766E-5, -5.513061049212798, 3.3129090872333764, 6.617621128491553
4.527054108216433E-4, 0.1310882863227078, 1.080754558450676E-4, 1.141251882552596, 2.410994533515715E-5, -5.66331964853363, 3.116781523037395, 6.617665169165494
4.591182364729458E-4, 0.1329448012389878, 1.0960640519745455E-4, 1.1430081868463444, 2.4671441055005165E-5, -5.816621369569637, 2.9210130256238136, 6.617709209839434
4.6553106212424844E-4, 0.13480131615526783, 1.1113735454984153E-4, 1.14483410481039, 2.5238772596516746E-5, -5.972294741265056, 2.7261717245977697, 6.617753250513375
4.719438877755511E-4, 0.13665783107154786, 1.1266830390222851E-4, 1.1467320759764728, 2.5812045288888806E-5, -6.129701028833821, 2.5327897295233703, 6.617797291187315
4.783567134268536E-4, 0.13851434598782786, 1.1419925325461546E-4, 1.1487044983899495, 2.6391369761623482E-5, -6.288233375459287, 2.341364641427264, 6.617841331861255
4.8476953907815627E-4, 0.14037086090410789, 1.1573020260700244E-4, 1.1507537285241178, 2.6976861865927978E-5, -6.4473159564902645, 2.1523609886898405, 6.617885372535196
4.911823647294588E-4, 0.14222737582038789, 1.172611519593894E-4, 1.1528820812003395, 2.7568642595940524E-5, -6.606403146054152, 1.9662115933324043, 6.617929413209136
4.975951903807615E-4, 0.1440838907366679, 1.1879210131177638E-4, 1.1550918295139703, 2.8166838009792944E-5, -6.764978696007687, 1.7833188730989036, 6.617973453883077
5.04008016032064E-4, 0.14594074011166486, 1.2032305066416333E-4, 1.1573874843765255, 2.877185344020206E-5, -6.922554927142067, 1.6040560841923592, 6.618029218003912
5.104208416833667E-4, 0.14779779016189196, 1.2185400001655031E-4, 1.1597703988980221, 2.9383733395094735E-5, -7.078671932565204, 1.4287685090364268, 6.6180920161928825
5.168336673346693E-4, 0.14965484021211908, 1.233849493689373E-4, 1.1622413702724095, 3.0002458666967693E-5, -7.232896793176466, 1.2577745930165058, 6.618154814381852
5.232464929859718E-4, 0.15151189026234618, 1.2491589872132424E-4, 1.1648025040708343, 3.062817520506194E-5, -7.384822805156447, 1.0913670337637276, 6.618217612570823
5.296593186372745E-4, 0.1533689403125733, 1.2644684807371122E-4, 1.1674558638551111, 3.1261033625862516E-5, -7.534068719390168, 0.9298138262127509, 6.618280410759794
5.36072144288577E-4, 0.1552259903628004, 1.2797779742609817E-4, 1.1702034711384615, 3.1901189133397405E-5, -7.680277992741899, 0.7733592663622398, 6.6183432089487635
5.424849699398797E-4, 0.1570830404130275, 1.2950874677848515E-4, 1.17304730535206, 3.254880143944611E-5, -7.8231180511024245, 0.6222249163918206, 6.618406007137734
5.488977955911824E-4, 0.15894009046325464, 1.3103969613087213E-4, 1.175989303817377, 3.320403468366684E-5, -7.9622795641276936, 0.4766105335528704, 6.618468805326705
5.553106212424849E-4, 0.16079714051348173, 1.325706454832591E-4, 1.1790313617243315, 3.386705735365409E-5, -8.097475731587497, 0.33669496503144736, 6.618531603515675
5.617234468937875E-4, 0.16265419056370886, 1.3410159483564607E-4, 1.1821753321152404, 3.4538042204936344E-5, -8.228441581244045, 0.20263701078728383, 6.618594401704645
5.6813627254509E-4, 0.16451124061393593, 1.3563254418803302E-4, 1.1854230258745688, 3.521716618092375E-5, -8.354933278180033, 0.07457625619791984, 6.618657199893616
5.745490981963927E-4, 0.16636829066416306, 1.3716349354042E-4, 1.1887762117244896, 3.5904610332817266E-5, -8.476727445496007, -0.04736612381877586, 6.618719998082586
5.809619238476952E-4, 0.16822534071439016, 1.3869444289280695E-4, 1.19223661622624, 3.660055973948875E-5, -8.593620496293694, -0.16308658767188225, 6.618782796271557
5.873747494989979E-4, 0.17008239076461729, 1.4022539224519393E-4, 1.1958059237872793, 3.730520342734253E-5, -8.70542797686776, -0.2724984755521343, 6.618845594460527
5.937875751503006E-4, 0.1719394408148444, 1.417563415975809E-4, 1.1994857766742557, 3.8018734290169204E-5, -8.811983921024456, -0.37553128218591586, 6.618908392649498
6.002004008016031E-4, 0.1737965057449648, 1.4328729094996787E-4, 1.2032778966168127, 3.874136643059353E-5, -8.913140215445463, -0.47212995270339, 6.618971715756617
6.066132264529058E-4, 0.17565403195177817, 1.4481824030235485E-4, 1.2071875321701055, 3.9473835248060724E-5, -9.008765976016779, -0.5622542005300639, 6.619051311326357
6.130260521042083E-4, 0.17751155815859154, 1.4634918965474183E-4, 1.211212470534506, 4.0215816562203834E-5, -9.098746935043248, -0.6458778462994157, 6.619130906896097
6.194388777555109E-4, 0.17936908436540488, 1.4788013900712878E-4, 1.2153541856644459, 4.096751831853679E-5, -9.182984839265444, -0.7229881768563997, 6.619210502465838
6.258517034068136E-4, 0.18122661057221826, 1.4941108835951576E-4, 1.2196141095253903, 4.172915192950306E-5, -9.261396858600492, -0.793585323496006, 6.619290098035578
6.322645290581161E-4, 0.1830841367790316, 1.509420377119027E-4, 1.223993632141615, 4.25009321944986E-5, -9.33391500552693, -0.857681658645664, 6.619369693605318
6.386773547094188E-4, 0.18494166298584497, 1.524729870642897E-4, 1.228494101649783, 4.328307721995938E-5, -9.400485565028022, -0.9153012102500603, 6.6194492891750585
6.450901803607213E-4, 0.18679918919265828, 1.5400393641667664E-4, 1.2331168243583273, 4.4075808339523925E-5, -9.461068535019683, -0.9664790931834653, 6.619528884744798
6.51503006012024E-4, 0.18865671539947165, 1.5553488576906362E-4, 1.237863064812632, 4.4879350034280696E-5, -9.515637077176878, -1.0112609570498152, 6.619608480314539
6.579158316633265E-4, 0.19051424160628502, 1.570658351214506E-4, 1.242734045866022, 4.569392985311164E-5, -9.564176978080532, -1.049702449782374, 6.619688075884278
6.643286573146292E-4, 0.1923717678130984, 1.5859678447383759E-4, 1.247730948756546, 4.6519778333140966E-5, -9.606686120605056, -1.081868696494989, 6.619767671454019
6.707414829659318E-4, 0.19422929401991174, 1.6012773382622454E-4, 1.2528549131895697, 4.735712892030087E-5, -9.643173965460617, -1.1078337930641895, 6.619847267023759
6.771543086172344E-4, 0.1960868202267251, 1.6165868317861152E-4, 1.258107037426168, 4.820621789002382E-5, -9.673661042817496, -1.1276803139719054, 6.619926862593499
6.83567134268537E-4, 0.19794434643353842, 1.6318963253099847E-4, 1.2634883783773176, 4.9067284268071304E-5, -9.698178453925989, -1.1414988339533174, 6.620006458163239
6.899799599198396E-4, 0.1998018726403518, 1.6472058188338545E-4, 1.2689999517038995, 4.9940569751511066E-5, -9.716767382651659, -1.1493874630289882, 6.6200860537329795
6.963927855711422E-4, 0.20165939884716513, 1.662515312357724E-4, 1.27464273192249, 5.0826318629850875E-5, -9.729478616848748, -1.1514513945292197, 6.62016564930272
7.028056112224449E-4, 0.2035165539727123, 1.6778248058815938E-4, 1.2804119857537717, 5.172382692275498E-5, -9.736372079486697, -1.1478024657355939, 6.620224359521511
7.092184368737473E-4, 0.2053732319937743, 1.6931342994054634E-4, 1.286306816480406, 5.2633014891978366E-5, -9.737516369453752, -1.138558730794584, 6.620256217146226
7.1563126252505E-4, 0.20722991001483632, 1.7084437929293332E-4, 1.2923352951033877, 5.3555333252316874E-5, -9.732988311949615, -1.1238440455642154, 6.62028807477094
7.220440881763525E-4, 0.20908658803589833, 1.7237532864532027E-4, 1.2984982327241956, 5.449103478814345E-5, -9.72287251839906, -1.1037876640980593, 6.620319932395654
7.284569138276552E-4, 0.21094326605696037, 1.7390627799770725E-4, 1.304796399916037, 5.54403744845993E-5, -9.707260955790014, -1.0785238464535796, 6.6203517900203686
7.348697394789578E-4, 0.21279994407802236, 1.754372273500942E-4, 1.3112305268644662, 5.640360944989279E-5, -9.686252525368742, -1.0481914775617014, 6.620383647645084
7.412825651302605E-4, 0.21465662209908443, 1.769681767024812E-4, 1.3178013035137974, 5.738099883782817E-5, -9.659952650605419, -1.0129336968846212, 6.620415505269798
7.476953907815631E-4, 0.21651330012014644, 1.7849912605486816E-4, 1.3245093797193253, 5.83728037705755E-5, -9.628472874346695, -0.9728975386112126, 6.620447362894512
7.541082164328656E-4, 0.21836997814120845, 1.8003007540725514E-4, 1.3313553654053425, 5.937928726169129E-5, -9.591930465084566, -0.9282335821576073, 6.620479220519226
7.605210420841682E-4, 0.22022665616227047, 1.815610247596421E-4, 1.3383398307289656, 6.0400714139400424E-5, -9.55044803224805, -0.8790956127368584, 6.620511078143942
7.669338677354709E-4, 0.2220833341833325, 1.8309197411202908E-4, 1.3454633062497563, 6.143735097015019E-5, -9.504153150448227, -0.8256402917875478, 6.620542935768656
7.733466933867734E-4, 0.2239400122043945, 1.8462292346441603E-4, 1.352726283105151, 6.248946598244629E-5, -9.453177992587092, -0.7680268370490083, 6.62057479339337
7.797595190380761E-4, 0.22579669022545654, 1.86153872816803E-4, 1.36012921319169, 6.355732899098132E-5, -9.397658971758528, -0.706416712091324, 6.620606651018084
7.861723446893786E-4, 0.22765336824651855, 1.8768482216918996E-4, 1.3676725093520499, 6.464121132106613E-5, -9.3377363918508, -0.6409733251021553, 6.620638508642799
7.925851703406813E-4, 0.2295100462675806, 1.8921577152157694E-4, 1.3753565455678756, 6.574138573337447E-5, -9.273554106776714, -0.5718617367527675, 6.620670366267514
7.989979959919837E-4, 0.23136672428864258, 1.907467208739639E-4, 1.3831816571584192, 6.685812634901101E-5, -9.205259188253931, -0.49924837697479585, 6.620702223892228
8.054108216432864E-4, 0.23322261328784877, 1.9227767022635087E-4, 1.3911604563797908, 6.79940765503362E-5, -9.133001602038663, -0.423300770458473, 6.620773682385346
8.11823647294589E-4, 0.23507835617189643, 1.9380861957873783E-4, 1.399283381806318, 6.914766631035256E-5, -9.056933892555973, -0.34418727073939526, 6.620852474372613
8.182364729458916E-4, 0.23693409905594415, 1.953395689311248E-4, 1.4075483915994929, 7.03187429058175E-5, -8.977210875824108, -0.26207680269162875, 6.6209312663598805
8.246492985971943E-4, 0.23878984193999184, 1.968705182835118E-4, 1.4159556685430634, 7.150758622920745E-5, -8.89398934060652, -0.17713861329109679, 6.621010058347147
8.310621242484969E-4, 0.24064558482403955, 1.9840146763589877E-4, 1.424505357838604, 7.271447716405914E-5, -8.807427757701069, -0.08954203049446845, 6.621088850334414
8.374749498997995E-4, 0.24250132770808722, 1.9993241698828572E-4, 1.4331975673389605, 7.39396975121965E-5, -8.717685997296686, 5.437698970411428E-4, 6.621167642321681
8.438877755511022E-4, 0.24435707059213493, 2.014633663406727E-4, 1.4420323677875073, 7.518352992135433E-5, -8.624925054305342, 0.09294998954027976, 6.621246434308948
8.503006012024046E-4, 0.2462128134761826, 2.0299431569305965E-4, 1.4510097930631998, 7.644625781320814E-5, -8.529306781596848, 0.18750842513954988, 6.621325226296215
8.567134268537073E-4, 0.24806855636023029, 2.0452526504544663E-4, 1.4601298404314342, 7.772816531182143E-5, -8.4309936310506, 0.2840516784626049, 6.621404018283482
8.631262525050098E-4, 0.24992429924427798, 2.060562143978336E-4, 1.4693924708007042, 7.902953717251908E-5, -8.33014840234823, 0.3824133589006607, 6.6214828102707495
8.695390781563125E-4, 0.25178004212832567, 2.0758716375022057E-4, 1.478797608985065, 8.035065871119949E-5, -8.226933999422155, 0.48242827870068217, 6.621561602258017
8.75951903807615E-4, 0.2536357850123733, 2.0911811310260752E-4, 1.4883451439723965, 8.16918157340942E-5, -8.121513194482965, 0.5839326409862126, 6.621640394245283
8.823647294589177E-4, 0.25549152789642104, 2.106490624549945E-4, 1.4980349291984703, 8.30532944679857E-5, -8.014048399543938, 0.6867642206850828, 6.62171918623255
8.887775551102203E-4, 0.2573472707804687, 2.1218001180738145E-4, 1.5078667828268195, 8.443538149089378E-5, -7.904701445357101, 0.7907625384816684, 6.621797978219817
8.951903807615228E-4, 0.2592030136645164, 2.1371096115976843E-4, 1.5178404880344087, 8.583836366324175E-5, -7.793633367690666, 0.8957690278941118, 6.621876770207084
9.016032064128254E-4, 0.26105905005915725, 2.1524191051215539E-4, 1.5279551624281433, 8.726239226877803E-5, -7.68100420085609, 1.0016271956021512, 6.621953750670068
9.08016032064128E-4, 0.2629159669855776, 2.1677285986454237E-4, 1.5382092358339234, 8.870747323837227E-5, -7.566972778413488, 1.108182775114379, 6.622025296560202
9.144288577154307E-4, 0.264772883911998, 2.1830380921692935E-4, 1.5486042673591895, 9.017429529432736E-5, -7.451696540964583, 1.2152838738982208, 6.622096842450335
9.208416833667334E-4, 0.2666298008384183, 2.1983475856931633E-4, 1.5591399032049482, 9.16631455823302E-5, -7.335331350963333, 1.3227811140610501, 6.622168388340469
9.27254509018036E-4, 0.2684867177648387, 2.213657079217033E-4, 1.5698157561010242, 9.317431119383243E-5, -7.218031314456647, 1.4305277666911058, 6.622239934230603
9.336673346693386E-4, 0.270343634691259, 2.2289665727409026E-4, 1.5806314056265525, 9.470807910030777E-5, -7.0999486096776, 1.5383798799543156, 6.622311480120737
9.400801603206412E-4, 0.27220055161767936, 2.2442760662647724E-4, 1.591586398536264, 9.626473608806183E-5, -6.981233322403112, 1.6461964010551167, 6.62238302601087
9.464929859719437E-4, 0.2740574685440997, 2.259585559788642E-4, 1.6026802490925742, 9.784456869360244E-5, -6.862033288011637, 1.7538392921381392, 6.622454571901004
9.529058116232464E-4, 0.27591438547052005, 2.2748950533125117E-4, 1.6139124394034732, 9.944786313958369E-5, -6.74249394014325, 1.861173640243269, 6.622526117791137
9.593186372745489E-4, 0.27777130239694037, 2.2902045468363812E-4, 1.6252824197662268, 1.0107490527133152E-4, -6.622758165889136, 1.9680677614049393, 6.622597663681272
9.657314629258516E-4, 0.2796282193233607, 2.305514040360251E-4, 1.6367896090168672, 1.0272598049396295E-4, -6.502966167428654, 2.0743932989819402, 6.622669209571406
9.721442885771541E-4, 0.281485136249781, 2.3208235338841206E-4, 1.6484333948854928, 1.0440137371010859E-4, -6.383255330039581, 2.180025316308909, 6.622740755461539
9.785571142284567E-4, 0.28334205317620137, 2.3361330274079904E-4, 1.660213134357372, 1.0610136925824923E-4, -6.263760096381719, 2.284842383777378, 6.622812301351673
9.849699398797593E-4, 0.2851989701026217, 2.35144252093186E-4, 1.6721281540398447, 1.0782625085167566E-4, -6.144611847006041, 2.388726660399748, 6.622883847241806
9.91382765531062E-4, 0.28705588702904206, 2.3667520144557297E-4, 1.6841777505350297, 1.095763015180843E-4, -6.025938786965266, 2.4915639699942207, 6.6229553931319405
9.977955911823647E-4, 0.2889128039554624, 2.3820615079795995E-4, 1.696361190818332, 1.1135180353981628E-4, -5.907865838494606, 2.593243872021342, 6.623026939022074
0.0010042084168336673, 0.29076888211011154, 2.3973710015034693E-4, 1.7086857025737032, 1.131549538824242E-4, -5.790514539631369, 2.693659727216677, 6.623119076280129
0.0010106212424849698, 0.2926245209081185, 2.4126804950273388E-4, 1.721146819251332, 1.1498518309356715E-4, -5.674002948738613, 2.79270875805298, 6.623221999492809
0.0010170340681362724, 0.2944801597061255, 2.4279899885512086E-4, 1.7337395629115604, 1.1684178103688584E-4, -5.558445554820354, 2.8902921041539904, 6.62332492270549
0.0010234468937875749, 0.2963357985041325, 2.443299482075078E-4, 1.7464630859363701, 1.1872502714916781E-4, -5.443953193555687, 2.9863148727323763, 6.623427845918171
0.0010298597194388776, 0.2981914373021395, 2.4586089755989477E-4, 1.7593165130606052, 1.2063519983315527E-4, -5.330632968988648, 3.0806861841204127, 6.623530769130851
0.0010362725450901802, 0.3000470761001465, 2.4739184691228175E-4, 1.7722989417852955, 1.2257257640187243E-4, -5.218588180763526, 3.1733192125027414, 6.623633692343531
0.0010426853707414829, 0.3019027148981535, 2.4892279626466873E-4, 1.78540944279678, 1.2453743302366836E-4, -5.107918256847177, 3.264131221917681, 6.623736615556211
0.0010490981963927853, 0.3037583536961605, 2.5045374561705566E-4, 1.7986470603916354, 1.2653004466798963E-4, -4.998718691649061, 3.353043597608738, 6.623839538768892
0.0010555110220440878, 0.3056139924941675, 2.5198469496944264E-4, 1.8120108129074013, 1.285506850518899E-4, -4.891080989462372, 3.439981872809999, 6.6239424619815725
0.0010619238476953904, 0.30746963129217453, 2.535156443218296E-4, 1.825499693159116, 1.3059962658728793E-4, -4.785092613141085, 3.5248757510506348, 6.624045385194253
0.001068336673346693, 0.3093252700901815, 2.550465936742166E-4, 1.8391126688816495, 1.326771403289852E-4, -4.680836937928726, 3.6076591240565086, 6.624148308406934
0.0010747494989979955, 0.3111809088881885, 2.565775430266035E-4, 1.8528486831778332, 1.347834959234525E-4, -4.578393210377174, 3.6882700853158665, 6.624251231619614
0.0010811623246492984, 0.3130365476861956, 2.5810849237899056E-4, 1.8667066549724096, 1.369189615583954E-4, -4.477836512250948, 3.7666509394103818, 6.624354154832294
0.0010875751503006009, 0.31489218648420253, 2.596394417313775E-4, 1.8806854794717645, 1.3908380391311102E-4, -4.3792377293394, 3.8427482071847407, 6.6244570780449745
0.0010939879759519035, 0.31674782528220957, 2.6117039108376446E-4, 1.894784028629471, 1.4127828810964324E-4, -4.2826635251347795, 3.916512626798894, 6.624560001257655
0.0011004008016032062, 0.31860350231419643, 2.6270134043615144E-4, 1.9090010442319916, 1.4350264945439694E-4, -4.188176319221872, 3.9878991508118626, 6.6246626720313015
0.0011068136272545089, 0.32045975285588074, 2.642322897885384E-4, 1.9233338390532713, 1.4575674924594416E-4, -4.095834270372877, 4.056866939301458, 6.624761556219431
0.0011132264529058113, 0.32231600339756505, 2.6576323914092535E-4, 1.9377828194866462, 1.4804126578160117E-4, -4.005691264216972, 4.123379349146977, 6.62486044040756
0.001119639278557114, 0.3241722539392494, 2.6729418849331233E-4, 1.9523467692440906, 1.503564573893775E-4, -3.9177969054404396, 4.187403919516695, 6.6249593245956895
0.0011260521042084166, 0.3260285044809338, 2.688251378456993E-4, 1.9670244511995125, 1.5270258060816794E-4, -3.8321965143913492, 4.248912353680802, 6.62505820878382
0.0011324649298597193, 0.32788475502261816, 2.703560871980863E-4, 1.981814607889121, 1.5507989014392837E-4, -3.7489311280648905, 4.307880497169014, 6.625157092971949
0.0011388777555110217, 0.32974100556430247, 2.718870365504732E-4, 1.9967159620175745, 1.5748863882672338E-4, -3.668037505325551, 4.364288312415713, 6.625255977160078
0.0011452905811623244, 0.33159725610598684, 2.734179859028602E-4, 2.0117272169699527, 1.5992907756865954E-4, -3.5895481363570942, 4.418119849893849, 6.625354861348208
0.0011517034068136269, 0.33345350664767115, 2.749489352552472E-4, 2.026847057329509, 1.624014553227099E-4, -3.5134912561854135, 4.469363215887605, 6.625453745536338
0.0011581162324649293, 0.33530975718935546, 2.764798846076341E-4, 2.0420741494012473, 1.6490601904244366E-4, -3.43989086225062, 4.518010536925497, 6.625552629724467
0.001164529058116232, 0.33716600773103983, 2.780108339600211E-4, 2.057407141741287, 1.6744301364267036E-4, -3.368766735920124, 4.564057920971887, 6.625651513912596
0.0011709418837675346, 0.3390222582727242, 2.7954178331240806E-4, 2.072844665692026, 1.7001268196100726E-4, -3.3001344678657354, 4.607505415454441, 6.625750398100726
0.0011773547094188373, 0.34087850881440857, 2.8107273266479504E-4, 2.0883853359231273, 1.7261526472038403E-4, -3.2340054872338966, 4.648356962186255, 6.625849282288856
0.0011837675350701397, 0.3427347593560929, 2.8260368201718197E-4, 2.104027750978284, 1.7525100049249018E-4, -3.1703870945144903, 4.686620349277665, 6.625948166476985
0.0011901803607214424, 0.3445910098977772, 2.8413463136956895E-4, 2.119770493827803, 1.7792012566218094E-4, -3.1092824980327043, 4.7223071601016615, 6.626047050665115
0.001196593186372745, 0.34644726043946156, 2.856655807219559E-4, 2.135612132426979, 1.8062287439284819E-4, -3.050690854001293, 4.755432719371009, 6.626145934853245
0.0012030060120240477, 0.34830384736249187, 2.871965300743429E-4, 2.1515576686970905, 1.833613305556956E-4, -2.994607310000515, 4.786016036458312, 6.626258678241255
0.0012094188376753504, 0.3501608155177142, 2.887274794267299E-4, 2.167606610453926, 1.861360329314972E-4, -2.941023051895904, 4.814079745930889, 6.626387128722464
0.001215831663326653, 0.35201778367293657, 2.9025842877911687E-4, 2.1837502150324837, 1.889451330008979E-4, -2.88992535399103, 4.839650045513383, 6.626515579203674
0.0012222444889779557, 0.3538747518281589, 2.9178937813150385E-4, 2.1999869960429903, 1.917888563972582E-4, -2.8412976324630868, 4.862756631401218, 6.626644029684883
0.0012286573146292584, 0.35573171998338127, 2.933203274838908E-4, 2.216315454959603, 1.946674263742761E-4, -2.795119501898981, 4.883432631125472, 6.6267724801660925
0.0012350701402805608, 0.35758868813860356, 2.9485127683627775E-4, 2.2327340817136028, 1.9758106377737087E-4, -2.7513668349104665, 4.901714533960116, 6.6269009306473015
0.0012414829659318635, 0.3594456562938259, 2.9638222618866473E-4, 2.249241355292383, 2.0052998701610873E-4, -2.7100118247158265, 4.917642118996502, 6.627029381128511
0.001247895791583166, 0.36130262444904826, 2.979131755410517E-4, 2.265835744344253, 2.0351441203767445E-4, -2.6710230506375736, 4.93125838090952, 6.62715783160972
0.0012543086172344686, 0.3631595926042706, 2.994441248934387E-4, 2.2825157077890412, 2.065345523014037E-4, -2.634365546392882, 4.942609453551246, 6.627286282090929
0.001260721442885771, 0.36501656075949285, 3.009750742458256E-4, 2.2992796954344916, 2.0959061875438576E-4, -2.6000008711550313, 4.951744531367173, 6.627414732572139
0.0012671342685370737, 0.3668735289147152, 3.025060235982126E-4, 2.31612614859848, 2.126828198081451E-4, -2.567887183237189, 4.958715788788621, 6.627543183053348
0.0012735470941883764, 0.36873049706993755, 3.040369729505996E-4, 2.333053500737011, 2.1581136131641418E-4, -2.5379793163679385, 4.963578297622142, 6.627671633534558
0.001279959919839679, 0.3705874652251599, 3.0556792230298656E-4, 2.350060178078031, 2.1897644655400695E-4, -2.5102288584781345, 4.966389942500914, 6.6278000840157665
0.0012863727454909815, 0.3724444333803822, 3.070988716553735E-4, 2.3671446002610415, 2.2217827619680372E-4, -2.484584232857971, 4.967211334544169, 6.627928534496976
0.0012927855711422841, 0.37430140153560454, 3.0862982100776046E-4, 2.3843051809825218, 2.2541704830285713E-4, -2.4609907817068026, 4.966105723178935, 6.628056984978185
0.0012991983967935868, 0.3761583696908269, 3.1016077036014744E-4, 2.401540328647131, 2.286929582946307E-4, -2.4393908518829064, 4.963138906322347, 6.628185435459395
0.0013056112224448895, 0.37801127915357335, 3.116917197125344E-4, 2.4188273223376764, 2.3199961455234102E-4, -2.4197238828536927, 4.958379138909863, 6.628272077715099
0.001312024048096192, 0.3798636088031089, 3.1322266906492135E-4, 2.43618244495074, 2.3534271154799187E-4, -2.4019264967418086, 4.951897039860331, 6.628352747367161
0.0013184368737474946, 0.3817159384526445, 3.1475361841730833E-4, 2.453607095853368, 2.3872336697904395E-4, -2.3859325903602193, 4.9437654975908005, 6.628433417019221
0.0013248496993987972, 0.3835682681021801, 3.162845677696953E-4, 2.471099668888704, 2.42141764467491E-4, -2.3716734291953805, 4.934059574097673, 6.628514086671283
0.0013312625250501, 0.3854205977517157, 3.178155171220823E-4, 2.488658555951197, 2.4559808492813264E-4, -2.359077743245098, 4.922856407695882, 6.628594756323344
0.0013376753507014026, 0.3872729274012513, 3.1934646647446927E-4, 2.5062821476726342, 2.4909250655782197E-4, -2.348071824596374, 4.91023511453232, 6.6286754259754055
0.0013440881763527048, 0.3891252570507869, 3.208774158268562E-4, 2.523968834113975, 2.5262520482591857E-4, -2.338579626732934, 4.896276688851746, 6.628756095627466
0.0013505010020040075, 0.39097758670032245, 3.224083651792432E-4, 2.5417170054629867, 2.561963524659541E-4, -2.3305228654202366, 4.88106390218283, 6.6288367652795275
0.0013569138276553101, 0.3928299163498581, 3.2393931453163016E-4, 2.55952505273768, 2.598061194685252E-4, -2.3238211211256865, 4.864681201463965, 6.628917434931589
0.0013633266533066128, 0.39468224599939367, 3.2547026388401714E-4, 2.577391368495546, 2.634546730754206E-4, -2.3183919428856443, 4.8472146061889, 6.6289981045836495
0.0013697394789579152, 0.39653457564892924, 3.2700121323640406E-4, 2.595314347548611, 2.6714217777499606E-4, -2.314150953550106, 4.828751604643797, 6.629078774235711
0.001376152304609218, 0.3983869052984648, 3.2853216258879104E-4, 2.613292387684271, 2.708687952988025E-4, -2.311011956292735, 4.809381049323966, 6.629159443887772
0.0013825651302605208, 0.4002392349480005, 3.300631119411781E-4, 2.631323890391936, 2.746346846194843E-4, -2.308887042338206, 4.789193051576927, 6.629240113539833
0.0013889779559118234, 0.40209156459753614, 3.3159406129356506E-4, 2.649407261595496, 2.784400019499517E-4, -2.3076866998091816, 4.768278875562866, 6.629320783191894
0.001395390781563126, 0.40394389424707167, 3.33125010645952E-4, 2.6675409123915466, 2.8228490074384317E-4, -2.3073199236174333, 4.7467308315995105, 6.629401452843956
0.0014018036072144286, 0.40579719139800624, 3.3465595999833896E-4, 2.685739140295125, 2.861748462018085E-4, -2.3076943263278684, 4.724642168936993, 6.62951138453862
0.0014082164328657312, 0.4076529610525159, 3.3618690935072594E-4, 2.7040254058522244, 2.9011847626885255E-4, -2.3087162498778837, 4.702106968103562, 6.6296960970088294
0.0014146292585170339, 0.40950873070702565, 3.377178587031129E-4, 2.7223577439974393, 2.941024815565855E-4, -2.310290878124435, 4.679220032806554, 6.629880809479038
0.0014210420841683363, 0.41136450036153527, 3.3924880805549985E-4, 2.7407345940790044, 2.981270069271659E-4, -2.3123223501087544, 4.65607678150791, 6.630065521949246
0.001427454909819639, 0.41322027001604494, 3.4077975740788683E-4, 2.759154404396174, 3.0219219450584146E-4, -2.3147138739394286, 4.632773138767555, 6.630250234419455
0.0014338677354709417, 0.4150760396705547, 3.423107067602738E-4, 2.7776156329722945, 3.062981836893507E-4, -2.3173678412600225, 4.609405426366574, 6.630434946889663
0.001440280561122244, 0.41693180932506435, 3.438416561126608E-4, 2.7961167483336475, 3.104451111556865E-4, -2.3201859421817255, 4.586070254327808, 6.630619659359871
0.0014466933867735465, 0.41878757897957397, 3.453726054650477E-4, 2.814656230294151, 3.1463311087523E-4, -2.3230692806148805, 4.562864411890662, 6.63080437183008
0.0014531062124248492, 0.4206433486340837, 3.469035548174347E-4, 2.833232570745801, 3.188623141232642E-4, -2.3259184899339207, 4.539884758494799, 6.630989084300288
0.0014595190380761519, 0.4224991182885934, 3.484345041698217E-4, 2.851844274454975, 3.231328494938799E-4, -2.3286338488385065, 4.51722811489974, 6.631173796770496
0.0014659318637274545, 0.42435488794310305, 3.4996545352220865E-4, 2.870489859864494, 3.2744484291528047E-4, -2.331115397427942, 4.494991154418127, 6.631358509240705
0.001472344689378757, 0.42621065759761273, 3.514964028745956E-4, 2.889167859901498, 3.3179841766650117E-4, -2.3332630533033347, 4.473270294432661, 6.631543221710913
0.0014787575150300596, 0.4280664272521224, 3.5302735222698256E-4, 2.907876822791142, 3.361936943955504E-4, -2.3349767276811795, 4.45216158821296, 6.6317279341811215
0.0014851703406813623, 0.42992219690663214, 3.5455830157936954E-4, 2.9266153128760695, 3.406307911389813E-4, -2.3361564414201585, 4.431760617104962, 6.6319126466513305
0.001491583166332665, 0.4317779665611418, 3.560892509317565E-4, 2.9453819114416993, 3.451098233429068E-4, -2.3367024408958477, 4.412162383166729, 6.632097359121539
0.0014979959919839674, 0.43363373621565143, 3.5762020028414344E-4, 2.9641752175473246, 3.496309038854712E-4, -2.336515313598625, 4.393461202356989, 6.632282071591747
0.00150440881763527, 0.43548932873537466, 3.591511496365304E-4, 2.982987146527936, 3.541917359494395E-4, -2.3354961034289548, 4.375750598290998, 6.632455286663867
0.0015108216432865727, 0.4373448407392858, 3.606820989889174E-4, 3.0018199203212923, 3.587936895458124E-4, -2.333546425569427, 4.359123196682162, 6.632623275645946
0.0015172344689378754, 0.43920035274319696, 3.622130483413044E-4, 3.0206752297078108, 3.6343795440077617E-4, -2.3305685808727423, 4.343670620507968, 6.632791264628025
0.0015236472945891779, 0.441055864747108, 3.637439976936913E-4, 3.0395517532558864, 3.6812463298330846E-4, -2.3264656696958568, 4.329483385979369, 6.632959253610104
0.0015300601202404803, 0.44291137675101916, 3.652749470460783E-4, 3.0584481915502497, 3.7285382532884517E-4, -2.321141705026596, 4.3166507994372605, 6.633127242592184
0.001536472945891783, 0.4447668887549303, 3.6680589639846527E-4, 3.077363268057887, 3.7762562907067796E-4, -2.3145017249673936, 4.305260855118477, 6.633295231574262
0.0015428857715430856, 0.44662240075884146, 3.6833684575085225E-4, 3.096295729999733, 3.824401394728921E-4, -2.3064519043140996, 4.295400134033135, 6.633463220556342
0.0015492985971943883, 0.4484779127627526, 3.6986779510323923E-4, 3.115244349228189, 3.872974494648301E-4, -2.296899665340481, 4.287153703837006, 6.633631209538421
0.001555711422845691, 0.45033342476666377, 3.713987444556262E-4, 3.1342079231104147, 3.9219764967710915E-4, -2.2857537874996923, 4.2806050199816275, 6.6337991985205
0.0015621242484969936, 0.4521889367705749, 3.729296938080132E-4, 3.153185275417465, 3.9714082847919E-4, -2.2729245161570217, 4.27583582800687, 6.63396718750258
0.0015685370741482963, 0.4540444487744861, 3.7446064316040017E-4, 3.172175257219184, 4.021270720185165E-4, -2.258323670166513, 4.2729260671676785, 6.634135176484659
0.0015749498997995987, 0.4558999607783972, 3.759915925127871E-4, 3.1911767477849295, 4.071564642612301E-4, -2.2418647481919436, 4.2719537754795995, 6.634303165466738
0.0015813627254509014, 0.4577554727823083, 3.775225418651741E-4, 3.2101886554900974, 4.1222908703447654E-4, -2.2234630338039385, 4.272994996130254, 6.634471154448817
0.001587775551102204, 0.4596109847862195, 3.7905349121756106E-4, 3.2292099187284267, 4.1734502007030394E-4, -2.2030356991388134, 4.276123685484424, 6.6346391434308964
0.0015941883767535067, 0.46146649679013063, 3.8058444056994804E-4, 3.2482395068301404, 4.225043410511775E-4, -2.1805019071152127, 4.2814116226561625, 6.634807132412975
0.0016006012024048092, 0.4633217806712182, 3.8211538992233496E-4, 3.267277492896408, 4.277075352506231E-4, -2.1557829121477097, 4.288928320706614, 6.634976848367518
0.0016070140280561118, 0.4651748593650119, 3.8364633927472194E-4, 3.286332251573948, 4.329582648303793E-4, -2.128802159161526, 4.298740939664271, 6.635163258389207
0.0016134268537074145, 0.4670279380588056, 3.851772886271089E-4, 3.305392530847869, 4.382526745145756E-4, -2.09948538103909, 4.310914201193475, 6.635349668410896
0.0016198396793587172, 0.46888101675259936, 3.867082379794959E-4, 3.324457433106321, 4.4359083470714813E-4, -2.0677606941275877, 4.325510305330997, 6.635536078432585
0.0016262525050100194, 0.470734095446393, 3.8823918733188283E-4, 3.3435260963515687, 4.4897281401458746E-4, -2.033558692023464, 4.3425888489958, 6.635722488454274
0.001632665330661322, 0.47258717414018675, 3.897701366842698E-4, 3.3625976951529557, 4.5439867930131643E-4, -1.9968125373126724, 4.3622067466369865, 6.635908898475963
0.0016390781563126247, 0.47444025283398045, 3.913010860366568E-4, 3.38167144160563, 4.59868495746752E-4, -1.9574580513758442, 4.384418152876174, 6.6360953084976515
0.0016454909819639274, 0.47629333152777414, 3.9283203538904377E-4, 3.400746586295085, 4.653823269040603E-4, -1.9154338020190818, 4.409274387379021, 6.63628171851934
0.0016519038076152298, 0.47814641022156784, 3.943629847414307E-4, 3.4198224192675157, 4.7094023476061035E-4, -1.8706811889657344, 4.4368238619056894, 6.636468128541029
0.0016583166332665325, 0.47999948891536154, 3.958939340938177E-4, 3.438898271005946, 4.7654227980014306E-4, -1.8231445270655777, 4.467112009689411, 6.636654538562718
0.0016647294589178351, 0.48185256760915524, 3.9742488344620465E-4, 3.457973513412205, 4.8218852106665904E-4, -1.7727711271793736, 4.5001812171596836, 6.636840948584407
0.0016711422845691378, 0.483705646302949, 3.9895583279859163E-4, 3.477047560794653, 4.878790162300453E-4, -1.7195113745645165, 4.536070758174589, 6.637027358606097
0.0016775551102204403, 0.48555872499674263, 4.0048678215097856E-4, 3.496119870861741, 4.936138216534366E-4, -1.6633188049012957, 4.5748167306237395, 6.6372137686277854
0.001683967935871743, 0.4874118036905363, 4.0201773150336554E-4, 3.5151899457213838, 4.993929924623426E-4, -1.6041501775664222, 4.616451995781561, 6.637400178649474
0.0016903807615230456, 0.4892648823843301, 4.035486808557525E-4, 3.534257332886092, 5.052165826155252E-4, -1.5419655463740727, 4.66100612017427, 6.637586588671163
0.0016967935871743482, 0.4911179610781238, 4.050796302081395E-4, 3.5533216262839566, 5.110846449776653E-4, -1.4767283274651444, 4.708505320278838, 6.637772998692852
0.0017032064128256507, 0.49297187173194323, 4.066105795605264E-4, 3.572379965985131, 5.169962143427168E-4, -1.4084053644325873, 4.758972409945977, 6.637955625015456
0.0017096192384769534, 0.4948266143457885, 4.081415289129134E-4, 3.5914320131372843, 5.229513184238087E-4, -1.3369669905159, 4.812426750717992, 6.638134467638975
0.0017160320641282558, 0.49668135695963384, 4.096724782653004E-4, 3.610479998768177, 5.289510164303748E-4, -1.2623870878424066, 4.868884205036224, 6.638313310262493
0.0017224448897795587, 0.49853609957347916, 4.112034276176874E-4, 3.6295237126875772, 5.349953574350496E-4, -1.1846431435081635, 4.928357092560373, 6.638492152886013
0.0017288577154308611, 0.5003908421873244, 4.1273437697007435E-4, 3.6485629962626747, 5.410843898066178E-4, -1.1037163025868348, 4.990854149469479, 6.638670995509531
0.0017352705410821638, 0.5022455848011697, 4.142653263224613E-4, 3.6675977434638254, 5.472181612935431E-4, -1.0195914178912895, 5.056380490939849, 6.6388498381330505
0.0017416833667334665, 0.504100327415015, 4.157962756748483E-4, 3.6866279019161623, 5.533967191093307E-4, -0.9322570964205341, 5.124937576838215, 6.639028680756569
0.0017480961923847691, 0.5059550700288603, 4.173272250272353E-4, 3.7056534739569336, 5.596201100197636E-4, -0.841705742367697, 5.196523180751941, 6.639207523380088
0.0017545090180360718, 0.5078098126427055, 4.1885817437962227E-4, 3.7246745176987206, 5.658883804319888E-4, -0.7479335967447727, 5.271131362286754, 6.639386366003607
0.0017609218436873742, 0.5096645552565507, 4.203891237320092E-4, 3.74369114809841, 5.722015764855006E-4, -0.6509407733757878, 5.348752442883545, 6.6395652086271255
0.001767334669338677, 0.5115192978703961, 4.2192007308439617E-4, 3.7627035380319698, 5.785597441449968E-4, -0.5507312912679124, 5.429372985110258, 6.639744051250644
0.0017737474949899796, 0.5133740404842414, 4.2345102243678315E-4, 3.7817119193750472, 5.84962929295144E-4, -0.44731310330408236, 5.512975775500698, 6.6399228938741635
0.0017801603206412822, 0.5152287830980866, 4.2498197178917013E-4, 3.800716584089355, 5.914111778372428E-4, -0.3406981210999882, 5.599539811067174, 6.640101736497682
0.0017865731462925847, 0.5170835257119318, 4.2651292114155706E-4, 3.819717885314874, 5.979045357878234E-4, -0.23090223598971069, 5.689040289528359, 6.640280579121201
0.0017929859719438873, 0.5189382683257772, 4.2804387049394404E-4, 3.8387162384678293, 6.044430493791616E-4, -0.11794533608000252, 5.781448603299456, 6.64045942174472
0.00179939879759519, 0.5207930109396225, 4.29574819846331E-4, 3.857712122344518, 6.110267651617406E-4, -0.0018513192544017763, 5.876732337332003, 6.6406382643682385
0.0018058116232464927, 0.52264558743545, 4.31105769198718E-4, 3.8767673612206135, 6.176821486968851E-4, 0.1173518979904479, 5.974855270958914, 6.6409044631031575
0.0018122244488977949, 0.5244979398501032, 4.326367185511049E-4, 3.895828089011962, 6.243859610664626E-4, 0.23963237583412478, 6.0757773836291085, 6.6411796986771865
0.0018186372745490976, 0.5263502922647565, 4.341676679034919E-4, 3.914888664966621, 6.311355393056095E-4, 0.36495415073860316, 6.179454864770481, 6.641454934251215
0.0018250501002004002, 0.5282026446794098, 4.356986172558789E-4, 3.9339498326541307, 6.379309345934138E-4, 0.493277239423657, 6.2858401277957245, 6.641730169825244
0.0018314629258517029, 0.5300549970940631, 4.3722956660826586E-4, 3.953012404630112, 6.447721989695511E-4, 0.6245576472486377, 6.394881828270575, 6.6420054053992725
0.0018378757515030053, 0.5319073495087163, 4.387605159606528E-4, 3.9720772635748736, 6.51659385448598E-4, 0.7587473811915861, 6.506524886452978, 6.6422806409733015
0.001844288577154308, 0.5337597019233696, 4.4029146531303977E-4, 3.991145363437848, 6.585925481363717E-4, 0.8957944673194841, 6.620710514056587, 6.6425558765473305
0.0018507014028056106, 0.535612054338023, 4.4182241466542675E-4, 4.010217730587771, 6.655717423482822E-4, 1.0356429730720398, 6.7373762455836355, 6.6428311121213595
0.0018571142284569133, 0.5374644067526761, 4.4335336401781373E-4, 4.029295464968744, 6.72597024729719E-4, 1.1782330341609033, 6.85645597396903, 6.643106347695388
0.0018635270541082158, 0.5393167591673295, 4.4488431337020066E-4, 4.048379741262021, 6.796684533784902E-4, 1.3235008864671862, 6.97787999099063, 6.643381583269417
0.0018699398797595184, 0.5411691115819827, 4.4641526272258764E-4, 4.067471810053652, 6.867860879693064E-4, 1.4713789027882296, 7.101575032181588, 6.643656818843446
0.001876352705410821, 0.543021463996636, 4.479462120749746E-4, 4.086572999007881, 6.939499898803356E-4, 1.6217956345198172, 7.22746432641428, 6.643932054417475
0.0018827655310621237, 0.5448738164112893, 4.494771614273616E-4, 4.105684714046426, 7.01160222321825E-4, 1.7746758586100355, 7.355467650432603, 6.6442072899915035
0.0018891783567134264, 0.5467261688259426, 4.510081107797486E-4, 4.124808440533441, 7.084168504668201E-4, 1.9299406295057233, 7.485501388050145, 6.644482525565532
0.001895591182364729, 0.5485785212405959, 4.5253906013213556E-4, 4.1439457444664, 7.157199415839716E-4, 2.0875073364296197, 7.617478594346314, 6.644757761139561
0.0019020040080160317, 0.5504306285002319, 4.5407000948452254E-4, 4.1630991688609695, 7.230699716505818E-4, 2.247289765965352, 7.751309064840128, 6.645034206746826
0.0019084168336673344, 0.5522821964188301, 4.556009588369095E-4, 4.182271531794105, 7.304675119820193E-4, 2.4091981700988407, 7.886899409763134, 6.645313314427208
0.0019148296593186366, 0.5541337643374282, 4.5713190818929644E-4, 4.201462685760775, 7.379117488870308E-4, 2.5731393396489777, 8.024153133337796, 6.6455924221075895
0.0019212424849699393, 0.5559853322560264, 4.586628575416834E-4, 4.2206745313209035, 7.454027594802149E-4, 2.739016683392351, 8.16297071842634, 6.645871529787971
0.001927655310621242, 0.5578369001746245, 4.601938068940704E-4, 4.239909055708904, 7.529406236676446E-4, 2.9067303127215327, 8.30324971627457, 6.646150637468354
0.0019340681362725446, 0.5596884680932227, 4.617247562464574E-4, 4.259168334059351, 7.605254242924703E-4, 3.0761771321631346, 8.444884841766587, 6.646429745148736
0.001940480961923847, 0.5615400360118208, 4.632557055988443E-4, 4.2784545306384025, 7.681572472826876E-4, 3.2472509355746735, 8.587768073936147, 6.646708852829118
0.0019468937875751497, 0.563391603930419, 4.647866549512313E-4, 4.2977699000810725, 7.758361818010844E-4, 3.419842508319778, 8.731788762046412, 6.6469879605095
0.0019533066132264524, 0.5652431718490172, 4.6631760430361827E-4, 4.317116788634273, 7.835623203973792E-4, 3.5938397354217426, 8.876833737226614, 6.6472670681898816
0.001959719438877755, 0.5670947397676153, 4.6784855365600525E-4, 4.336497635405664, 7.913357591625532E-4, 3.769127715763999, 9.022787429735278, 6.647546175870263
0.0019661322645290573, 0.5689463076862133, 4.693795030083922E-4, 4.355914973618312, 7.99156597885403E-4, 3.945588882287502, 9.169531991746265, 6.647825283550645
0.00197254509018036, 0.5707978756048115, 4.7091045236077915E-4, 4.375371431871184, 8.070249402112985E-4, 4.123103128733154, 9.316947426276762, 6.648104391231028
0.0019789579158316626, 0.5726494435234097, 4.7244140171316613E-4, 4.394869735405355, 8.149408938031864E-4, 4.301547942314472, 9.464911721534744, 6.64838349891141
0.0019853707414829655, 0.5745010114420078, 4.739723510655531E-4, 4.414412707376109, 8.229045705048229E-4, 4.480798542982913, 9.61330099141408, 6.648662606591792
0.001991783567134268, 0.576352579360606, 4.7550330041794004E-4, 4.434003270130797, 8.309160865062629E-4, 4.66072802910823, 9.761989621915102, 6.648941714272174
0.0019981963927855704, 0.5782041472792041, 4.77034249770327E-4, 4.453644446492516, 8.389755625116107E-4, 4.8412075296943335, 9.910850423612025, 6.6492208219525555
0.0020046092184368733, 0.5800549742193357, 4.78565199122714E-4, 4.473351284934789, 8.470888302655591E-4, 5.022106363206384, 10.059754790230448, 6.649515201699704
0.0020110220440881757, 0.5819055112113716, 4.80096148475101E-4, 4.493119848798368, 8.552526352205583E-4, 5.203292203097211, 10.208572863397348, 6.649815557472978
0.002017434869739478, 0.5837560482034074, 4.816270978274879E-4, 4.5129488195849845, 8.634648947011843E-4, 5.384631250090682, 10.357173703637924, 6.650115913246252
0.002023847695390781, 0.5856065851954434, 4.831580471798749E-4, 4.532841635001359, 8.717257497052699E-4, 5.56598841142345, 10.505425467813343, 6.650416269019526
0.0020302605210420835, 0.5874571221874793, 4.8468899653226187E-4, 4.552801839735331, 8.8003534661791E-4, 5.747227486908897, 10.653195592799394, 6.6507166247928
0.0020366733466933864, 0.5893076591795152, 4.8621994588464885E-4, 4.572833086774336, 8.88393837392988E-4, 5.92821136216804, 10.800350985822515, 6.651016980566074
0.002043086172344689, 0.591158196171551, 4.8775089523703577E-4, 4.592939138729712, 8.968013797370587E-4, 6.108802208675956, 10.946758221009318, 6.651317336339348
0.0020494989979959913, 0.5930087331635869, 4.892818445894228E-4, 4.613123869166763, 9.052581372955571E-4, 6.288861691426631, 11.092283743017484, 6.651617692112622
0.0020559118236472937, 0.5948592701556228, 4.908127939418097E-4, 4.633391263940679, 9.137642798413712E-4, 6.46825118350379, 11.236794076965941, 6.651918047885896
0.002062324649298597, 0.5967098071476589, 4.923437432941968E-4, 4.653745422538183, 9.223199834657814E-4, 6.646831988120633, 11.38015604524897, 6.6522184036591705
0.002068737474949899, 0.5985603441396946, 4.938746926465837E-4, 4.6741905594250746, 9.309254307717607E-4, 6.824465568121768, 11.522236991220968, 6.652518759432445
0.002075150300601202, 0.6004108811317306, 4.954056419989707E-4, 4.694731005399504, 9.39580811069687E-4, 7.001013782970231, 11.66290500972367, 6.652819115205719
0.0020815631262525044, 0.6022614181237664, 4.969365913513577E-4, 4.715371208951069, 9.48286320575425E-4, 7.176339133233857, 11.802029184526546, 6.653119470978993
0.0020879759519038072, 0.6041119551158024, 4.984675407037446E-4, 4.736115737625719, 9.570421626108307E-4, 7.35030501292722, 11.939479832960899, 6.653419826752267
0.0020943887775551097, 0.6059624921078383, 4.999984900561316E-4, 4.7569692793964595, 9.658485478066721E-4, 7.522775969410077, 12.075128757495673, 6.653720182525541
0.0021008016032064126, 0.607813012787047, 5.015294394085186E-4, 4.77793597806413, 9.74705360301521E-4, 7.6936179712109105, 12.208849504553353, 6.6540197254797615
0.002107214428857715, 0.6096634192764653, 5.030603887609056E-4, 4.799016751903357, 9.836108032732966E-4, 7.862698683803169, 12.340517630633997, 6.654313578700607
0.002113627254509018, 0.6115138257658835, 5.045913381132926E-4, 4.82022130562653, 9.925674339484793E-4, 8.029887753228515, 12.470010975620479, 6.654607431921452
0.00212004008016032, 0.6133642322553017, 5.061222874656794E-4, 4.841554822729201, 0.0010015754941130948, 8.195057097999461, 12.597209943670768, 6.654901285142297
0.002126452905811623, 0.6152146387447199, 5.076532368180664E-4, 4.863022614074538, 0.001010635233913234, 8.358081208889947, 12.721997791286071, 6.655195138363143
0.0021328657314629252, 0.6170650452341382, 5.091841861704534E-4, 4.884630119298832, 0.0010197469120726804, 8.518837457277716, 12.844260923278902, 6.655488991583988
0.002139278557114228, 0.6189154517235564, 5.107151355228404E-4, 4.906382908222824, 0.0010289107961130414, 8.67720641143081, 12.963889195905148, 6.6557828448048335
0.0021456913827655306, 0.6207658582129747, 5.122460848752273E-4, 4.928286682268855, 0.001038127162576375, 8.83307216161922, 13.080776228165433, 6.656076698025679
0.002152104208416833, 0.622616264702393, 5.137770342276143E-4, 4.950347275883724, 0.0010473962972503247, 8.986322653210662, 13.194819720305327, 6.656370551246525
0.002158517034068136, 0.6244666711918112, 5.153079835800013E-4, 4.9725706579674736, 0.0010567184953957755, 9.136850028806725, 13.305921780631008, 6.65666440446737
0.0021649298597194383, 0.6263170776812295, 5.168389329323883E-4, 4.994962933307928, 0.0010660940619770494, 9.284550978676526, 13.413989259890116, 6.656958257688215
0.002171342685370741, 0.6281674841706477, 5.183698822847753E-4, 5.017530344020946, 0.0010755233118946307, 9.429327100018336, 13.518934093677707, 6.65725211090906
0.0021777555110220432, 0.6300178906600659, 5.199008316371621E-4, 5.040279270996669, 0.0010850065702204406, 9.571085265116821, 13.620673652997022, 6.6575459641299055
0.002184168336673346, 0.6318682971494841, 5.214317809895491E-4, 5.063216235351339, 0.0010945441724356973, 9.709737998145405, 13.71913110266023, 6.657839817350752
0.0021905811623246486, 0.6337187036389024, 5.229627303419361E-4, 5.086347899885142, 0.001104136464671319, 9.84520386114044, 13.81423576808067, 6.658133670571597
0.0021969939879759514, 0.6355691101283206, 5.244936796943231E-4, 5.109681070545657, 0.0011137838039509283, 9.977407848976712, 13.905923510266101, 6.658427523792442
0.002203406813627254, 0.6374192030846811, 5.260246290467101E-4, 5.1332361356994145, 0.0011234936270513149, 10.106281793379498, 13.994137109022914, 6.658736991926241
0.0022098196392785568, 0.6392690193942261, 5.27555578399097E-4, 5.157018727412469, 0.0011332656025859144, 10.231764776197982, 14.078826654585919, 6.65906023792441
0.0022162324649298588, 0.6411188357037708, 5.290865277514839E-4, 5.181024268675085, 0.00114309392227334, 10.353803551905699, 14.159949947686318, 6.659383483922579
0.002222645290581162, 0.6429686520133159, 5.30617477103871E-4, 5.20526015281737, 0.0011529789899099292, 10.47235297964521, 14.23747290827406, 6.659706729920749
0.002229058116232464, 0.6448184683228607, 5.321484264562579E-4, 5.2297339237215965, 0.0011629212214390714, 10.587376464347424, 14.311369992485254, 6.660029975918918
0.0022354709418837674, 0.6466682846324058, 5.33679375808645E-4, 5.2544532773205646, 0.0011729210452099406, 10.698846407874191, 14.381624618766432, 6.660353221917087
0.0022418837675350694, 0.6485181009419505, 5.352103251610318E-4, 5.279426063101756, 0.0011829789022388423, 10.806744669304159, 14.448229602245965, 6.660676467915256
0.002248296593186372, 0.6503679172514955, 5.367412745134188E-4, 5.304660285617352, 0.0011930952464732668, 10.91106303515425, 14.511187598208753, 6.660999713913426
0.0022547094188376748, 0.6522177335610404, 5.382722238658058E-4, 5.330164105999916, 0.0012032705450585903, 11.011803699340609, 14.57051155434182, 6.661322959911594
0.002261122244488977, 0.6540675498705852, 5.398031732181928E-4, 5.35594584348399, 0.0012135052786074814, 11.108979752869486, 14.626225171877893, 6.661646205909763
0.0022675350701402796, 0.6559173661801301, 5.413341225705796E-4, 5.382013976933505, 0.0012237999414719824, 11.20261568371328, 14.678363375977458, 6.661969451907932
0.0022739478957915825, 0.6577671824896751, 5.428650719229667E-4, 5.408377146374859, 0.0012341550420183242, 11.292747886296537, 14.726972794772673, 6.662292697906102
0.002280360721442885, 0.6596169987992199, 5.443960212753536E-4, 5.435044154535952, 0.0012445711029044355, 11.379425181433794, 14.77211224797639, 6.662615943904271
0.002286773547094188, 0.6614668151087649, 5.459269706277407E-4, 5.462023968390977, 0.0012550486613601998, 11.46270934632308, 14.813853244584493, 6.66293918990244
0.0022931863727454903, 0.6633166314183098, 5.474579199801276E-4, 5.489325720710925, 0.0012655882694704277, 11.542675654665562, 14.852280489718543, 6.663262435900609
0.0022995991983967927, 0.6651664477278547, 5.489888693325145E-4, 5.516958711620026, 0.001276190494460611, 11.619413427299905, 14.887492401073342, 6.663585681898779
0.0023060120240480956, 0.6670230667329732, 5.505198186849015E-4, 5.544502531799074, 0.0012866192624292427, 11.693026593111357, 14.919601634619292, 6.663432337060955
0.002312424849699398, 0.6688801392511299, 5.520507680372885E-4, 5.5723655514962935, 0.0012970933169884956, 11.763634260520307, 14.94873561994264, 6.663247219500732
0.002318837675350701, 0.6707372117692866, 5.535817173896755E-4, 5.600586160399391, 0.001307628949789426, 11.831371299436059, 14.975037104970884, 6.663062101940509
0.0023252505010020034, 0.6725942842874433, 5.551126667420625E-4, 5.629174343565033, 0.001318226779642469, 11.89638893408723, 14.99866471071248, 6.6628769843802855
0.0023316633266533063, 0.6744513568056, 5.566436160944494E-4, 5.658140261271983, 0.001328887441967995, 11.958855346254508, 15.019793495229623, 6.6626918668200625
0.0023380761523046087, 0.6763084293237567, 5.581745654468364E-4, 5.687494250612348, 0.0013396115890987683, 12.018956289661945, 15.038615527865993, 6.6625067492598395
0.002344488977955911, 0.6781655018419135, 5.597055147992234E-4, 5.717246827088539, 0.0013503998905851956, 12.076895714949668, 15.05534047293959, 6.6623216316996166
0.0023509018036072136, 0.6800225743600701, 5.612364641516103E-4, 5.747408686216055, 0.001361253033503431, 12.132896405890845, 15.070196183671207, 6.662136514139394
0.0023573146292585165, 0.6818796468782269, 5.627674135039974E-4, 5.777990705132126, 0.001372171722766316, 12.187200626483415, 15.083429305950753, 6.661951396579171
0.002363727454909819, 0.6837367193963835, 5.642983628563842E-4, 5.8090039442100565, 0.0013831566814371638, 12.240070779249875, 15.09530589218892, 6.661766279018947
0.0023701402805611214, 0.6855937919145402, 5.658293122087712E-4, 5.840459648679504, 0.001394208651046418, 12.291790074827084, 15.106112025464574, 6.661581161458724
0.0023765531062124243, 0.6874508644326969, 5.673602615611582E-4, 5.872369250252422, 0.0014053283919111775, 12.342663212594614, 15.116154453504109, 6.661396043898501
0.0023829659318637267, 0.6893079369508536, 5.688912109135452E-4, 5.904744368754894, 0.001416516683457604, 12.3930170730674, 15.12576123349406, 6.661210926338278
0.0023893787575150296, 0.6911650094690104, 5.704221602659322E-4, 5.93759681376471, 0.0014277743245462286, 12.443201421450755, 15.135282386794502, 6.661025808778055
0.002395791583166332, 0.6930220819871671, 5.719531096183191E-4, 5.970938586254864, 0.0014391021338001544, 12.493589622755879, 15.145090564193586, 6.660840691217831
0.0024022044088176345, 0.6948770098654042, 5.73484058970706E-4, 6.004912137436577, 0.0014505756503604612, 12.544579368803468, 15.155581721885065, 6.660794325090515
0.0024086172344689374, 0.6967278434310681, 5.750150083230931E-4, 6.039649633523354, 0.0014622652054815067, 12.596593416500193, 15.167175807595685, 6.661012848062384
0.00241503006012024, 0.6985786769967318, 5.7654595767548E-4, 6.074915651889018, 0.0014740298396052204, 12.650080338340416, 15.180317457794136, 6.661231371034254
0.0024214428857715423, 0.7004295105623957, 5.780769070278669E-4, 6.110722975668487, 0.0014858704630731955, 12.705515284441766, 15.195476705259463, 6.661449894006123
0.0024278557114228447, 0.7022803441280594, 5.796078563802539E-4, 6.147084587695893, 0.0014977880076747596, 12.763400756697365, 15.213149697627319, 6.661668416977992
0.0024342685370741476, 0.7041311776937232, 5.811388057326409E-4, 6.184013672182893, 0.001509783426992812, 12.824267394825728, 15.233859426640382, 6.661886939949862
0.00244068136272545, 0.7059820112593871, 5.826697550850279E-4, 6.221523616402639, 0.0015218576967526705, 12.888674774817344, 15.258156468621586, 6.662105462921731
0.002447094188376753, 0.7078328448250508, 5.842007044374149E-4, 6.259628012379633, 0.0015340118151738733, 12.957212218983663, 15.286619735304374, 6.6623239858936
0.002453507014028055, 0.7096836783907146, 5.857316537898017E-4, 6.29834065858531, 0.0015462468033249945, 13.030499619054234, 15.319857236609753, 6.66254250886547
0.0024599198396793582, 0.7115345119563785, 5.872626031421888E-4, 6.337675561639596, 0.0015585637054814612, 13.109188270908623, 15.358506853738309, 6.662761031837339
0.0024663326653306603, 0.7133853455220421, 5.887935524945757E-4, 6.377646938018017, 0.001570963589486391, 13.193961722116473, 15.403237123886601, 6.662979554809208
0.002472745490981963, 0.715236179087706, 5.903245018469627E-4, 6.418269215764809, 0.0015834475471144527, 13.285536632118095, 15.454748036383075, 6.663198077781078
0.0024791583166332656, 0.7170870126533697, 5.918554511993497E-4, 6.45955703621172, 0.0015960166944387804, 13.384663644283657, 15.513771839402068, 6.663416600752947
0.0024855711422845685, 0.7189378462190336, 5.933864005517366E-4, 6.501525255702717, 0.0016086721722009204, 13.492128271736743, 15.58107385926804, 6.663635123724816
0.0024919839679358713, 0.7207886797846975, 5.949173499041237E-4, 6.544188947324372, 0.0016214151461838439, 13.608751794766974, 15.657453329996159, 6.663853646696686
0.002498396793587174, 0.7226395133503611, 5.964482992565106E-4, 6.587563402642118, 0.001634246807588027, 13.73539217221654, 15.74374423559834, 6.664072169668555
0.0025048096192384762, 0.724482449729986, 5.979792486088976E-4, 6.631776261028662, 0.0016472354233804227, 13.872944964775808, 15.840816162965192, 6.664405115065522
0.002511222444889779, 0.7263227537142645, 5.995101979612846E-4, 6.676769197550858, 0.0016603383527831988, 14.022344271711855, 15.949575166905657, 6.664776201270855
0.0025176352705410816, 0.7281630576985428, 6.010411473136715E-4, 6.722520893017265, 0.0016735346355694347, 14.184563680854714, 16.07096464712907, 6.665147287476188
0.0025240480961923836, 0.7300033616828212, 6.025720966660584E-4, 6.769047530592413, 0.0016868255721943582, 14.360617231559381, 16.205966236932824, 6.665518373681521
0.002530460921843687, 0.7318436656670998, 6.041030460184455E-4, 6.816365520688006, 0.0017002124904588046, 14.551560390628385, 16.355600703383825, 6.665889459886855
0.002536873747494989, 0.733683969651378, 6.056339953708324E-4, 6.864491502733994, 0.0017136967459039135, 14.758491041914896, 16.520928860053694, 6.666260546092188
0.002543286573146292, 0.7355242736356566, 6.071649447232195E-4, 6.913442346955431, 0.0017272797222090274, 14.982550489374045, 16.70305249167447, 6.666631632297521
0.0025496993987975942, 0.737364577619935, 6.086958940756063E-4, 6.963235156155168, 0.0017409628315926818, 15.224924473230958, 16.903115290615794, 6.667002718502854
0.002556112224448897, 0.7392048816042135, 6.102268434279933E-4, 7.0138872675022945, 0.0017547475152167907, 15.486844199966518, 17.122303805883213, 6.667373804708187
0.0025625250501001996, 0.7410451855884919, 6.117577927803803E-4, 7.065416254326426, 0.0017686352435940028, 15.769587385816065, 17.361848404097845, 6.66774489091352
0.0025689378757515024, 0.7428854895727703, 6.132887421327673E-4, 7.117839927917775, 0.0017826275169982339, 16.074479314234406, 17.62302424323624, 6.668115977118853
0.002575350701402805, 0.7447257935570488, 6.148196914851542E-4, 7.171176339333062, 0.0017967258658783984, 16.402893906648977, 17.90715225805473, 6.668487063324186
0.0025817635270541078, 0.7465660975413272, 6.163506408375412E-4, 7.225443781207115, 0.0018109318512753462, 16.75625480785363, 18.215600159010563, 6.668858149529519
0.0025881763527054098, 0.7484064015256056, 6.178815901899281E-4, 7.280660789570433, 0.0018252470652420061, 17.136036484458202, 18.54978344249888, 6.669229235734852
0.002594589178356713, 0.7502467055098841, 6.194125395423152E-4, 7.336846145672457, 0.0018396731312667809, 17.543765338100588, 18.911166414763585, 6.669600321940185
0.002601002004008015, 0.7520870249726277, 6.209434888947021E-4, 7.394046544196698, 0.0018542288839624552, 17.981020832636563, 19.301263228043137, 6.669998550702236
0.002607414829659318, 0.7539274280190837, 6.22474438247089E-4, 7.4524035273746065, 0.001868992244907918, 18.449436635139676, 19.721638929298077, 6.670543349270566
0.0026138276553106204, 0.7557678310655397, 6.24005387599476E-4, 7.511787613798152, 0.0018838726404694695, 18.950701771633213, 20.173910522108855, 6.671088147838894
0.002620240480961923, 0.7576082341119957, 6.25536336951863E-4, 7.57221858430615, 0.0018988718286393627, 19.48656179702464, 20.65974804132502, 6.6716329464072235
0.0026266533066132258, 0.7594486371584517, 6.2706728630425E-4, 7.633716474159911, 0.0019139916010131926, 20.05881997934159, 21.18087564054635, 6.672177744975553
0.002633066132264528, 0.7612890402049077, 6.28598235656637E-4, 7.6963015749011845, 0.0019292337832328421, 20.669338498920876, 21.739072693049597, 6.672722543543882
0.0026394789579158306, 0.7631294432513636, 6.301291850090238E-4, 7.759994436216207, 0.0019446002354327509, 21.320039661647584, 22.33617490532092, 6.6732673421122115
0.0026458917835671335, 0.7649698462978197, 6.316601343614109E-4, 7.824815867805356, 0.0019600928526894296, 22.01290712700243, 22.97407544379811, 6.673812140680541
0.002652304609218436, 0.7668102493442756, 6.331910837137978E-4, 7.890786941258611, 0.001975713565474351, 22.74998715164879, 23.654726075744456, 6.674356939248869
0.0026587174348697384, 0.7686506523907316, 6.347220330661848E-4, 7.957928991936932, 0.0019914643401101615, 23.533389846559345, 24.38013832200024, 6.674901737817199
0.0026651302605210417, 0.7704910554371877, 6.362529824185719E-4, 8.02626362085934, 0.002007347179230198, 24.365290450090082, 25.15238462430441, 6.675446536385528
0.0026715430861723437, 0.7723314584836436, 6.377839317709587E-4, 8.095812696595807, 0.00202336412224138, 25.247930615626288, 25.97359952546106, 6.675991334953857
0.002677955911823647, 0.7741718615300998, 6.393148811233458E-4, 8.16659835716601, 0.0020395172457904837, 26.183619714612075, 26.845980863497456, 6.676536133522187
0.002684368737474949, 0.7760122645765556, 6.408458304757327E-4, 8.238643011943807, 0.002055808664233721, 27.174736154201458, 27.77179097878045, 6.677080932090515
0.002690781563126252, 0.7778526676230115, 6.423767798281197E-4, 8.311969343567611, 0.0020722405301097724, 28.223728710826286, 28.753357935450943, 6.6776257306588445
0.0026971943887775544, 0.7796930706694676, 6.439077291805067E-4, 8.386600309856483, 0.0020888150346161727, 29.333117878549533, 29.79307675611706, 6.678170529227174
0.0027036072144288573, 0.7815297885797713, 6.454386785328936E-4, 8.462664277398403, 0.0021056022641329298, 30.505497233419295, 30.893410670969633, 6.678814293875813
0.0027100200400801593, 0.7833636402730674, 6.469696278852805E-4, 8.540162145709687, 0.0021225903406188323, 31.743534812406207, 32.05689237972778, 6.6795350321424705
0.002716432865731462, 0.7851974919663638, 6.485005772376676E-4, 8.619036150555317, 0.0021397290619731835, 33.04997450909588, 33.28612532893142, 6.680255770409127
0.0027228456913827646, 0.78703134365966, 6.500315265900545E-4, 8.699310370268549, 0.0021570207835956345, 34.427637483934305, 34.58378500195803, 6.680976508675785
0.0027292585170340675, 0.7888651953529564, 6.515624759424416E-4, 8.781009168030948, 0.00217446790198111, 35.8794235908168, 35.952620223878476, 6.681697246942442
0.00273567134268537, 0.7906990470462526, 6.530934252948284E-4, 8.864157193823374, 0.0021920728552167253, 37.408312819586186, 37.39545448050519, 6.682417985209099
0.0027420841683366724, 0.7925328987395489, 6.546243746472154E-4, 8.948779386382824, 0.0022098381234822414, 39.017366753891615, 38.915187251187376, 6.683138723475757
0.0027484969939879753, 0.7943667504328452, 6.561553239996024E-4, 9.034900975164838, 0.002227766229553933, 40.70973004552808, 40.51479535635428, 6.683859461742414
0.0027549098196392777, 0.7962006021261415, 6.576862733519894E-4, 9.122547482311916, 0.0022458597393119747, 42.488631904426086, 42.197334319069505, 6.684580200009072
0.00276132264529058, 0.7980344538194376, 6.592172227043762E-4, 9.211744724627643, 0.0022641212622513318, 44.35738760538871, 43.96593974169492, 6.685300938275729
0.002767735470941883, 0.7998683055127341, 6.607481720567633E-4, 9.302518815556617, 0.0022825534519961234, 46.319400010219745, 45.82382869611235, 6.686021676542387
0.0027741482965931855, 0.8017021572060302, 6.622791214091502E-4, 9.394896167170224, 0.0023011590068175115, 48.37816110688881, 47.774301129407476, 6.686742414809044
0.0027805611222444884, 0.8035360088993266, 6.638100707615373E-4, 9.488903492158272, 0.0023199406701551566, 50.53725356452178, 49.82074128355326, 6.687463153075702
0.002786973947895791, 0.8053698605926228, 6.653410201139242E-4, 9.584567805826097, 0.00233890123114212, 52.800352305542496, 51.96661913062934, 6.688183891342359
0.0027933867735470933, 0.8072037122859191, 6.668719694663111E-4, 9.681916428098027, 0.00235804352513342, 55.17122609325126, 54.21549182160358, 6.688904629609016
0.002799799599198396, 0.8090375639792154, 6.684029188186981E-4, 9.780976985526095, 0.00237737043423807, 57.65373913736984, 56.57100515143041, 6.689625367875673
0.0028062124248496986, 0.8108593209218059, 6.699338681710851E-4, 9.882144957744273, 0.002397131118322647, 60.251852715129885, 59.03689503788969, 6.6906782752954514
0.0028126252505010006, 0.8126806877111478, 6.71464817523472E-4, 9.985094809060087, 0.0024170926908263397, 62.969626809832675, 61.6169890161323, 6.691741897849201
0.002819038076152304, 0.8145020545004898, 6.729957668758591E-4, 10.089843273426162, 0.0024372502826569215, 65.81122176622469, 64.31520774832084, 6.69280552040295
0.0028254509018036064, 0.8163234212898318, 6.74526716228246E-4, 10.196419225540396, 0.002457606978197713, 68.78089996221681, 67.135566547656, 6.693869142956699
0.0028318637274549092, 0.8181447880791737, 6.76057665580633E-4, 10.304851856860765, 0.0024781659113090665, 71.88302749853177, 70.08217691873966, 6.6949327655104485
0.0028382765531062117, 0.8199661548685157, 6.7758861493302E-4, 10.415170677649002, 0.002498930265881976, 75.1220759048096, 73.15924811245316, 6.695996388064198
0.002844689378757514, 0.8217875216578575, 6.791195642854069E-4, 10.527405519020249, 0.0025199032763953376, 78.50262386306983, 76.37108869640987, 6.697060010617947
0.002851102204408817, 0.8236088884471996, 6.80650513637794E-4, 10.641586534998275, 0.002541088228476848, 82.02935894822592, 79.72210814057628, 6.698123633171696
0.0028575150300601195, 0.8254302552365413, 6.821814629901808E-4, 10.757744204576873, 0.0025624884594675325, 85.70707938712994, 83.21681841974376, 6.6991872557254455
0.002863927855711422, 0.8272516220258833, 6.837124123425678E-4, 10.875909333786645, 0.002584107358989977, 89.54069583270362, 86.85983562899935, 6.700250878279196
0.002870340681362725, 0.8290729888152253, 6.852433616949548E-4, 10.996113057767921, 0.002605948369520164, 93.53523315812359, 90.65588161756062, 6.701314500832945
0.0028767535070140272, 0.8308943556045671, 6.867743110473418E-4, 11.118386842849254, 0.0026280149869630596, 97.69583226691577, 94.60978563667585, 6.702378123386694
0.00288316633266533, 0.8327157223939091, 6.883052603997287E-4, 11.242762488631904, 0.0026503107612318574, 102.02775192130586, 98.72648600366593, 6.703441745940443
0.0028895791583166326, 0.8345370891832511, 6.898362097521157E-4, 11.369272130079935, 0.0026728392968309155, 106.53637058851338, 103.01103178232795, 6.704505368494193
0.0028959919839679346, 0.8363584559725928, 6.913671591045026E-4, 11.49794823961625, 0.0026956042534424353, 111.22718830438737, 107.46858447854866, 6.705568991047942
0.002902404809619238, 0.838168226716686, 6.928981084568897E-4, 11.629048744731435, 0.0027187653286258155, 116.10582855508478, 112.10441975208748, 6.7068283693106405
0.00290881763527054, 0.8399586707186971, 6.944290578092766E-4, 11.762759026652702, 0.0027424330393669124, 121.17804017759919, 116.9239291454962, 6.708414007088253
0.002915230460921843, 0.8417491147207085, 6.959600071616635E-4, 11.898738370436021, 0.002766352510669312, 126.44969927651108, 121.93262182695128, 6.709999644865866
0.0029216432865731452, 0.8435395587227198, 6.974909565140505E-4, 12.037020622703707, 0.002790527645539955, 131.92681116102852, 127.13612635176663, 6.711585282643479
0.002928056112224448, 0.8453300027247311, 6.990219058664375E-4, 12.177639978104999, 0.002814962405174019, 137.6155122984629, 132.54019243823376, 6.713170920421092
0.0029344689378757506, 0.8471204467267425, 7.005528552188245E-4, 12.320630981447131, 0.0028396608095640373, 143.52207228740818, 138.1506927612719, 6.7147565581987045
0.0029408817635270534, 0.8489108907287538, 7.020838045712115E-4, 12.466028529831789, 0.0028646269381129037, 149.65289584848279, 143.97362476158446, 6.716342195976318
0.0029472945891783555, 0.850701334730765, 7.036147539235983E-4, 12.613867874797691, 0.002889864930250556, 156.01452483356405, 150.01511247138765, 6.71792783375393
0.0029537074148296588, 0.8524917787327765, 7.051457032759854E-4, 12.76418462446857, 0.002915378986054577, 162.61364025425337, 156.281408357388, 6.719513471531544
0.0029601202404809608, 0.8542822227347876, 7.066766526283723E-4, 12.91701474570742, 0.002941173366874524, 169.4570643279349, 162.7788951792878, 6.721099109309156
0.0029665330661322637, 0.8560726667367989, 7.082076019807593E-4, 13.072394566276174, 0.002967252395960172, 176.55176254385017, 169.51408786636696, 6.722684747086769
0.002972945891783566, 0.8578631107388103, 7.097385513331463E-4, 13.230360777001351, 0.0029936204590934757, 183.90484574662872, 176.49363540946996, 6.724270384864382
0.002979358717434869, 0.8596535547408216, 7.112695006855332E-4, 13.390950433945491, 0.003020282005224511, 191.52357223990325, 183.7243227710387, 6.725856022641995
0.0029857715430861714, 0.861443998742833, 7.128004500379202E-4, 13.554200960584424, 0.0030472415471111697, 199.41534990752567, 191.2130728106039, 6.727441660419608
0.0029921843687374743, 0.8632344427448443, 7.143313993903072E-4, 13.720150149990232, 0.003074503661962791, 207.58773835555345, 198.96694822931067, 6.729027298197221
0.0029985971943887768, 0.8650248867468556, 7.158623487426942E-4, 13.888836167020102, 0.00310207299208761, 216.0484510720043, 206.99315352973315, 6.7306129359748335
0.003005010020040079, 0.8667855702731775, 7.173932980950812E-4, 14.060983890902037, 0.003130446621540952, 224.80535760596416, 215.2990369932336, 6.732770620623967
0.003011422845691382, 0.8685379208663062, 7.189242474474681E-4, 14.236142320420186, 0.003159280264384918, 233.8664857666121, 223.89209267515002, 6.7350884783971265
0.0030178356713426845, 0.870290271459435, 7.204551967998551E-4, 14.41415910192157, 0.0031884415911768585, 243.24002384123264, 232.77996241673262, 6.737406336170285
0.0030242484969939874, 0.8720426220525638, 7.219861461522421E-4, 14.595073916384905, 0.003217935538151028, 252.9343228326881, 241.97043787461257, 6.739724193943445
0.0030306613226452894, 0.8737949726456925, 7.23517095504629E-4, 14.778926827608984, 0.003247767109982028, 262.9578987160764, 251.47146256714552, 6.742042051716604
0.0030370741482965927, 0.8755473232388215, 7.25048044857016E-4, 14.965758284436447, 0.0032779413804557888, 273.3194347160372, 261.2911339395263, 6.744359909489764
0.0030434869739478948, 0.8772996738319501, 7.265789942094029E-4, 15.15560912298298, 0.0033084634931445627, 284.02778360220776, 271.4377054446719, 6.746677767262923
0.0030498997995991976, 0.8790520244250789, 7.281099435617899E-4, 15.348520568872928, 0.003339338662085821, 295.0919700059973, 281.9195886434457, 6.748995625036081
0.0030563126252505, 0.8808043750182076, 7.296408929141769E-4, 15.544534239479987, 0.0033705721724650913, 306.521192756075, 292.7453553213523, 6.751313482809241
0.003062725450901803, 0.8825567256113365, 7.311718422665639E-4, 15.743692146174311, 0.0034021693813028695, 318.32482723450585, 303.92373962380356, 6.7536313405824
0.0030691382765531054, 0.8843090762044652, 7.327027916189508E-4, 15.94603669657505, 0.0034341357181454733, 330.5124277521949, 315.4636402083876, 6.75594919835556
0.0030755511022044083, 0.886061426797594, 7.342337409713378E-4, 16.151610696808845, 0.003466476685759879, 343.09372994558856, 327.37412241643443, 6.758267056128719
0.0030819639278557103, 0.8878137773907226, 7.357646903237247E-4, 16.36045735377401, 0.003499197860832595, 356.07865319187636, 339.6644204605735, 6.760584913901877
0.0030883767535070136, 0.8895661279838516, 7.372956396761118E-4, 16.572620277410806, 0.0035323048946726034, 369.4773030460599, 352.3439396321994, 6.762902771675037
0.0030947895791583156, 0.8913184785769802, 7.388265890284987E-4, 16.78814348297699, 0.0035658035139181834, 383.29997369716205, 365.4222585258603, 6.765220629448196
0.003101202404809618, 0.8930566860523345, 7.403575383808856E-4, 17.007283565973594, 0.0035998566048642735, 397.55715044590727, 378.90913128272183, 6.767708067616714
0.003107615230460921, 0.8947336066839991, 7.418884877332726E-4, 17.23079648252488, 0.0036349985956708256, 412.2595122016483, 392.814489851145, 6.770930354165119
0.0031140280561122234, 0.8964105273156638, 7.434194370856596E-4, 17.45781072756938, 0.00367055815404645, 427.41793400119116, 407.1484462670355, 6.774152640713524
0.0031204408817635263, 0.8980874479473284, 7.449503864380466E-4, 17.688371973165857, 0.0037065413545899553, 443.04348954735445, 421.9212949513932, 6.7773749272619295
0.0031268537074148287, 0.8997643685789931, 7.464813357904336E-4, 17.92252630816661, 0.003742954350909664, 459.1474537683288, 437.14351502669945, 6.780597213810334
0.003133266533066131, 0.9014412892106577, 7.480122851428204E-4, 18.160320240528165, 0.00377980337635472, 475.7413053986458, 452.82577265241895, 6.78381950035874
0.003139679358717434, 0.9031182098423224, 7.495432344952075E-4, 18.401800699627742, 0.0038170947447507125, 492.8367295800481, 468.9789233782113, 6.787041786907145
0.0031460921843687365, 0.904795130473987, 7.510741838475944E-4, 18.647015038585423, 0.0038548348511392994, 510.4456204837242, 485.6140145162645, 6.79026407345555
0.003152505010020039, 0.9064720511056515, 7.526051331999814E-4, 18.89601103659244, 0.003893030172521945, 528.5800839537102, 502.742287532237, 6.793486360003954
0.003158917835671342, 0.9081489717373162, 7.541360825523683E-4, 19.148836901245005, 0.003931687268607854, 547.2524401717167, 520.3751804558041, 6.79670864655236
0.0031653306613226443, 0.9098258923689809, 7.556670319047553E-4, 19.40554127088386, 0.003970812782566025, 566.4752263424676, 538.5243303087874, 6.799930933100765
0.0031717434869739476, 0.9115028130006456, 7.571979812571424E-4, 19.66617321693991, 0.004010413441781484, 586.261199400617, 557.2015755530323, 6.80315321964917
0.0031781563126252496, 0.9131797336323102, 7.587289306095293E-4, 19.930782246285517, 0.0040504960586156165, 606.6233387395168, 576.418958557463, 6.8063755061975755
0.003184569138276552, 0.9148566542639749, 7.602598799619163E-4, 20.1994183035915, 0.004091067531170774, 627.5748489604683, 596.1887280834555, 6.80959779274598
0.003190981963927855, 0.9165335748956395, 7.617908293143032E-4, 20.472131773690222, 0.004132134844059042, 649.1291626447521, 616.5233417905058, 6.812820079294386
0.0031973947895791574, 0.9182104955273042, 7.633217786666902E-4, 20.748973483943914, 0.004173705069175115, 671.2999431463096, 637.4354687602943, 6.81604236584279
0.00320380761523046, 0.9197926279626336, 7.648527280190771E-4, 21.03081651977857, 0.004216413932510045, 694.1010874063201, 658.9379920401092, 6.819890805314326
0.0032102204408817627, 0.9213099053162604, 7.663836773714642E-4, 21.317459927499883, 0.004260078812670811, 717.5467287900742, 681.044011206332, 6.824167665206952
0.003216633266533065, 0.922827182669887, 7.679146267238511E-4, 21.60839534635558, 0.004304279222886464, 741.6512399451037, 703.7668449466597, 6.8284445250995764
0.003223046092184368, 0.9243444600235138, 7.694455760762381E-4, 21.90367541847138, 0.0043490226475753815, 766.4292356812103, 727.1200336617702, 6.832721384992202
0.0032294589178356705, 0.9258617373771403, 7.70976525428625E-4, 22.203353240453907, 0.0043943166625099225, 791.8955758733979, 751.1173420877003, 6.836998244884827
0.003235871743486973, 0.927379014730767, 7.72507474781012E-4, 22.50748236579406, 0.0044401689356149375, 818.0653683861543, 775.7727619368454, 6.841275104777452
0.003242284569138276, 0.9288962920843937, 7.74038424133399E-4, 22.816116807276686, 0.0044865872277705995, 844.9539720194183, 801.1005145584111, 6.8455519646700775
0.0032486973947895782, 0.9304135694380203, 7.75569373485786E-4, 23.129311039395304, 0.004533579393619433, 872.5769994787901, 827.1150536204973, 6.849828824562703
0.0032551102204408807, 0.931930846791647, 7.771003228381728E-4, 23.447120000773253, 0.004581153382377693, 900.9503203650967, 853.8310678091898, 6.854105684455328
0.0032615230460921836, 0.9334481241452737, 7.786312721905599E-4, 23.76959909659054, 0.004629317238651081, 930.0900641899988, 881.263483551191, 6.858382544347953
0.003267935871743486, 0.9349654014989003, 7.801622215429468E-4, 24.096804201015942, 0.00467807910325466, 960.0126234101442, 909.4274677524434, 6.862659404240578
0.003274348697394789, 0.9364826788525271, 7.816931708953339E-4, 24.428791659645753, 0.004727447214037214, 990.7346564876839, 938.3384305607242, 6.866936264133204
0.003280761523046091, 0.9379999562061536, 7.832241202477208E-4, 24.76561829194779, 0.0047774299067098805, 1022.2730909708724, 968.0120281457463, 6.871213124025829
0.003287174348697394, 0.9395172335597803, 7.847550696001077E-4, 25.107341393711195, 0.0048280356156791115, 1054.6451265984108, 998.4641655004197, 6.875489983918454
0.0032935871743486962, 0.941034510913407, 7.862860189524947E-4, 25.454018739502374, 0.004879272874884053, 1087.8682384264644, 1029.7109992625021, 6.879766843811079
0.003299999999999999, 0.9425517882670337, 7.878169683048817E-4, 25.805708585126354, 0.004931150318638229, 1121.9601799787213, 1061.7689405564468, 6.884043703703704
