phi0, phi, rho, Z_fit_curve, F_ex_fit_per_V, mu_kT, PV_NkT, alpha
1.0000000000000005E-4, 0.028960054526215622, 2.387324146378431E-5, 1.0639268033124634, 1.7599678462699097E-6, -42.27222037102475, -43.20275751029865, 6.615652098765432
1.0641282565130265E-4, 0.030817149610921215, 2.540419081617128E-5, 1.066905216985002, 1.9761486123941305E-6, -39.63714155862112, -38.04419635013702, 6.6156867293434605
1.1282565130260525E-4, 0.032674244695626804, 2.6935140168558247E-5, 1.0697863619311367, 2.2029934670690785E-6, -37.13393378919989, -33.450371423875666, 6.615721359921489
1.1923847695390786E-4, 0.0345313397803324, 2.8466089520945217E-5, 1.072576231749866, 2.440258347867777E-6, -34.758020620510905, -29.339897195459653, 6.615755990499517
1.2565130260521045E-4, 0.03638843486503799, 2.9997038873332187E-5, 1.075280723280455, 2.6877115501433047E-6, -32.50493637671273, -25.647409952706564, 6.6157906210775455
1.3206412825651306E-4, 0.03824552994974358, 3.152798822571916E-5, 1.077905637227618, 2.9451335415932996E-6, -30.37032433254487, -22.319697577795676, 6.615825251655574
1.3847695390781567E-4, 0.04010262503444917, 3.305893757810612E-5, 1.080456678786698, 3.2123167779729888E-6, -28.349934915829554, -19.312904290124667, 6.615859882233602
1.4488977955911825E-4, 0.04195972011915476, 3.458988693049309E-5, 1.0829394582688476, 3.4890655199567772E-6, -26.43962392821531, -16.590477318168404, 6.61589451281163
1.513026052104209E-4, 0.043816815203860354, 3.612083628288006E-5, 1.0853594917262075, 3.7751956511483725E-6, -24.635350784076184, -14.121635382912356, 6.61592914338966
1.5771543086172347E-4, 0.04567391028856595, 3.765178563526703E-5, 1.087722201577089, 4.070534497239438E-6, -22.933176767479406, -11.880210476502262, 6.615963773967688
1.6412825651302606E-4, 0.04753100537327153, 3.9182734987653996E-5, 1.0900329172311531, 4.3749206463168225E-6, -21.329263307134674, -9.843760842423858, 6.615998404545716
1.705410821643287E-4, 0.04938810045797713, 4.071368434004097E-5, 1.0922968757145903, 4.688203770318307E-6, -19.81987026923843, -7.992883775588026, 6.616033035123745
1.7695390781563127E-4, 0.051245195542682725, 4.2244633692427936E-5, 1.0945192222953035, 5.0102444476369034E-6, -18.401354268125843, -6.310677555686207, 6.616067665701773
1.833667334669339E-4, 0.05310229062738832, 4.377558304481491E-5, 1.0967050111080845, 5.340913986873691E-6, -17.070166994644218, -4.7823160083399054, 6.616102296279801
1.897795591182365E-4, 0.054959385712093904, 4.5306532397201875E-5, 1.0988592057797968, 5.680094251739199E-6, -15.822853562160638, -3.394709056974697, 6.61613692685783
1.961923847695391E-4, 0.05681648079679949, 4.683748174958884E-5, 1.1009866800545567, 6.027677487103352E-6, -14.656050870116706, -2.1362295936923696, 6.616171557435858
2.0260521042084168E-4, 0.05867358542141021, 4.836843110197581E-5, 1.1030928741881867, 6.383597864725006E-6, -13.566485985044421, -0.9964919785653257, 6.616214582044746
2.090180360721443E-4, 0.060530703988959204, 4.9899380454362775E-5, 1.1051828585781418, 6.747789575863808E-6, -12.550974538955234, 0.03382891750260599, 6.616269874852584
2.154308617234469E-4, 0.0623878225565082, 5.143032980674975E-5, 1.1072603129922605, 7.12013197730707E-6, -11.606419145016513, 0.9631465714775196, 6.616325167660422
2.218436873747495E-4, 0.0642449411240572, 5.2961279159136715E-5, 1.1093297578996337, 7.5005575917958084E-6, -10.72980783042757, 1.7990860606251522, 6.6163804604682595
2.2825651302605212E-4, 0.0661020596916062, 5.449222851152369E-5, 1.1113956270125056, 7.889008470733738E-6, -9.91821248640926, 2.5485867416785206, 6.616435753276098
2.3466933867735473E-4, 0.06795917825915519, 5.6023177863910654E-5, 1.1134622679114543, 8.285436027128438E-6, -9.168787335219667, 3.21798828947337, 6.616491046083936
2.4108216432865734E-4, 0.06981629682670419, 5.755412721629763E-5, 1.1155339426705697, 8.689800869681075E-6, -8.47876741410943, 3.813103190905624, 6.616546338891773
2.4749498997995995E-4, 0.07167341539425318, 5.9085076568684594E-5, 1.1176148284826375, 9.102072638024742E-6, -7.845467076129634, 4.339278148349645, 6.616601631699611
2.539078156312625E-4, 0.07353053396180217, 6.061602592107156E-5, 1.1197090182843172, 9.522229839111193E-6, -7.266278507705562, 4.8014463508278, 6.616656924507449
2.6032064128256516E-4, 0.07538765252935117, 6.214697527345853E-5, 1.1218205213813222, 9.950259684746242E-6, -6.738670262889214, 5.20417218530677, 6.616712217315286
2.667334669338677E-4, 0.07724477109690016, 6.36779246258455E-5, 1.123953264073601, 1.038615793027367E-5, -6.260185814204338, 5.551689658085513, 6.6167675101231245
2.7314629258517033E-4, 0.07910188966444916, 6.520887397823247E-5, 1.1261110902805178, 1.0829928714407677E-5, -5.828442119996064, 5.8479355577290475, 6.616822802930963
2.7955911823647294E-4, 0.08095900823199814, 6.673982333061943E-5, 1.128297762166032, 1.1281584400213833E-5, -5.441128208199697, 6.0965782017288275, 6.6168780957388
2.859719438877756E-4, 0.08281612679954714, 6.827077268300641E-5, 1.1305169607638783, 1.1741145417238672E-5, -5.096003776440394, 6.30104245800262, 6.616933388546638
2.923847695390781E-4, 0.08467324536709613, 6.980172203539337E-5, 1.132772286602747, 1.2208640104787696E-5, -4.790897808377996, 6.464531611092293, 6.616988681354476
2.9879759519038077E-4, 0.08653036393464514, 7.133267138778035E-5, 1.1350672603314669, 1.2684104556352075E-5, -4.523707206209259, 6.59004654509073, 6.617043974162313
3.052104208416834E-4, 0.08838738746846599, 7.286362074016731E-5, 1.1374029119198925, 1.3167406760078945E-5, -4.292395439241897, 6.68040263599593, 6.617078782297101
3.11623246492986E-4, 0.0902443890714265, 7.439457009255428E-5, 1.1397843459775656, 1.3658716364201867E-5, -4.0949912084515745, 6.738244681556125, 6.617108863199648
3.1803607214428854E-4, 0.09210139067438701, 7.592551944494125E-5, 1.14221539204313, 1.4158130090115017E-5, -3.9295871269375935, 6.766060143757788, 6.6171389441021935
3.2444889779559115E-4, 0.09395839227734752, 7.745646879732821E-5, 1.144699257492933, 1.4665712941722796E-5, -3.794338416187518, 6.766190935617308, 6.617169025004739
3.308617234468938E-4, 0.09581539388030805, 7.898741814971519E-5, 1.147239072949361, 1.5181536916446988E-5, -3.6874616180671724, 6.740843948022801, 6.617199105907285
3.372745490981963E-4, 0.09767239548326855, 8.051836750210215E-5, 1.1498378929060162, 1.570568085654445E-5, -3.6072333224456394, 6.6921004826160155, 6.617229186809831
3.43687374749499E-4, 0.09952939708622907, 8.204931685448913E-5, 1.1524986963529025, 1.6238230301573743E-5, -3.5519889103713775, 6.621924731930315, 6.6172592677123765
3.501002004008016E-4, 0.10138639868918958, 8.358026620687609E-5, 1.155224387401599, 1.677927734200991E-5, -3.5201213127109345, 6.53217142732569, 6.617289348614922
3.565130260521042E-4, 0.1032434002921501, 8.511121555926306E-5, 1.158017795910446, 1.7328920474008122E-5, -3.5100797841639344, 6.4245927579213165, 6.617319429517468
3.629258517034068E-4, 0.10510040189511063, 8.664216491165004E-5, 1.1608816781097226, 1.7887264455315685E-5, -3.5203686925673026, 6.300844649152487, 6.617349510420014
3.6933867735470936E-4, 0.10695740349807113, 8.817311426403699E-5, 1.1638187172268277, 1.8454420162332596E-5, -3.5495463234026134, 6.162492477275372, 6.6173795913225595
3.75751503006012E-4, 0.10881440510103166, 8.970406361642397E-5, 1.1668315241114595, 1.903050444832074E-5, -3.5962236994178514, 6.011016285736699, 6.617409672225105
3.821643286573147E-4, 0.11067140670399218, 9.123501296881095E-5, 1.1699226378607972, 1.9615640002761543E-5, -3.659063415279423, 5.847815560481957, 6.617439753127651
3.885771543086172E-4, 0.11252840830695268, 9.27659623211979E-5, 1.1730945264446797, 2.0209955211862186E-5, -3.7367784871654033, 5.674213613754493, 6.617469834030197
3.9498997995991985E-4, 0.11438540990991321, 9.429691167358488E-5, 1.176349587330788, 2.081358402021041E-5, -3.828131217213698, 5.491461619511056, 6.617499914932743
4.014028056112224E-4, 0.11624225077732858, 9.582786102597184E-5, 1.1796898507861393, 2.142663730168516E-5, -3.931932072739026, 5.3007423380742535, 6.6175280756368675
4.07815631262525E-4, 0.11809851758922571, 9.735881037835882E-5, 1.1831167841253691, 2.2049181328449514E-5, -4.047038580130965, 5.103173562923736, 6.617549378489486
4.1422845691382757E-4, 0.1199547844011228, 9.888975973074577E-5, 1.1866336219574554, 2.2681464232613124E-5, -4.172354233346823, 4.899811318458861, 6.617570681342106
4.2064128256513023E-4, 0.12181105121301991, 1.0042070908313275E-4, 1.1902424859922336, 2.3323640632137796E-5, -4.306827416911807, 4.691652834060797, 6.617591984194725
4.270541082164329E-4, 0.12366731802491704, 1.0195165843551973E-4, 1.193945430563281, 2.3975870028861692E-5, -4.449450343340612, 4.479639316746317, 6.6176132870473445
4.334669338677354E-4, 0.12552358483681414, 1.0348260778790668E-4, 1.1977444432530966, 2.463831667704522E-5, -4.599258004892542, 4.264658542078123, 6.617634589899963
4.3987975951903806E-4, 0.12737985164871124, 1.0501355714029366E-4, 1.2016414455182842, 2.531114945306588E-5, -4.755327139574601, 4.047547280710311, 6.617655892752583
4.462925851703406E-4, 0.12923611846060834, 1.0654450649268062E-4, 1.2056382933147294, 2.599454172626107E-5, -4.916775211303512, 3.8290935759604396, 6.617677195605202
4.527054108216433E-4, 0.13109238527250547, 1.080754558450676E-4, 1.2097367777227814, 2.6688671230920004E-5, -5.082759404142797, 3.6100388860613237, 6.617698498457821
4.591182364729458E-4, 0.13294865208440254, 1.0960640519745455E-4, 1.2139386255724345, 2.739371993942372E-5, -5.252475630525321, 3.391080103231963, 6.61771980131044
4.6553106212424844E-4, 0.13480491889629967, 1.1113735454984153E-4, 1.2182455000685055, 2.8109873936533924E-5, -5.425157553376532, 3.1728714603734987, 6.617741104163059
4.719438877755511E-4, 0.1366611857081968, 1.1266830390222851E-4, 1.2226590014158167, 2.8837323294830274E-5, -5.600075622049091, 2.9560263350358005, 6.617762407015679
4.783567134268536E-4, 0.13851745252009387, 1.1419925325461546E-4, 1.2271806674443748, 2.957626195129615E-5, -5.776536121986471, 2.74111895926388, 6.617783709868298
4.8476953907815627E-4, 0.140373719331991, 1.1573020260700244E-4, 1.2318119742345521, 3.03268875850531E-5, -5.953880238022333, 2.528686043044455, 6.617805012720917
4.911823647294588E-4, 0.1422299861438881, 1.172611519593894E-4, 1.2365543367422656, 3.108940149624373E-5, -6.1314831312344475, 2.3192283182602598, 6.617826315573536
4.975951903807615E-4, 0.1440862529557852, 1.1879210131177638E-4, 1.241409109424158, 3.186400848606312E-5, -6.308753029264379, 2.1132120093635542, 6.617847618426156
5.04008016032064E-4, 0.14594292049789595, 1.2032305066416333E-4, 1.2463844410458846, 3.2651741454160015E-5, -6.485130330013618, 1.9110702363573564, 6.617904172027185
5.104208416833667E-4, 0.14779982847813494, 1.2185400001655031E-4, 1.2514790522845751, 3.345253690779082E-5, -6.660086718634862, 1.7132043551081475, 6.617981876077261
5.168336673346693E-4, 0.14965673645837393, 1.233849493689373E-4, 1.256690059739707, 3.4266128417249586E-5, -6.8331242977252815, 1.5199852395387394, 6.618059580127336
5.232464929859718E-4, 0.1515136444386129, 1.2491589872132424E-4, 1.2620185821351597, 3.509273489610822E-5, -7.003774730639148, 1.331754509795733, 6.618137284177412
5.296593186372745E-4, 0.15337055241885186, 1.2644684807371122E-4, 1.267465680821438, 3.593257817645322E-5, -7.171598397833093, 1.1488257101057742, 6.618214988227487
5.36072144288577E-4, 0.15522746039909083, 1.2797779742609817E-4, 1.2730323604008562, 3.678588289580858E-5, -7.336183566152133, 0.9714854396889255, 6.618292692277563
5.424849699398797E-4, 0.15708436837932982, 1.2950874677848515E-4, 1.2787195693527151, 3.765287638520701E-5, -7.497145570977995, 0.7999944397724718, 6.618370396327639
5.488977955911824E-4, 0.15894127635956878, 1.3103969613087213E-4, 1.284528200658485, 3.853378855840972E-5, -7.654126011144858, 0.6345886394899658, 6.618448100377714
5.553106212424849E-4, 0.16079818433980775, 1.325706454832591E-4, 1.2904590924269839, 3.942885180227474E-5, -7.806791956539649, 0.4754801631855226, 6.61852580442779
5.617234468937875E-4, 0.16265509232004674, 1.3410159483564607E-4, 1.296513028519559, 4.0338300868273863E-5, -7.954835168299988, 0.3228583014262431, 6.618603508477865
5.6813627254509E-4, 0.16451200030028568, 1.3563254418803302E-4, 1.3026907391752673, 4.12623727651582E-5, -8.097971331522523, 0.17689044782184138, 6.6186812125279415
5.745490981963927E-4, 0.16636890828052467, 1.3716349354042E-4, 1.308992901636054, 4.22013066527718E-5, -8.235939300393463, 0.03772300357589183, 6.618758916578017
5.809619238476952E-4, 0.16822581626076363, 1.3869444289280695E-4, 1.3154201407719353, 4.315534373701464E-5, -8.368500355657138, -0.09451774847957346, 6.618836620628092
5.873747494989979E-4, 0.17008272424100263, 1.4022539224519393E-4, 1.3219730297061776, 4.412472716595343E-5, -8.495437474331993, -0.2197247987512765, 6.618914324678168
5.937875751503006E-4, 0.1719396322212416, 1.417563415975809E-4, 1.3286520904404764, 4.51097019270811E-5, -8.61655461159327, -0.33780959318088993, 6.618992028728243
6.002004008016031E-4, 0.17379653979113185, 1.4328729094996787E-4, 1.3354576858956495, 4.611049918694789E-5, -8.731675994725578, -0.44870124160450087, 6.619069264001259
6.066132264529058E-4, 0.17565343464021216, 1.4481824030235485E-4, 1.3423869418087224, 4.712688950354623E-5, -8.840645429072145, -0.552345750937598, 6.619131967185405
6.130260521042083E-4, 0.17751032948929246, 1.4634918965474183E-4, 1.3494435606463724, 4.8159594495730677E-5, -8.94332561587932, -0.6487052820213826, 6.619194670369551
6.194388777555109E-4, 0.1793672243383727, 1.4788013900712878E-4, 1.3566278661710935, 4.920886516184611E-5, -9.039597481961001, -0.7377574290775404, 6.6192573735536975
6.258517034068136E-4, 0.18122411918745301, 1.4941108835951576E-4, 1.3639401341497106, 5.027495384316106E-5, -9.129359521089635, -0.8194945207862806, 6.619320076737843
6.322645290581161E-4, 0.1830810140365333, 1.509420377119027E-4, 1.3713805929785607, 5.135811412801861E-5, -9.212527147029771, -0.8939229420802817, 6.619382779921989
6.386773547094188E-4, 0.1849379088856136, 1.524729870642897E-4, 1.3789494243086744, 5.245860075713567E-5, -9.289032058126626, -0.9610624758137221, 6.619445483106135
6.450901803607213E-4, 0.18679480373469387, 1.5400393641667664E-4, 1.386646763670954, 5.357666953005101E-5, -9.35882161335987, -1.0209456635235192, 6.619508186290282
6.51503006012024E-4, 0.18865169858377417, 1.5553488576906362E-4, 1.3944727011013556, 5.471257721272172E-5, -9.421858219784767, -1.0736171845660298, 6.619570889474428
6.579158316633265E-4, 0.19050859343285448, 1.570658351214506E-4, 1.4024272817660672, 5.586658144626837E-5, -9.47811873126011, -1.1191332529424145, 6.619633592658573
6.643286573146292E-4, 0.19236548828193478, 1.5859678447383759E-4, 1.4105105065866927, 5.703894065686842E-5, -9.527593858390203, -1.1575610311976352, 6.6196962958427195
6.707414829659318E-4, 0.19422238313101503, 1.6012773382622454E-4, 1.4187223328654288, 5.8229913966798505E-5, -9.570287589581188, -1.1889780607956593, 6.619758999026866
6.771543086172344E-4, 0.19607927798009533, 1.6165868317861152E-4, 1.4270626749102462, 5.9439761106625036E-5, -9.606216623138437, -1.2134717084355757, 6.619821702211012
6.83567134268537E-4, 0.1979361728291756, 1.6318963253099847E-4, 1.4355314046600691, 6.066874232854332E-5, -9.635409810304354, -1.2311386277855412, 6.619884405395158
6.899799599198396E-4, 0.19979306767825591, 1.6472058188338545E-4, 1.4441283523099593, 6.191711832086554E-5, -9.657907609159976, -1.2420842361629119, 6.619947108579304
6.963927855711422E-4, 0.2016499625273362, 1.662515312357724E-4, 1.452853306936292, 6.318515012365682E-5, -9.673761549297012, -1.2464222057050829, 6.62000981176345
7.028056112224449E-4, 0.20350664894660667, 1.6778248058815938E-4, 1.4617042297887572, 6.44727991623255E-5, -9.683033707180897, -1.2442739686179425, 6.6200659272454425
7.092184368737473E-4, 0.20536306738469307, 1.6931342994054634E-4, 1.4706802652307167, 6.578022317076153E-5, -9.68579619210795, -1.2357682360915683, 6.620113572824667
7.1563126252505E-4, 0.2072194858227795, 1.7084437929293332E-4, 1.4797833597233467, 6.71080619595679E-5, -9.682130642677878, -1.221040530517997, 6.62016121840389
7.220440881763525E-4, 0.20907590426086586, 1.7237532864532027E-4, 1.489013144116357, 6.845657681145217E-5, -9.672127733693287, -1.2002327306593765, 6.620208863983114
7.284569138276552E-4, 0.2109323226989523, 1.7390627799770725E-4, 1.498369211266672, 6.982602895626151E-5, -9.655886693395894, -1.1734926294237564, 6.6202565095623385
7.348697394789578E-4, 0.2127887411370387, 1.754372273500942E-4, 1.5078511166636164, 7.121667949351062E-5, -9.633514830955049, -1.1409735039401516, 6.620304155141562
7.412825651302605E-4, 0.21464515957512514, 1.769681767024812E-4, 1.5174583790540888, 7.262878931605778E-5, -9.60512707412335, -1.1028336976344575, 6.620351800720786
7.476953907815631E-4, 0.21650157801321152, 1.7849912605486816E-4, 1.5271904810677468, 7.406261903492934E-5, -9.570845516971051, -1.0592362140191667, 6.620399446300009
7.541082164328656E-4, 0.21835799645129794, 1.8003007540725514E-4, 1.5370468698421873, 7.551842890529318E-5, -9.530798977605887, -1.0103483219221154, 6.6204470918792335
7.605210420841682E-4, 0.22021441488938434, 1.815610247596421E-4, 1.5470269576481217, 7.699647875358011E-5, -9.485122565807488, -0.9563411719150955, 6.620494737458457
7.669338677354709E-4, 0.22207083332747077, 1.8309197411202908E-4, 1.5571301225145648, 7.849702790575432E-5, -9.433957260472013, -0.8973894236775506, 6.620542383037681
7.733466933867734E-4, 0.22392725176555714, 1.8462292346441603E-4, 1.5673557088540044, 8.002033511673239E-5, -9.37744949679037, -0.8336708840738554, 6.620590028616905
7.797595190380761E-4, 0.22578367020364357, 1.86153872816803E-4, 1.5777030280875912, 8.156665850095023E-5, -9.315750763071485, -0.7653661557202558, 6.620637674196129
7.861723446893786E-4, 0.22764008864172997, 1.8768482216918996E-4, 1.5881713592703155, 8.31362554640793E-5, -9.249017207121968, -0.6926582958246773, 6.620685319775353
7.925851703406813E-4, 0.2294965070798164, 1.8921577152157694E-4, 1.5987599497161853, 8.47293826358911E-5, -9.177409252094828, -0.6157324850953642, 6.620732965354576
7.989979959919837E-4, 0.23135292551790276, 1.907467208739639E-4, 1.6094680156234094, 8.634629580426988E-5, -9.101091221727025, -0.5347757065292941, 6.6207806109338
8.054108216432864E-4, 0.23320923543095073, 1.9227767022635087E-4, 1.620299877315077, 8.798823712228025E-5, -9.020230974864617, -0.4499764338758412, 6.620844766755733
8.11823647294589E-4, 0.23506552524676932, 1.9380861957873783E-4, 1.6312505964050956, 8.965469058645046E-5, -8.934999549209085, -0.361524329616028, 6.620911980030018
8.182364729458916E-4, 0.23692181506258794, 1.953395689311248E-4, 1.6423183562329196, 9.134572959643E-5, -8.845570814178329, -0.269609952263523, 6.6209791933043025
8.246492985971943E-4, 0.2387781048784066, 1.968705182835118E-4, 1.6535022547904068, 9.30616063827288E-5, -8.752121132806481, -0.17442447282719378, 6.621046406578588
8.310621242484969E-4, 0.2406343946942252, 1.9840146763589877E-4, 1.6648013620795181, 9.480257202129333E-5, -8.654829032592524, -0.0761594002702588, 6.621113619852873
8.374749498997995E-4, 0.2424906845100438, 1.9993241698828572E-4, 1.6762147207374942, 9.656887637441176E-5, -8.553874885215011, 0.024993684184320998, 6.621180833127158
8.438877755511022E-4, 0.24434697432586241, 2.014633663406727E-4, 1.6877413466620392, 9.836076803276603E-5, -8.449440595019013, 0.12884338406765594, 6.621248046401444
8.503006012024046E-4, 0.246203264141681, 2.0299431569305965E-4, 1.699380229636497, 1.001784942586332E-4, -8.341709296190222, 0.23519873614002282, 6.621315259675729
8.567134268537073E-4, 0.24805955395749962, 2.0452526504544663E-4, 1.711130333955039, 1.0202230093023605E-4, -8.230865058535269, 0.34386945046570605, 6.621382472950015
8.631262525050098E-4, 0.2499158437733182, 2.060562143978336E-4, 1.722990599047836, 1.038924324872405E-4, -8.117092601777129, 0.4546661422335288, 6.6214496862243
8.695390781563125E-4, 0.25177213358913686, 2.0758716375022057E-4, 1.7349599401062432, 1.0578913187740346E-4, -8.000577018271958, 0.5674005554633943, 6.621516899498585
8.75951903807615E-4, 0.25362842340495545, 2.0911811310260752E-4, 1.7470372487079806, 1.07712640504368E-4, -7.881503504079155, 0.6818857787132484, 6.6215841127728705
8.823647294589177E-4, 0.25548471322077404, 2.106490624549945E-4, 1.759221393442309, 1.0966319817660688E-4, -7.760057098275233, 0.7979364529398874, 6.6216513260471555
8.887775551102203E-4, 0.25734100303659263, 2.1218001180738145E-4, 1.7715112205352173, 1.1164104305751607E-4, -7.636422430438365, 0.915368971623927, 6.62171853932144
8.951903807615228E-4, 0.2591972928524113, 2.1371096115976843E-4, 1.783905554474597, 1.1364641161665579E-4, -7.510783476221084, 1.0340016732775725, 6.621785752595726
9.016032064128254E-4, 0.26105374574596674, 2.1524191051215539E-4, 1.7964073377746619, 1.1568042949837628E-4, -7.383323320904203, 1.1536550264790604, 6.621864851534344
9.08016032064128E-4, 0.2629106878727329, 2.1677285986454237E-4, 1.8090237793760051, 1.1774517519300282E-4, -7.254223930869123, 1.27415180752304, 6.62197960746596
9.144288577154307E-4, 0.26476762999949904, 2.1830380921692935E-4, 1.8217413135651026, 1.1983824610702566E-4, -7.123665932886929, 1.3953172708213726, 6.622094363397577
9.208416833667334E-4, 0.2666245721262652, 2.1983475856931633E-4, 1.8345586841487054, 1.2195987256031426E-4, -6.991828401135256, 1.5169793121671027, 6.6222091193291925
9.27254509018036E-4, 0.26848151425303135, 2.213657079217033E-4, 1.8474746163213684, 1.241102829524555E-4, -6.858888651871806, 1.6389686249604092, 6.6223238752608085
9.336673346693386E-4, 0.2703384563797975, 2.2289665727409026E-4, 1.8604878172906365, 1.262897037208854E-4, -6.725022045662022, 1.7611188495158716, 6.622438631192425
9.400801603206412E-4, 0.27219539850656366, 2.2442760662647724E-4, 1.8735969769022196, 1.2849835930017024E-4, -6.590401797077817, 1.8832667155634735, 6.622553387124041
9.464929859719437E-4, 0.2740523406333298, 2.259585559788642E-4, 1.8868007682651768, 1.3073647208243603E-4, -6.4551987917880975, 2.005252178033281, 6.622668143055657
9.529058116232464E-4, 0.2759092827600959, 2.2748950533125117E-4, 1.9000978483770934, 1.330042623789469E-4, -6.31958141094342, 2.126918546242767, 6.622782898987274
9.593186372745489E-4, 0.27776622488686203, 2.2902045468363812E-4, 1.913486858749263, 1.3530194838283106E-4, -6.183715362776948, 2.2481126065824104, 6.62289765491889
9.657314629258516E-4, 0.2796231670136282, 2.305514040360251E-4, 1.9269664260318704, 1.3762974613295664E-4, -6.047763521327103, 2.368684738804292, 6.623012410850506
9.721442885771541E-4, 0.28148010914039434, 2.3208235338841206E-4, 1.940535162639165, 1.3998786947895444E-4, -5.911885772202797, 2.4884890260082293, 6.6231271667821225
9.785571142284567E-4, 0.28333705126716047, 2.3361330274079904E-4, 1.9541916673746478, 1.4237653004739112E-4, -5.7762388653004315, 2.6073833584301, 6.6232419227137385
9.849699398797593E-4, 0.2851939933939266, 2.35144252093186E-4, 1.9679345260562517, 1.4479593720908925E-4, -5.640976274378833, 2.7252295311315713, 6.623356678645354
9.91382765531062E-4, 0.2870509355206928, 2.3667520144557297E-4, 1.9817623121415107, 1.4724629804759707E-4, -5.506248063423395, 2.841893335676295, 6.62347143457697
9.977955911823647E-4, 0.2889078776474589, 2.3820615079795995E-4, 1.995673587352759, 1.4972781732880598E-4, -5.3722007596941515, 2.9572446458999515, 6.623586190508587
0.0010042084168336673, 0.2907639664745859, 2.3973710015034693E-4, 2.00965508088143, 1.5223786343855926E-4, -5.238977233377577, 3.071157497867056, 6.623670486075029
0.0010106212424849698, 0.29261960833523526, 2.4126804950273388E-4, 2.0237107707480737, 1.5477789411675455E-4, -5.106716583765795, 3.183510164093431, 6.623738826212094
0.0010170340681362724, 0.2944752501958846, 2.4279899885512086E-4, 2.0378453396612235, 1.5734957149338708E-4, -4.975554031849577, 3.29418522215732, 6.623807166349159
0.0010234468937875749, 0.2963308920565339, 2.443299482075078E-4, 2.0520573086350677, 1.5995308971685602E-4, -4.8456208192731784, 3.4030696177534137, 6.623875506486224
0.0010298597194388776, 0.29818653391718325, 2.4586089755989477E-4, 2.0663451900744922, 1.6258864048310427E-4, -4.717044113535042, 3.510054722309376, 6.623943846623288
0.0010362725450901802, 0.3000421757778326, 2.4739184691228175E-4, 2.0807074884002486, 1.6525641301212777E-4, -4.58994691936163, 3.615036385246295, 6.6240121867603525
0.0010426853707414829, 0.30189781763848195, 2.4892279626466873E-4, 2.095142700674142, 1.6795659402563175E-4, -4.464447996165699, 3.71791498096395, 6.624080526897417
0.0010490981963927853, 0.30375345949913124, 2.5045374561705566E-4, 2.10964931722421, 1.706893677258388E-4, -4.340661781500797, 3.8185954506549447, 6.624148867034482
0.0010555110220440878, 0.3056091013597806, 2.5198469496944264E-4, 2.1242258222699006, 1.734549157754425E-4, -4.2186983204232575, 3.9169873390248338, 6.624217207171547
0.0010619238476953904, 0.30746474322042994, 2.535156443218296E-4, 2.1388706945472573, 1.7625341727871055E-4, -4.098663200679492, 4.013004826008848, 6.624285547308612
0.001068336673346693, 0.3093203850810793, 2.550465936742166E-4, 2.153582407934096, 1.7908504876373708E-4, -3.980657493632333, 4.106566753572607, 6.624353887445677
0.0010747494989979955, 0.3111760269417286, 2.565775430266035E-4, 2.1683594320751807, 1.8194998416584294E-4, -3.864777700826332, 4.197596647686603, 6.624422227582742
0.0010811623246492984, 0.313031668802378, 2.5810849237899056E-4, 2.1832002330074167, 1.8484839481212428E-4, -3.7511157061254647, 4.286022735555668, 6.624490567719807
0.0010875751503006009, 0.3148873106630273, 2.596394417313775E-4, 2.198103273785014, 1.877804494071504E-4, -3.6397587333232124, 4.371777958189082, 6.624558907856871
0.0010939879759519035, 0.3167429525236766, 2.6117039108376446E-4, 2.213067015104683, 1.907463140198094E-4, -3.5307893091371447, 4.454799978401368, 6.624627247993936
0.0011004008016032062, 0.31859860843066223, 2.6270134043615144E-4, 2.2280903956628704, 1.9374627809755837E-4, -3.424285231515246, 4.5350311843184805, 6.624696715859709
0.0011068136272545089, 0.32045447503269164, 2.642322897885384E-4, 2.2431786372848745, 1.96782291865162E-4, -3.3203195431454393, 4.612418688492695, 6.624783099656108
0.0011132264529058113, 0.322310341634721, 2.6576323914092535E-4, 2.2583230434745736, 1.998526454502057E-4, -3.2189605100943313, 4.686914322692686, 6.624869483452506
0.001119639278557114, 0.3241662082367504, 2.6729418849331233E-4, 2.2735220717567324, 2.029574946845314E-4, -3.1202716055045534, 4.758474628442721, 6.624955867248905
0.0011260521042084166, 0.3260220748387798, 2.688251378456993E-4, 2.2887741804245065, 2.0609699271579603E-4, -3.024311498218708, 4.827060843437578, 6.625042251045303
0.0011324649298597193, 0.32787794144080923, 2.703560871980863E-4, 2.304077829164633, 2.0927129000120927E-4, -2.931134046295303, 4.892638883861729, 6.625128634841701
0.0011388777555110217, 0.3297338080428386, 2.718870365504732E-4, 2.3194314796825983, 2.1248053430241955E-4, -2.840788295290185, 4.955179322737188, 6.6252150186381
0.0011452905811623244, 0.331589674644868, 2.734179859028602E-4, 2.334833596327833, 2.1572487068154784E-4, -2.753318481238611, 5.014657364357961, 6.6253014024344985
0.0011517034068136269, 0.3334455412468974, 2.749489352552472E-4, 2.3502826467188798, 2.190044414983709E-4, -2.6687640382407882, 5.071052814907493, 6.625387786230896
0.0011581162324649293, 0.3353014078489267, 2.764798846076341E-4, 2.3657771023685794, 2.2231938640865275E-4, -2.5871596105736154, 5.124350049326316, 6.625474170027295
0.001164529058116232, 0.3371572744509561, 2.780108339600211E-4, 2.3813154393092493, 2.2566984236362429E-4, -2.50853506922735, 5.174537974528349, 6.625560553823694
0.0011709418837675346, 0.3390131410529855, 2.7954178331240806E-4, 2.396896138717869, 2.2905594361061226E-4, -2.432915532791586, 5.22160998903956, 6.6256469376200915
0.0011773547094188373, 0.34086900765501493, 2.8107273266479504E-4, 2.41251768754125, 2.3247782169481584E-4, -2.360321392608086, 5.265563939124133, 6.62573332141649
0.0011837675350701397, 0.3427248742570443, 2.8260368201718197E-4, 2.4281785791212256, 2.3593560546223216E-4, -2.290768342083757, 5.306402071515783, 6.625819705212889
0.0011901803607214424, 0.3445807408590737, 2.8413463136956895E-4, 2.4438773138198284, 2.394294210637315E-4, -2.224267410098532, 5.34413098279573, 6.625906089009288
0.001196593186372745, 0.3464366074611031, 2.856655807219559E-4, 2.4596123996444668, 2.4295939196027842E-4, -2.160824998412984, 5.37876156551672, 6.625992472805685
0.0012030060120240477, 0.34829145348316626, 2.871965300743429E-4, 2.4753911642962922, 2.465281695394673E-4, -2.1004429229744064, 5.410308951171552, 6.6260977954056175
0.0012094188376753504, 0.35014514284793435, 2.887274794267299E-4, 2.4912134558734893, 2.501362943368913E-4, -2.0431184590734848, 5.438792450026032, 6.626224581982887
0.001215831663326653, 0.35199883221270245, 2.9025842877911687E-4, 2.5070678763635517, 2.537810452801745E-4, -1.9888443902114992, 5.46423548798245, 6.626351368560158
0.0012222444889779557, 0.35385252157747055, 2.9178937813150385E-4, 2.52295297062658, 2.574625360776168E-4, -1.9376090606395175, 5.486665540470012, 6.626478155137428
0.0012286573146292584, 0.35570621094223864, 2.933203274838908E-4, 2.5388672942939587, 2.6118087779107346E-4, -1.8893964314512708, 5.506114063501775, 6.626604941714698
0.0012350701402805608, 0.3575599003070067, 2.9485127683627775E-4, 2.554809414393534, 2.649361788480683E-4, -1.8441861401621211, 5.522616421939588, 6.626731728291968
0.0012414829659318635, 0.3594135896717748, 2.9638222618866473E-4, 2.5707779099747894, 2.6872854505505847E-4, -1.8019535636702568, 5.536211815072261, 6.626858514869238
0.001247895791583166, 0.3612672790365429, 2.979131755410517E-4, 2.5867713727340367, 2.725580796118422E-4, -1.7626698845279944, 5.5469431995702685, 6.626985301446508
0.0012543086172344686, 0.363120968401311, 2.994441248934387E-4, 2.6027884076395855, 2.764248831271218E-4, -1.72630216042744, 5.554857209900439, 6.627112088023779
0.001260721442885771, 0.364974657766079, 3.009750742458256E-4, 2.6188276335569234, 2.803290536352087E-4, -1.692813396824527, 5.560004076276109, 6.627238874601049
0.0012671342685370737, 0.3668283471308471, 3.025060235982126E-4, 2.6348876838739135, 2.8427068661388254E-4, -1.6621626225979713, 5.562437540228577, 6.6273656611783185
0.0012735470941883764, 0.36868203649561515, 3.040369729505996E-4, 2.650967207125958, 2.8824987500339507E-4, -1.634304968655432, 5.56221476789283, 6.627492447755589
0.001279959919839679, 0.37053572586038325, 3.0556792230298656E-4, 2.667064867621169, 2.92266709226624E-4, -1.6091917494469072, 5.559396261018348, 6.627619234332859
0.0012863727454909815, 0.3723894152251513, 3.070988716553735E-4, 2.683179346065583, 2.9632127721037526E-4, -1.58677054720348, 5.554045765908906, 6.627746020910129
0.0012927855711422841, 0.3742431045899194, 3.0862982100776046E-4, 2.6993093401883073, 3.004136644078349E-4, -1.5669852989396345, 5.54623018020654, 6.6278728074874
0.0012991983967935868, 0.3760967939546875, 3.1016077036014744E-4, 2.7154535653667202, 3.045439538221662E-4, -1.5497763860085918, 5.5360194577584485, 6.627999594064669
0.0013056112224448895, 0.3779553344161947, 3.116917197125344E-4, 2.731603735252963, 3.087100379558005E-4, -1.5350807262018917, 5.5234865115433545, 6.6281124865162395
0.001312024048096192, 0.3798145678915218, 3.1322266906492135E-4, 2.747764545109465, 3.1291382413788755E-4, -1.5228318682975561, 5.5087071147485975, 6.62822339409271
0.0013184368737474946, 0.3816738013668489, 3.1475361841730833E-4, 2.763935764896382, 3.171556973153117E-4, -1.5129600889351666, 5.491759800122506, 6.62833430166918
0.0013248496993987972, 0.3835330348421761, 3.162845677696953E-4, 2.780116186827451, 3.214357305827625E-4, -1.5053924917583565, 5.472725757634367, 6.62844520924565
0.0013312625250501, 0.38539226831750323, 3.178155171220823E-4, 2.796304623890585, 3.2575399472008134E-4, -1.5000531087587063, 5.451688730508563, 6.6285561168221205
0.0013376753507014026, 0.38725150179283035, 3.1934646647446927E-4, 2.81249991047303, 3.3011055822275155E-4, -1.496863003645702, 5.42873490981345, 6.628667024398591
0.0013440881763527048, 0.3891107352681574, 3.208774158268562E-4, 2.8287009029865637, 3.34505487333538E-4, -1.4957403773053566, 5.4039528274923745, 6.628777931975061
0.0013505010020040075, 0.39096996874348455, 3.224083651792432E-4, 2.8449064804926736, 3.389388460752751E-4, -1.496600675089498, 5.377433248136463, 6.62888883955153
0.0013569138276553101, 0.3928292022188117, 3.2393931453163016E-4, 2.861115545327743, 3.434106962848018E-4, -1.499356695988831, 5.349269059399534, 6.628999747128001
0.0013633266533066128, 0.3946884356941388, 3.2547026388401714E-4, 2.8773270237282014, 3.479210976480472E-4, -1.5039187035183275, 5.319555161230015, 6.629110654704471
0.0013697394789579152, 0.3965476691694659, 3.2700121323640406E-4, 2.8935398664557335, 3.5247010773626437E-4, -1.5101945382745952, 5.2883883539564405, 6.629221562280941
0.001376152304609218, 0.39840690264479306, 3.2853216258879104E-4, 2.909753049422463, 3.5705778204341124E-4, -1.518089732042118, 5.255867225329998, 6.629332469857411
0.0013825651302605208, 0.40026613612012024, 3.300631119411781E-4, 2.9259655743161077, 3.616841740246828E-4, -1.5275076234013456, 5.222092036563761, 6.629443377433882
0.0013889779559118234, 0.40212536959544737, 3.3159406129356506E-4, 2.9421764692251844, 3.6634933513618646E-4, -1.5383494747169593, 5.187164607489302, 6.629554285010352
0.001395390781563126, 0.40398460307077444, 3.33125010645952E-4, 2.9583847892641675, 3.7105331487577404E-4, -1.5505145904126791, 5.151188200906719, 6.629665192586822
0.0014018036072144286, 0.4058423756978882, 3.3465595999833896E-4, 2.974597721639351, 3.7579887302438564E-4, -1.5639004365330305, 5.114267406111252, 6.629791032435244
0.0014082164328657312, 0.40769641504623466, 3.3618690935072594E-4, 2.9908271547371696, 3.805903880888458E-4, -1.5784027613399148, 5.076508021862902, 6.629955032534207
0.0014146292585170339, 0.40955045439458104, 3.377178587031129E-4, 3.0070516127885956, 3.854210375612702E-4, -1.5939157170489902, 5.038016938654301, 6.6301190326331705
0.0014210420841683363, 0.41140449374292737, 3.3924880805549985E-4, 3.0232702652966625, 3.9029086477090875E-4, -1.6103319824756122, 4.99890202051974, 6.630283032732135
0.001427454909819639, 0.4132585330912738, 3.4077975740788683E-4, 3.0394823119162697, 3.951999113103217E-4, -1.6275428865464092, 4.959271986410172, 6.630447032831098
0.0014338677354709417, 0.4151125724396202, 3.423107067602738E-4, 3.0556869830793785, 4.0014821708309707E-4, -1.6454385326317216, 4.919236291168125, 6.630611032930061
0.001440280561122244, 0.41696661178796657, 3.438416561126608E-4, 3.0718835406201745, 4.0513582035271977E-4, -1.6639079235501544, 4.8789050062459465, 6.630775033029025
0.0014466933867735465, 0.4188206511363129, 3.453726054650477E-4, 3.0880712784002613, 4.101627577925858E-4, -1.682839087187203, 4.838388700217049, 6.630939033127989
0.0014531062124248492, 0.42067469048465933, 3.469035548174347E-4, 3.104249522933827, 4.152290645371676E-4, -1.7021192026536627, 4.797798319127012, 6.631103033226952
0.0014595190380761519, 0.4225287298330057, 3.484345041698217E-4, 3.1204176340128376, 4.2033477423432776E-4, -1.7216347268656629, 4.7572450668288555, 6.631267033325916
0.0014659318637274545, 0.4243827691813521, 3.4996545352220865E-4, 3.136575005332217, 4.254799190987775E-4, -1.7412715214944794, 4.71684028529618, 6.631431033424879
0.001472344689378757, 0.4262368085296984, 3.514964028745956E-4, 3.1527210651150166, 4.3066452996669063E-4, -1.7609149801539747, 4.6766953350846485, 6.631595033523843
0.0014787575150300596, 0.42809084787804486, 3.5302735222698256E-4, 3.168855276737607, 4.3588863635146056E-4, -1.780450155795667, 4.636921475924034, 6.6317590336228065
0.0014851703406813623, 0.42994488722639124, 3.5455830157936954E-4, 3.184977139354847, 4.41152266500605E-4, -1.7997618881682642, 4.597629747598006, 6.63192303372177
0.001491583166332665, 0.4317989265747376, 3.560892509317565E-4, 3.2010861885252693, 4.46455447453826E-4, -1.818734931304405, 4.558930851121409, 6.632087033820733
0.0014979959919839674, 0.433652965923084, 3.5762020028414344E-4, 3.217181996836274, 4.5179820510221136E-4, -1.837254080899415, 4.5209350303618585, 6.632251033919697
0.00150440881763527, 0.43550538377305137, 3.591511496365304E-4, 3.2332635907140617, 4.5718035457067866E-4, -1.8552043015623227, 4.48375195407918, 6.632414032509469
0.0015108216432865727, 0.43735706457830104, 3.606820989889174E-4, 3.249330930944642, 4.626020295824525E-4, -1.8724708537450752, 4.447490598617454, 6.63257657586779
0.0015172344689378754, 0.4392087453835507, 3.622130483413044E-4, 3.265383969178344, 4.680633474081485E-4, -1.8889394203917411, 4.412259131147006, 6.632739119226111
0.0015236472945891779, 0.4410604261888003, 3.637439976936913E-4, 3.2814224323687107, 4.7356432992538264E-4, -1.904496233116149, 4.378164793670486, 6.632901662584432
0.0015300601202404803, 0.44291210699405, 3.652749470460783E-4, 3.2974460876240297, 4.791049981763987E-4, -1.9190281979043837, 4.345313787770055, 6.633064205942754
0.001536472945891783, 0.4447637877992997, 3.6680589639846527E-4, 3.3134547428325476, 4.846853724341662E-4, -1.9324230201424955, 4.31381116030146, 6.633226749301074
0.0015428857715430856, 0.44661546860454937, 3.6833684575085225E-4, 3.329448247287604, 4.903054722696244E-4, -1.944569329037277, 4.283760689935538, 6.633389292659396
0.0015492985971943883, 0.44846714940979904, 3.6986779510323923E-4, 3.345426492312863, 4.95965316620071E-4, -1.955356801206769, 4.255264774767004, 6.633551836017716
0.001555711422845691, 0.4503188302150487, 3.713987444556262E-4, 3.361389411887436, 5.016649238587083E-4, -1.964676283407634, 4.22842432103929, 6.633714379376038
0.0015621242484969936, 0.45217051102029837, 3.729296938080132E-4, 3.377336983271115, 5.074043118653285E-4, -1.9724199143289203, 4.203338632997356, 6.633876922734359
0.0015685370741482963, 0.45402219182554804, 3.7446064316040017E-4, 3.3932692276295224, 5.131834980981561E-4, -1.9784812453555443, 4.180105303993623, 6.63403946609268
0.0015749498997995987, 0.45587387263079765, 3.759915925127871E-4, 3.40918621065929, 5.190024996668313E-4, -1.9827553601682726, 4.158820108959863, 6.634202009451001
0.0015813627254509014, 0.4577255534360473, 3.775225418651741E-4, 3.425088043213276, 5.248613334065462E-4, -1.9851389931834171, 4.139576898217685, 6.634364552809322
0.001587775551102204, 0.459577234241297, 3.7905349121756106E-4, 3.4409748819256833, 5.307600159533292E-4, -1.9855306466458085, 4.1224674928215235, 6.634527096167643
0.0015941883767535067, 0.46142891504654665, 3.8058444056994804E-4, 3.4568469298373, 5.366985638204778E-4, -1.983830706354567, 4.1075815814381595, 6.6346896395259645
0.0016006012024048092, 0.4632811081441774, 3.8211538992233496E-4, 3.472704893969759, 5.426771680834303E-4, -1.97994155592346, 4.095006618845305, 6.6348529191098224
0.0016070140280561118, 0.46513825340149206, 3.8364633927472194E-4, 3.488553053905841, 5.486973749660669E-4, -1.9737676894954752, 4.084827726126841, 6.635023315540544
0.0016134268537074145, 0.46699539865880674, 3.851772886271089E-4, 3.5043873564063412, 5.547575269788372E-4, -1.9652158227650662, 4.077127592692018, 6.635193711971265
0.0016198396793587172, 0.4688525439161214, 3.867082379794959E-4, 3.5202081963959637, 5.608576411153421E-4, -1.954195002322706, 4.071986380103466, 6.635364108401987
0.0016262525050100194, 0.47070968917343603, 3.8823918733188283E-4, 3.536016018331896, 5.669977346458783E-4, -1.9406167131112677, 4.069481627913991, 6.635534504832709
0.001632665330661322, 0.47256683443075065, 3.897701366842698E-4, 3.551811316828955, 5.731778252007595E-4, -1.9243949840494732, 4.069688161422784, 6.63570490126343
0.0016390781563126247, 0.4744239796880654, 3.913010860366568E-4, 3.567594637284791, 5.793979308547889E-4, -1.9054464916418021, 4.072678001564203, 6.6358752976941515
0.0016454909819639274, 0.47628112494538, 3.9283203538904377E-4, 3.583366576505038, 5.856580702128817E-4, -1.8836906614420057, 4.078520277016742, 6.636045694124872
0.0016519038076152298, 0.4781382702026946, 3.943629847414307E-4, 3.599127783328526, 5.919582624968336E-4, -1.8590497674560555, 4.087281138430338, 6.636216090555594
0.0016583166332665325, 0.4799954154600093, 3.958939340938177E-4, 3.614878959252441, 5.982985276332387E-4, -1.8314490292183305, 4.099023675077429, 6.636386486986316
0.0016647294589178351, 0.48185256071732396, 3.9742488344620465E-4, 3.630620859057526, 6.046788863425561E-4, -1.800816706519135, 4.113807833876578, 6.636556883417037
0.0016711422845691378, 0.48370970597463864, 3.9895583279859163E-4, 3.646354291433222, 6.110993602293218E-4, -1.7670841917656868, 4.131690340840586, 6.636727279847759
0.0016775551102204403, 0.48556685123195326, 4.0048678215097856E-4, 3.6620801196028934, 6.175599718735175E-4, -1.7301860998094323, 4.152724625073827, 6.63689767627848
0.001683967935871743, 0.48742399648926793, 4.0201773150336554E-4, 3.6777992619489908, 6.240607449230779E-4, -1.69006035507777, 4.1769607455162125, 6.6370680727092015
0.0016903807615230456, 0.4892811417465826, 4.035486808557525E-4, 3.693512692638217, 6.306017041875551E-4, -1.646648276196385, 4.204445320160374, 6.637238469139923
0.0016967935871743482, 0.4911382870038973, 4.050796302081395E-4, 3.709221442246718, 6.371828757329247E-4, -1.5998946576640798, 4.235221458270316, 6.637408865570644
0.0017032064128256507, 0.49299329804231273, 4.066105795605264E-4, 3.7249466499100086, 6.438124401396337E-4, -1.5497478487705858, 4.269328695297091, 6.637609597239744
0.0017096192384769534, 0.49484617486182914, 4.081415289129134E-4, 3.7406896910416894, 6.504906123000612E-4, -1.4961598294913905, 4.306802930837605, 6.637840664147221
0.0017160320641282558, 0.4966990516813455, 4.096724782653004E-4, 3.756431794432798, 6.572093326691222E-4, -1.439086283473873, 4.347676369433365, 6.638071731054699
0.0017224448897795587, 0.49855192850086194, 4.112034276176874E-4, 3.7721742226040824, 6.63968634741739E-4, -1.3784866677171117, 4.391977464653503, 6.638302797962176
0.0017288577154308611, 0.5004048053203782, 4.1273437697007435E-4, 3.787918297611651, 6.707685537608648E-4, -1.3143242792060883, 4.439730866182632, 6.638533864869654
0.0017352705410821638, 0.5022576821398946, 4.142653263224613E-4, 3.8036654016721387, 6.776091268191954E-4, -1.2465663181433693, 4.490957370206585, 6.638764931777131
0.0017416833667334665, 0.504110558959411, 4.157962756748483E-4, 3.819416977787893, 6.844903929620068E-4, -1.1751839478756494, 4.545673873068469, 6.638995998684608
0.0017480961923847691, 0.5059634357789273, 4.173272250272353E-4, 3.835174530372144, 6.914123932911626E-4, -1.1001523512470515, 4.603893328400749, 6.6392270655920855
0.0017545090180360718, 0.5078163125984437, 4.1885817437962227E-4, 3.850939625874201, 6.983751710702526E-4, -1.021450783570381, 4.665624707519305, 6.639458132499564
0.0017609218436873742, 0.50966918941796, 4.203891237320092E-4, 3.8667138934046186, 7.053787718308889E-4, -0.9390626217375042, 4.73087296362165, 6.639689199407041
0.001767334669338677, 0.5115220662374764, 4.2192007308439617E-4, 3.8824990253603975, 7.124232434801523E-4, -0.8529754097662463, 4.799638999381044, 6.639920266314518
0.0017737474949899796, 0.5133749430569928, 4.2345102243678315E-4, 3.8982967780501188, 7.195086364091826E-4, -0.7631809004409348, 4.871919638340397, 6.640151333221996
0.0017801603206412822, 0.5152278198765092, 4.2498197178917013E-4, 3.9141089723191786, 7.26635003602916E-4, -0.669675093090878, 4.947707600050426, 6.640382400129473
0.0017865731462925847, 0.5170806966960255, 4.2651292114155706E-4, 3.9299374941749488, 7.338024007509752E-4, -0.5724582673855825, 5.026991478995199, 6.6406134670369505
0.0017929859719438873, 0.5189335735155419, 4.2804387049394404E-4, 3.945784295411947, 7.410108863597075E-4, -0.4715350129917025, 5.10975572753713, 6.640844533944428
0.00179939879759519, 0.5207864503350582, 4.29574819846331E-4, 3.961651394237011, 7.482605218653727E-4, -0.3669142551524387, 5.195980642745606, 6.641075600851906
0.0018058116232464927, 0.5226390745218574, 4.31105769198718E-4, 3.977562327891148, 7.555606198279824E-4, -0.2586092759158037, 5.28564235741194, 6.641337243355019
0.0018122244488977949, 0.5244916725742376, 4.326367185511049E-4, 3.993500180080039, 7.629030963768236E-4, -0.14663773110818593, 5.378712835108928, 6.6416020488507845
0.0018186372745490976, 0.5263442706266178, 4.341676679034919E-4, 4.0094649609102735, 7.702870733892305E-4, -0.031021662875348216, 5.475159869492849, 6.64186685434655
0.0018250501002004002, 0.528196868678998, 4.356986172558789E-4, 4.025458960527692, 7.777126259810472E-4, 0.08821249239819454, 5.574947088010416, 6.642131659842316
0.0018314629258517029, 0.5300494667313782, 4.3722956660826586E-4, 4.0414845386163805, 7.851798327814225E-4, 0.2110339005614095, 5.678033959772341, 6.642396465338082
0.0018378757515030053, 0.5319020647837583, 4.387605159606528E-4, 4.0575441250238296, 7.92688776052879E-4, 0.3374073310910897, 5.784375808115563, 6.642661270833846
0.001844288577154308, 0.5337546628361385, 4.4029146531303977E-4, 4.073640220386146, 8.002395418125455E-4, 0.46729316309115154, 5.893923827522253, 6.642926076329612
0.0018507014028056106, 0.5356072608885187, 4.4182241466542675E-4, 4.0897753967532005, 8.078322199545231E-4, 0.6006473961792785, 6.006625105170364, 6.643190881825378
0.0018571142284569133, 0.5374598589408989, 4.4335336401781373E-4, 4.105952298213824, 8.154669043734183E-4, 0.7374216664032991, 6.122422647246707, 6.643455687321143
0.0018635270541082158, 0.539312456993279, 4.4488431337020066E-4, 4.12217364152098, 8.231436930890034E-4, 0.8775632671053882, 6.241255409932484, 6.643720492816909
0.0018699398797595184, 0.5411650550456593, 4.4641526272258764E-4, 4.138442216716976, 8.308626883720424E-4, 1.0210151749174368, 6.363058335233512, 6.643985298312675
0.001876352705410821, 0.5430176530980394, 4.479462120749746E-4, 4.154760887758583, 8.386239968712608E-4, 1.1677160810252103, 6.487762391765784, 6.64425010380844
0.0018827655310621237, 0.5448702511504196, 4.494771614273616E-4, 4.1711325931422945, 8.464277297414598E-4, 1.3176004276084385, 6.6152946204267735, 6.644514909304205
0.0018891783567134264, 0.5467228492027998, 4.510081107797486E-4, 4.187560346529407, 8.542740027727787E-4, 1.4705984498387554, 6.745578185287854, 6.644779714799971
0.001895591182364729, 0.54857544725518, 4.5253906013213556E-4, 4.204047237371318, 8.62162936521114E-4, 1.6266362231392868, 6.8785324294242844, 6.645044520295737
0.0019020040080160317, 0.5504276340159887, 4.5407000948452254E-4, 4.220582455014478, 8.700883101210549E-4, 1.7856357161563798, 7.014072936121013, 6.645290435129519
0.0019084168336673344, 0.5522789159353403, 4.556009588369095E-4, 4.237152268464856, 8.780424565382311E-4, 1.9475148493025192, 7.152111595271951, 6.645494790506941
0.0019148296593186366, 0.5541301978546919, 4.5713190818929644E-4, 4.253790640740013, 8.860393769085392E-4, 2.1121875590290027, 7.292556675175409, 6.645699145884363
0.0019212424849699393, 0.5559814797740434, 4.586628575416834E-4, 4.270500970639061, 8.940792107340659E-4, 2.2795638679588643, 7.435312899805746, 6.645903501261784
0.001927655310621242, 0.557832761693395, 4.601938068940704E-4, 4.287286735877046, 9.021621029515522E-4, 2.449549960849084, 7.580281531511242, 6.646107856639206
0.0019340681362725446, 0.5596840436127466, 4.617247562464574E-4, 4.3041514937101315, 9.102882040697019E-4, 2.622048266619721, 7.727360459405286, 6.6463122120166265
0.001940480961923847, 0.5615353255320981, 4.632557055988443E-4, 4.321098881560781, 9.184576703076387E-4, 2.7969575463580534, 7.876444293317219, 6.646516567394048
0.0019468937875751497, 0.5633866074514496, 4.647866549512313E-4, 4.338132617642943, 9.266706637345056E-4, 2.9741729876048884, 8.027424463604758, 6.646720922771469
0.0019533066132264524, 0.5652378893708013, 4.6631760430361827E-4, 4.355256501587208, 9.349273524102094E-4, 3.1535863048244606, 8.180189326716992, 6.646925278148891
0.001959719438877755, 0.5670891712901529, 4.6784855365600525E-4, 4.372474415066025, 9.432279105273326E-4, 3.3350858462322157, 8.334624276707922, 6.647129633526313
0.0019661322645290573, 0.5689404532095044, 4.693795030083922E-4, 4.389790322418852, 9.515725185541722E-4, 3.518556706899521, 8.49061186251346, 6.647333988903734
0.00197254509018036, 0.570791735128856, 4.7091045236077915E-4, 4.407208271277332, 9.599613633789372E-4, 3.703880848711044, 8.648031911696384, 6.6475383442811555
0.0019789579158316626, 0.5726430170482075, 4.7244140171316613E-4, 4.424732393190512, 9.683946384550978E-4, 3.8909372265400073, 8.806761659876257, 6.6477426996585764
0.0019853707414829655, 0.5744942989675591, 4.739723510655531E-4, 4.442366904249994, 9.768725439478737E-4, 4.0796019213504, 8.96667588663931, 6.647947055035998
0.001991783567134268, 0.5763455808869107, 4.7550330041794004E-4, 4.460116105715093, 9.853952868818798E-4, 4.26974827997137, 9.127647057604117, 6.648151410413419
0.0019981963927855704, 0.5781968628062623, 4.77034249770327E-4, 4.4779843846380825, 9.939630812899173E-4, 4.461247061723336, 9.2895454728602, 6.648355765790841
0.0020046092184368733, 0.5800492618595582, 4.78565199122714E-4, 4.496027060090176, 0.0010026004812980105, 4.6539665921205735, 9.452239421952909, 6.64862526194364
0.0020110220440881757, 0.5819020980522236, 4.80096148475101E-4, 4.514218141212718, 0.00101129328133624, 4.84777292331695, 9.61559534507024, 6.648920247965067
0.002017434869739478, 0.583754934244889, 4.816270978274879E-4, 4.532542445323632, 0.0010200322594929399, 5.042530002010062, 9.779478001188718, 6.649215233986492
0.002023847695390781, 0.5856077704375545, 4.831580471798749E-4, 4.551004709001251, 0.001028817661522257, 5.238099844333279, 9.943750642636006, 6.649510220007918
0.0020302605210420835, 0.58746060663022, 4.8468899653226187E-4, 4.56960975774275, 0.0010376497409483397, 5.434342718082386, 10.108275196427412, 6.6498052060293436
0.0020366733466933864, 0.5893134428228854, 4.8621994588464885E-4, 4.588362506589306, 0.0010465287592210121, 5.631117332388239, 10.272912452503524, 6.650100192050769
0.002043086172344689, 0.5911662790155509, 4.8775089523703577E-4, 4.607267960751287, 0.0010554549858726124, 5.828281034687836, 10.437522258639198, 6.650395178072196
0.0020494989979959913, 0.5930191152082164, 4.892818445894228E-4, 4.626331216233439, 0.0010644286986759652, 6.025690015501412, 10.601963722636496, 6.650690164093621
0.0020559118236472937, 0.5948719514008818, 4.908127939418097E-4, 4.645557460460054, 0.0010734501838035114, 6.223199520591749, 10.766095421233297, 6.650985150115047
0.002062324649298597, 0.5967247875935474, 4.923437432941968E-4, 4.6649519729001305, 0.001082519735987593, 6.4206640710752625, 10.929775616393709, 6.651280136136473
0.002068737474949899, 0.5985776237862128, 4.938746926465837E-4, 4.684520125692622, 0.0010916376586818566, 6.617937691095278, 11.092862478521962, 6.651575122157898
0.002075150300601202, 0.6004304599788782, 4.954056419989707E-4, 4.7042673842715494, 0.0011008042642238502, 6.8148741436490115, 11.255214317196971, 6.651870108179325
0.0020815631262525044, 0.6022832961715437, 4.969365913513577E-4, 4.724199307991231, 0.0011100198739987276, 7.01132717424247, 11.416689819088717, 6.65216509420075
0.0020879759519038072, 0.6041361323642092, 4.984675407037446E-4, 4.744321550751376, 0.0011192848186041301, 7.207150762657136, 11.577148293336414, 6.652460080222176
0.0020943887775551097, 0.6059889685568747, 4.999984900561316E-4, 4.764639861622371, 0.0011285994380162028, 7.402199382887456, 11.736449924444262, 6.652755066243602
0.0021008016032064126, 0.6078414986059423, 5.015294394085186E-4, 4.785160137619744, 0.00113796410791115, 7.596328271308207, 11.894456032685083, 6.653050115931455
0.002107214428857715, 0.6096918856498249, 5.030603887609056E-4, 4.805888634400869, 0.0011473793459114896, 7.789393703228869, 12.051029342265075, 6.6533456112843
0.002113627254509018, 0.6115422726937075, 5.045913381132926E-4, 4.8268310264013685, 0.001156845339200201, 7.981253277755969, 12.206034257044392, 6.653641106637146
0.00212004008016032, 0.61339265973759, 5.061222874656794E-4, 4.847993449626671, 0.001166362466962972, 8.17176621129197, 12.359337144227846, 6.653936601989991
0.002126452905811623, 0.6152430467814727, 5.076532368180664E-4, 4.8693821383787075, 0.001175931118611332, 8.360793639511666, 12.51080662577093, 6.654232097342836
0.0021328657314629252, 0.6170934338253553, 5.091841861704534E-4, 4.891003425881117, 0.0011855516939555384, 8.54819892812845, 12.66031387789178, 6.654527592695683
0.002139278557114228, 0.6189438208692379, 5.107151355228404E-4, 4.912863744904442, 0.0011952246033786473, 8.733847992338104, 12.807732938465433, 6.654823088048528
0.0021456913827655306, 0.6207942079131206, 5.122460848752273E-4, 4.9349696283913325, 0.0012049502680117176, 8.91760962519438, 12.952941022649343, 6.655118583401373
0.002152104208416833, 0.6226445949570033, 5.137770342276143E-4, 4.957327710081611, 0.0012147291199101759, 9.099355834836382, 13.095818846568083, 6.655414078754219
0.002158517034068136, 0.6244949820008859, 5.153079835800013E-4, 4.979944725137624, 0.0012245616022313046, 9.27896219078584, 13.236250959294008, 6.655709574107064
0.0021649298597194383, 0.6263453690447686, 5.168389329323883E-4, 5.002827510769283, 0.001234448169412903, 9.456308179480024, 13.374126083291916, 6.656005069459909
0.002171342685370741, 0.6281957560886512, 5.183698822847753E-4, 5.025983006859288, 0.001244389287353099, 9.631277568727873, 13.509337462975727, 6.656300564812755
0.0021777555110220432, 0.6300461431325337, 5.199008316371621E-4, 5.049418256588389, 0.0012543854335912642, 9.80375878177891, 13.64178322208537, 6.6565960601656
0.002184168336673346, 0.6318965301764163, 5.214317809895491E-4, 5.073140407060393, 0.0012644370974901698, 9.973645280515395, 13.771366729369088, 6.656891555518445
0.0021905811623246486, 0.633746917220299, 5.229627303419361E-4, 5.097156709927521, 0.0012745447804191705, 10.140835958171541, 13.897996972934658, 6.657187050871291
0.0021969939879759514, 0.6355973042641816, 5.244936796943231E-4, 5.1214745220154505, 0.0012847089959386543, 10.305235541752177, 14.021588943520412, 6.657482546224136
0.002203406813627254, 0.6374481559601491, 5.260246290467101E-4, 5.1460260015390595, 0.0012948906580114309, 10.466755003928006, 14.142064026332362, 6.657690510650932
0.0022098196392785568, 0.6392994176432505, 5.27555578399097E-4, 5.170826931235872, 0.0013050942924535485, 10.62531198453887, 14.259350401669368, 6.657821241907684
0.0022162324649298588, 0.6411506793263516, 5.290865277514839E-4, 5.195951234487087, 0.0013153551929241856, 10.780831222305077, 14.373383454843223, 6.657951973164436
0.002222645290581162, 0.6430019410094531, 5.30617477103871E-4, 5.221406694904907, 0.0013256739196563245, 10.933244996041957, 14.484106194781978, 6.658082704421188
0.002229058116232464, 0.6448532026925543, 5.321484264562579E-4, 5.24720120440093, 0.0013360510460121758, 11.082493576059623, 14.591469681874164, 6.65821343567794
0.0022354709418837674, 0.6467044643756558, 5.33679375808645E-4, 5.273342763811314, 0.0013464871586744824, 11.22852568552314, 14.69543346486432, 6.658344166934691
0.0022418837675350694, 0.6485557260587569, 5.352103251610318E-4, 5.299839483522021, 0.0013569828578389263, 11.371298972095033, 14.79596602717956, 6.658474898191444
0.002248296593186372, 0.6504069877418582, 5.367412745134188E-4, 5.326699584093973, 0.0013675387574077344, 11.510780489787729, 14.893045242446227, 6.6586056294481955
0.0022547094188376748, 0.6522582494249596, 5.382722238658058E-4, 5.3539313968881785, 0.0013781554851844046, 11.646947190942155, 14.986658839298412, 6.658736360704948
0.002261122244488977, 0.6541095111080609, 5.398031732181928E-4, 5.3815433646909625, 0.00138883368306959, 11.779786429029626, 15.076804875955057, 6.6588670919616995
0.0022675350701402796, 0.655960772791162, 5.413341225705796E-4, 5.409544042339167, 0.0013995740072581162, 11.909296471585597, 15.163492224097746, 6.658997823218451
0.0022739478957915825, 0.6578120344742635, 5.428650719229667E-4, 5.4379420973453065, 0.0014103771284371784, 12.035487023848615, 15.246741062333578, 6.6591285544752035
0.002280360721442885, 0.6596632961573647, 5.443960212753536E-4, 5.46674631052268, 0.0014212437319856496, 12.15837976321306, 15.326583379627685, 6.659259285731955
0.002286773547094188, 0.6615145578404662, 5.459269706277407E-4, 5.495965576610743, 0.001432174518174558, 12.278008884276609, 15.403063488288755, 6.6593900169887075
0.0022931863727454903, 0.6633658195235673, 5.474579199801276E-4, 5.525608904900025, 0.001443170202368739, 12.394421654754817, 15.476238546761351, 6.659520748245459
0.0022995991983967927, 0.6652170812066687, 5.489888693325145E-4, 5.555685419857554, 0.001454231515229555, 12.507678982525695, 15.546179092641582, 6.6596514795022115
0.0023060120240480956, 0.6670700767777117, 5.505198186849015E-4, 5.5862002932979244, 0.0014653569631543533, 12.617855993400438, 15.612969585325509, 6.659777694937197
0.002312424849699398, 0.668923187941284, 5.520507680372885E-4, 5.617166655432904, 0.0014765493724973686, 12.725042620285112, 15.676708959042406, 6.659903609317398
0.002318837675350701, 0.6707762991048565, 5.535817173896755E-4, 5.648594250472456, 0.0014878096694064058, 12.829344203262796, 15.737511185728073, 6.6600295236976
0.0023252505010020034, 0.6726294102684289, 5.551126667420625E-4, 5.680492669838181, 0.001499138647665794, 12.930882101363816, 15.795505848595612, 6.660155438077801
0.0023316633266533063, 0.6744825214320013, 5.566436160944494E-4, 5.712871623253882, 0.0015105371173874923, 13.029794315155497, 15.850838725382946, 6.660281352458003
0.0023380761523046087, 0.6763356325955737, 5.581745654468364E-4, 5.745740939370897, 0.0015220059052207498, 13.126236121427645, 15.903672382706356, 6.660407266838204
0.002344488977955911, 0.6781887437591462, 5.597055147992234E-4, 5.7791105663932, 0.0015335458545629173, 13.220380718825158, 15.954186780153316, 6.660533181218406
0.0023509018036072136, 0.6800418549227184, 5.612364641516103E-4, 5.812990572702617, 0.0015451578257714067, 13.312419885507792, 16.002579885435573, 6.660659095598607
0.0023573146292585165, 0.681894966086291, 5.627674135039974E-4, 5.847391147483968, 0.001556842696376813, 13.402564648439, 16.04906829996132, 6.660785009978808
0.002363727454909819, 0.6837480772498632, 5.642983628563842E-4, 5.882322601350232, 0.0015686013612971504, 13.491045964353344, 16.093887895031216, 6.660910924359009
0.0023701402805611214, 0.6856011884134356, 5.658293122087712E-4, 5.917795366967859, 0.0015804347330532712, 13.578115412871078, 16.137294459006334, 6.661036838739211
0.0023765531062124243, 0.687454299577008, 5.673602615611582E-4, 5.953819999681741, 0.0015923437419854284, 13.664045901266551, 16.179564354986628, 6.661162753119412
0.0023829659318637267, 0.6893074107405804, 5.688912109135452E-4, 5.9904071781406, 0.0016043293364709568, 13.749132381581889, 16.22099518973876, 6.661288667499614
0.0023893787575150296, 0.6911605219041529, 5.704221602659322E-4, 6.027567704922042, 0.0016163924831431396, 13.833692579779276, 16.26190649341731, 6.661414581879815
0.002395791583166332, 0.6930136330677252, 5.719531096183191E-4, 6.065312507157742, 0.0016285341671112095, 13.918067737070869, 16.302640410352268, 6.661540496260017
0.0024022044088176345, 0.6948655396240765, 5.73484058970706E-4, 6.103657383563977, 0.0016407581141692747, 14.002623363879744, 16.343562401255063, 6.661671465131917
0.0024086172344689374, 0.6967151464757332, 5.750150083230931E-4, 6.14261787744578, 0.0016530678788920922, 14.087750005639396, 16.385061956061186, 6.661812083487971
0.00241503006012024, 0.6985647533273895, 5.7654595767548E-4, 6.182196256589151, 0.0016654593348895018, 14.173864021807157, 16.4275533188042, 6.661952701844024
0.0024214428857715423, 0.7004143601790461, 5.780769070278669E-4, 6.222403952602889, 0.0016779335437463391, 14.261408376799984, 16.471476223156046, 6.6620933202000785
0.0024278557114228447, 0.7022639670307027, 5.796078563802539E-4, 6.263252524775751, 0.0016904915866406628, 14.350853444149873, 16.51729664000566, 6.662233938556132
0.0024342685370741476, 0.7041135738823592, 5.811388057326409E-4, 6.304753660701664, 0.001703134564570657, 14.442697823044528, 16.56550753612443, 6.6623745569121855
0.00244068136272545, 0.7059631807340158, 5.826697550850279E-4, 6.346919176904947, 0.0017158635985826728, 14.537469167977163, 16.616629644765904, 6.662515175268239
0.002447094188376753, 0.7078127875856723, 5.842007044374149E-4, 6.389761019465439, 0.0017286798300004073, 14.635725030972056, 16.671212247480195, 6.6626557936242925
0.002453507014028055, 0.7096623944373287, 5.857316537898017E-4, 6.433291264643678, 0.0017415844206552398, 14.7380537173802, 16.72983396834413, 6.662796411980346
0.0024599198396793582, 0.7115120012889854, 5.872626031421888E-4, 6.477522119506169, 0.0017545785531177388, 14.845075154349768, 16.793103579473666, 6.6629370303364
0.0024663326653306603, 0.7133616081406419, 5.887935524945757E-4, 6.522465922550403, 0.0017676634309302646, 14.957441772550444, 16.861660818562452, 6.663077648692454
0.002472745490981963, 0.7152112149922983, 5.903245018469627E-4, 6.568135144330213, 0.0017808402788407696, 15.07583940133835, 16.93617721853709, 6.663218267048507
0.0024791583166332656, 0.7170608218439549, 5.918554511993497E-4, 6.614542388080821, 0.0017941103430377404, 15.200988177201484, 17.017356949161417, 6.663358885404561
0.0024855711422845685, 0.7189104286956115, 5.933864005517366E-4, 6.661700390344109, 0.001807474891386252, 15.33364346564957, 17.105937670802195, 6.663499503760614
0.0024919839679358713, 0.7207600355472682, 5.949173499041237E-4, 6.709622021593702, 0.0018209352136652089, 15.474596796658725, 17.202691400347362, 6.663640122116669
0.002498396793587174, 0.7226096423989246, 5.964482992565106E-4, 6.758320286860268, 0.0018344926218057337, 15.624676813850037, 17.308425389584034, 6.663780740472722
0.0025048096192384762, 0.7244561206683673, 5.979792486088976E-4, 6.807985999845556, 0.0018482546951900675, 15.784750237135398, 17.42398301562227, 6.664102686917051
0.002511222444889779, 0.7263015560770721, 5.995101979612846E-4, 6.858515081585523, 0.0018621532512910453, 15.955722839417218, 17.550244684028897, 6.6644850760574705
0.0025176352705410816, 0.7281469914857769, 6.010411473136715E-4, 6.909861876587506, 0.0018761544447062038, 16.138540437151597, 17.688128744448044, 6.664867465197891
0.0025240480961923836, 0.7299924268944816, 6.025720966660584E-4, 6.962039934649809, 0.0018902596842993854, 16.33418989478254, 17.838592418689224, 6.665249854338311
0.002530460921843687, 0.7318378623031866, 6.041030460184455E-4, 7.015062943253724, 0.00190447040229754, 16.543700143077714, 18.002632741339443, 6.665632243478732
0.002536873747494989, 0.7336832977118912, 6.056339953708324E-4, 7.068944728188619, 0.001918788054535982, 16.76814321216958, 18.181287513596352, 6.666014632619152
0.002543286573146292, 0.7355287331205962, 6.071649447232195E-4, 7.123699254177083, 0.0019332141207047942, 17.008635278391356, 18.375636269594548, 6.666397021759573
0.0025496993987975942, 0.7373741685293008, 6.086958940756063E-4, 7.1793406255001955, 0.0019477501045964303, 17.266337725330757, 18.58680125539952, 6.666779410899993
0.002556112224448897, 0.7392196039380056, 6.102268434279933E-4, 7.235883086622657, 0.001962397534354382, 17.54245821966529, 18.815948421369047, 6.667161800040413
0.0025625250501001996, 0.7410650393467104, 6.117577927803803E-4, 7.293341022817984, 0.001977157962723096, 17.838251801497165, 19.064288427590775, 6.667544189180833
0.0025689378757515024, 0.7429104747554152, 6.132887421327673E-4, 7.351728960793658, 0.0019920329672989323, 18.155021988803142, 19.33307766198755, 6.667926578321254
0.002575350701402805, 0.74475591016412, 6.148196914851542E-4, 7.411061569316331, 0.002007024150782354, 18.494121896917335, 19.623619271825515, 6.668308967461674
0.0025817635270541078, 0.7466013455728249, 6.163506408375412E-4, 7.471353659837071, 0.0020221331412312287, 18.856955373172763, 19.937264209126326, 6.6686913566020944
0.0025881763527054098, 0.7484467809815295, 6.178815901899281E-4, 7.532620187116329, 0.0020373615923152937, 19.244978145215846, 20.275412288003327, 6.669073745742515
0.002594589178356713, 0.7502922163902345, 6.194125395423152E-4, 7.5948762498494276, 0.002052711183571738, 19.659698985622548, 20.639513257047525, 6.669456134882934
0.002601002004008015, 0.7521369653352086, 6.209434888947021E-4, 7.658159918407343, 0.0020681977950109346, 20.10268089053031, 21.031067883936863, 6.669860919843803
0.002607414829659318, 0.7539780073760379, 6.22474438247089E-4, 7.722587460073882, 0.002083886058019389, 20.575542273824944, 21.45162905429831, 6.670386642235087
0.0026138276553106204, 0.7558190494168674, 6.24005387599476E-4, 7.788051463629181, 0.0020997015808086527, 21.079958176562446, 21.90280288413367, 6.670912364626372
0.002620240480961923, 0.7576600914576969, 6.25536336951863E-4, 7.854567610057572, 0.0021156461526442797, 21.617661491366654, 22.386249845688006, 6.671438087017656
0.0026266533066132258, 0.7595011334985262, 6.2706728630425E-4, 7.922151727403978, 0.0021317215899564037, 22.190444202477096, 22.90368590741231, 6.671963809408941
0.002633066132264528, 0.7613421755393557, 6.28598235656637E-4, 7.990819791399261, 0.002147929736602233, 22.800158641191757, 23.456883687784003, 6.672489531800226
0.0026394789579158306, 0.7631832175801849, 6.301291850090238E-4, 8.060587926085091, 0.0021642724641296905, 23.44871875682288, 24.047673622979275, 6.67301525419151
0.0026458917835671335, 0.7650242596210145, 6.316601343614109E-4, 8.131472404439606, 0.0021807516720422134, 24.138101402990543, 24.677945148298807, 6.673540976582795
0.002652304609218436, 0.7668653016618437, 6.331910837137978E-4, 8.203489649002037, 0.0021973692880646756, 24.870347640450262, 25.349647894621814, 6.674066698974079
0.0026587174348697384, 0.7687063437026732, 6.347220330661848E-4, 8.27665623249841, 0.002214127268410507, 25.64756405459549, 26.06479289775661, 6.674592421365364
0.0026651302605210417, 0.7705473857435027, 6.362529824185719E-4, 8.350988878466325, 0.0022310275980499256, 26.471924089924627, 26.825453823246736, 6.675118143756649
0.0026715430861723437, 0.772388427784332, 6.377839317709587E-4, 8.42650446188037, 0.002248072290979305, 27.345669399544857, 27.63376820450741, 6.675643866147933
0.002677955911823647, 0.7742294698251615, 6.393148811233458E-4, 8.503220009777166, 0.0022652633904917466, 28.271111211842403, 28.49193869652423, 6.676169588539217
0.002684368737474949, 0.7760705118659909, 6.408458304757327E-4, 8.581152701880626, 0.002282602969448728, 29.250631711926744, 29.402234342597367, 6.676695310930502
0.002690781563126252, 0.7779115539068202, 6.423767798281197E-4, 8.66031987122723, 0.0023000931305529534, 30.286685440523165, 30.366991856950637, 6.6772210333217865
0.0026971943887775544, 0.7797525959476497, 6.439077291805067E-4, 8.740739004790967, 0.0023177360066223545, 31.38180070837833, 31.3886169210702, 6.677746755713072
0.0027036072144288573, 0.7815895459940965, 6.454386785328936E-4, 8.82255043825758, 0.002335612952414563, 32.53858102789327, 32.469585495662194, 6.678387991724188
0.0027100200400801593, 0.7834233133782458, 6.469696278852805E-4, 8.905745575681166, 0.0023537096500635957, 33.75970656013222, 33.61244514621345, 6.679119071661841
0.002716432865731462, 0.7852570807623952, 6.485005772376676E-4, 8.990247185680971, 0.0023719670398602358, 35.04793557968362, 34.81981638474655, 6.679850151599494
0.0027228456913827646, 0.7870908481465444, 6.500315265900545E-4, 9.076073377829445, 0.0023903873833662614, 36.40610595491989, 36.09439402516073, 6.680581231537147
0.0027292585170340675, 0.7889246155306939, 6.515624759424416E-4, 9.163242418762678, 0.0024089729736495504, 37.83713664610172, 37.43894855477532, 6.681312311474801
0.00273567134268537, 0.7907583829148431, 6.530934252948284E-4, 9.251772732805591, 0.0024277261355649064, 39.3440292198488, 38.856327520437524, 6.682043391412454
0.0027420841683366724, 0.7925921502989924, 6.546243746472154E-4, 9.341682902597086, 0.002446649226036107, 40.92986938033499, 40.34945692962826, 6.682774471350107
0.0027484969939879753, 0.7944259176831419, 6.561553239996024E-4, 9.43299166971525, 0.002465744634339082, 42.59782851789382, 41.921342667100724, 6.68350555128776
0.0027549098196392777, 0.7962596850672912, 6.576862733519894E-4, 9.525717935302566, 0.002485014782386212, 44.35116527452365, 43.575071926795104, 6.684236631225413
0.00276132264529058, 0.7980934524514404, 6.592172227043762E-4, 9.619880760691146, 0.0025044621250117985, 46.19322712672699, 45.313814659195344, 6.684967711163066
0.002767735470941883, 0.7999272198355899, 6.607481720567633E-4, 9.715499368027665, 0.002524089150258698, 48.12745198547044, 47.1408250340055, 6.685698791100719
0.0027741482965931855, 0.8017609872197391, 6.622791214091502E-4, 9.812593140898784, 0.0025438983796660757, 50.15736981337968, 49.059442918279956, 6.686429871038372
0.0027805611222444884, 0.8035947546038885, 6.638100707615373E-4, 9.911181624956242, 0.0025638923685583365, 52.28660425992378, 51.07309537068809, 6.6871609509760255
0.002786973947895791, 0.8054285219880377, 6.653410201139242E-4, 10.011284528542205, 0.002584073706335144, 54.518874313811644, 53.18529815119151, 6.6878920309136785
0.0027933867735470933, 0.8072622893721871, 6.668719694663111E-4, 10.11292172331396, 0.0026044450167626923, 56.85799597243298, 55.39965724587068, 6.688623110851331
0.002799799599198396, 0.8090960567563364, 6.684029188186981E-4, 10.21611324486976, 0.002625008958266027, 59.30788393030195, 57.71987040891654, 6.689354190788984
0.0028062124248496986, 0.8109119165249296, 6.699338681710851E-4, 10.321291943401775, 0.0026460446724522312, 61.87255328408059, 60.14972871936989, 6.690458230968108
0.0028126252505010006, 0.8127271986285045, 6.71464817523472E-4, 10.428080994025407, 0.0026672900839129036, 64.55612125617822, 62.69311815447069, 6.6915743021227625
0.002819038076152304, 0.8145424807320798, 6.729957668758591E-4, 10.536487652368606, 0.0026887390934354494, 67.36280893624111, 65.3540211791263, 6.692690373277418
0.0028254509018036064, 0.816357762835655, 6.74526716228246E-4, 10.64653261770654, 0.0027103945121803846, 70.29694304036484, 68.1365183510487, 6.693806444432073
0.0028318637274549092, 0.81817304493923, 6.76057665580633E-4, 10.758236756381322, 0.002732259187456579, 73.3629576887683, 71.0447899426026, 6.694922515586728
0.0028382765531062117, 0.8199883270428052, 6.7758861493302E-4, 10.871621102427355, 0.00275433600302058, 76.56539620185332, 74.08311757902015, 6.696038586741383
0.002844689378757514, 0.8218036091463803, 6.791195642854069E-4, 10.986706858196243, 0.002776627879376931, 79.90891291384209, 77.25588589222431, 6.697154657896038
0.002851102204408817, 0.8236188912499555, 6.80650513637794E-4, 11.103515394982153, 0.0027991377740797675, 83.39827500572966, 80.56758419214165, 6.6982707290506935
0.0028575150300601195, 0.8254341733535305, 6.821814629901808E-4, 11.22206825364708, 0.0028218686820355027, 87.03836435648495, 84.02280815421126, 6.699386800205349
0.002863927855711422, 0.8272494554571056, 6.837124123425678E-4, 11.342387145245638, 0.0028448236358067196, 90.8341794119971, 87.62626152271376, 6.700502871360004
0.002870340681362725, 0.8290647375606808, 6.852433616949548E-4, 11.464493951650866, 0.002868005705917071, 94.79083707400751, 91.38275783206379, 6.701618942514658
0.0028767535070140272, 0.830880019664256, 6.867743110473418E-4, 11.588410726178708, 0.0028914180011575356, 98.91357460713786, 95.29722214433075, 6.702735013669313
0.00288316633266533, 0.832695301767831, 6.883052603997287E-4, 11.714159694213734, 0.0029150636688936443, 103.20775156428074, 99.37469280288983, 6.7038510848239685
0.0028895791583166326, 0.8345105838714062, 6.898362097521157E-4, 11.841763253834088, 0.0029389458953739383, 107.67885173202168, 103.62032320438968, 6.704967155978624
0.0028959919839679346, 0.8363258659749813, 6.913671591045026E-4, 11.971243976436625, 0.002963067906039561, 112.33248509403522, 108.03938358645348, 6.706083227133279
0.002902404809619238, 0.8381353217646479, 6.928981084568897E-4, 12.10281762210569, 0.0029875667053856064, 117.17438981428367, 112.63726283316275, 6.707367112187337
0.00290881763527054, 0.8399350670311334, 6.944290578092766E-4, 12.236637634343609, 0.003012537124034433, 122.21043423914246, 117.41947029764626, 6.708930687073735
0.002915230460921843, 0.8417348122976189, 6.959600071616635E-4, 12.372406258862398, 0.003037760694491111, 127.44661891859667, 122.39163764133295, 6.710494261960133
0.0029216432865731452, 0.8435345575641046, 6.974909565140505E-4, 12.510146769438194, 0.003063240816425358, 132.88907864724797, 127.5595206912705, 6.712057836846531
0.002928056112224448, 0.8453343028305902, 6.990219058664375E-4, 12.6498826162927, 0.003088980930282941, 138.5440845244462, 132.92900131428598, 6.713621411732929
0.0029344689378757506, 0.8471340480970758, 7.005528552188245E-4, 12.791637426718836, 0.003114984517602091, 144.41804603399487, 138.50608930883462, 6.715184986619327
0.0029408817635270534, 0.8489337933635613, 7.020838045712115E-4, 12.935435005705457, 0.0031412551013312584, 150.5175131436141, 144.29692431416638, 6.716748561505725
0.0029472945891783555, 0.8507335386300469, 7.036147539235983E-4, 13.081299336562807, 0.0031677962461477936, 156.8491784241144, 150.30777773757416, 6.718312136392123
0.0029537074148296588, 0.8525332838965326, 7.051457032759854E-4, 13.229254581547764, 0.003194611558777956, 163.41987918815255, 156.5450546986469, 6.7198757112785215
0.0029601202404809608, 0.854333029163018, 7.066766526283723E-4, 13.37932508248872, 0.0032217046883179345, 170.23659964887378, 163.01529599157712, 6.7214392861649195
0.0029665330661322637, 0.8561327744295036, 7.082076019807593E-4, 13.53153536141103, 0.0032490793265561625, 177.30647309906556, 169.72518006568947, 6.7230028610513175
0.002972945891783566, 0.8579325196959893, 7.097385513331463E-4, 13.685910121162095, 0.00327673920829661, 184.6367841095728, 176.68152502318617, 6.7245664359377155
0.002979358717434869, 0.8597322649624749, 7.112695006855332E-4, 13.842474246036474, 0.0033046881116834056, 192.23497074863616, 183.8912906355897, 6.7261300108241135
0.0029857715430861714, 0.8615320102289604, 7.128004500379202E-4, 14.00125280240131, 0.0033329298585264185, 200.10862682038518, 191.3615803770815, 6.727693585710512
0.0029921843687374743, 0.863331755495446, 7.143313993903072E-4, 14.162271039321126, 0.003361468314628198, 208.26550412529062, 199.09964347785728, 6.72925716059691
0.0029985971943887768, 0.8651315007619317, 7.158623487426942E-4, 14.325554389183367, 0.003390307390111834, 216.71351473945174, 207.11287699387472, 6.730820735483308
0.003005010020040079, 0.8668893815447349, 7.173932980950812E-4, 14.491805132383874, 0.003419936474012293, 225.4607333149588, 215.40882789561056, 6.732948261832302
0.003011422845691382, 0.8686355402721073, 7.189242474474681E-4, 14.660566048113523, 0.003450015417872758, 234.5153994012392, 223.99519517552946, 6.735233694590823
0.0030178356713426845, 0.8703816989994796, 7.204551967998551E-4, 14.831674175712834, 0.0034804130284476, 243.88591978627514, 232.87983197321356, 6.737519127349345
0.0030242484969939874, 0.8721278577268519, 7.219861461522421E-4, 15.005155693887943, 0.0035111334229033196, 253.58087085947528, 242.07074771993504, 6.739804560107866
0.0030306613226452894, 0.873874016454224, 7.23517095504629E-4, 15.181036967797496, 0.003542180764428228, 263.6090009946464, 251.57611030100378, 6.742089992866387
0.0030370741482965927, 0.8756201751815964, 7.25048044857016E-4, 15.359344549677644, 0.0035735592625674058, 273.9792329538422, 261.4042482368631, 6.744375425624908
0.0030434869739478948, 0.8773663339089686, 7.265789942094029E-4, 15.540105179467162, 0.003605273173558715, 284.7006663134145, 271.5636528839394, 6.7466608583834295
0.0030498997995991976, 0.8791124926363408, 7.281099435617899E-4, 15.723345785432784, 0.0036373268006700335, 295.78257990935754, 282.0629806526592, 6.748946291141951
0.0030563126252505, 0.8808586513637131, 7.296408929141769E-4, 15.909093484794212, 0.003669724494537563, 307.2344343052198, 292.9110552456593, 6.751231723900472
0.003062725450901803, 0.8826048100910854, 7.311718422665639E-4, 16.09737558434955, 0.003702470653505298, 319.06587428109174, 304.11686991482014, 6.753517156658994
0.0030691382765531054, 0.8843509688184577, 7.327027916189508E-4, 16.288219581100137, 0.003735569723965708, 331.2867313429065, 315.6895897362189, 6.755802589417515
0.0030755511022044083, 0.8860971275458299, 7.342337409713378E-4, 16.481653162875972, 0.0037690262007015266, 343.90702625485767, 327.63855390599485, 6.758088022176036
0.0030819639278557103, 0.8878432862732021, 7.357646903237247E-4, 16.677704208960975, 0.0038028446272286402, 356.93697159199337, 339.9732780539129, 6.760373454934557
0.0030883767535070136, 0.8895894450005745, 7.372956396761118E-4, 16.876400790717824, 0.0038370295961402436, 370.38697431515004, 352.70345657702717, 6.762658887693078
0.0030947895791583156, 0.8913356037279466, 7.388265890284987E-4, 17.077771172213446, 0.003871585749451973, 384.2676383672054, 365.8389649923329, 6.764944320451599
0.003101202404809618, 0.8930674555420697, 7.403575383808856E-4, 17.282058829273524, 0.003906676969463528, 398.5897672910313, 379.38986230854033, 6.767401623741307
0.003107615230460921, 0.8947373107321124, 7.418884877332726E-4, 17.49001306407169, 0.003942843628171953, 413.3643668702743, 393.3663934185628, 6.77060369933282
0.0031140280561122234, 0.8964071659221552, 7.434194370856596E-4, 17.700733669230374, 0.003979404139042846, 428.60264779095206, 407.7789915103345, 6.773805774924332
0.0031204408817635263, 0.8980770211121979, 7.449503864380466E-4, 17.91424969857846, 0.004016363385099177, 444.31602832548145, 422.63828049756165, 6.777007850515845
0.0031268537074148287, 0.8997468763022406, 7.464813357904336E-4, 18.13059040178402, 0.0040537263006146206, 460.51613703918366, 437.9550774706001, 6.780209926107357
0.003133266533066131, 0.9014167314922833, 7.480122851428204E-4, 18.34978522498011, 0.0040914978714657185, 477.2148155186416, 453.74039516685843, 6.783412001698869
0.003139679358717434, 0.9030865866823261, 7.495432344952075E-4, 18.57186381138942, 0.0041296831354852084, 494.42412112268704, 470.0054444613232, 6.786614077290382
0.0031460921843687365, 0.9047564418723688, 7.510741838475944E-4, 18.796856001949777, 0.004168287182816571, 512.1563297552244, 486.76163687636813, 6.789816152881894
0.003152505010020039, 0.9064262970624115, 7.526051331999814E-4, 19.02479183593914, 0.004207315156269601, 530.4239386611873, 504.02058711236936, 6.793018228473406
0.003158917835671342, 0.9080961522524543, 7.541360825523683E-4, 19.25570155160102, 0.00424677225167722, 549.239669244927, 521.7941155984182, 6.796220304064919
0.0031653306613226443, 0.909766007442497, 7.556670319047553E-4, 19.48961558676922, 0.004286663718253477, 568.6164699108018, 540.0942510622929, 6.7994223796564315
0.0031717434869739476, 0.91143586263254, 7.571979812571424E-4, 19.726564579493555, 0.004326994858952552, 588.5675189272368, 558.9332331221178, 6.802624455247944
0.0031781563126252496, 0.9131057178225825, 7.587289306095293E-4, 19.966579368664554, 0.00436777103082904, 609.1062273129539, 578.3235148969052, 6.8058265308394565
0.003184569138276552, 0.9147755730126254, 7.602598799619163E-4, 20.20969099463909, 0.004408997645399287, 630.2462417465634, 598.2777656385913, 6.809028606430969
0.003190981963927855, 0.916445428202668, 7.617908293143032E-4, 20.45593069986512, 0.0044506801690040315, 652.0014474989073, 618.8088733839346, 6.812230682022482
0.0031973947895791574, 0.9181152833927109, 7.633217786666902E-4, 20.705329929507172, 0.004492824123171927, 674.3859713887329, 639.9299476274097, 6.815432757613994
0.00320380761523046, 0.9196964508163133, 7.648527280190771E-4, 20.95874890024487, 0.004536068817612364, 697.414184761392, 661.6543220144762, 6.819266249020676
0.0032102204408817627, 0.9212169371365623, 7.663836773714642E-4, 21.21596470432638, 0.004580228446735418, 721.100706490947, 683.9955570556917, 6.823531761774579
0.003216633266533065, 0.9227374234568111, 7.679146267238511E-4, 21.476444258826234, 0.004624877355975381, 745.4604060054246, 706.9674428615116, 6.827797274528483
0.003223046092184368, 0.9242579097770601, 7.694455760762381E-4, 21.740219846941216, 0.0046700213471757915, 770.5084063352015, 730.5840018974916, 6.8320627872823865
0.0032294589178356705, 0.9257783960973088, 7.70976525428625E-4, 22.007323957730307, 0.004715666279347587, 796.260087186428, 754.8594917621649, 6.83632830003629
0.003235871743486973, 0.9272988824175578, 7.72507474781012E-4, 22.277789286740557, 0.004761818069039678, 822.7310880363036, 779.8084079839778, 6.840593812790193
0.003242284569138276, 0.9288193687378067, 7.74038424133399E-4, 22.55164873663196, 0.004808482690710925, 849.9373112521856, 805.4454868394603, 6.844859325544096
0.0032486973947895782, 0.9303398550580555, 7.75569373485786E-4, 22.828935417802427, 0.004855666177103143, 877.894925236315, 831.785708194563, 6.849124838298
0.0032551102204408807, 0.9318603413783043, 7.771003228381728E-4, 23.10968264901348, 0.004903374619615226, 906.6203675922103, 858.8442983648123, 6.853390351051903
0.0032615230460921836, 0.9333808276985532, 7.786312721905599E-4, 23.393923958015023, 0.00495161416867854, 936.1303483163902, 886.6367329983432, 6.857655863805807
0.003267935871743486, 0.934901314018802, 7.801622215429468E-4, 23.681693082170597, 0.005000391034133338, 966.4418530136835, 915.1787399798209, 6.86192137655971
0.003274348697394789, 0.9364218003390511, 7.816931708953339E-4, 23.97302396908279, 0.0050497114856064215, 997.572146136649, 944.486302355701, 6.866186889313614
0.003280761523046091, 0.9379422866592998, 7.832241202477208E-4, 24.267950777218005, 0.005099581852889893, 1029.5387742490095, 974.5756612809183, 6.870452402067516
0.003287174348697394, 0.9394627729795487, 7.847550696001077E-4, 24.56650787653203, 0.005150008526321026, 1062.3595693144446, 1005.4633189882414, 6.87471791482142
0.0032935871743486962, 0.9409832592997975, 7.862860189524947E-4, 24.86872984909502, 0.005200997957163431, 1096.0526520085757, 1037.1660417782903, 6.878983427575323
0.003299999999999999, 0.9425037456200465, 7.878169683048817E-4, 25.174651489716837, 0.005252556657989144, 1130.636435055731, 1069.7008630312143, 6.883248940329227
