phi0, phi, F_fitted, mu_kT_from_fit, P_from_fit
2.0000000000e-04, 6.8765413135e-02, 2.1529134288e-01, -1.0866350873e+04, -1.5375402214e+04
2.1356783920e-04, 7.3429929420e-02, 1.8113808058e-01, -1.0225030172e+04, -1.3777762739e+04
2.2713567839e-04, 7.8094445705e-02, 1.4903160729e-01, -9.6025041602e+03, -1.2350914895e+04
2.4070351759e-04, 8.2758961990e-02, 1.1891142461e-01, -8.9985387367e+03, -1.1067868739e+04
2.5427135678e-04, 8.7423478276e-02, 9.0717792368e-02, -8.4128998000e+03, -9.9073575513e+03
2.6783919598e-04, 9.2087994561e-02, 6.4391728701e-02, -7.8453532488e+03, -8.8523882404e+03
2.8140703518e-04, 9.6752510846e-02, 3.9875010006e-02, -7.2956649818e+03, -7.8892110928e+03
2.9497487437e-04, 1.0141702713e-01, 1.7110170953e-02, -6.7636008977e+03, -7.0065738514e+03
3.0854271357e-04, 1.0608130138e-01, -3.9594955111e-03, -6.2489268950e+03, -6.1951726001e+03
3.2211055276e-04, 1.1074543326e-01, -2.3389938167e-02, -5.7514088725e+03, -5.4472414273e+03
3.3567839196e-04, 1.1540956513e-01, -4.1236347523e-02, -5.2708127287e+03, -4.7562416014e+03
3.4924623116e-04, 1.2007369701e-01, -5.7553155812e-02, -4.8069043625e+03, -4.1166231975e+03
3.6281407035e-04, 1.2473782888e-01, -7.2394036993e-02, -4.3594496725e+03, -3.5236402102e+03
3.7638190955e-04, 1.2940196076e-01, -8.5811906752e-02, -3.9282145572e+03, -2.9732056544e+03
3.8994974874e-04, 1.3406609263e-01, -9.7858922503e-02, -3.5129649154e+03, -2.4617769166e+03
4.0351758794e-04, 1.3872990799e-01, -1.0858648338e-01, -3.1134666458e+03, -1.9862642349e+03
4.1708542714e-04, 1.4339281902e-01, -1.1804523026e-01, -2.7294856469e+03, -1.5439570428e+03
4.3065326633e-04, 1.4805573005e-01, -1.2628504572e-01, -2.3607878176e+03, -1.1324642360e+03
4.4422110553e-04, 1.5271864107e-01, -1.3335505408e-01, -2.0071390563e+03, -7.4966538534e+02
4.5778894472e-04, 1.5738155210e-01, -1.3930362140e-01, -1.6683052619e+03, -3.9367062618e+02
4.7135678392e-04, 1.6204446312e-01, -1.4417835543e-01, -1.3440523329e+03, -6.2787474629e+01
4.8492462312e-04, 1.6670737415e-01, -1.4802610568e-01, -1.0341461681e+03, 2.4450678527e+02
4.9849246231e-04, 1.7137028518e-01, -1.5089296336e-01, -7.3835266605e+02, 5.2958820506e+02
5.1206030151e-04, 1.7603461462e-01, -1.5282426144e-01, -4.5643772546e+02, 7.9370560235e+02
5.2562814070e-04, 1.8069912136e-01, -1.5386457458e-01, -1.8816724498e+02, 1.0379969820e+03
5.3919597990e-04, 1.8536362810e-01, -1.5405771918e-01, 6.6692876715e+01, 1.2635034783e+03
5.5276381910e-04, 1.9002813485e-01, -1.5344675338e-01, 3.0837674096e+02, 1.4711812432e+03
5.6633165829e-04, 1.9469264159e-01, -1.5207397703e-01, 5.3711844910e+02, 1.6619116265e+03
5.7989949749e-04, 1.9935714833e-01, -1.4998093170e-01, 7.5315210246e+02, 1.8365099263e+03
5.9346733668e-04, 2.0402165507e-01, -1.4720840072e-01, 9.5671180238e+02, 1.9957329395e+03
6.0703517588e-04, 2.0868697668e-01, -1.4379640911e-01, 1.1480316502e+03, 2.1402854995e+03
6.2060301508e-04, 2.1335305495e-01, -1.3978422363e-01, 1.3273457472e+03, 2.2708261566e+03
6.3417085427e-04, 2.1801913322e-01, -1.3521035277e-01, 1.4948881949e+03, 2.3879721287e+03
6.4773869347e-04, 2.2268521148e-01, -1.3011254674e-01, 1.6508930944e+03, 2.4923036304e+03
6.6130653266e-04, 2.2735128975e-01, -1.2452779748e-01, 1.7955945471e+03, 2.5843676691e+03
6.7487437186e-04, 2.3201736802e-01, -1.1849233866e-01, 1.9292266545e+03, 2.6646813824e+03
6.8844221106e-04, 2.3668344629e-01, -1.1204164566e-01, 2.0520235177e+03, 2.7337349822e+03
7.0201005025e-04, 2.4134857711e-01, -1.0521043562e-01, 2.1642192382e+03, 2.7919943562e+03
7.1557788945e-04, 2.4600826013e-01, -9.8032667359e-02, 2.2660479173e+03, 2.8399033743e+03
7.2914572864e-04, 2.5066794315e-01, -9.0541541465e-02, 2.3577436563e+03, 2.8778859367e+03
7.4271356784e-04, 2.5532762617e-01, -8.2769500229e-02, 2.4395405565e+03, 2.9063477980e+03
7.5628140704e-04, 2.5998730919e-01, -7.4748227676e-02, 2.5116727194e+03, 2.9256781954e+03
7.6984924623e-04, 2.6464699221e-01, -6.6508649556e-02, 2.5743742461e+03, 2.9362513034e+03
7.8341708543e-04, 2.6930667523e-01, -5.8080933345e-02, 2.6278792382e+03, 2.9384275390e+03
7.9698492462e-04, 2.7396635825e-01, -4.9494488245e-02, 2.6724217968e+03, 2.9325547317e+03
8.1055276382e-04, 2.7863013303e-01, -4.0777965186e-02, 2.7082360234e+03, 2.9189691783e+03
8.2412060302e-04, 2.8329507688e-01, -3.1959256823e-02, 2.7355560192e+03, 2.8979965909e+03
8.3768844221e-04, 2.8796002073e-01, -2.3065497537e-02, 2.7546158856e+03, 2.8699529552e+03
8.5125628141e-04, 2.9262496458e-01, -1.4123063436e-02, 2.7656497240e+03, 2.8351453049e+03
8.6482412060e-04, 2.9728990843e-01, -5.1575723559e-03, 2.7688916357e+03, 2.7938724243e+03
8.7839195980e-04, 3.0195485228e-01, 3.8061161443e-03, 2.7645757219e+03, 2.7464254852e+03
8.9195979899e-04, 3.0661979613e-01, 1.2743900777e-02, 2.7529360842e+03, 2.6930886260e+03
9.0552763819e-04, 3.1128290727e-01, 2.1632438529e-02, 2.7342068237e+03, 2.6341394786e+03
9.1909547739e-04, 3.1594335266e-01, 3.0449144661e-02, 2.7086220418e+03, 2.5698496487e+03
9.3266331658e-04, 3.2060379804e-01, 3.9172192706e-02, 2.6764158399e+03, 2.5004851538e+03
9.4623115578e-04, 3.2526424343e-01, 4.7780514472e-02, 2.6378223192e+03, 2.4263068245e+03
9.5979899497e-04, 3.2992468882e-01, 5.6253800041e-02, 2.5930755812e+03, 2.3475706705e+03
9.7336683417e-04, 3.3458513420e-01, 6.4572497768e-02, 2.5424097272e+03, 2.2645282167e+03
9.8693467337e-04, 3.3924557959e-01, 7.2717814280e-02, 2.4860588585e+03, 2.1774268118e+03
1.0005025126e-03, 3.4390604445e-01, 8.0671714481e-02, 2.4242570764e+03, 2.0865099111e+03
1.0140703518e-03, 3.4856701572e-01, 8.8416921547e-02, 2.3572384822e+03, 1.9920173373e+03
1.0276381910e-03, 3.5322798699e-01, 9.5936916926e-02, 2.2852371774e+03, 1.8941855199e+03
1.0412060302e-03, 3.5788895827e-01, 1.0321594034e-01, 2.2084872632e+03, 1.7932477166e+03
1.0547738693e-03, 3.6254992954e-01, 1.1023898979e-01, 2.1272228410e+03, 1.6894342173e+03
1.0683417085e-03, 3.6721090081e-01, 1.1699182155e-01, 2.0416780122e+03, 1.5829725322e+03
1.0819095477e-03, 3.7187187208e-01, 1.2346095015e-01, 1.9520868779e+03, 1.4740875667e+03
1.0954773869e-03, 3.7653284336e-01, 1.2963364843e-01, 1.8586835397e+03, 1.3630017819e+03
1.1090452261e-03, 3.8119383290e-01, 1.3549794746e-01, 1.7617020988e+03, 1.2499353451e+03
1.1226130653e-03, 3.8585483159e-01, 1.4104263661e-01, 1.6613766565e+03, 1.1351062674e+03
1.1361809045e-03, 3.9051583027e-01, 1.4625726353e-01, 1.5579413142e+03, 1.0187305333e+03
1.1497487437e-03, 3.9517682896e-01, 1.5113213412e-01, 1.4516301733e+03, 9.0102221963e+02
1.1633165829e-03, 3.9983782764e-01, 1.5565831257e-01, 1.3426773350e+03, 7.8219360724e+02
1.1768844221e-03, 4.0449882633e-01, 1.5982762134e-01, 1.2313169008e+03, 6.6245528431e+02
1.1904522613e-03, 4.0915982501e-01, 1.6363264117e-01, 1.1177829718e+03, 5.4201624282e+02
1.2040201005e-03, 4.1382058522e-01, 1.6706671106e-01, 1.0023096496e+03, 4.2108396857e+02
1.2175879397e-03, 4.1848077902e-01, 1.7012392830e-01, 8.8513103532e+02, 2.9986452502e+02
1.2311557789e-03, 4.2314097283e-01, 1.7279914843e-01, 7.6648123042e+02, 1.7856263170e+02
1.2447236181e-03, 4.2780116664e-01, 1.7508798528e-01, 6.4659433620e+02, 5.7381737451e+01
1.2582914573e-03, 4.3246136044e-01, 1.7698681097e-01, 5.2570445399e+02, -6.3475911071e+01
1.2718592965e-03, 4.3712155425e-01, 1.7849275586e-01, 4.0404568514e+02, -1.8380920527e+02
1.2854271357e-03, 4.4178174806e-01, 1.7960370859e-01, 2.8185213098e+02, -3.0341811454e+02
1.2989949749e-03, 4.4644194186e-01, 1.8031831611e-01, 1.5935789284e+02, -4.2210363000e+02
1.3125628141e-03, 4.5109534406e-01, 1.8063598359e-01, 3.6797072066e+01, -5.3966771163e+02
1.3261306533e-03, 4.5574820293e-01, 1.8055687452e-01, -8.5596230015e+01, -6.5591323877e+02
1.3396984925e-03, 4.6040106180e-01, 1.8008191063e-01, -2.0758791206e+02, -7.7064396352e+02
1.3532663317e-03, 4.6505392067e-01, 1.7921277194e-01, -3.2894387274e+02, -8.8366446701e+02
1.3668341709e-03, 4.6970677954e-01, 1.7795189675e-01, -4.4943001072e+02, -9.9478011824e+02
1.3804020101e-03, 4.7435963841e-01, 1.7630248162e-01, -5.6881222466e+02, -1.1037970354e+03
1.3939698492e-03, 4.7901249728e-01, 1.7426848138e-01, -6.8685641322e+02, -1.2105220493e+03
1.4075376884e-03, 4.8366972758e-01, 1.7185460915e-01, -8.0332847507e+02, -1.3147626693e+03
1.4211055276e-03, 4.8833045502e-01, 1.6906633632e-01, -9.1799430887e+02, -1.4163270504e+03
1.4346733668e-03, 4.9299118247e-01, 1.6590989254e-01, -1.0306198133e+03, -1.5150239633e+03
1.4482412060e-03, 4.9765190992e-01, 1.6239226575e-01, -1.1409708870e+03, -1.6106627652e+03
1.4618090452e-03, 5.0231263736e-01, 1.5852120216e-01, -1.2488134286e+03, -1.7030533726e+03
1.4753768844e-03, 5.0697336481e-01, 1.5430520623e-01, -1.3539133369e+03, -1.7920062359e+03
1.4889447236e-03, 5.1163409225e-01, 1.4975354074e-01, -1.4560365104e+03, -1.8773323145e+03
1.5025125628e-03, 5.1629312912e-01, 1.4487622670e-01, -1.5549488479e+03, -1.9588430544e+03
1.5160804020e-03, 5.2094472743e-01, 1.3968404342e-01, -1.6504162479e+03, -2.0363503660e+03
1.5296482412e-03, 5.2559632575e-01, 1.3418852847e-01, -1.7422046093e+03, -2.1096666038e+03
1.5432160804e-03, 5.3024792406e-01, 1.2840197771e-01, -1.8300798305e+03, -2.1786045468e+03
1.5567839196e-03, 5.3489952237e-01, 1.2233744524e-01, -1.9138078104e+03, -2.2429773797e+03
1.5703517588e-03, 5.3955112069e-01, 1.1600874348e-01, -1.9931544475e+03, -2.3025986759e+03
1.5839195980e-03, 5.4420271900e-01, 1.0943044309e-01, -2.0678856405e+03, -2.3572823806e+03
1.5974874372e-03, 5.4885431731e-01, 1.0261787301e-01, -2.1377672882e+03, -2.4068427947e+03
1.6110552764e-03, 5.5350997671e-01, 9.5587120457e-02, -2.2025652890e+03, -2.4510945603e+03
1.6246231156e-03, 5.5816655909e-01, 8.8355030926e-02, -2.2620455418e+03, -2.4898526465e+03
1.6381909548e-03, 5.6282314146e-01, 8.0939208180e-02, -2.3159739452e+03, -2.5229323351e+03
1.6517587940e-03, 5.6747972384e-01, 7.3358014257e-02, -2.3641163978e+03, -2.5501492088e+03
1.6653266332e-03, 5.7213630621e-01, 6.5630569468e-02, -2.4062387983e+03, -2.5713191381e+03
1.6788944724e-03, 5.7679288859e-01, 5.7776752399e-02, -2.4421070454e+03, -2.5862582702e+03
1.6924623116e-03, 5.8144947097e-01, 4.9817199908e-02, -2.4714870377e+03, -2.5947830175e+03
1.7060301508e-03, 5.8610071148e-01, 4.1773307129e-02, -2.4941446740e+03, -2.5967100475e+03
1.7195979899e-03, 5.9074527467e-01, 3.3667227467e-02, -2.5098458527e+03, -2.5918562723e+03
1.7331658291e-03, 5.9538983786e-01, 2.5521872602e-02, -2.5183564728e+03, -2.5800388393e+03
1.7467336683e-03, 6.0003440106e-01, 1.7360912489e-02, -2.5194424327e+03, -2.5610751220e+03
1.7603015075e-03, 6.0467896425e-01, 9.2087753536e-03, -2.5128696311e+03, -2.5347827113e+03
1.7738693467e-03, 6.0932352744e-01, 1.0906476975e-03, -2.4984039668e+03, -2.5009794070e+03
1.7874371859e-03, 6.1396809063e-01, -6.9675257047e-03, -2.4758113384e+03, -2.4594832102e+03
1.8010050251e-03, 6.1861250266e-01, -1.4939041805e-02, -2.4448576445e+03, -2.4101123156e+03
1.8145728643e-03, 6.2325502518e-01, -2.2796439281e-02, -2.4053087838e+03, -2.3526851039e+03
1.8281407035e-03, 6.2789754770e-01, -3.0511498538e-02, -2.3569306550e+03, -2.2870201356e+03
1.8417085427e-03, 6.3254007022e-01, -3.8055241706e-02, -2.2994891568e+03, -2.2129361436e+03
1.8552763819e-03, 6.3718259274e-01, -4.5397932643e-02, -2.2327501877e+03, -2.1302520277e+03
1.8688442211e-03, 6.4182511526e-01, -5.2509076931e-02, -2.1564796466e+03, -2.0387868476e+03
1.8824120603e-03, 6.4646763778e-01, -5.9357421881e-02, -2.0704434319e+03, -1.9383598182e+03
1.8959798995e-03, 6.5111016030e-01, -6.5910956529e-02, -1.9744074425e+03, -1.8287903032e+03
1.9095477387e-03, 6.5574931295e-01, -7.2136911637e-02, -1.8681375769e+03, -1.7098978101e+03
1.9231155779e-03, 6.6038704670e-01, -7.8001759694e-02, -1.7513997338e+03, -1.5815019852e+03
1.9366834171e-03, 6.6502478046e-01, -8.3471214915e-02, -1.6239598120e+03, -1.4434226089e+03
1.9502512563e-03, 6.6966251421e-01, -8.8510233242e-02, -1.4855837099e+03, -1.2954795904e+03
1.9638190955e-03, 6.7430024796e-01, -9.3083012343e-02, -1.3360373264e+03, -1.1374929640e+03
1.9773869347e-03, 6.7893798171e-01, -9.7152991612e-02, -1.1750865601e+03, -9.6928288434e+02
1.9909547739e-03, 6.8357571547e-01, -1.0068285217e-01, -1.0024973097e+03, -7.9066962253e+02
2.0045226131e-03, 6.8822095354e-01, -1.0363451686e-01, -8.1803547371e+02, -6.0147356203e+02
2.0180904523e-03, 6.9288120026e-01, -1.0596915026e-01, -6.2146695093e+02, -4.0151519499e+02
2.0316582915e-03, 6.9754144697e-01, -1.0764715867e-01, -4.1255763999e+02, -1.9061511860e+02
2.0452261307e-03, 7.0220169369e-01, -1.0862819011e-01, -1.9107343955e+02, 3.1405968409e+01
2.0587939698e-03, 7.0686194041e-01, -1.0887113434e-01, 4.3219751716e+01, 2.6472726912e+02
2.0723618090e-03, 7.1152218712e-01, -1.0833412283e-01, 2.9055603515e+02, 5.0952789160e+02
2.0859296482e-03, 7.1618243384e-01, -1.0697452879e-01, 5.5116951210e+02, 7.6598685205e+02
2.0994974874e-03, 7.2084268055e-01, -1.0474896715e-01, 8.2529428388e+02, 1.0342830777e+03
2.1130653266e-03, 7.2548462963e-01, -1.0161329458e-01, 1.1131644518e+03, 1.3145954098e+03
2.1266331658e-03, 7.3012587494e-01, -9.7522609438e-02, 1.4150141173e+03, 1.6071026062e+03
2.1402010050e-03, 7.3476712026e-01, -9.2431251853e-02, 1.7310773816e+03, 1.9119833440e+03
2.1537688442e-03, 7.3940836558e-01, -8.6292803657e-02, 2.0615883461e+03, 2.2294162222e+03
2.1673366834e-03, 7.4404961089e-01, -7.9060088413e-02, 2.4067811122e+03, 2.5595797643e+03
2.1809045226e-03, 7.4869085621e-01, -7.0685171410e-02, 2.7668897810e+03, 2.9026524201e+03
2.1944723618e-03, 7.5333210153e-01, -6.1119359664e-02, 3.1421484541e+03, 3.2588125687e+03
2.2080402010e-03, 7.5796678534e-01, -5.0313201916e-02, 3.5327912327e+03, 3.6282385200e+03
2.2216080402e-03, 7.6259695812e-01, -3.8216488636e-02, 3.9390522182e+03, 4.0111085172e+03
2.2351758794e-03, 7.6722713089e-01, -2.4778252017e-02, 4.3611655118e+03, 4.4076007388e+03
2.2487437186e-03, 7.7185730367e-01, -9.9467659809e-03, 4.7993652150e+03, 4.8178933005e+03
2.2623115578e-03, 7.7648747645e-01, 6.3304538253e-03, 5.2538854291e+03, 5.2421642570e+03
2.2758793970e-03, 7.8111764922e-01, 2.4106650028e-02, 5.7249602553e+03, 5.6805916040e+03
2.2894472362e-03, 7.8574782200e-01, 4.3435823527e-02, 6.2128237951e+03, 6.1333532796e+03
2.3030150754e-03, 7.9037030359e-01, 6.4372733496e-02, 6.7177101498e+03, 6.6006271666e+03
2.3165829146e-03, 7.9496586601e-01, 8.6972897382e-02, 7.2398534207e+03, 7.0825910934e+03
2.3301507538e-03, 7.9956142844e-01, 1.1129259091e-01, 7.7794877092e+03, 7.5794228362e+03
2.3437185930e-03, 8.0415699087e-01, 1.3738884806e-01, 8.3368471165e+03, 8.0913001201e+03
2.3572864322e-03, 8.0875255330e-01, 1.6531946112e-01, 8.9121657441e+03, 8.6184006208e+03
2.3708542714e-03, 8.1334811573e-01, 1.9514298063e-01, 9.5056776932e+03, 9.1609019659e+03
2.3844221106e-03, 8.1794367815e-01, 2.2691871539e-01, 1.0117617065e+04, 9.7189817363e+03
2.3979899497e-03, 8.2253924058e-01, 2.6070673250e-01, 1.0748217961e+04, 1.0292817468e+04
2.4115577889e-03, 8.2708057036e-01, 2.9656785732e-01, 1.1397714483e+04, 1.0882586651e+04
2.4251256281e-03, 8.3161246836e-01, 3.3456367349e-01, 1.2066340732e+04, 1.1488466736e+04
2.4386934673e-03, 8.3614436637e-01, 3.7475652291e-01, 1.2754330809e+04, 1.2110635128e+04
2.4522613065e-03, 8.4067626438e-01, 4.1720950578e-01, 1.3461918815e+04, 1.2749269194e+04
2.4658291457e-03, 8.4520816238e-01, 4.6198648055e-01, 1.4189338853e+04, 1.3404546262e+04
2.4793969849e-03, 8.4974006039e-01, 5.0915206395e-01, 1.4936825022e+04, 1.4076643619e+04
2.4929648241e-03, 8.5427195840e-01, 5.5877163099e-01, 1.5704611426e+04, 1.4765738517e+04
2.5065326633e-03, 8.5877139251e-01, 6.1091131494e-01, 1.6492932164e+04, 1.5472008172e+04
2.5201005025e-03, 8.6323586550e-01, 6.6563800735e-01, 1.7302021338e+04, 1.6195629763e+04
2.5336683417e-03, 8.6770033849e-01, 7.2301935806e-01, 1.8132113050e+04, 1.6936780435e+04
2.5472361809e-03, 8.7216481148e-01, 7.8312377516e-01, 1.8983441401e+04, 1.7695637301e+04
2.5608040201e-03, 8.7662928447e-01, 8.4602042503e-01, 1.9856240492e+04, 1.8472377439e+04
2.5743718593e-03, 8.8109375746e-01, 9.1177923230e-01, 2.0750744425e+04, 1.9267177899e+04
2.5879396985e-03, 8.8555823046e-01, 9.8047087992e-01, 2.1667187301e+04, 2.0080215696e+04
2.6015075377e-03, 8.8999871743e-01, 1.0521668091e+00, 2.2605803221e+04, 2.0911667817e+04
2.6150753769e-03, 8.9424731628e-01, 1.1269392192e+00, 2.3566826286e+04, 2.1761711220e+04
2.6286432161e-03, 8.9849591513e-01, 1.2048610681e+00, 2.4550490599e+04, 2.2630522834e+04
2.6422110553e-03, 9.0274451398e-01, 1.2860060717e+00, 2.5557030260e+04, 2.3518279561e+04
2.6557788945e-03, 9.0699311283e-01, 1.3704487043e+00, 2.6586679370e+04, 2.4425158273e+04
2.6693467337e-03, 9.1124171168e-01, 1.4582641986e+00, 2.7639672031e+04, 2.5351335820e+04
2.6829145729e-03, 9.1549031053e-01, 1.5495285453e+00, 2.8716242345e+04, 2.6296989023e+04
2.6964824121e-03, 9.1973890938e-01, 1.6443184935e+00, 2.9816624412e+04, 2.7262294679e+04
2.7100502513e-03, 9.2362005494e-01, 1.7427115507e+00, 3.0941052335e+04, 2.8247429561e+04
2.7236180905e-03, 9.2737259183e-01, 1.8447859825e+00, 3.2089760213e+04, 2.9252570417e+04
2.7371859296e-03, 9.3112512873e-01, 1.9506208128e+00, 3.3262982149e+04, 3.0277893973e+04
2.7507537688e-03, 9.3487766562e-01, 2.0602958238e+00, 3.4460952244e+04, 3.1323576932e+04
2.7643216080e-03, 9.3863020252e-01, 2.1738915560e+00, 3.5683904600e+04, 3.2389795973e+04
2.7778894472e-03, 9.4238273942e-01, 2.2914893082e+00, 3.6932073317e+04, 3.3476727756e+04
2.7914572864e-03, 9.4613527631e-01, 2.4131711374e+00, 3.8205692497e+04, 3.4584548920e+04
2.8050251256e-03, 9.4945194553e-01, 2.5390198588e+00, 3.9504996241e+04, 3.5713436081e+04
2.8185929648e-03, 9.5202763969e-01, 2.6691190461e+00, 4.0830218651e+04, 3.6863565837e+04
2.8321608040e-03, 9.5460333384e-01, 2.8035530310e+00, 4.2181593828e+04, 3.8035114765e+04
2.8457286432e-03, 9.5717902800e-01, 2.9424069038e+00, 4.3559355873e+04, 3.9228259425e+04
2.8592964824e-03, 9.5975472216e-01, 3.0857665129e+00, 4.4963738888e+04, 4.0443176357e+04
2.8728643216e-03, 9.6233041631e-01, 3.2337184648e+00, 4.6394976974e+04, 4.1680042081e+04
2.8864321608e-03, 9.6490611047e-01, 3.3863501245e+00, 4.7853304232e+04, 4.2939033104e+04
2.9000000000e-03, 9.6748180463e-01, 3.5437496152e+00, 4.9338954764e+04, 4.4220325910e+04
