rho, F_total_perV, F_total_perN, F_pair_perV, F_reference_perV, Z_virial_measured, springConstant, lindemannParameter, Tstar
1.7, 10.781275832971334, 6.341926960571373, 3.2094913354386447, 7.571784497532689, 14.303331561434057, 65.51374726506677, 0.16088814715365976, 0.007407407407407408
1.72, 11.199704138232764, 6.511455894321375, 3.376702535000786, 7.823001603231978, 14.79606098627554, 69.79890809991826, 0.1564801059488383, 0.007407407407407408
1.74, 11.630660737285458, 6.684287780049114, 3.488159495822824, 8.142501241462634, 15.309690458084283, 76.24301287513322, 0.15029932197226822, 0.007407407407407408
1.76, 12.091146287640914, 6.869969481614156, 3.6267642350386957, 8.464382052602218, 15.745476910186309, 83.1907177320839, 0.1444355448085488, 0.007407407407407408
1.78, 12.530641389108009, 7.039686173656185, 3.977872265647308, 8.5527691234607, 16.326285777350293, 82.93996787465788, 0.14519958205362174, 0.007407407407407408
1.8, 12.997915306806775, 7.221064059337097, 4.186431799756812, 8.811483507049964, 16.84887468688121, 88.13224102405208, 0.14138306484029445, 0.007407407407407408
1.82, 13.507150305657007, 7.421511156954399, 4.474795464733555, 9.032354840923452, 17.42765222740459, 92.22516324623248, 0.1387202011658372, 0.007407407407407408
1.84, 14.009560990493508, 7.613891842659515, 4.877236720723937, 9.13232426976957, 18.025720461891222, 92.24292513710225, 0.13921307869566615, 0.007407407407407408
1.86, 14.53353918722781, 7.8137307458214025, 5.137421540294458, 9.396117646933352, 18.622266305973067, 97.89351654584945, 0.13562340598897477, 0.007407407407407408
1.8800000000000001, 15.065069271183035, 8.013334718714379, 5.5076649322366515, 9.557404338946384, 19.247726252175774, 100.02095784057185, 0.13465249617582156, 0.007407407407407408
1.9000000000000001, 15.635894039737106, 8.229417915651108, 5.900732913568398, 9.735161126168707, 19.876421467142517, 102.74588826025104, 0.1333243899095472, 0.007407407407407408
1.9200000000000002, 16.170973155721935, 8.422381851938507, 6.172262513409044, 9.99871064231289, 20.457913185267003, 108.70576295008394, 0.13007128245440444, 0.007407407407407408
1.9400000000000002, 16.775905727117753, 8.64737408614317, 6.7347259958872945, 10.041179731230457, 21.109430644301828, 106.39779330912224, 0.1319293926634913, 0.007407407407407408
1.9600000000000002, 17.38468200052172, 8.869735714551897, 7.0503244871152155, 10.334357513406507, 21.783723745402853, 113.54896988896465, 0.1281448197982712, 0.007407407407407408
1.9800000000000002, 17.993158002465677, 9.087453536598826, 7.493571919728712, 10.499586082736966, 22.41875360768949, 115.87194055278194, 0.1272838256969719, 0.007407407407407408
2.0, 18.632015381356283, 9.316007690678141, 8.111445561405487, 10.520569819950795, 23.074241266669848, 112.59534964275498, 0.12955586208797945, 0.007407407407407408
2.02, 19.29501139688336, 9.551985840041267, 8.528989572746891, 10.76602182413647, 23.728250302635065, 117.97313244363073, 0.12698902766509607, 0.007407407407407408
2.04, 19.97537012169149, 9.791848098868378, 9.17796012433678, 10.797409997354713, 24.394702841643237, 115.0755272738026, 0.12900083833324355, 0.007407407407407408
