Starting reduced density rho*: 1.7
Maximum reduced density rho*: 2.051
Reduced-density increment: 0.02
Number of particles: 108
Initial configuration: FCC
Dry microgel radius [nm]: 50.0
Box length [units of dry radius]: 3.742704261727762
Number of monomers: 0.0
Flory interaction parameter (chi): 0.0
Young's calibration factor: 1.0
x-link fraction: 5.0E-5
betaEpsilon: 135.0
Tstar: 0.007407407407407408
Reduced-density increment: 0.02
MC steps: 20000
Equilibration steps: 10000.0
Snapshot interval: 100
Displacement tolerance: 0.1
Particle radius change tolerance: 0.0
Particle radius bin width: 0.001
g(r) bin width: 0.005
rho, geometric_volume_fraction, mu_from_dF/kT, Z_from_dF_total, Pstar_from_dF_total, Z_virial_measured, Pstar_virial_measured, Z_einstein_contribution, Z_pair_contribution, Z_FR_contribution, <F_total>/V, <F_pair>/V, <S_solid>/V, <F_reference>/V, <F_FR>/V, radius, zeta, beta_u_Hertz_nn, SpringConstant, LindemannParameter, Tstar
1.72, 0.8341827348836277, 21.234622607853098, 14.723166713531722, 25.323846747274562, 14.79606098627554, 25.44922489639393, 9.719661852183513, 5.0035048613482065, 0.0, 11.199704138232764, 3.376702535000786, -3.9513426198182806, 7.823001603231978, 0.0, 0.5, 0.0, 0.13538148579763157, 69.79890809991826, 0.1564801059488383, 0.007407407407407408
1.74, 0.8410236377542478, 22.286053735203716, 15.601765955154601, 27.147072761969007, 15.309690458084283, 26.638861397066652, 11.354912819622298, 4.246853135532316, 0.0, 11.630660737285458, 3.488159495822824, -4.097287768470352, 8.142501241462634, 0.0, 0.5, 0.0, 0.15552169786205414, 76.24301287513322, 0.15029932197226822, 0.007407407407407408
1.76, 0.848177066359382, 22.49951629556375, 15.629546813949597, 27.50800239255129, 15.745476910186309, 27.712039361927904, 5.447389065518583, 10.182157748431004, 0.0, 12.091146287640914, 3.6267642350386957, -4.314711028100225, 8.464382052602218, 0.0, 0.5, 0.0, 0.17701512290286853, 83.1907177320839, 0.1444355448085488, 0.007407407407407408
1.78, 0.8543852329672302, 22.669225479146494, 15.62953930549031, 27.82057996377275, 16.326285777350293, 29.060788683683523, 3.8726098873393053, 11.75692941815103, 0.0, 12.530641389108009, 3.977872265647308, -4.402919897992587, 8.5527691234607, 0.0, 0.5, 0.0, 0.19983744159323263, 82.93996787465788, 0.14519958205362174, 0.007407407407407408
1.8, 0.8611080983179178, 24.412722913724917, 17.191658854387818, 30.94498593789807, 16.84887468688121, 30.327974436386178, 7.094374321540999, 10.09728453284683, 0.0, 12.997915306806775, 4.186431799756812, -4.555213362259979, 8.811483507049964, 0.0, 0.5, 0.0, 0.223962975919468, 88.13224102405208, 0.14138306484029445, 0.007407407407407408
1.82, 0.8667460981942344, 25.291142092168318, 17.86963093521392, 32.522728302089334, 17.42765222740459, 31.718327053876354, 3.058186737812449, 14.81144419740145, 0.0, 13.507150305657007, 4.474795464733555, -4.713807454098486, 9.032354840923452, 0.0, 0.5, 0.0, 0.24936499947051316, 92.22516324623248, 0.1387202011658372, 0.007407407407407408
1.84, 0.8728610198357798, 25.65972203927005, 18.045830196610535, 33.204327561763385, 18.025720461891222, 33.16732564987985, 4.130850438416205, 13.914979758194326, 0.0, 14.009560990493508, 4.877236720723937, -4.8320678128832615, 9.13232426976957, 0.0, 0.5, 0.0, 0.27601599861797965, 92.24292513710225, 0.13921307869566615, 0.007407407407407408
1.86, 0.878919822765111, 26.387707017238135, 18.57397627141673, 34.54759586483512, 18.622266305973067, 34.637415329109906, 5.575325575155074, 12.99865069626168, 0.0, 14.53353918722781, 5.137421540294458, -4.969513566226203, 9.396117646933352, 0.0, 0.5, 0.0, 0.30388789285743395, 97.89351654584945, 0.13562340598897477, 0.007407407407407408
1.88, 0.88400271984103, 27.5588713127324, 19.545536594018014, 36.74560879675387, 19.247726252175774, 36.18572535409046, 3.3923612686783593, 16.15317532533963, 0.0, 15.065069271183035, 5.5076649322366515, -5.071416707966356, 9.557404338946384, 0.0, 0.5, 0.0, 0.3329522209766045, 100.02095784057185, 0.13465249617582156, 0.007407407407407408
1.9, 0.8894410362760427, 27.647597113472486, 19.418179197821377, 36.89454047586062, 19.876421467142517, 37.765200787570784, 5.908888570389638, 13.50929062743169, 0.0, 15.635894039737106, 5.900732913568398, -5.206023420998159, 9.735161126168707, 0.0, 0.5, 0.0, 0.36318029847412414, 102.74588826025104, 0.1333243899095472, 0.007407407407407408
1.92, 0.8949610367474397, 28.500292184516127, 20.077910332577616, 38.54958783854902, 20.457913185267003, 39.27919331571265, 2.442803333672445, 17.635106998905172, 0.0, 16.170973155721935, 6.172262513409044, -5.351246703247835, 9.99871064231289, 0.0, 0.5, 0.0, 0.3945433506791102, 108.70576295008394, 0.13007128245440444, 0.007407407407407408
1.94, 0.8993108282516011, 30.342721119994625, 21.695347033851455, 42.08897324567182, 21.109430644301828, 40.95229544994555, 3.2153059364999854, 18.48004109735154, 0.0, 16.775905727117753, 6.7347259958872945, -5.466009138247749, 10.041179731230457, 0.0, 0.5, 0.0, 0.4270126252502803, 106.39779330912224, 0.1319293926634913, 0.007407407407407408
1.96, 0.9041136905404302, 30.431306883698078, 21.561571169146184, 42.260679491526524, 21.783723745402853, 42.696098540989595, 6.187527403271649, 15.374043765874603, 0.0, 17.38468200052172, 7.0503244871152155, -5.598965382693476, 10.334357513406507, 0.0, 0.5, 0.0, 0.4605594871156522, 113.54896988896465, 0.1281448197982712, 0.007407407407407408
1.98, 0.9088416940873606, 31.183334520864182, 22.09588098426536, 43.749844348845414, 22.41875360768949, 44.38913214322519, -0.6475135903003374, 22.74339457456565, 0.0, 17.993158002465677, 7.493571919728712, -5.712353393604786, 10.499586082736966, 0.0, 0.5, 0.0, 0.49515549841478135, 115.87194055278194, 0.1272838256969719, 0.007407407407407408
2.0, 0.9128087317173528, 32.546334860442244, 23.230327169764102, 46.460654339528205, 23.074241266669848, 46.148482533339696, 1.4006086250122107, 21.829718544751845, 0.0, 18.632015381356283, 8.111445561405487, -5.774992352608846, 10.520569819950795, 0.0, 0.5, 0.0, 0.5307724855990087, 112.59534964275498, 0.12955586208797945, 0.007407407407407408
2.02, 0.9170073774622897, 33.58386850838017, 24.031882668338902, 48.54440299004458, 23.728250302635065, 47.93106561132283, 1.5912906607729413, 22.440592007566007, 0.0, 19.29501139688336, 8.528989572746891, -5.905655495338428, 10.76602182413647, 0.0, 0.5, 0.0, 0.5673825955117362, 117.97313244363073, 0.12698902766509607, 0.007407407407407408
