phi0, phi, F_fitted, mu_kT_from_fit, P_from_fit
1.5796000000e-03, 5.3284536175e-01, -2.8369558633e-03, -1.0002554796e+01, -2.4795028009e+00
1.5895271357e-03, 5.3602332257e-01, -2.8595489920e-03, -9.0680117152e+00, -1.5324053459e+00
1.5994542714e-03, 5.3920128339e-01, -2.8799561241e-03, -8.1577371312e+00, -6.1545710544e-01
1.6093814070e-03, 5.4237924421e-01, -2.8982344904e-03, -7.2714904681e+00, 2.7184027480e-01
1.6193085427e-03, 5.4555720503e-01, -2.9144407440e-03, -6.4090247718e+00, 1.1299837116e+00
1.6292356784e-03, 5.4872786715e-01, -2.9286309452e-03, -5.5700868589e+00, 1.9594687355e+00
1.6391628141e-03, 5.5189052810e-01, -2.9408605473e-03, -4.7544174643e+00, 2.7607895354e+00
1.6490899497e-03, 5.5505318906e-01, -2.9511843818e-03, -3.9617513908e+00, 3.5344389976e+00
1.6590170854e-03, 5.5821585001e-01, -2.9596566450e-03, -3.1918176566e+00, 4.2809087385e+00
1.6689442211e-03, 5.6137851097e-01, -2.9663308843e-03, -2.4443396445e+00, 5.0006891319e+00
1.6788713568e-03, 5.6457799589e-01, -2.9712599850e-03, -1.7190352500e+00, 5.6942693314e+00
1.6887984925e-03, 5.6777925285e-01, -2.9744961572e-03, -1.0156170302e+00, 6.3621372864e+00
1.6987256281e-03, 5.7098050982e-01, -2.9760909241e-03, -3.3379235177e-01, 7.0047797549e+00
1.7086527638e-03, 5.7418176678e-01, -2.9760951090e-03, 3.2673646010e-01, 7.6226823100e+00
1.7185798995e-03, 5.7734570793e-01, -2.9745588240e-03, 9.6627197335e-01, 8.2163293429e+00
1.7285070352e-03, 5.8046041167e-01, -2.9715314585e-03, 1.5851215006e+00, 8.7862040610e+00
1.7384341709e-03, 5.8357511541e-01, -2.9670616681e-03, 2.1835969505e+00, 9.3327884820e+00
1.7483613065e-03, 5.8668981915e-01, -2.9611973639e-03, 2.7620146794e+00, 9.8565634241e+00
1.7582884422e-03, 5.8980452289e-01, -2.9539857023e-03, 3.3206953428e+00, 1.0358008492e+01
1.7682155779e-03, 5.9283520436e-01, -2.9454730744e-03, 3.8599637468e+00, 1.0837602060e+01
1.7781427136e-03, 5.9585739041e-01, -2.9357050972e-03, 4.3801486994e+00, 1.1295821250e+01
1.7880698492e-03, 5.9887957646e-01, -2.9247266037e-03, 4.8815828624e+00, 1.1733141908e+01
1.7979969849e-03, 6.0190176251e-01, -2.9125816340e-03, 5.3646026028e+00, 1.2150038575e+01
1.8079241206e-03, 6.0497687637e-01, -2.8993134269e-03, 5.8295478440e+00, 1.2546984458e+01
1.8178512563e-03, 6.0813645914e-01, -2.8849644115e-03, 6.2767619175e+00, 1.2924451395e+01
1.8277783920e-03, 6.1129604191e-01, -2.8695761993e-03, 6.7065914146e+00, 1.3282909818e+01
1.8377055276e-03, 6.1445562468e-01, -2.8531895768e-03, 7.1193860373e+00, 1.3622828712e+01
1.8476326633e-03, 6.1761520745e-01, -2.8358444981e-03, 7.5154984506e+00, 1.3944675576e+01
1.8575597990e-03, 6.2064521294e-01, -2.8175800781e-03, 7.8952841333e+00, 1.4248916376e+01
1.8674869347e-03, 6.2365451984e-01, -2.7984345862e-03, 8.2591012299e+00, 1.4536015497e+01
1.8774140704e-03, 6.2666382675e-01, -2.7784454398e-03, 8.6073104020e+00, 1.4806435692e+01
1.8873412060e-03, 6.2967313365e-01, -2.7576491990e-03, 8.9402746795e+00, 1.5060638033e+01
1.8972683417e-03, 6.3266508975e-01, -2.7360815607e-03, 9.2583593127e+00, 1.5299081855e+01
1.9071954774e-03, 6.3562326057e-01, -2.7137773537e-03, 9.5619316234e+00, 1.5522224699e+01
1.9171226131e-03, 6.3858143139e-01, -2.6907705340e-03, 9.8513608562e+00, 1.5730522251e+01
1.9270497487e-03, 6.4153960221e-01, -2.6670941804e-03, 1.0127018031e+01, 1.5924428287e+01
1.9369768844e-03, 6.4449777303e-01, -2.6427804904e-03, 1.0389275792e+01, 1.6104394604e+01
1.9469040201e-03, 6.4761220769e-01, -2.6178607766e-03, 1.0638508263e+01, 1.6270870960e+01
1.9568311558e-03, 6.5076179614e-01, -2.5923654635e-03, 1.0875090895e+01, 1.6424305006e+01
1.9667582915e-03, 6.5391138459e-01, -2.5663240841e-03, 1.1099400322e+01, 1.6565142215e+01
1.9766854271e-03, 6.5706097304e-01, -2.5397652777e-03, 1.1311814208e+01, 1.6693825818e+01
1.9866125628e-03, 6.6012068305e-01, -2.5127167876e-03, 1.1512711101e+01, 1.6810796729e+01
1.9965396985e-03, 6.6296393119e-01, -2.4852054588e-03, 1.1702470283e+01, 1.6916493471e+01
2.0064668342e-03, 6.6580717932e-01, -2.4572572370e-03, 1.1881471625e+01, 1.7011352104e+01
2.0163939698e-03, 6.6865042746e-01, -2.4288971668e-03, 1.2050095434e+01, 1.7095806150e+01
2.0263211055e-03, 6.7149367559e-01, -2.4001493914e-03, 1.2208722307e+01, 1.7170286510e+01
2.0362482412e-03, 6.7448107520e-01, -2.3710371516e-03, 1.2357732983e+01, 1.7235221392e+01
2.0461753769e-03, 6.7751142663e-01, -2.3415827859e-03, 1.2497508191e+01, 1.7291036228e+01
2.0561025126e-03, 6.8054177807e-01, -2.3118077307e-03, 1.2628428507e+01, 1.7338153591e+01
2.0660296482e-03, 6.8357212951e-01, -2.2817325209e-03, 1.2750874201e+01, 1.7376993115e+01
2.0759567839e-03, 6.8656640269e-01, -2.2513767905e-03, 1.2865225090e+01, 1.7407971413e+01
2.0858839196e-03, 6.8945097260e-01, -2.2207592742e-03, 1.2971860389e+01, 1.7431501986e+01
2.0958110553e-03, 6.9233554250e-01, -2.1898978086e-03, 1.3071158564e+01, 1.7447995144e+01
2.1057381910e-03, 6.9522011241e-01, -2.1588093347e-03, 1.3163497183e+01, 1.7457857913e+01
2.1156653266e-03, 6.9810468231e-01, -2.1275098997e-03, 1.3249252765e+01, 1.7461493952e+01
2.1255924623e-03, 7.0130964811e-01, -2.0960146600e-03, 1.3328800634e+01, 1.7459303462e+01
2.1355195980e-03, 7.0463643285e-01, -2.0643378840e-03, 1.3402514772e+01, 1.7451683095e+01
2.1454467337e-03, 7.0796321759e-01, -2.0324929554e-03, 1.3470767667e+01, 1.7439025862e+01
2.1553738693e-03, 7.1129000233e-01, -2.0004923774e-03, 1.3533930164e+01, 1.7421721046e+01
2.1653010050e-03, 7.1463825175e-01, -1.9683477761e-03, 1.3592371322e+01, 1.7400154104e+01
2.1752281407e-03, 7.1807152438e-01, -1.9360699052e-03, 1.3646458261e+01, 1.7374706578e+01
2.1851552764e-03, 7.2150479702e-01, -1.9036686511e-03, 1.3696556012e+01, 1.7345755995e+01
2.1950824121e-03, 7.2493806965e-01, -1.8711530374e-03, 1.3743027373e+01, 1.7313675779e+01
2.2050095477e-03, 7.2837134228e-01, -1.8385312309e-03, 1.3786232760e+01, 1.7278835147e+01
2.2149366834e-03, 7.3168886028e-01, -1.8058105470e-03, 1.3826530053e+01, 1.7241599020e+01
2.2248638191e-03, 7.3495155759e-01, -1.7729974565e-03, 1.3864274455e+01, 1.7202327919e+01
2.2347909548e-03, 7.3821425490e-01, -1.7400975912e-03, 1.3899818338e+01, 1.7161377872e+01
2.2447180905e-03, 7.4147695221e-01, -1.7071157516e-03, 1.3933511097e+01, 1.7119100312e+01
2.2546452261e-03, 7.4467529879e-01, -1.6740559139e-03, 1.3965699001e+01, 1.7075841977e+01
2.2645723618e-03, 7.4752458194e-01, -1.6409212372e-03, 1.3996725044e+01, 1.7031944815e+01
2.2744994975e-03, 7.5037386508e-01, -1.6077140722e-03, 1.4026928797e+01, 1.6987745876e+01
2.2844266332e-03, 7.5322314822e-01, -1.5744359686e-03, 1.4056646261e+01, 1.6943577217e+01
2.2943537688e-03, 7.5607243137e-01, -1.5410876845e-03, 1.4086209714e+01, 1.6899765795e+01
2.3042809045e-03, 7.5904137817e-01, -1.5076691950e-03, 1.4115947567e+01, 1.6856633368e+01
2.3142080402e-03, 7.6207979289e-01, -1.4741797014e-03, 1.4146184215e+01, 1.6814496392e+01
2.3241351759e-03, 7.6511820760e-01, -1.4406176414e-03, 1.4177239885e+01, 1.6773665914e+01
2.3340623116e-03, 7.6815662232e-01, -1.4069806988e-03, 1.4209430492e+01, 1.6734447473e+01
2.3439894472e-03, 7.7117375163e-01, -1.3732658139e-03, 1.4243067488e+01, 1.6697140989e+01
2.3539165829e-03, 7.7401821184e-01, -1.3394691943e-03, 1.4278457712e+01, 1.6662040665e+01
2.3638437186e-03, 7.7686267205e-01, -1.3055863260e-03, 1.4315903245e+01, 1.6629434876e+01
2.3737708543e-03, 7.7970713226e-01, -1.2716119852e-03, 1.4355701261e+01, 1.6599606066e+01
2.3836979899e-03, 7.8255159247e-01, -1.2375402492e-03, 1.4398143874e+01, 1.6572830641e+01
2.3936251256e-03, 7.8531252031e-01, -1.2033645097e-03, 1.4443517997e+01, 1.6549378860e+01
2.4035522613e-03, 7.8801462529e-01, -1.1690774845e-03, 1.4492105187e+01, 1.6529514730e+01
2.4134793970e-03, 7.9071673027e-01, -1.1346712305e-03, 1.4544181498e+01, 1.6513495900e+01
2.4234065327e-03, 7.9341883524e-01, -1.1001371573e-03, 1.4600017335e+01, 1.6501573547e+01
2.4333336683e-03, 7.9611351368e-01, -1.0654660403e-03, 1.4659877303e+01, 1.6493992275e+01
2.4432608040e-03, 7.9869927351e-01, -1.0306480350e-03, 1.4724020061e+01, 1.6490990000e+01
2.4531879397e-03, 8.0128503334e-01, -9.9567269098e-04, 1.4792698170e+01, 1.6492797843e+01
2.4631150754e-03, 8.0387079317e-01, -9.6052896660e-04, 1.4866157946e+01, 1.6499640022e+01
2.4730422111e-03, 8.0645655300e-01, -9.2520524409e-04, 1.4944639314e+01, 1.6511733740e+01
2.4829693467e-03, 8.0900266591e-01, -8.8968934479e-04, 1.5028375656e+01, 1.6529289076e+01
2.4928964824e-03, 8.1151512439e-01, -8.5396854481e-04, 1.5117593663e+01, 1.6552508872e+01
2.5028236181e-03, 8.1402758287e-01, -8.1802959113e-04, 1.5212513190e+01, 1.6581588626e+01
2.5127507538e-03, 8.1654004135e-01, -7.8185871790e-04, 1.5313347101e+01, 1.6616716380e+01
2.5226778894e-03, 8.1905405971e-01, -7.4544166325e-04, 1.5420301127e+01, 1.6658072604e+01
2.5326050251e-03, 8.2162224205e-01, -7.0876368634e-04, 1.5533573716e+01, 1.6705830091e+01
2.5425321608e-03, 8.2419042440e-01, -6.7180958479e-04, 1.5653355879e+01, 1.6760153839e+01
2.5524592965e-03, 8.2675860674e-01, -6.3456371251e-04, 1.5779831050e+01, 1.6821200943e+01
2.5623864322e-03, 8.2932678909e-01, -5.9700999779e-04, 1.5913174932e+01, 1.6889120480e+01
2.5723135678e-03, 8.3175408658e-01, -5.5913196184e-04, 1.6053555348e+01, 1.6964053397e+01
2.5822407035e-03, 8.3404330929e-01, -5.2091273762e-04, 1.6201132097e+01, 1.7046132398e+01
2.5921678392e-03, 8.3633253201e-01, -4.8233508903e-04, 1.6356056801e+01, 1.7135481831e+01
2.6020949749e-03, 8.3862175472e-01, -4.4338143049e-04, 1.6518472759e+01, 1.7232217572e+01
2.6120221106e-03, 8.4091097744e-01, -4.0403384678e-04, 1.6688514797e+01, 1.7336446916e+01
2.6219492462e-03, 8.4314984072e-01, -3.6427411339e-04, 1.6866309123e+01, 1.7448268457e+01
2.6318763819e-03, 8.4538778513e-01, -3.2408371704e-04, 1.7051973171e+01, 1.7567771979e+01
2.6418035176e-03, 8.4762572954e-01, -2.8344387666e-04, 1.7245615463e+01, 1.7695038338e+01
2.6517306533e-03, 8.4986367394e-01, -2.4233556474e-04, 1.7447335449e+01, 1.7830139350e+01
2.6616577889e-03, 8.5208800772e-01, -2.0073952896e-04, 1.7657223369e+01, 1.7973137674e+01
2.6715849246e-03, 8.5429630737e-01, -1.5863631418e-04, 1.7875360096e+01, 1.8124086698e+01
2.6815120603e-03, 8.5650460703e-01, -1.1600628487e-04, 1.8101816995e+01, 1.8283030422e+01
2.6914391960e-03, 8.5871290668e-01, -7.2829647776e-05, 1.8336655768e+01, 1.8450003346e+01
2.7013663317e-03, 8.6092120633e-01, -2.9086474998e-05, 1.8579928309e+01, 1.8625030352e+01
2.7112934673e-03, 8.6298636742e-01, 1.5243272566e-05, 1.8831676554e+01, 1.8808126588e+01
2.7212206030e-03, 8.6504176871e-01, 6.0179721466e-05, 1.9091932336e+01, 1.8999297352e+01
2.7311477387e-03, 8.6709717000e-01, 1.0574306157e-04, 1.9360717231e+01, 1.9198537978e+01
2.7410748744e-03, 8.6915257128e-01, 1.5195352157e-04, 1.9638042413e+01, 1.9405833716e+01
2.7510020101e-03, 8.7118318748e-01, 1.9883134418e-04, 1.9923908504e+01, 1.9621159621e+01
2.7609291457e-03, 8.7317860720e-01, 2.4639676095e-04, 2.0218305428e+01, 1.9844480428e+01
2.7708562814e-03, 8.7517402692e-01, 2.9466996670e-04, 2.0521212260e+01, 2.0075750444e+01
2.7807834171e-03, 8.7716944664e-01, 3.4367109367e-04, 2.0832597078e+01, 2.0314913427e+01
2.7907105528e-03, 8.7916486636e-01, 3.9342018526e-04, 2.1152416813e+01, 2.0561902467e+01
2.8006376884e-03, 8.8099041100e-01, 4.4393716946e-04, 2.1480617106e+01, 2.0816639872e+01
2.8105648241e-03, 8.8279501465e-01, 4.9524183191e-04, 2.1817132153e+01, 2.1079037050e+01
2.8204919598e-03, 8.8459961829e-01, 5.4735378856e-04, 2.2161884560e+01, 2.1348994390e+01
2.8304190955e-03, 8.8640422194e-01, 6.0029245810e-04, 2.2514785193e+01, 2.1626401147e+01
2.8403462312e-03, 8.8818897272e-01, 6.5407703389e-04, 2.2875733031e+01, 2.1911135320e+01
2.8502733668e-03, 8.8993952546e-01, 7.0872645566e-04, 2.3244615017e+01, 2.2203063540e+01
2.8602005025e-03, 8.9169007821e-01, 7.6425938080e-04, 2.3621305907e+01, 2.2502040945e+01
2.8701276382e-03, 8.9344063095e-01, 8.2069415529e-04, 2.4005668128e+01, 2.2807911069e+01
2.8800547739e-03, 8.9519118370e-01, 8.7804878429e-04, 2.4397551620e+01, 2.3120505718e+01
2.8899819095e-03, 8.9682521530e-01, 9.3634090242e-04, 2.4796793697e+01, 2.3439644856e+01
2.8999090452e-03, 8.9843776593e-01, 9.9558774362e-04, 2.5203218892e+01, 2.3765136482e+01
2.9098361809e-03, 9.0005031656e-01, 1.0558061107e-03, 2.5616638810e+01, 2.4096776516e+01
2.9197633166e-03, 9.0166286719e-01, 1.1170123445e-03, 2.6036851983e+01, 2.4434348677e+01
2.9296904523e-03, 9.0324749201e-01, 1.1792222928e-03, 2.6463643715e+01, 2.4777624366e+01
2.9396175879e-03, 9.0477315107e-01, 1.2424512787e-03, 2.6896785941e+01, 2.5126362547e+01
2.9495447236e-03, 9.0629881013e-01, 1.3067140689e-03, 2.7336037071e+01, 2.5480309627e+01
2.9594718593e-03, 9.0782446919e-01, 1.3720248412e-03, 2.7781141848e+01, 2.5839199336e+01
2.9693989950e-03, 9.0935012825e-01, 1.4383971523e-03, 2.8231831195e+01, 2.6202752613e+01
2.9793261307e-03, 9.1077159688e-01, 1.5058439046e-03, 2.8687822069e+01, 2.6570677480e+01
2.9892532663e-03, 9.1216676195e-01, 1.5743773130e-03, 2.9148817312e+01, 2.6942668926e+01
2.9991804020e-03, 9.1356192701e-01, 1.6440088714e-03, 2.9614505500e+01, 2.7318408789e+01
3.0091075377e-03, 9.1495709207e-01, 1.7147493184e-03, 3.0084560799e+01, 2.7697565632e+01
3.0190346734e-03, 9.1632991338e-01, 1.7866086032e-03, 3.0558642813e+01, 2.8079794629e+01
3.0289618090e-03, 9.1764396840e-01, 1.8595958512e-03, 3.1036396437e+01, 2.8464737440e+01
3.0388889447e-03, 9.1895802342e-01, 1.9337193282e-03, 3.1517451708e+01, 2.8852022096e+01
3.0488160804e-03, 9.2027207844e-01, 2.0089864058e-03, 3.2001423656e+01, 2.9241262874e+01
3.0587432161e-03, 9.2158613346e-01, 2.0854035251e-03, 3.2487912158e+01, 2.9632060182e+01
3.0686703518e-03, 9.2285726375e-01, 2.1629761610e-03, 3.2976501786e+01, 3.0024000436e+01
3.0785974874e-03, 9.2411427734e-01, 2.2417087854e-03, 3.3466761660e+01, 3.0416655941e+01
3.0885246231e-03, 9.2537129093e-01, 2.3216048309e-03, 3.3958245300e+01, 3.0809584771e+01
3.0984517588e-03, 9.2662830451e-01, 2.4026666529e-03, 3.4450490478e+01, 3.1202330647e+01
3.1083788945e-03, 9.2784635056e-01, 2.4848954930e-03, 3.4943019067e+01, 3.1594422820e+01
3.1183060302e-03, 9.2893361688e-01, 2.5682914403e-03, 3.5435336895e+01, 3.1985375947e+01
3.1282331658e-03, 9.3002088320e-01, 2.6528533938e-03, 3.5926933595e+01, 3.2374689974e+01
3.1381603015e-03, 9.3110814952e-01, 2.7385790237e-03, 3.6417282459e+01, 3.2761850013e+01
3.1480874372e-03, 9.3219541584e-01, 2.8254647321e-03, 3.6905840285e+01, 3.3146326222e+01
3.1580145729e-03, 9.3328970135e-01, 2.9135056145e-03, 3.7392047233e+01, 3.3527573686e+01
3.1679417085e-03, 9.3438690133e-01, 3.0026954194e-03, 3.7875326673e+01, 3.3905032293e+01
3.1778688442e-03, 9.3548410131e-01, 3.0930265089e-03, 3.8355085039e+01, 3.4278126619e+01
3.1877959799e-03, 9.3658130130e-01, 3.1844898180e-03, 3.8830711680e+01, 3.4646265799e+01
3.1977231156e-03, 9.3766035566e-01, 3.2770748143e-03, 3.9301578710e+01, 3.5008843415e+01
3.2076502513e-03, 9.3865875008e-01, 3.3707694566e-03, 3.9767040861e+01, 3.5365237368e+01
3.2175773869e-03, 9.3965714449e-01, 3.4655601538e-03, 4.0226435335e+01, 3.5714809760e+01
3.2275045226e-03, 9.4065553890e-01, 3.5614317232e-03, 4.0679081652e+01, 3.6056906776e+01
3.2374316583e-03, 9.4165393331e-01, 3.6583673482e-03, 4.1124281508e+01, 3.6390858557e+01
3.2473587940e-03, 9.4255814256e-01, 3.7563485359e-03, 4.1561318618e+01, 3.6715979082e+01
3.2572859296e-03, 9.4341398197e-01, 3.8553550745e-03, 4.1989458576e+01, 3.7031566048e+01
3.2672130653e-03, 9.4426982138e-01, 3.9553649903e-03, 4.2407948700e+01, 3.7336900746e+01
3.2771402010e-03, 9.4512566079e-01, 4.0563545037e-03, 4.2816017887e+01, 3.7631247944e+01
3.2870673367e-03, 9.4596731026e-01, 4.1582979857e-03, 4.3212876463e+01, 3.7913855760e+01
3.2969944724e-03, 9.4672012784e-01, 4.2611679138e-03, 4.3597716036e+01, 3.8183955544e+01
3.3069216080e-03, 9.4747294542e-01, 4.3649348272e-03, 4.3969709347e+01, 3.8440761759e+01
3.3168487437e-03, 9.4822576301e-01, 4.4695672823e-03, 4.4328010118e+01, 3.8683471854e+01
3.3267758794e-03, 9.4897858059e-01, 4.5750318070e-03, 4.4671752910e+01, 3.8911266146e+01
3.3367030151e-03, 9.4973904271e-01, 4.6812928552e-03, 4.5000052969e+01, 3.9123307700e+01
3.3466301508e-03, 9.5050429487e-01, 4.7883127612e-03, 4.5312006079e+01, 3.9318742203e+01
3.3565572864e-03, 9.5126954702e-01, 4.8960516932e-03, 4.5606688417e+01, 3.9496697845e+01
3.3664844221e-03, 9.5203479917e-01, 5.0044676063e-03, 4.5883156398e+01, 3.9656285200e+01
3.3764115578e-03, 9.5278531378e-01, 5.1135161961e-03, 4.6140446533e+01, 3.9796597098e+01
3.3863386935e-03, 9.5339006974e-01, 5.2231508509e-03, 4.6377575274e+01, 3.9916708509e+01
3.3962658291e-03, 9.5399482571e-01, 5.3333226044e-03, 4.6593538873e+01, 4.0015676418e+01
3.4061929648e-03, 9.5459958167e-01, 5.4439800871e-03, 4.6787313226e+01, 4.0092539707e+01
3.4161201005e-03, 9.5520433763e-01, 5.5550694783e-03, 4.6957853731e+01, 4.0146319027e+01
3.4260472362e-03, 9.5578603684e-01, 5.6665344573e-03, 4.7104095133e+01, 4.0176016682e+01
3.4359743719e-03, 9.5635026190e-01, 5.7783161540e-03, 4.7224951383e+01, 4.0180616505e+01
3.4459015075e-03, 9.5691448697e-01, 5.8903530999e-03, 4.7319315482e+01, 4.0159083736e+01
3.4558286432e-03, 9.5747871203e-01, 6.0025811780e-03, 4.7386059338e+01, 4.0110364899e+01
3.4657557789e-03, 9.5803941685e-01, 6.1149335724e-03, 4.7424033614e+01, 4.0033387681e+01
3.4756829146e-03, 9.5852696893e-01, 6.2273407183e-03, 4.7432067583e+01, 3.9927060813e+01
3.4856100503e-03, 9.5901452101e-01, 6.3397302507e-03, 4.7408968975e+01, 3.9790273943e+01
3.4955371859e-03, 9.5950207309e-01, 6.4520269534e-03, 4.7353523834e+01, 3.9621897515e+01
3.5054643216e-03, 9.5998962517e-01, 6.5641527075e-03, 4.7264496363e+01, 3.9420782651e+01
3.5153914573e-03, 9.6042833293e-01, 6.6760264391e-03, 4.7140628781e+01, 3.9185761024e+01
3.5253185930e-03, 9.6082248461e-01, 6.7875640673e-03, 4.6980641172e+01, 3.8915644738e+01
3.5352457286e-03, 9.6121663630e-01, 6.8986784515e-03, 4.6783231337e+01, 3.8609226207e+01
3.5451728643e-03, 9.6161078798e-01, 7.0092793387e-03, 4.6547074646e+01, 3.8265278028e+01
3.5551000000e-03, 9.6200493967e-01, 7.1192733095e-03, 4.6270823887e+01, 3.7882552867e+01
