phi0, phi, F_fitted, mu_kT_from_fit, P_from_fit
1.8490000000e-03, 5.2780250587e-01, -3.2598221978e-03, -7.1000231543e+00, 2.8489371520e-01
1.8575733668e-03, 5.3015845513e-01, -3.2738419604e-03, -6.5975490274e+00, 7.8489808374e-01
1.8661467337e-03, 5.3251440439e-01, -3.2868213157e-03, -6.0836045501e+00, 1.2940601767e+00
1.8747201005e-03, 5.3487035365e-01, -3.2987381798e-03, -5.5595434747e+00, 1.8110086263e+00
1.8832934673e-03, 5.3722630291e-01, -3.3095731947e-03, -5.0266758406e+00, 2.3344221617e+00
1.8918668342e-03, 5.3958225217e-01, -3.3193096395e-03, -4.4862685028e+00, 2.8630287382e+00
1.9004402010e-03, 5.4190204782e-01, -3.3279333424e-03, -3.9395456623e+00, 3.3956046779e+00
1.9090135678e-03, 5.4421060433e-01, -3.3354325941e-03, -3.3876893946e+00, 3.9309738219e+00
1.9175869347e-03, 5.4651916083e-01, -3.3417980618e-03, -2.8318401796e+00, 4.4680066928e+00
1.9261603015e-03, 5.4882771734e-01, -3.3470227052e-03, -2.2730974305e+00, 5.0056196690e+00
1.9347336683e-03, 5.5113627384e-01, -3.3511016925e-03, -1.7125200234e+00, 5.5427741674e+00
1.9433070352e-03, 5.5346281145e-01, -3.3540323179e-03, -1.1511268266e+00, 6.0784758382e+00
1.9518804020e-03, 5.5580557196e-01, -3.3558139209e-03, -5.8989722993e-01, 6.6117737672e+00
1.9604537688e-03, 5.5814833247e-01, -3.3564478052e-03, -2.9771674037e-02, 7.1417596892e+00
1.9690271357e-03, 5.6049109298e-01, -3.3559371602e-03, 5.2834782023e-01, 7.6675672092e+00
1.9776005025e-03, 5.6283385349e-01, -3.3542869824e-03, 1.0835971225e+00, 8.1883710332e+00
1.9861738693e-03, 5.6518482537e-01, -3.3515039989e-03, 1.6351494636e+00, 8.7033862069e+00
1.9947472362e-03, 5.6755604296e-01, -3.3475965909e-03, 2.1822149060e+00, 9.2118673630e+00
2.0033206030e-03, 5.6992726054e-01, -3.3425747195e-03, 2.7240398148e+00, 9.7131079763e+00
2.0118939698e-03, 5.7229847813e-01, -3.3364498513e-03, 3.2599063281e+00, 1.0206439627e+01
2.0204673367e-03, 5.7466969572e-01, -3.3292348861e-03, 3.7891318277e+00, 1.0691231271e+01
2.0290407035e-03, 5.7703724974e-01, -3.3209440852e-03, 4.3110684101e+00, 1.1166888518e+01
2.0376140704e-03, 5.7933719699e-01, -3.3115930012e-03, 4.8251023566e+00, 1.1632852915e+01
2.0461874372e-03, 5.8163714423e-01, -3.3011984078e-03, 5.3306536046e+00, 1.2088601241e+01
2.0547608040e-03, 5.8393709147e-01, -3.2897782324e-03, 5.8271752177e+00, 1.2533644802e+01
2.0633341709e-03, 5.8623703872e-01, -3.2773514881e-03, 6.3141528565e+00, 1.2967528740e+01
2.0719075377e-03, 5.8853698596e-01, -3.2639382079e-03, 6.7911042496e+00, 1.3389831338e+01
2.0804809045e-03, 5.9085553982e-01, -3.2495593796e-03, 7.2575786639e+00, 1.3800163347e+01
2.0890542714e-03, 5.9317833817e-01, -3.2342368815e-03, 7.7131563753e+00, 1.4198167299e+01
2.0976276382e-03, 5.9550113652e-01, -3.2179934200e-03, 8.1574481396e+00, 1.4583516843e+01
2.1062010050e-03, 5.9782393487e-01, -3.2008524671e-03, 8.5900946628e+00, 1.4955916077e+01
2.1147743719e-03, 6.0014673322e-01, -3.1828382002e-03, 9.0107660721e+00, 1.5315098891e+01
2.1233477387e-03, 6.0242652902e-01, -3.1639754422e-03, 9.4191613863e+00, 1.5660828306e+01
2.1319211055e-03, 6.0467481319e-01, -3.1442896027e-03, 9.8150079868e+00, 1.5992895834e+01
2.1404944724e-03, 6.0692309736e-01, -3.1238066211e-03, 1.0198061088e+01, 1.6311120825e+01
2.1490678392e-03, 6.0917138154e-01, -3.1025529094e-03, 1.0568103207e+01, 1.6615349832e+01
2.1576412060e-03, 6.1141966571e-01, -3.0805552974e-03, 1.0924943638e+01, 1.6905455976e+01
2.1662145729e-03, 6.1366138279e-01, -3.0578409784e-03, 1.1268417916e+01, 1.7181338316e+01
2.1747879397e-03, 6.1589034950e-01, -3.0344374556e-03, 1.1598387296e+01, 1.7442921220e+01
2.1833613065e-03, 6.1811931621e-01, -3.0103724905e-03, 1.1914738217e+01, 1.7690153749e+01
2.1919346734e-03, 6.2034828293e-01, -2.9856740518e-03, 1.2217381775e+01, 1.7923009034e+01
2.2005080402e-03, 6.2257724964e-01, -2.9603702653e-03, 1.2506253194e+01, 1.8141483670e+01
2.2090814070e-03, 6.2480083829e-01, -2.9344893650e-03, 1.2781311297e+01, 1.8345597099e+01
2.2176547739e-03, 6.2697749311e-01, -2.9080596456e-03, 1.3042537976e+01, 1.8535391012e+01
2.2262281407e-03, 6.2915414794e-01, -2.8811094158e-03, 1.3289937660e+01, 1.8710928743e+01
2.2348015075e-03, 6.3133080276e-01, -2.8536669524e-03, 1.3523536793e+01, 1.8872294675e+01
2.2433748744e-03, 6.3350745758e-01, -2.8257604562e-03, 1.3743383295e+01, 1.9019593640e+01
2.2519482412e-03, 6.3568411241e-01, -2.7974180084e-03, 1.3949546042e+01, 1.9152950338e+01
2.2605216080e-03, 6.3801703241e-01, -2.7686675279e-03, 1.4142114330e+01, 1.9272508740e+01
2.2690949749e-03, 6.4037420320e-01, -2.7395367309e-03, 1.4321197347e+01, 1.9378431509e+01
2.2776683417e-03, 6.4273137399e-01, -2.7100530898e-03, 1.4486923647e+01, 1.9470899422e+01
2.2862417085e-03, 6.4508854477e-01, -2.6802437948e-03, 1.4639440618e+01, 1.9550110785e+01
2.2948150754e-03, 6.4744571556e-01, -2.6501357153e-03, 1.4778913951e+01, 1.9616280867e+01
2.3033884422e-03, 6.4974464589e-01, -2.6197553636e-03, 1.4905527113e+01, 1.9669641322e+01
2.3119618090e-03, 6.5200915228e-01, -2.5891288585e-03, 1.5019480821e+01, 1.9710439624e+01
2.3205351759e-03, 6.5427365867e-01, -2.5582818911e-03, 1.5120992503e+01, 1.9738938500e+01
2.3291085427e-03, 6.5653816507e-01, -2.5272396905e-03, 1.5210295779e+01, 1.9755415367e+01
2.3376819095e-03, 6.5880267146e-01, -2.4960269917e-03, 1.5287639926e+01, 1.9760161774e+01
2.3462552764e-03, 6.6102153507e-01, -2.4646680040e-03, 1.5353289349e+01, 1.9753482839e+01
2.3548286432e-03, 6.6316941550e-01, -2.4331863801e-03, 1.5407523055e+01, 1.9735696701e+01
2.3634020101e-03, 6.6531729594e-01, -2.4016051877e-03, 1.5450634117e+01, 1.9707133961e+01
2.3719753769e-03, 6.6746517638e-01, -2.3699468804e-03, 1.5482929154e+01, 1.9668137135e+01
2.3805487437e-03, 6.6961305682e-01, -2.3382332708e-03, 1.5504727793e+01, 1.9619060107e+01
2.3891221106e-03, 6.7189159704e-01, -2.3064855046e-03, 1.5516362145e+01, 1.9560267580e+01
2.3976954774e-03, 6.7488675480e-01, -2.2747240352e-03, 1.5518176272e+01, 1.9492134536e+01
2.4062688442e-03, 6.7788191256e-01, -2.2429686003e-03, 1.5510525662e+01, 1.9415045693e+01
2.4148422111e-03, 6.8087707032e-01, -2.2112381986e-03, 1.5493776695e+01, 1.9329394966e+01
2.4234155779e-03, 6.8387222808e-01, -2.1795510683e-03, 1.5468306117e+01, 1.9235584932e+01
2.4319889447e-03, 6.8686738584e-01, -2.1479246662e-03, 1.5434500510e+01, 1.9134026292e+01
2.4405623116e-03, 6.8925031768e-01, -2.1163756483e-03, 1.5392755762e+01, 1.9025137342e+01
2.4491356784e-03, 6.9157788076e-01, -2.0849198514e-03, 1.5343476536e+01, 1.8909343437e+01
2.4577090452e-03, 6.9390544384e-01, -2.0535722754e-03, 1.5287075745e+01, 1.8787076467e+01
2.4662824121e-03, 6.9623300691e-01, -2.0223470672e-03, 1.5223974019e+01, 1.8658774326e+01
2.4748557789e-03, 6.9856056999e-01, -1.9912575050e-03, 1.5154599177e+01, 1.8524880389e+01
2.4834291457e-03, 7.0088305581e-01, -1.9603159849e-03, 1.5079385698e+01, 1.8385842985e+01
2.4920025126e-03, 7.0320315139e-01, -1.9295340071e-03, 1.4998774189e+01, 1.8242114879e+01
2.5005758794e-03, 7.0552324696e-01, -1.8989221642e-03, 1.4913210861e+01, 1.8094152750e+01
2.5091492462e-03, 7.0784334254e-01, -1.8684901304e-03, 1.4823146995e+01, 1.7942416671e+01
2.5177226131e-03, 7.1016343811e-01, -1.8382466513e-03, 1.4729038414e+01, 1.7787369593e+01
2.5262959799e-03, 7.1249385023e-01, -1.8081995354e-03, 1.4631344953e+01, 1.7629476828e+01
2.5348693467e-03, 7.1483664804e-01, -1.7783556465e-03, 1.4530529933e+01, 1.7469205539e+01
2.5434427136e-03, 7.1717944586e-01, -1.7487208969e-03, 1.4427059627e+01, 1.7307024221e+01
2.5520160804e-03, 7.1952224367e-01, -1.7193002420e-03, 1.4321402733e+01, 1.7143402197e+01
2.5605894472e-03, 7.2186504149e-01, -1.6900976758e-03, 1.4214029844e+01, 1.6978809102e+01
2.5691628141e-03, 7.2416655608e-01, -1.6611162278e-03, 1.4105412923e+01, 1.6813714376e+01
2.5777361809e-03, 7.2631935308e-01, -1.6323579603e-03, 1.3996024763e+01, 1.6648586762e+01
2.5863095477e-03, 7.2847215008e-01, -1.6038239679e-03, 1.3886338471e+01, 1.6483893792e+01
2.5948829146e-03, 7.3062494708e-01, -1.5755143766e-03, 1.3776826929e+01, 1.6320101290e+01
2.6034562814e-03, 7.3277774408e-01, -1.5474283454e-03, 1.3667962266e+01, 1.6157672865e+01
2.6120296482e-03, 7.3493054108e-01, -1.5195640683e-03, 1.3560215335e+01, 1.5997069407e+01
2.6206030151e-03, 7.3712736803e-01, -1.4919187772e-03, 1.3454055175e+01, 1.5838748593e+01
2.6291763819e-03, 7.3932508758e-01, -1.4644887463e-03, 1.3349948489e+01, 1.5683164380e+01
2.6377497487e-03, 7.4152280714e-01, -1.4372692974e-03, 1.3248359108e+01, 1.5530766511e+01
2.6463231156e-03, 7.4372052669e-01, -1.4102548066e-03, 1.3149747467e+01, 1.5382000016e+01
2.6548964824e-03, 7.4591824625e-01, -1.3834387112e-03, 1.3054570075e+01, 1.5237304717e+01
2.6634698492e-03, 7.4812278247e-01, -1.3568135188e-03, 1.2963278982e+01, 1.5097114730e+01
2.6720432161e-03, 7.5032967677e-01, -1.3303708167e-03, 1.2876321254e+01, 1.4961857974e+01
2.6806165829e-03, 7.5253657107e-01, -1.3041012829e-03, 1.2794138439e+01, 1.4831955677e+01
2.6891899497e-03, 7.5474346537e-01, -1.2779946975e-03, 1.2717166044e+01, 1.4707821881e+01
2.6977633166e-03, 7.5695035968e-01, -1.2520399560e-03, 1.2645832999e+01, 1.4589862956e+01
2.7063366834e-03, 7.5912362810e-01, -1.2262250833e-03, 1.2580561132e+01, 1.4478477105e+01
2.7149100503e-03, 7.6126404602e-01, -1.2005372484e-03, 1.2521764640e+01, 1.4374053877e+01
2.7234834171e-03, 7.6340446395e-01, -1.1749627810e-03, 1.2469849554e+01, 1.4276973679e+01
2.7320567839e-03, 7.6554488187e-01, -1.1494871884e-03, 1.2425213217e+01, 1.4187607287e+01
2.7406301508e-03, 7.6768529980e-01, -1.1240951742e-03, 1.2388243751e+01, 1.4106315361e+01
2.7492035176e-03, 7.6981774388e-01, -1.0987706573e-03, 1.2359319527e+01, 1.4033447956e+01
2.7577768844e-03, 7.7192848430e-01, -1.0734967927e-03, 1.2338808636e+01, 1.3969344042e+01
2.7663502513e-03, 7.7403922472e-01, -1.0482559930e-03, 1.2327068363e+01, 1.3914331015e+01
2.7749236181e-03, 7.7614996513e-01, -1.0230299509e-03, 1.2324444653e+01, 1.3868724218e+01
2.7834969849e-03, 7.7826070555e-01, -9.9779966339e-04, 1.2331271583e+01, 1.3832826454e+01
2.7920703518e-03, 7.8036870147e-01, -9.7254545596e-04, 1.2347870836e+01, 1.3806927510e+01
2.8006437186e-03, 7.8239240874e-01, -9.4724700902e-04, 1.2374551167e+01, 1.3791303668e+01
2.8092170854e-03, 7.8441611601e-01, -9.2188338468e-04, 1.2411607875e+01, 1.3786217232e+01
2.8177904523e-03, 7.8643982328e-01, -8.9643305486e-04, 1.2459322276e+01, 1.3791916046e+01
2.8263638191e-03, 7.8846353055e-01, -8.7087393048e-04, 1.2517961172e+01, 1.3808633012e+01
2.8349371859e-03, 7.9048723782e-01, -8.4518339168e-04, 1.2587776320e+01, 1.3836585617e+01
2.8435105528e-03, 7.9249462562e-01, -8.1933831916e-04, 1.2669003906e+01, 1.3875975452e+01
2.8520839196e-03, 7.9449778935e-01, -7.9331512660e-04, 1.2761864013e+01, 1.3926987735e+01
2.8606572864e-03, 7.9650095308e-01, -7.6708979416e-04, 1.2866560093e+01, 1.3989790838e+01
2.8692306533e-03, 7.9850411681e-01, -7.4063790307e-04, 1.2983278436e+01, 1.4064535807e+01
2.8778040201e-03, 8.0050728054e-01, -7.1393467127e-04, 1.3112187644e+01, 1.4151355891e+01
2.8863773869e-03, 8.0247012117e-01, -6.8695499016e-04, 1.3253438099e+01, 1.4250366063e+01
2.8949507538e-03, 8.0440092216e-01, -6.5967346246e-04, 1.3407161433e+01, 1.4361662553e+01
2.9035241206e-03, 8.0633172316e-01, -6.3206444111e-04, 1.3573470002e+01, 1.4485322368e+01
2.9120974874e-03, 8.0826252415e-01, -6.0410206927e-04, 1.3752456352e+01, 1.4621402821e+01
2.9206708543e-03, 8.1019332515e-01, -5.7576032140e-04, 1.3944192695e+01, 1.4769941064e+01
2.9292442211e-03, 8.1210828769e-01, -5.4701304542e-04, 1.4148730374e+01, 1.4930953608e+01
2.9378175879e-03, 8.1398960692e-01, -5.1783400597e-04, 1.4366099341e+01, 1.5104435860e+01
2.9463909548e-03, 8.1587092616e-01, -4.8819692875e-04, 1.4596307617e+01, 1.5290361646e+01
2.9549643216e-03, 8.1775224539e-01, -4.5807554589e-04, 1.4839340775e+01, 1.5488682747e+01
2.9635376884e-03, 8.1963356463e-01, -4.2744364253e-04, 1.5095161401e+01, 1.5699328424e+01
2.9721110553e-03, 8.2150893427e-01, -3.9627510433e-04, 1.5363708568e+01, 1.5922204951e+01
2.9806844221e-03, 8.2331851776e-01, -3.6454396616e-04, 1.5644897309e+01, 1.6157195150e+01
2.9892577889e-03, 8.2512810126e-01, -3.3222446187e-04, 1.5938618085e+01, 1.6404157918e+01
2.9978311558e-03, 8.2693768475e-01, -2.9929107509e-04, 1.6244736255e+01, 1.6662927760e+01
3.0064045226e-03, 8.2874726825e-01, -2.6571859118e-04, 1.6563091548e+01, 1.6933314325e+01
3.0149778894e-03, 8.3055685174e-01, -2.3148215020e-04, 1.6893497535e+01, 1.7215101938e+01
3.0235512563e-03, 8.3231329777e-01, -1.9655730101e-04, 1.7235741098e+01, 1.7508049131e+01
3.0321246231e-03, 8.3406005532e-01, -1.6092005642e-04, 1.7589581898e+01, 1.7811888182e+01
3.0406979899e-03, 8.3580681287e-01, -1.2454694947e-04, 1.7954751852e+01, 1.8126324644e+01
3.0492713568e-03, 8.3755357042e-01, -8.7415090739e-05, 1.8330954600e+01, 1.8451036886e+01
3.0578447236e-03, 8.3930032797e-01, -4.9502226774e-05, 1.8717864972e+01, 1.8785675623e+01
3.0664180905e-03, 8.4103322289e-01, -1.0786799585e-05, 1.9115128467e+01, 1.9129863457e+01
3.0749914573e-03, 8.4275720403e-01, 2.8751992778e-05, 1.9522360717e+01, 1.9483194408e+01
3.0835648241e-03, 8.4448118518e-01, 6.9134134543e-05, 1.9939146960e+01, 1.9845233453e+01
3.0921381910e-03, 8.4620516632e-01, 1.1037872947e-04, 2.0365041510e+01, 2.0215516065e+01
3.1007115578e-03, 8.4792914746e-01, 1.5250393703e-04, 2.0799567230e+01, 2.0593547745e+01
3.1092849246e-03, 8.4959998947e-01, 1.9552690746e-04, 2.1242214999e+01, 2.0978803567e+01
3.1178582915e-03, 8.5118092760e-01, 2.3946371579e-04, 2.1692443185e+01, 2.1370727708e+01
3.1264316583e-03, 8.5276186572e-01, 2.8432929475e-04, 2.2149677115e+01, 2.1768732992e+01
3.1350050251e-03, 8.5434280385e-01, 3.3013736659e-04, 2.2613308546e+01, 2.2172200428e+01
3.1435783920e-03, 8.5592374197e-01, 3.7690037384e-04, 2.3082695136e+01, 2.2580478745e+01
3.1521517588e-03, 8.5750788665e-01, 4.2462940897e-04, 2.3557159913e+01, 2.2992883938e+01
3.1607251256e-03, 8.5911269349e-01, 4.7333414300e-04, 2.4035990747e+01, 2.3408698799e+01
3.1692984925e-03, 8.6071750034e-01, 5.2302275294e-04, 2.4518439822e+01, 2.3827172468e+01
3.1778718593e-03, 8.6232230718e-01, 5.7370184826e-04, 2.5003723103e+01, 2.4247519961e+01
3.1864452261e-03, 8.6392711402e-01, 6.2537639619e-04, 2.5491019809e+01, 2.4668921722e+01
3.1950185930e-03, 8.6553192086e-01, 6.7804964598e-04, 2.5979471884e+01, 2.5090523156e+01
3.2035919598e-03, 8.6706451799e-01, 7.3172305208e-04, 2.6468183469e+01, 2.5511434172e+01
3.2121653266e-03, 8.6858884075e-01, 7.8639619618e-04, 2.6956220367e+01, 2.5930728728e+01
3.2207386935e-03, 8.7011316351e-01, 8.4206670826e-04, 2.7442609519e+01, 2.6347444368e+01
3.2293120603e-03, 8.7163748627e-01, 8.9873018645e-04, 2.7926338475e+01, 2.6760581766e+01
3.2378854271e-03, 8.7316180903e-01, 9.5638011592e-04, 2.8406354860e+01, 2.7169104268e+01
3.2464587940e-03, 8.7461201484e-01, 1.0150077866e-03, 2.8881565849e+01, 2.7571937437e+01
3.2550321608e-03, 8.7602404657e-01, 1.0746022097e-03, 2.9350837635e+01, 2.7967968591e+01
3.2636055276e-03, 8.7743607829e-01, 1.1351500337e-03, 2.9812994901e+01, 2.8356046351e+01
3.2721788945e-03, 8.7884811002e-01, 1.1966354584e-03, 3.0266820291e+01, 2.8734980178e+01
3.2807522613e-03, 8.8026014175e-01, 1.2590401485e-03, 3.0711053880e+01, 2.9103539925e+01
3.2893256281e-03, 8.8163482566e-01, 1.3223431460e-03, 3.1144392643e+01, 2.9460455374e+01
3.2978989950e-03, 8.8295854262e-01, 1.3865207814e-03, 3.1565489930e+01, 2.9804415781e+01
3.3064723618e-03, 8.8428225958e-01, 1.4515465839e-03, 3.1972954933e+01, 3.0134069423e+01
3.3150457286e-03, 8.8560597654e-01, 1.5173911903e-03, 3.2365352156e+01, 3.0448023143e+01
3.3236190955e-03, 8.8692969350e-01, 1.5840222532e-03, 3.2741200889e+01, 3.0744841888e+01
3.3321924623e-03, 8.8825508685e-01, 1.6514043478e-03, 3.3098974678e+01, 3.1023048261e+01
3.3407658291e-03, 8.8958782902e-01, 1.7194988780e-03, 3.3437100792e+01, 3.1281122065e+01
3.3493391960e-03, 8.9092057120e-01, 1.7882639806e-03, 3.3753959698e+01, 3.1517499845e+01
3.3579125628e-03, 8.9225331337e-01, 1.8576544295e-03, 3.4047884531e+01, 3.1730574436e+01
3.3664859296e-03, 8.9358605555e-01, 1.9276215380e-03, 3.4317160560e+01, 3.1918694508e+01
3.3750592965e-03, 8.9491879772e-01, 1.9981130604e-03, 3.4560024668e+01, 3.2080164114e+01
3.3836326633e-03, 8.9613131989e-01, 2.0690730924e-03, 3.4774664810e+01, 3.2213242232e+01
3.3922060302e-03, 8.9733732742e-01, 2.1404419701e-03, 3.4959219497e+01, 3.2316142314e+01
3.4007793970e-03, 8.9854333494e-01, 2.2121561691e-03, 3.5111777257e+01, 3.2387031835e+01
3.4093527638e-03, 8.9974934247e-01, 2.2841482006e-03, 3.5230376109e+01, 3.2424031835e+01
3.4179261307e-03, 9.0095534999e-01, 2.3563465084e-03, 3.5313003035e+01, 3.2425216466e+01
3.4264994975e-03, 9.0213303137e-01, 2.4286753632e-03, 3.5357593448e+01, 3.2388612545e+01
3.4350728643e-03, 9.0329922406e-01, 2.5010547569e-03, 3.5362030665e+01, 3.2312199095e+01
3.4436462312e-03, 9.0446541674e-01, 2.5734002953e-03, 3.5324145375e+01, 3.2193906893e+01
3.4522195980e-03, 9.0563160943e-01, 2.6456230900e-03, 3.5241715113e+01, 3.2031618023e+01
3.4607929648e-03, 9.0679780212e-01, 2.7176296488e-03, 3.5112463728e+01, 3.1823165417e+01
3.4693663317e-03, 9.0793918766e-01, 2.7893217656e-03, 3.4934060855e+01, 3.1566332407e+01
3.4779396985e-03, 9.0905307749e-01, 2.8605964084e-03, 3.4704121385e+01, 3.1258852273e+01
3.4865130653e-03, 9.1016696731e-01, 2.9313456073e-03, 3.4420204936e+01, 3.0898407789e+01
3.4950864322e-03, 9.1128085714e-01, 3.0014563405e-03, 3.4079815324e+01, 3.0482630773e+01
3.5036597990e-03, 9.1239474696e-01, 3.0708104195e-03, 3.3680400033e+01, 3.0009101635e+01
3.5122331658e-03, 9.1348343287e-01, 3.1392843735e-03, 3.3219349684e+01, 2.9475348927e+01
3.5208065327e-03, 9.1449104388e-01, 3.2067493322e-03, 3.2693997512e+01, 2.8878848890e+01
3.5293798995e-03, 9.1549865489e-01, 3.2730709081e-03, 3.2101618828e+01, 2.8217025004e+01
3.5379532663e-03, 9.1650626590e-01, 3.3381090771e-03, 3.1439430495e+01, 2.7487247537e+01
3.5465266332e-03, 9.1751387691e-01, 3.4017180586e-03, 3.0704590398e+01, 2.6686833095e+01
3.5551000000e-03, 9.1852148792e-01, 3.4637461939e-03, 2.9894196916e+01, 2.5813044169e+01
