phi0, phi, F_fitted, mu_kT_from_fit, P_from_fit
1.0172000000e-03, 2.1074923412e-01, -2.6309109446e-03, -6.0888092245e+00, 4.7451801527e+00
1.0357452261e-03, 2.1453955904e-01, -2.6581477767e-03, -6.2150368634e+00, 4.5351197284e+00
1.0542904523e-03, 2.1840963238e-01, -2.6859421567e-03, -6.3405656607e+00, 4.3309226114e+00
1.0728356784e-03, 2.2221048353e-01, -2.7142895632e-03, -6.4647555282e+00, 4.1329434152e+00
1.0913809045e-03, 2.2605478662e-01, -2.7431827029e-03, -6.5869942353e+00, 3.9415176601e+00
1.1099261307e-03, 2.2988573285e-01, -2.7726116326e-03, -6.7066969932e+00, 3.7569619186e+00
1.1284713568e-03, 2.3373368287e-01, -2.8025638804e-03, -6.8233060391e+00, 3.5795739807e+00
1.1470165829e-03, 2.3756257217e-01, -2.8330245636e-03, -6.9362902204e+00, 3.4096330372e+00
1.1655618090e-03, 2.4139220227e-01, -2.8639765064e-03, -7.0451445788e+00, 3.2473998781e+00
1.1841070352e-03, 2.4520192955e-01, -2.8954003545e-03, -7.1493899347e+00, 3.0931171052e+00
1.2026522613e-03, 2.4901922867e-01, -2.9272746882e-03, -7.2485724710e+00, 2.9470093570e+00
1.2211974874e-03, 2.5287839857e-01, -2.9595761343e-03, -7.3422633176e+00, 2.8092835446e+00
1.2397427136e-03, 2.5668482644e-01, -2.9922794751e-03, -7.4300581354e+00, 2.6801290977e+00
1.2582879397e-03, 2.6054249944e-01, -3.0253577562e-03, -7.5115767007e+00, 2.5597182194e+00
1.2768331658e-03, 2.6435763469e-01, -3.0587823927e-03, -7.5864624891e+00, 2.4482061490e+00
1.2953783920e-03, 2.6818585084e-01, -3.0925232728e-03, -7.6543822598e+00, 2.3457314317e+00
1.3139236181e-03, 2.7201163257e-01, -3.1265488600e-03, -7.7150256398e+00, 2.2524161957e+00
1.3324688442e-03, 2.7583107175e-01, -3.1608262937e-03, -7.7681047080e+00, 2.1683664340e+00
1.3510140704e-03, 2.7965780347e-01, -3.1953214874e-03, -7.8133535794e+00, 2.0936722921e+00
1.3695592965e-03, 2.8347605042e-01, -3.2299992256e-03, -7.8505279894e+00, 2.0284083606e+00
1.3881045226e-03, 2.8730039714e-01, -3.2648232581e-03, -7.8794048779e+00, 1.9726339716e+00
1.4066497487e-03, 2.9111749440e-01, -3.2997563937e-03, -7.8997819734e+00, 1.9263934997e+00
1.4251949749e-03, 2.9494105150e-01, -3.3347605908e-03, -7.9114773771e+00, 1.8897166660e+00
1.4437402010e-03, 2.9877743302e-01, -3.3697970467e-03, -7.9143291474e+00, 1.8626188459e+00
1.4622854271e-03, 3.0260079481e-01, -3.4048262851e-03, -7.9081948839e+00, 1.8451013793e+00
1.4808306533e-03, 3.0640270044e-01, -3.4398082421e-03, -7.8929513114e+00, 1.8371518837e+00
1.4993758794e-03, 3.1022479928e-01, -3.4747023491e-03, -7.8684938643e+00, 1.8387445703e+00
1.5179211055e-03, 3.1404970982e-01, -3.5094676155e-03, -7.8347362707e+00, 1.8498405616e+00
1.5364663317e-03, 3.1785953442e-01, -3.5440627085e-03, -7.7916101368e+00, 1.8703882114e+00
1.5550115578e-03, 3.2166193097e-01, -3.5784460311e-03, -7.7390645306e+00, 1.9003234267e+00
1.5735567839e-03, 3.2549781485e-01, -3.6125757989e-03, -7.6770655664e+00, 1.9395699914e+00
1.5921020101e-03, 3.2930763425e-01, -3.6464101142e-03, -7.6055959890e+00, 1.9880398916e+00
1.6106472362e-03, 3.3310414969e-01, -3.6799070393e-03, -7.5246547577e+00, 2.0456336422e+00
1.6291924623e-03, 3.3689386535e-01, -3.7130246667e-03, -7.4342566308e+00, 2.1122406148e+00
1.6477376884e-03, 3.4074434861e-01, -3.7457211886e-03, -7.3344317492e+00, 2.1877393674e+00
1.6662829146e-03, 3.4457063062e-01, -3.7779549639e-03, -7.2252252213e+00, 2.2719979743e+00
1.6848281407e-03, 3.4835826885e-01, -3.8096845835e-03, -7.1066967065e+00, 2.3648743584e+00
1.7033733668e-03, 3.5219395953e-01, -3.8408689341e-03, -6.9789199998e+00, 2.4662166227e+00
1.7219185930e-03, 3.5600844767e-01, -3.8714672594e-03, -6.8419826160e+00, 2.5758633846e+00
1.7404638191e-03, 3.5980824044e-01, -3.9014392202e-03, -6.6959853734e+00, 2.6936441097e+00
1.7590090452e-03, 3.6360209371e-01, -3.9307449525e-03, -6.5410419787e+00, 2.8193794468e+00
1.7775542714e-03, 3.6739365337e-01, -3.9593451234e-03, -6.3772786105e+00, 2.9528815638e+00
1.7960994975e-03, 3.7119056992e-01, -3.9872009853e-03, -6.2048335038e+00, 3.0939544838e+00
1.8146447236e-03, 3.7499839508e-01, -4.0142744288e-03, -6.0238565344e+00, 3.2423944226e+00
1.8331899497e-03, 3.7881399680e-01, -4.0405280330e-03, -5.8345088024e+00, 3.3979901261e+00
1.8517351759e-03, 3.8262067139e-01, -4.0659251142e-03, -5.6369622173e+00, 3.5605232081e+00
1.8702804020e-03, 3.8642054415e-01, -4.0904297730e-03, -5.4313990811e+00, 3.7297684894e+00
1.8888256281e-03, 3.9023753192e-01, -4.1140069395e-03, -5.2180116735e+00, 3.9054943366e+00
1.9073708543e-03, 3.9404467612e-01, -4.1366224162e-03, -4.9970018355e+00, 4.0874630020e+00
1.9259160804e-03, 3.9783317626e-01, -4.1582429197e-03, -4.7685805535e+00, 4.2754309630e+00
1.9444613065e-03, 4.0158153747e-01, -4.1788361203e-03, -4.5329675441e+00, 4.4691492628e+00
1.9630065327e-03, 4.0538459293e-01, -4.1983706794e-03, -4.2903908374e+00, 4.6683638511e+00
1.9815517588e-03, 4.0919062921e-01, -4.2168162859e-03, -4.0410863618e+00, 4.8728159247e+00
2.0000969849e-03, 4.1298669887e-01, -4.2341436896e-03, -3.7852975283e+00, 5.0822422692e+00
2.0186422111e-03, 4.1678276854e-01, -4.2503247341e-03, -3.5232748138e+00, 5.2963756006e+00
2.0371874372e-03, 4.2057883820e-01, -4.2653323865e-03, -3.2552753465e+00, 5.5149449066e+00
2.0557326633e-03, 4.2437490786e-01, -4.2791407666e-03, -2.9815624889e+00, 5.7376757895e+00
2.0742778894e-03, 4.2814237655e-01, -4.2917251730e-03, -2.7024054228e+00, 5.9642908081e+00
2.0928231156e-03, 4.3190877764e-01, -4.3030621081e-03, -2.4180787332e+00, 6.1945098200e+00
2.1113683417e-03, 4.3567517873e-01, -4.3131293015e-03, -2.1288619924e+00, 6.4280503252e+00
2.1299135678e-03, 4.3945975497e-01, -4.3219057305e-03, -1.8350393441e+00, 6.6646278082e+00
2.1484587940e-03, 4.4324585166e-01, -4.3293716399e-03, -1.5368990881e+00, 6.9039560817e+00
2.1670040201e-03, 4.4703194836e-01, -4.3355085594e-03, -1.2347332637e+00, 7.1457476297e+00
2.1855492462e-03, 4.5079714114e-01, -4.3402993191e-03, -9.2883723448e-01, 7.3897139512e+00
2.2040944724e-03, 4.5455952618e-01, -4.3437280633e-03, -6.1950927226e-01, 7.6355659035e+00
2.2226396985e-03, 4.5832191121e-01, -4.3457802626e-03, -3.0705014124e-01, 7.8830140462e+00
2.2411849246e-03, 4.6207864985e-01, -4.3464427240e-03, 8.2373177368e-03, 8.1317689853e+00
2.2597301508e-03, 4.6583431598e-01, -4.3457035990e-03, 3.2604860307e-01, 8.3815417169e+00
2.2782753769e-03, 4.6958998210e-01, -4.3435523902e-03, 6.4607796819e-01, 8.6320439715e+00
2.2968206030e-03, 4.7335844281e-01, -4.3399799558e-03, 9.6801883739e-01, 8.8829885586e+00
2.3153658291e-03, 4.7713022773e-01, -4.3349785124e-03, 1.2915642217e+00, 9.1340897104e+00
2.3339110553e-03, 4.8090201266e-01, -4.3285416360e-03, 1.6164071345e+00, 9.3850634271e+00
2.3524562814e-03, 4.8465388544e-01, -4.3206642607e-03, 1.9422410077e+00, 9.6356278207e+00
2.3710015075e-03, 4.8839921095e-01, -4.3113426765e-03, 2.2687601074e+00, 9.8855034605e+00
2.3895467337e-03, 4.9214453645e-01, -4.3005745242e-03, 2.5956599494e+00, 1.0134413717e+01
2.4080919598e-03, 4.9591105112e-01, -4.2883587890e-03, 2.9226377155e+00, 1.0382085108e+01
2.4266371859e-03, 4.9968616430e-01, -4.2746957927e-03, 3.2493926692e+00, 1.0628247641e+01
2.4451824121e-03, 5.0346127747e-01, -4.2595871829e-03, 3.5756265712e+00, 1.0872635163e+01
2.4637276382e-03, 5.0720061221e-01, -4.2430359213e-03, 3.9010440959e+00, 1.1114985698e+01
2.4822728643e-03, 5.1092233478e-01, -4.2250462700e-03, 4.2253532463e+00, 1.1355041801e+01
2.5008180905e-03, 5.1464405734e-01, -4.2056237758e-03, 4.5482657706e+00, 1.1592550897e+01
2.5193633166e-03, 5.1837661480e-01, -4.1847752525e-03, 4.8694975777e+00, 1.1827265626e+01
2.5379085427e-03, 5.2211556535e-01, -4.1625087617e-03, 5.1887691532e+00, 1.2058944195e+01
2.5564537688e-03, 5.2585451591e-01, -4.1388335917e-03, 5.5058059747e+00, 1.2287350714e+01
2.5749989950e-03, 5.2959525912e-01, -4.1137602343e-03, 5.8203389286e+00, 1.2512255550e+01
2.5935442211e-03, 5.3333725997e-01, -4.0873003600e-03, 6.1321047247e+00, 1.2733435665e+01
2.6120894472e-03, 5.3707926082e-01, -4.0594667915e-03, 6.4408463132e+00, 1.2950674968e+01
2.6306346734e-03, 5.4079150748e-01, -4.0302734748e-03, 6.7463132996e+00, 1.3163764656e+01
2.6491798995e-03, 5.4447906176e-01, -3.9997354489e-03, 7.0482623612e+00, 1.3372503563e+01
2.6677251256e-03, 5.4816661604e-01, -3.9678688139e-03, 7.3464576624e+00, 1.3576698500e+01
2.6862703518e-03, 5.5185880227e-01, -3.9346906965e-03, 7.6406712710e+00, 1.3776164609e+01
2.7048155779e-03, 5.5555552382e-01, -3.9002192144e-03, 7.9306835735e+00, 1.3970725702e+01
2.7233608040e-03, 5.5925224537e-01, -3.8644734382e-03, 8.2162836913e+00, 1.4160214610e+01
2.7419060302e-03, 5.6294590214e-01, -3.8274733524e-03, 8.4972698966e+00, 1.4344473525e+01
2.7604512563e-03, 5.6663601935e-01, -3.7892398132e-03, 8.7734500279e+00, 1.4523354351e+01
2.7789964824e-03, 5.7032613657e-01, -3.7497945059e-03, 9.0446419058e+00, 1.4696719048e+01
2.7975417085e-03, 5.7404217202e-01, -3.7091598994e-03, 9.3106737494e+00, 1.4864439975e+01
2.8160869347e-03, 5.7779358451e-01, -3.6673591993e-03, 9.5713845914e+00, 1.5026400238e+01
2.8346321608e-03, 5.8154499700e-01, -3.6244162993e-03, 9.8266246944e+00, 1.5182494039e+01
2.8531773869e-03, 5.8524816707e-01, -3.5803557302e-03, 1.0076255966e+01, 1.5332627015e+01
2.8717226131e-03, 5.8887135581e-01, -3.5352026078e-03, 1.0320152377e+01, 1.5476716590e+01
2.8902678392e-03, 5.9249454455e-01, -3.4889825784e-03, 1.0558200373e+01, 1.5614692318e+01
2.9088130653e-03, 5.9611545082e-01, -3.4417217627e-03, 1.0790299294e+01, 1.5746496231e+01
2.9273582915e-03, 5.9973182667e-01, -3.3934466975e-03, 1.1016361788e+01, 1.5872083183e+01
2.9459035176e-03, 6.0334820252e-01, -3.3441842764e-03, 1.1236314229e+01, 1.5991421196e+01
2.9644487437e-03, 6.0696624860e-01, -3.2939616876e-03, 1.1450097131e+01, 1.6104491808e+01
2.9829939698e-03, 6.1058830918e-01, -3.2428063508e-03, 1.1657665564e+01, 1.6211290417e+01
3.0015391960e-03, 6.1421036976e-01, -3.1907458514e-03, 1.1858989570e+01, 1.6311826630e+01
3.0200844221e-03, 6.1800677491e-01, -3.1378078738e-03, 1.2054054579e+01, 1.6406124604e+01
3.0386296482e-03, 6.2231905068e-01, -3.0840201319e-03, 1.2242861825e+01, 1.6494223398e+01
3.0571748744e-03, 6.2663132646e-01, -3.0294102983e-03, 1.2425428763e+01, 1.6576177315e+01
3.0757201005e-03, 6.3079073072e-01, -2.9740059318e-03, 1.2601789480e+01, 1.6652056250e+01
3.0942653266e-03, 6.3437980133e-01, -2.9178344027e-03, 1.2771995118e+01, 1.6721946036e+01
3.1128105528e-03, 6.3796887195e-01, -2.8609228163e-03, 1.2936114284e+01, 1.6785948788e+01
3.1313557789e-03, 6.4161445924e-01, -2.8032979347e-03, 1.3094233469e+01, 1.6844183254e+01
3.1499010050e-03, 6.4553565535e-01, -2.7449860968e-03, 1.3246457461e+01, 1.6896785156e+01
3.1684462312e-03, 6.4945685145e-01, -2.6860131362e-03, 1.3392909764e+01, 1.6943907538e+01
3.1869914573e-03, 6.5335576036e-01, -2.6264042976e-03, 1.3533733012e+01, 1.6985721115e+01
3.2055366834e-03, 6.5710412419e-01, -2.5661841511e-03, 1.3669089386e+01, 1.7022414616e+01
3.2240819095e-03, 6.6085248801e-01, -2.5053765045e-03, 1.3799161028e+01, 1.7054195129e+01
3.2426271357e-03, 6.6459451740e-01, -2.4440043146e-03, 1.3924150457e+01, 1.7081288452e+01
3.2611723618e-03, 6.6827068474e-01, -2.3820895955e-03, 1.4044280989e+01, 1.7103939436e+01
3.2797175879e-03, 6.7194685208e-01, -2.3196533257e-03, 1.4159797146e+01, 1.7122412331e+01
3.2982628141e-03, 6.7562186109e-01, -2.2567153537e-03, 1.4270965076e+01, 1.7136991134e+01
3.3168080402e-03, 6.7927313126e-01, -2.1932943008e-03, 1.4378072971e+01, 1.7147979933e+01
3.3353532663e-03, 6.8292440142e-01, -2.1294074627e-03, 1.4481431476e+01, 1.7155703258e+01
3.3538984925e-03, 6.8657545897e-01, -2.0650707098e-03, 1.4581374111e+01, 1.7160506419e+01
3.3724437186e-03, 6.9018669445e-01, -2.0002983838e-03, 1.4678257684e+01, 1.7162755863e+01
3.3909889447e-03, 6.9379792994e-01, -1.9351031950e-03, 1.4772462709e+01, 1.7162839511e+01
3.4095341709e-03, 6.9740916543e-01, -1.8694961153e-03, 1.4864393817e+01, 1.7161167108e+01
3.4280793970e-03, 7.0107665714e-01, -1.8034862714e-03, 1.4954480179e+01, 1.7158170570e+01
3.4466246231e-03, 7.0474657203e-01, -1.7370808345e-03, 1.5043175914e+01, 1.7154304331e+01
3.4651698492e-03, 7.0841648692e-01, -1.6702849094e-03, 1.5130960512e+01, 1.7150045686e+01
3.4837150754e-03, 7.1199046631e-01, -1.6031014211e-03, 1.5218339244e+01, 1.7145895139e+01
3.5022603015e-03, 7.1555581830e-01, -1.5355309999e-03, 1.5305843583e+01, 1.7142376752e+01
3.5208055276e-03, 7.1912117029e-01, -1.4675718639e-03, 1.5394031615e+01, 1.7140038488e+01
3.5393507538e-03, 7.2267556312e-01, -1.3992197012e-03, 1.5483488458e+01, 1.7139452556e+01
3.5578959799e-03, 7.2622840862e-01, -1.3304675484e-03, 1.5574826677e+01, 1.7141215763e+01
3.5764412060e-03, 7.2978125411e-01, -1.2613056687e-03, 1.5668686699e+01, 1.7145949856e+01
3.5949864322e-03, 7.3332799040e-01, -1.1917214273e-03, 1.5765737229e+01, 1.7154301869e+01
3.6135316583e-03, 7.3687352004e-01, -1.1216991657e-03, 1.5866675669e+01, 1.7166944470e+01
3.6320768844e-03, 7.4041904968e-01, -1.0512200733e-03, 1.5972228528e+01, 1.7184576308e+01
3.6506221106e-03, 7.4391971292e-01, -9.8026205778e-04, 1.6083151843e+01, 1.7207922357e+01
3.6691673367e-03, 7.4740872502e-01, -9.0879961352e-04, 1.6200231592e+01, 1.7237734265e+01
3.6877125628e-03, 7.5089773711e-01, -8.3680368803e-04, 1.6324284110e+01, 1.7274790700e+01
3.7062577889e-03, 7.5437245321e-01, -7.6424154665e-04, 1.6456156507e+01, 1.7319897695e+01
3.7248030151e-03, 7.5784247070e-01, -6.9107663538e-04, 1.6596727082e+01, 1.7373888996e+01
3.7433482412e-03, 7.6131248820e-01, -6.1726844189e-04, 1.6746905736e+01, 1.7437626406e+01
3.7618934673e-03, 7.6470150856e-01, -5.4277235465e-04, 1.6907634396e+01, 1.7512000134e+01
3.7804386935e-03, 7.6805767348e-01, -4.6753952025e-04, 1.7079887422e+01, 1.7597929142e+01
3.7989839196e-03, 7.7141383840e-01, -3.9151669890e-04, 1.7264672028e+01, 1.7696361487e+01
3.8175291457e-03, 7.7475375178e-01, -3.1464611801e-04, 1.7463028696e+01, 1.7808274672e+01
3.8360743719e-03, 7.7808566818e-01, -2.3686532400e-04, 1.7676031592e+01, 1.7934675990e+01
3.8546195980e-03, 7.8141758458e-01, -1.5810703226e-04, 1.7904788982e+01, 1.8076602872e+01
3.8731648241e-03, 7.8470954178e-01, -7.8298975259e-05, 1.8150443650e+01, 1.8235123232e+01
3.8917100503e-03, 7.8797792938e-01, 2.6362512231e-06, 1.8414173307e+01, 1.8411335814e+01
3.9102552764e-03, 7.9124631697e-01, 8.4781343635e-05, 1.8697191017e+01, 1.8606370537e+01
3.9288005025e-03, 7.9445732083e-01, 1.6822444809e-04, 1.9000745603e+01, 1.8821388845e+01
3.9473457286e-03, 7.9762808042e-01, 2.5305931960e-04, 1.9326122069e+01, 1.9057584051e+01
3.9658909548e-03, 8.0079884001e-01, 3.3938548322e-04, 1.9674642015e+01, 1.9316181683e+01
3.9844361809e-03, 8.0392207037e-01, 4.2730839693e-04, 2.0047664049e+01, 1.9598439831e+01
4.0029814070e-03, 8.0700500371e-01, 5.1693961644e-04, 2.0446584207e+01, 1.9905649493e+01
4.0215266332e-03, 8.1008793705e-01, 6.0839696185e-04, 2.0872836369e+01, 2.0239134925e+01
4.0400718593e-03, 8.1313637059e-01, 7.0180468604e-04, 2.1327892671e+01, 2.0600253982e+01
4.0586170854e-03, 8.1615029874e-01, 7.9729364501e-04, 2.1813263925e+01, 2.0990398466e+01
4.0771623116e-03, 8.1916422688e-01, 8.9500147003e-04, 2.2330500030e+01, 2.1410994475e+01
4.0957075377e-03, 8.2214908933e-01, 9.9507274164e-04, 2.2881190393e+01, 2.1863502750e+01
4.1142527638e-03, 8.2509965839e-01, 1.0976591654e-03, 2.3466964344e+01, 2.2349419014e+01
4.1327979899e-03, 8.2805022745e-01, 1.2029197497e-03, 2.4089491546e+01, 2.2870274329e+01
4.1513432161e-03, 8.3093524657e-01, 1.3110209851e-03, 2.4750482419e+01, 2.3427635433e+01
4.1698884422e-03, 8.3372882163e-01, 1.4221370257e-03, 2.5451688551e+01, 2.4023105095e+01
4.1884336683e-03, 8.3652239669e-01, 1.5364498726e-03, 2.6194903114e+01, 2.4658322452e+01
4.2069788945e-03, 8.3929646236e-01, 1.6541495584e-03, 2.6981961281e+01, 2.5334963366e+01
4.2255241206e-03, 8.4203819452e-01, 1.7754343348e-03, 2.7814740642e+01, 2.6054740761e+01
4.2440693467e-03, 8.4477992669e-01, 1.9005108606e-03, 2.8695161620e+01, 2.6819404975e+01
4.2626145729e-03, 8.4748940022e-01, 2.0295943925e-03, 2.9625187884e+01, 2.7630744106e+01
4.2811597990e-03, 8.5013486773e-01, 2.1629089779e-03, 3.0606826768e+01, 2.8490584355e+01
4.2997050251e-03, 8.5278033524e-01, 2.3006876485e-03, 3.1642129686e+01, 2.9400790378e+01
4.3182502513e-03, 8.5538318553e-01, 2.4431726167e-03, 3.2733192549e+01, 3.0363265627e+01
4.3367954774e-03, 8.5788364207e-01, 2.5906154736e-03, 3.3882156176e+01, 3.1379952700e+01
4.3553407035e-03, 8.6038409862e-01, 2.7432773885e-03, 3.5091206717e+01, 3.2452833686e+01
4.3738859296e-03, 8.6286062409e-01, 2.9014293108e-03, 3.6362576062e+01, 3.3583930511e+01
4.3924311558e-03, 8.6526637003e-01, 3.0653521731e-03, 3.7698542262e+01, 3.4775305288e+01
4.4109763819e-03, 8.6767211598e-01, 3.2353370969e-03, 3.9101429941e+01, 3.6029060659e+01
4.4295216080e-03, 8.7006217170e-01, 3.4116855992e-03, 4.0573610715e+01, 3.7347340142e+01
4.4480668342e-03, 8.7239371881e-01, 3.5947098021e-03, 4.2117503607e+01, 3.8732328480e+01
4.4666120603e-03, 8.7472526591e-01, 3.7847326428e-03, 4.3735575459e+01, 4.0186251988e+01
4.4851572864e-03, 8.7703637700e-01, 3.9820880872e-03, 4.5430341355e+01, 4.1711378895e+01
4.5037025126e-03, 8.7924396107e-01, 4.1871213436e-03, 4.7204365030e+01, 4.3310019695e+01
4.5222477387e-03, 8.8145154514e-01, 4.4001890793e-03, 4.9060259289e+01, 4.4984527489e+01
4.5407929648e-03, 8.8364930727e-01, 4.6216596390e-03, 5.1000686424e+01, 4.6737298338e+01
4.5593381910e-03, 8.8577745265e-01, 4.8519132643e-03, 5.3028358627e+01, 4.8570771604e+01
4.5778834171e-03, 8.8790559804e-01, 5.0913423161e-03, 5.5146038408e+01, 5.0487430296e+01
4.5964286432e-03, 8.9002590338e-01, 5.3403514979e-03, 5.7356539009e+01, 5.2489801422e+01
4.6149738693e-03, 8.9205893479e-01, 5.5993580817e-03, 5.9662724822e+01, 5.4580456330e+01
4.6335190955e-03, 8.9409196619e-01, 5.8687921347e-03, 6.2067511801e+01, 5.6762011057e+01
4.6520643216e-03, 8.9612008534e-01, 6.1490967494e-03, 6.4573867885e+01, 5.9037126677e+01
4.6706095477e-03, 8.9803392745e-01, 6.4407282740e-03, 6.7184813404e+01, 6.1408509641e+01
4.6891547739e-03, 8.9994776956e-01, 6.7441565456e-03, 6.9903421505e+01, 6.3878912133e+01
4.7077000000e-03, 9.0186161166e-01, 7.0598651248e-03, 7.2732818558e+01, 6.6451132410e+01

