phi0, phi, F_fitted, mu_kT_from_fit, P_from_fit
1.4449000000e-03, 3.6446588405e-01, -3.3231853614e-03, 5.6032798891e+00, 1.5237251991e+01
1.4594628141e-03, 3.6809884862e-01, -3.3062101121e-03, 4.1813128859e+00, 1.3670434773e+01
1.4740256281e-03, 3.7173181319e-01, -3.2939808746e-03, 2.8722610512e+00, 1.2232881762e+01
1.4885884422e-03, 3.7536477775e-01, -3.2861130643e-03, 1.6715523074e+00, 1.0918458857e+01
1.5031512563e-03, 3.7899415785e-01, -3.2822378099e-03, 5.7471917633e-01, 9.7212408788e+00
1.5177140704e-03, 3.8262321268e-01, -3.2820015915e-03, -4.2260227492e-01, 8.6355045101e+00
1.5322768844e-03, 3.8625226751e-01, -3.2850658824e-03, -1.3246734886e+00, 7.6557215890e+00
1.5468396985e-03, 3.8986668881e-01, -3.2911067949e-03, -2.1356544706e+00, 6.7765527340e+00
1.5614025126e-03, 3.9347818922e-01, -3.2998147289e-03, -2.8596048446e+00, 5.9928412754e+00
1.5759653266e-03, 3.9708968963e-01, -3.3108940254e-03, -3.5004849067e+00, 5.2996074738e+00
1.5905281407e-03, 4.0070185453e-01, -3.3240626225e-03, -4.0621566794e+00, 4.6920430086e+00
1.6050909548e-03, 4.0431424044e-01, -3.3390517157e-03, -4.5483849664e+00, 4.1655057190e+00
1.6196537688e-03, 4.0792662635e-01, -3.3556054221e-03, -4.9628384065e+00, 3.7155145807e+00
1.6342165829e-03, 4.1155051169e-01, -3.3734804473e-03, -5.3090905281e+00, 3.3377449044e+00
1.6487793970e-03, 4.1518013247e-01, -3.3924457570e-03, -5.5906208037e+00, 3.0280237422e+00
1.6633422111e-03, 4.1880975324e-01, -3.4122822518e-03, -5.8108157041e+00, 2.7823254892e+00
1.6779050251e-03, 4.2244773607e-01, -3.4327824456e-03, -5.9729697527e+00, 2.5967676687e+00
1.6924678392e-03, 4.2609167485e-01, -3.4537501476e-03, -6.0802865798e+00, 2.4676068886e+00
1.7070306533e-03, 4.2973561362e-01, -3.4750001486e-03, -6.1358799771e+00, 2.3912349614e+00
1.7215934673e-03, 4.3334432774e-01, -3.4963579099e-03, -6.1427749521e+00, 2.3641751748e+00
1.7361562814e-03, 4.3691793368e-01, -3.5176592571e-03, -6.1039087822e+00, 2.3830787073e+00
1.7507190955e-03, 4.4049153963e-01, -3.5387500764e-03, -6.0221320690e+00, 2.4447211775e+00
1.7652819095e-03, 4.4406951045e-01, -3.5594860154e-03, -5.9002097931e+00, 2.5459993222e+00
1.7798447236e-03, 4.4765356787e-01, -3.5797321871e-03, -5.7408223678e+00, 2.6839277928e+00
1.7944075377e-03, 4.5123762528e-01, -3.5993628779e-03, -5.5465666941e+00, 2.8556360663e+00
1.8089703518e-03, 4.5483304162e-01, -3.6182612588e-03, -5.3199572144e+00, 3.0583654621e+00
1.8235331658e-03, 4.5845106331e-01, -3.6363191009e-03, -5.0634269675e+00, 3.2894662603e+00
1.8380959799e-03, 4.6206908499e-01, -3.6534364941e-03, -4.7793286422e+00, 3.5463949150e+00
1.8526587940e-03, 4.6568419606e-01, -3.6695215693e-03, -4.4699356323e+00, 3.8267113572e+00
1.8672216080e-03, 4.6929063284e-01, -3.6844902250e-03, -4.1374430906e+00, 4.1280763837e+00
1.8817844221e-03, 4.7289706962e-01, -3.6982658570e-03, -3.7839689834e+00, 4.4482491254e+00
1.8963472362e-03, 4.7648532027e-01, -3.7107790917e-03, -3.4115551446e+00, 4.7850845924e+00
1.9109100503e-03, 4.7998353650e-01, -3.7219675232e-03, -3.0221683303e+00, 5.1365312912e+00
1.9254728643e-03, 4.8348175273e-01, -3.7317754545e-03, -2.6177012729e+00, 5.5006289098e+00
1.9400356784e-03, 4.8698732942e-01, -3.7401536418e-03, -2.1999737358e+00, 5.8755060678e+00
1.9545984925e-03, 4.9057229080e-01, -3.7470590424e-03, -1.7707335675e+00, 6.2593781276e+00
1.9691613065e-03, 4.9415725218e-01, -3.7524545667e-03, -1.3316577556e+00, 6.6505450639e+00
1.9837241206e-03, 4.9774217111e-01, -3.7563088340e-03, -8.8435348196e-01, 7.0473893882e+00
1.9982869347e-03, 5.0130150566e-01, -3.7585959310e-03, -4.3035917630e-01, 7.4483741258e+00
2.0128497487e-03, 5.0486084021e-01, -3.7592951751e-03, 2.8854429088e-02, 7.8520408423e+00
2.0274125628e-03, 5.0842017477e-01, -3.7583908806e-03, 4.9188324510e-01, 8.2570077172e+00
2.0419753769e-03, 5.1201996099e-01, -3.7558721293e-03, 9.5738877149e-01, 8.6619676629e+00
2.0565381910e-03, 5.1562333842e-01, -3.7517325435e-03, 1.4240970425e+00, 9.0656864855e+00
2.0711010050e-03, 5.1922671586e-01, -3.7459700642e-03, 1.8907975725e+00, 9.4670010866e+00
2.0856638191e-03, 5.2278497789e-01, -3.7385867320e-03, 2.3563423018e+00, 9.8648177038e+00
2.1002266332e-03, 5.2633434210e-01, -3.7295884717e-03, 2.8196445419e+00, 1.0258110187e+01
2.1147894472e-03, 5.2988370630e-01, -3.7189848811e-03, 3.2796779219e+00, 1.0645918311e+01
2.1293522613e-03, 5.3339591340e-01, -3.7067890229e-03, 3.7354753332e+00, 1.1027346121e+01
2.1439150754e-03, 5.3689587119e-01, -3.6930172207e-03, 4.1861278760e+00, 1.1401560305e+01
2.1584778894e-03, 5.4039582898e-01, -3.6776888581e-03, 4.6307838044e+00, 1.1767788608e+01
2.1730407035e-03, 5.4389146068e-01, -3.6608261822e-03, 5.0686474725e+00, 1.2125318260e+01
2.1876035176e-03, 5.4738495075e-01, -3.6424541103e-03, 5.4989782797e+00, 1.2473494446e+01
2.2021663317e-03, 5.5087844083e-01, -3.6226000404e-03, 5.9210896164e+00, 1.2811718788e+01
2.2167291457e-03, 5.5436903870e-01, -3.6012936649e-03, 6.3343478099e+00, 1.3139447863e+01
2.2312919598e-03, 5.5785759059e-01, -3.5785667893e-03, 6.7381710699e+00, 1.3456191743e+01
2.2458547739e-03, 5.6134614247e-01, -3.5544531525e-03, 7.1320284342e+00, 1.3761512549e+01
2.2604175879e-03, 5.6483271622e-01, -3.5289882530e-03, 7.5154387141e+00, 1.4055023039e+01
2.2749804020e-03, 5.6831733140e-01, -3.5022091769e-03, 7.8879694405e+00, 1.4336385208e+01
2.2895432161e-03, 5.7180194658e-01, -3.4741544309e-03, 8.2492358095e+00, 1.4605308911e+01
2.3041060302e-03, 5.7533057150e-01, -3.4448637780e-03, 8.5988996275e+00, 1.4861550504e+01
2.3186688442e-03, 5.7892014941e-01, -3.4143780775e-03, 8.9366682576e+00, 1.5104911507e+01
2.3332316583e-03, 5.8250972733e-01, -3.3827391287e-03, 9.2622935648e+00, 1.5335237277e+01
2.3477944724e-03, 5.8603393724e-01, -3.3499895172e-03, 9.5755708619e+00, 1.5552415701e+01
2.3623572864e-03, 5.8942902187e-01, -3.3161724668e-03, 9.8763378548e+00, 1.5756375911e+01
2.3769201005e-03, 5.9282410650e-01, -3.2813316930e-03, 1.0164473589e+01, 1.5947087001e+01
2.3914829146e-03, 5.9623942590e-01, -3.2455112616e-03, 1.0439897393e+01, 1.6124556773e+01
2.4060457286e-03, 5.9971452190e-01, -3.2087554502e-03, 1.0702567829e+01, 1.6288830483e+01
2.4206085427e-03, 6.0318961791e-01, -3.1711086142e-03, 1.0952481631e+01, 1.6439989613e+01
2.4351713568e-03, 6.0664739959e-01, -3.1326150550e-03, 1.1189672657e+01, 1.6578150647e+01
2.4497341709e-03, 6.1002046852e-01, -3.0933188938e-03, 1.1414210833e+01, 1.6703463862e+01
2.4642969849e-03, 6.1339353746e-01, -3.0532639471e-03, 1.1626201097e+01, 1.6816112131e+01
2.4788597990e-03, 6.1677095452e-01, -3.0124936074e-03, 1.1825782344e+01, 1.6916309739e+01
2.4934226131e-03, 6.2019428622e-01, -2.9710507270e-03, 1.2013126377e+01, 1.7004301205e+01
2.5079854271e-03, 6.2361761792e-01, -2.9289775048e-03, 1.2188436845e+01, 1.7080360119e+01
2.5225482412e-03, 6.2704350731e-01, -2.8863153784e-03, 1.2351948195e+01, 1.7144787986e+01
2.5371110553e-03, 6.3071809945e-01, -2.8431049178e-03, 1.2503924615e+01, 1.7197913082e+01
2.5516738693e-03, 6.3439269160e-01, -2.7993857246e-03, 1.2644658980e+01, 1.7240089314e+01
2.5662366834e-03, 6.3806728375e-01, -2.7551963339e-03, 1.2774471796e+01, 1.7271695100e+01
2.5807994975e-03, 6.4127299054e-01, -2.7105741199e-03, 1.2893710149e+01, 1.7293132241e+01
2.5953623116e-03, 6.4444176458e-01, -2.6655552055e-03, 1.3002746649e+01, 1.7304824815e+01
2.6099251256e-03, 6.4761053862e-01, -2.6201743753e-03, 1.3101978373e+01, 1.7307218075e+01
2.6244879397e-03, 6.5115091783e-01, -2.5744649924e-03, 1.3191825817e+01, 1.7300777350e+01
2.6390507538e-03, 6.5476009255e-01, -2.5284589188e-03, 1.3272731835e+01, 1.7285986956e+01
2.6536135678e-03, 6.5836926727e-01, -2.4821864397e-03, 1.3345160589e+01, 1.7263349120e+01
2.6681763819e-03, 6.6249659809e-01, -2.4356761908e-03, 1.3409596493e+01, 1.7233382896e+01
2.6827391960e-03, 6.6678702514e-01, -2.3889550902e-03, 1.3466543158e+01, 1.7196623106e+01
2.6973020101e-03, 6.7107745219e-01, -2.3420482733e-03, 1.3516522338e+01, 1.7153619271e+01
2.7118648241e-03, 6.7485726699e-01, -2.2949790315e-03, 1.3560072879e+01, 1.7104934556e+01
2.7264276382e-03, 6.7839390956e-01, -2.2477687545e-03, 1.3597749660e+01, 1.7051144722e+01
2.7409904523e-03, 6.8193055213e-01, -2.2004368768e-03, 1.3630122540e+01, 1.6992837076e+01
2.7555532663e-03, 6.8546832709e-01, -2.1530008272e-03, 1.3657775305e+01, 1.6930609434e+01
2.7701160804e-03, 6.8900687537e-01, -2.1054759819e-03, 1.3681304612e+01, 1.6865069087e+01
2.7846788945e-03, 6.9254542366e-01, -2.0578756223e-03, 1.3701318936e+01, 1.6796831768e+01
2.7992417085e-03, 6.9601338587e-01, -2.0102108952e-03, 1.3718437516e+01, 1.6726520627e+01
2.8138045226e-03, 6.9941380300e-01, -1.9624907773e-03, 1.3733289299e+01, 1.6654765215e+01
2.8283673367e-03, 7.0281422013e-01, -1.9147220433e-03, 1.3746511886e+01, 1.6582200460e+01
2.8429301508e-03, 7.0624043208e-01, -1.8669092379e-03, 1.3758750478e+01, 1.6509465660e+01
2.8574929648e-03, 7.0970114393e-01, -1.8190546509e-03, 1.3770656823e+01, 1.6437203476e+01
2.8720557789e-03, 7.1316185579e-01, -1.7711582962e-03, 1.3782888159e+01, 1.6366058924e+01
2.8866185930e-03, 7.1659461511e-01, -1.7232178950e-03, 1.3796106163e+01, 1.6296678374e+01
2.9011814070e-03, 7.1997421507e-01, -1.6752288618e-03, 1.3810975892e+01, 1.6229708561e+01
2.9157442211e-03, 7.2335381503e-01, -1.6271842944e-03, 1.3828164735e+01, 1.6165795582e+01
2.9303070352e-03, 7.2671783723e-01, -1.5790749682e-03, 1.3848341351e+01, 1.6105583913e+01
2.9448698492e-03, 7.3003784855e-01, -1.5308893330e-03, 1.3872174622e+01, 1.6049715420e+01
2.9594326633e-03, 7.3335785987e-01, -1.4826135144e-03, 1.3900332593e+01, 1.5998828377e+01
2.9739954774e-03, 7.3667738893e-01, -1.4342313182e-03, 1.3933481423e+01, 1.5953556485e+01
2.9885582915e-03, 7.3999469430e-01, -1.3857242394e-03, 1.3972284325e+01, 1.5914527893e+01
3.0031211055e-03, 7.4331199968e-01, -1.3370714738e-03, 1.4017400514e+01, 1.5882364229e+01
3.0176839196e-03, 7.4662006525e-01, -1.2882499335e-03, 1.4069484156e+01, 1.5857679622e+01
3.0322467337e-03, 7.4984014140e-01, -1.2392342672e-03, 1.4129183309e+01, 1.5841079739e+01
3.0468095477e-03, 7.5306021754e-01, -1.1899968822e-03, 1.4197138869e+01, 1.5833160814e+01
3.0613723618e-03, 7.5628057035e-01, -1.1405079718e-03, 1.4273983519e+01, 1.5834508688e+01
3.0759351759e-03, 7.5952402190e-01, -1.0907355457e-03, 1.4360340673e+01, 1.5845697843e+01
3.0904979899e-03, 7.6276747344e-01, -1.0406454635e-03, 1.4456823418e+01, 1.5867290449e+01
3.1050608040e-03, 7.6601092499e-01, -9.9020147317e-04, 1.4564033468e+01, 1.5899835403e+01
3.1196236181e-03, 7.6910264514e-01, -9.3936525178e-04, 1.4682560100e+01, 1.5943867375e+01
3.1341864322e-03, 7.7218270579e-01, -8.8809645098e-04, 1.4812979106e+01, 1.5999905856e+01
3.1487492462e-03, 7.7526276644e-01, -8.3635274558e-04, 1.4955851739e+01, 1.6068454209e+01
3.1633120603e-03, 7.7843753948e-01, -7.8408988591e-04, 1.5111723653e+01, 1.6149998718e+01
3.1778748744e-03, 7.8162962679e-01, -7.3126175391e-04, 1.5281123856e+01, 1.6245007644e+01
3.1924376884e-03, 7.8482171409e-01, -6.7782042283e-04, 1.5464563648e+01, 1.6353930278e+01
3.2070005025e-03, 7.8794691976e-01, -6.2371622064e-04, 1.5662535574e+01, 1.6477196000e+01
3.2215633166e-03, 7.9105126465e-01, -5.6889779705e-04, 1.5875512365e+01, 1.6615213338e+01
3.2361261307e-03, 7.9415560954e-01, -5.1331219424e-04, 1.6103945883e+01, 1.6768369025e+01
3.2506889447e-03, 7.9716683254e-01, -4.5690492121e-04, 1.6348266073e+01, 1.6937027068e+01
3.2652517588e-03, 8.0013404280e-01, -3.9962003189e-04, 1.6608879899e+01, 1.7121527805e+01
3.2798145729e-03, 8.0310125306e-01, -3.4140020678e-04, 1.6886170299e+01, 1.7322186974e+01
3.2943773869e-03, 8.0600172447e-01, -2.8218683835e-04, 1.7180495126e+01, 1.7539294779e+01
3.3089402010e-03, 8.0885693033e-01, -2.2192012012e-04, 1.7492186091e+01, 1.7773114959e+01
3.3235030151e-03, 8.1171213619e-01, -1.6053913931e-04, 1.7821547716e+01, 1.8023883856e+01
3.3380658291e-03, 8.1458906004e-01, -9.7981973233e-05, 1.8168856272e+01, 1.8291809488e+01
3.3526286432e-03, 8.1748662892e-01, -3.4185789364e-05, 1.8534358732e+01, 1.8577070620e+01
3.3671914573e-03, 8.2038419780e-01, 3.0913051005e-05, 1.8918271709e+01, 1.8879815836e+01
3.3817542714e-03, 8.2320192216e-01, 9.7378885360e-05, 1.9320780407e+01, 1.9200162619e+01
3.3963170854e-03, 8.2591357635e-01, 1.6527663895e-04, 1.9742037567e+01, 1.9538196422e+01
3.4108798995e-03, 8.2862523053e-01, 2.3467171008e-04, 2.0182162409e+01, 1.9893969746e+01
3.4254427136e-03, 8.3132315463e-01, 3.0562985173e-04, 2.0641239579e+01, 2.0267501223e+01
3.4400055276e-03, 8.3399515780e-01, 3.7821704956e-04, 2.1119318096e+01, 2.0658774687e+01
3.4545683417e-03, 8.3666250418e-01, 4.5249939617e-04, 2.1616410297e+01, 2.1067738263e+01
3.4691311558e-03, 8.3930601049e-01, 5.2854296178e-04, 2.2132490782e+01, 2.1494303443e+01
3.4836939698e-03, 8.4188934064e-01, 6.0641366114e-04, 2.2667495360e+01, 2.1938344170e+01
3.4982567839e-03, 8.4451009295e-01, 6.8617711692e-04, 2.3221319995e+01, 2.2399695923e+01
3.5128195980e-03, 8.4712853029e-01, 7.6789851928e-04, 2.3793819753e+01, 2.2878154799e+01
3.5273824121e-03, 8.4961322499e-01, 8.5164248189e-04, 2.4384807743e+01, 2.3373476600e+01
3.5419452261e-03, 8.5203569051e-01, 9.3747289420e-04, 2.4994054068e+01, 2.3885375919e+01
3.5565080402e-03, 8.5440667661e-01, 1.0254527701e-03, 2.5621284768e+01, 2.4413525227e+01
3.5710708543e-03, 8.5688390019e-01, 1.1156440930e-03, 2.6266180765e+01, 2.4957553959e+01
3.5856336683e-03, 8.5930899648e-01, 1.2081076569e-03, 2.6928376812e+01, 2.5517047606e+01
3.6001964824e-03, 8.6166040602e-01, 1.3029029042e-03, 2.7607460435e+01, 2.6091546804e+01
3.6147592965e-03, 8.6401181556e-01, 1.4000877598e-03, 2.8302970879e+01, 2.6680546420e+01
3.6293221106e-03, 8.6632452315e-01, 1.4997184612e-03, 2.9014398056e+01, 2.7283494651e+01
3.6438849246e-03, 8.6855905245e-01, 1.6018493852e-03, 2.9741181490e+01, 2.7899792107e+01
3.6584477387e-03, 8.7079358175e-01, 1.7065328710e-03, 3.0482709262e+01, 2.8528790910e+01
3.6730105528e-03, 8.7301005000e-01, 1.8138190394e-03, 3.1238316953e+01, 2.9169793784e+01
3.6875733668e-03, 8.7517173179e-01, 1.9237556084e-03, 3.2007286595e+01, 2.9822053151e+01
3.7021361809e-03, 8.7733341359e-01, 2.0363877055e-03, 3.2788845614e+01, 3.0484770221e+01
3.7166989950e-03, 8.7948135423e-01, 2.1517576756e-03, 3.3582165775e+01, 3.1157094095e+01
3.7312618090e-03, 8.8155962198e-01, 2.2699048859e-03, 3.4386362127e+01, 3.1838120852e+01
3.7458246231e-03, 8.8363788973e-01, 2.3908655269e-03, 3.5200491954e+01, 3.2526892651e+01
3.7603874372e-03, 8.8571110294e-01, 2.5146724098e-03, 3.6023553711e+01, 3.3222396827e+01
3.7749502513e-03, 8.8772738142e-01, 2.6413547598e-03, 3.6854485981e+01, 3.3923564986e+01
3.7895130653e-03, 8.8974365990e-01, 2.7709380066e-03, 3.7692166411e+01, 3.4629272107e+01
3.8040758794e-03, 8.9175993839e-01, 2.9034435701e-03, 3.8535410662e+01, 3.5338335638e+01
3.8186386935e-03, 8.9363739227e-01, 3.0388886438e-03, 3.9382971358e+01, 3.6049514593e+01
3.8332015075e-03, 8.9551461584e-01, 3.1772859733e-03, 4.0233537023e+01, 3.6761508658e+01
3.8477643216e-03, 8.9739183941e-01, 3.3186436318e-03, 4.1085731034e+01, 3.7472957284e+01
3.8623271357e-03, 8.9923214598e-01, 3.4629647915e-03, 4.1938110565e+01, 3.8182438793e+01
3.8768899497e-03, 9.0106902964e-01, 3.6102474923e-03, 4.2789165531e+01, 3.8888469476e+01
3.8914527638e-03, 9.0290591330e-01, 3.7604844051e-03, 4.3637317534e+01, 3.9589502696e+01
3.9060155779e-03, 9.0463070164e-01, 3.9136625936e-03, 4.4480918811e+01, 4.0283927987e+01
3.9205783920e-03, 9.0633284775e-01, 4.0697632704e-03, 4.5318251175e+01, 4.0970070162e+01
3.9351412060e-03, 9.0803499387e-01, 4.2287615507e-03, 4.6147524967e+01, 4.1646188411e+01
3.9497040201e-03, 9.0971310257e-01, 4.3906262021e-03, 4.6966877996e+01, 4.2310475406e+01
3.9642668342e-03, 9.1138314563e-01, 4.5553193905e-03, 4.7774374487e+01, 4.2961056403e+01
3.9788296482e-03, 9.1305318869e-01, 4.7227964222e-03, 4.8568004028e+01, 4.3595988350e+01
3.9933924623e-03, 9.1465170156e-01, 4.8930054831e-03, 4.9345680513e+01, 4.4213258986e+01
4.0079552764e-03, 9.1621427132e-01, 5.0658873730e-03, 5.0105241089e+01, 4.4810785951e+01
4.0225180905e-03, 9.1777684109e-01, 5.2413752378e-03, 5.0844445101e+01, 4.5386415886e+01
4.0370809045e-03, 9.1930323055e-01, 5.4193942964e-03, 5.1560973040e+01, 4.5937923544e+01
4.0516437186e-03, 9.2080367403e-01, 5.5998615653e-03, 5.2252425485e+01, 4.6463010892e+01
4.0662065327e-03, 9.2230411751e-01, 5.7826855785e-03, 5.2916322052e+01, 4.6959306216e+01
4.0807693467e-03, 9.2375848029e-01, 5.9677661044e-03, 5.3550100337e+01, 4.7424363232e+01
4.0953321608e-03, 9.2516660948e-01, 6.1549938590e-03, 5.4151114862e+01, 4.7855660190e+01
4.1098949749e-03, 9.2657473867e-01, 6.3442502149e-03, 5.4716636025e+01, 4.8250598980e+01
4.1244577889e-03, 9.2795568090e-01, 6.5354069072e-03, 5.5243849038e+01, 4.8606504243e+01
4.1390206030e-03, 9.2929845315e-01, 6.7283257353e-03, 5.5729852879e+01, 4.8920622474e+01
4.1535834171e-03, 9.3064122539e-01, 6.9228582618e-03, 5.6171659235e+01, 4.9190121136e+01
4.1681462312e-03, 9.3194728682e-01, 7.1188455064e-03, 5.6566191449e+01, 4.9412087761e+01
4.1827090452e-03, 9.3317974391e-01, 7.3161176377e-03, 5.6910283464e+01, 4.9583529065e+01
4.1972718593e-03, 9.3441220100e-01, 7.5144936599e-03, 5.7200678768e+01, 4.9701370053e+01
4.2118346734e-03, 9.3563173191e-01, 7.7137810971e-03, 5.7434029345e+01, 4.9762453130e+01
4.2263974874e-03, 9.3681239849e-01, 7.9137756728e-03, 5.7606894612e+01, 4.9763537209e+01
4.2409603015e-03, 9.3799306507e-01, 8.1142609865e-03, 5.7715740373e+01, 4.9701296821e+01
4.2555231156e-03, 9.3916390003e-01, 8.3150081866e-03, 5.7756937759e+01, 4.9572321227e+01
4.2700859296e-03, 9.4028547901e-01, 8.5157756390e-03, 5.7726762177e+01, 4.9373113522e+01
4.2846487437e-03, 9.4140705799e-01, 8.7163085929e-03, 5.7621392255e+01, 4.9100089754e+01
4.2992115578e-03, 9.4252342921e-01, 8.9163388420e-03, 5.7436908785e+01, 4.8749578026e+01
4.3137743719e-03, 9.4358241147e-01, 9.1155843832e-03, 5.7169293671e+01, 4.8317817612e+01
4.3283371859e-03, 9.4464139373e-01, 9.3137490703e-03, 5.6814428876e+01, 4.7800958068e+01
4.3429000000e-03, 9.4570037598e-01, 9.5105222651e-03, 5.6368095366e+01, 4.7195058338e+01

