phi0, phi, F_fitted, mu_kT_from_fit, P_from_fit
1.0172000000e-03, 2.3088481166e-01, -2.6355236523e-03, -2.8962220968e+00, 7.9567622318e+00
1.0347402010e-03, 2.3482629594e-01, -2.6487275503e-03, -3.4050546111e+00, 7.3174088703e+00
1.0522804020e-03, 2.3882001689e-01, -2.6639974117e-03, -3.8830868514e+00, 6.7214309581e+00
1.0698206030e-03, 2.4276220060e-01, -2.6812057151e-03, -4.3310116115e+00, 6.1670178755e+00
1.0873608040e-03, 2.4674280252e-01, -2.7002278298e-03, -4.7495167034e+00, 5.6524472467e+00
1.1049010050e-03, 2.5070768362e-01, -2.7209419948e-03, -5.1392848956e+00, 5.1760783123e+00
1.1224412060e-03, 2.5466736672e-01, -2.7432292974e-03, -5.5009938535e+00, 4.7363459276e+00
1.1399814070e-03, 2.5866168062e-01, -2.7669736518e-03, -5.8353160776e+00, 4.3317551203e+00
1.1575216080e-03, 2.6260662436e-01, -2.7920617773e-03, -6.1429188435e+00, 3.9608761462e+00
1.1750618090e-03, 2.6657861034e-01, -2.8183831763e-03, -6.4244641409e+00, 3.6223399942e+00
1.1926020101e-03, 2.7050739324e-01, -2.8458301120e-03, -6.6806086127e+00, 3.3148342905e+00
1.2101422111e-03, 2.7447300201e-01, -2.8742975862e-03, -6.9120034946e+00, 3.0370995651e+00
1.2276824121e-03, 2.7846683314e-01, -2.9036833159e-03, -7.1192945540e+00, 2.7879258410e+00
1.2452226131e-03, 2.8240504294e-01, -2.9338877109e-03, -7.3031220296e+00, 2.5661495178e+00
1.2627628141e-03, 2.8639191344e-01, -2.9648138502e-03, -7.4641205704e+00, 2.3706505174e+00
1.2803030151e-03, 2.9036063565e-01, -2.9963674584e-03, -7.6029191748e+00, 2.2003496700e+00
1.2978432161e-03, 2.9428828374e-01, -3.0284568822e-03, -7.7201411306e+00, 2.0542063150e+00
1.3153834171e-03, 2.9827057863e-01, -3.0609930662e-03, -7.8164039533e+00, 1.9312160989e+00
1.3329236181e-03, 3.0220312822e-01, -3.0938895285e-03, -7.8923193260e+00, 1.8304089504e+00
1.3504638191e-03, 3.0615563723e-01, -3.1270623364e-03, -7.9484930385e+00, 1.7508472172e+00
1.3680040201e-03, 3.1012114328e-01, -3.1604300812e-03, -7.9855249265e+00, 1.6916239507e+00
1.3855442211e-03, 3.1406405988e-01, -3.1939138536e-03, -8.0040088107e+00, 1.6518613241e+00
1.4030844221e-03, 3.1800514354e-01, -3.2274372182e-03, -8.0045324366e+00, 1.6307091734e+00
1.4206246231e-03, 3.2196817816e-01, -3.2609261877e-03, -7.9876774130e+00, 1.6273436499e+00
1.4381648241e-03, 3.2593026405e-01, -3.2943091975e-03, -7.9540191520e+00, 1.6409659754e+00
1.4557050251e-03, 3.2990872256e-01, -3.3275170793e-03, -7.9041268076e+00, 1.6708012907e+00
1.4732452261e-03, 3.3382540266e-01, -3.3604830348e-03, -7.8385632156e+00, 1.7160975904e+00
1.4907854271e-03, 3.3773825108e-01, -3.3931426094e-03, -7.7578848322e+00, 1.7761247356e+00
1.5083256281e-03, 3.4170661968e-01, -3.4254336650e-03, -7.6626416738e+00, 1.8501735403e+00
1.5258658291e-03, 3.4567498829e-01, -3.4572963531e-03, -7.5533772559e+00, 1.9375549233e+00
1.5434060302e-03, 3.4962451189e-01, -3.4886730874e-03, -7.4306285327e+00, 2.0375991214e+00
1.5609462312e-03, 3.5357261386e-01, -3.5195085161e-03, -7.2949258358e+00, 2.1496549599e+00
1.5784864322e-03, 3.5751967670e-01, -3.5497494944e-03, -7.1467928142e+00, 2.2730891744e+00
1.5960266332e-03, 3.6145249138e-01, -3.5793450559e-03, -6.9867463728e+00, 2.4072857806e+00
1.6135668342e-03, 3.6536953691e-01, -3.6082463846e-03, -6.8152966124e+00, 2.5516454888e+00
1.6311070352e-03, 3.6926927926e-01, -3.6364067861e-03, -6.6329467684e+00, 2.7055851597e+00
1.6486472362e-03, 3.7322409341e-01, -3.6637816587e-03, -6.4401931500e+00, 2.8685372975e+00
1.6661874372e-03, 3.7716663726e-01, -3.6903284646e-03, -6.2375250801e+00, 3.0399495785e+00
1.6837276382e-03, 3.8109370350e-01, -3.7160067000e-03, -6.0254248340e+00, 3.2192844129e+00
1.7012678392e-03, 3.8505187772e-01, -3.7407778658e-03, -5.8043675787e+00, 3.4060185355e+00
1.7188080402e-03, 3.8902601183e-01, -3.7646054377e-03, -5.5748213123e+00, 3.5996426264e+00
1.7363482412e-03, 3.9301692437e-01, -3.7874548359e-03, -5.3372468034e+00, 3.7996609558e+00
1.7538884422e-03, 3.9689091198e-01, -3.8092933949e-03, -5.0920975300e+00, 4.0055910548e+00
1.7714286432e-03, 4.0077712519e-01, -3.8300903326e-03, -4.8398196190e+00, 4.2169634075e+00
1.7889688442e-03, 4.0468067084e-01, -3.8498167195e-03, -4.5808517854e+00, 4.4333211651e+00
1.8065090452e-03, 4.0857263623e-01, -3.8684454478e-03, -4.3156252715e+00, 4.6542198794e+00
1.8240492462e-03, 4.1249523069e-01, -3.8859511994e-03, -4.0445637862e+00, 4.8792272539e+00
1.8415894472e-03, 4.1645272931e-01, -3.9023104149e-03, -3.7680834444e+00, 5.1079229132e+00
1.8591296482e-03, 4.2037545404e-01, -3.9175012610e-03, -3.4865927060e+00, 5.3398981871e+00
1.8766698492e-03, 4.2429978618e-01, -3.9315035990e-03, -3.2004923153e+00, 5.5747559108e+00
1.8942100503e-03, 4.2822235646e-01, -3.9442989518e-03, -2.9101752403e+00, 5.8121102380e+00
1.9117502513e-03, 4.3211082248e-01, -3.9558704715e-03, -2.6160266117e+00, 6.0515864677e+00
1.9292904523e-03, 4.3602770269e-01, -3.9662029064e-03, -2.3184236627e+00, 6.2928208832e+00
1.9468306533e-03, 4.3990948788e-01, -3.9752825677e-03, -2.0177356675e+00, 6.5354606019e+00
1.9643708543e-03, 4.4382002965e-01, -3.9830972962e-03, -1.7143238814e+00, 6.7791634369e+00
1.9819110553e-03, 4.4770708803e-01, -3.9896364286e-03, -1.4085414791e+00, 7.0235977677e+00
1.9994512563e-03, 4.5164443580e-01, -3.9948907634e-03, -1.1007334950e+00, 7.2684424208e+00
2.0169914573e-03, 4.5558178357e-01, -3.9988525267e-03, -7.9123676160e-01, 7.5133865593e+00
2.0345316583e-03, 4.5947900967e-01, -4.0015153379e-03, -4.8037984922e-01, 7.7581295804e+00
2.0520718593e-03, 4.6333756557e-01, -4.0028741747e-03, -1.6848300511e-01, 8.0023810209e+00
2.0696120603e-03, 4.6719612146e-01, -4.0029253384e-03, 1.4414190727e-01, 8.2458604707e+00
2.0871522613e-03, 4.7106488238e-01, -4.0016664185e-03, 4.5719146902e-01, 8.4882974921e+00
2.1046924623e-03, 4.7495886760e-01, -3.9990962573e-03, 7.7037076648e-01, 8.7294315464e+00
2.1222326633e-03, 4.7885285281e-01, -3.9952149140e-03, 1.0833934520e+00, 8.9690119270e+00
2.1397728643e-03, 4.8274518515e-01, -3.9900236290e-03, 1.3959818048e+00, 9.2067976968e+00
2.1573130653e-03, 4.8661639354e-01, -3.9835247872e-03, 1.7078667915e+00, 9.4425576332e+00
2.1748532663e-03, 4.9048760194e-01, -3.9757218820e-03, 2.0187881270e+00, 9.6760701763e+00
2.1923934673e-03, 4.9435881034e-01, -3.9666194782e-03, 2.3284943352e+00, 9.9071233832e+00
2.2099336683e-03, 4.9822535733e-01, -3.9562231751e-03, 2.6367428096e+00, 1.0135514886e+01
2.2274738693e-03, 5.0209112714e-01, -3.9445395691e-03, 2.9432998745e+00, 1.0361051857e+01
2.2450140704e-03, 5.0595689695e-01, -3.9315762166e-03, 3.2479408452e+00, 1.0583550970e+01
2.2625542714e-03, 5.0982802212e-01, -3.9173415956e-03, 3.5504500889e+00, 1.0802838379e+01
2.2800944724e-03, 5.1370213847e-01, -3.9018450681e-03, 3.8506210857e+00, 1.1018749687e+01
2.2976346734e-03, 5.1757625482e-01, -3.8850968418e-03, 4.1482564890e+00, 1.1231129926e+01
2.3151748744e-03, 5.2144313949e-01, -3.8671079312e-03, 4.4431681864e+00, 1.1439833537e+01
2.3327150754e-03, 5.2530028633e-01, -3.8478901194e-03, 4.7351773606e+00, 1.1644724356e+01
2.3502552764e-03, 5.2915743317e-01, -3.8274559185e-03, 5.0241145497e+00, 1.1845675604e+01
2.3677954774e-03, 5.3300724718e-01, -3.8058185305e-03, 5.3098197086e+00, 1.2042569870e+01
2.3853356784e-03, 5.3682958948e-01, -3.7829918079e-03, 5.5921422690e+00, 1.2235299110e+01
2.4028758794e-03, 5.4065193179e-01, -3.7589902136e-03, 5.8709412006e+00, 1.2423764641e+01
2.4204160804e-03, 5.4447427409e-01, -3.7338287810e-03, 6.1460850720e+00, 1.2607877138e+01
2.4379562814e-03, 5.4831570651e-01, -3.7075230738e-03, 6.4174521109e+00, 1.2787556634e+01
2.4554964824e-03, 5.5215723071e-01, -3.6800891451e-03, 6.6849302653e+00, 1.2962732524e+01
2.4730366834e-03, 5.5599875491e-01, -3.6515434968e-03, 6.9484172639e+00, 1.3133343567e+01
2.4905768844e-03, 5.5979489717e-01, -3.6219030385e-03, 7.2078206772e+00, 1.3299337894e+01
2.5081170854e-03, 5.6357822039e-01, -3.5911850461e-03, 7.4630579780e+00, 1.3460673014e+01
2.5256572864e-03, 5.6736154360e-01, -3.5594071203e-03, 7.7140566023e+00, 1.3617315829e+01
2.5431974874e-03, 5.7115278192e-01, -3.5265871447e-03, 7.9607540097e+00, 1.3769242639e+01
2.5607376884e-03, 5.7495013217e-01, -3.4927432435e-03, 8.2030977448e+00, 1.3916439159e+01
2.5782778894e-03, 5.7874748243e-01, -3.4578937396e-03, 8.4410454971e+00, 1.4058900533e+01
2.5958180905e-03, 5.8254566207e-01, -3.4220571114e-03, 8.6745651624e+00, 1.4196631351e+01
2.6133582915e-03, 5.8634539009e-01, -3.3852519507e-03, 8.9036349034e+00, 1.4329645664e+01
2.6308984925e-03, 5.9014511812e-01, -3.3474969187e-03, 9.1282432102e+00, 1.4457967008e+01
2.6484386935e-03, 5.9394213162e-01, -3.3088107034e-03, 9.3483889613e+00, 1.4581628416e+01
2.6659788945e-03, 5.9772059127e-01, -3.2692119753e-03, 9.5640814842e+00, 1.4700672448e+01
2.6835190955e-03, 6.0149905093e-01, -3.2287193443e-03, 9.7753406163e+00, 1.4815151209e+01
2.7010592965e-03, 6.0527751058e-01, -3.1873513147e-03, 9.9821967653e+00, 1.4925126372e+01
2.7185994975e-03, 6.0898145494e-01, -3.1451262415e-03, 1.0184690971e+01, 1.5030669205e+01
2.7361396985e-03, 6.1267822369e-01, -3.1020622853e-03, 1.0382874963e+01, 1.5131860595e+01
2.7536798995e-03, 6.1637499244e-01, -3.0581773678e-03, 1.0576811227e+01, 1.5228791076e+01
2.7712201005e-03, 6.2010337901e-01, -3.0134891263e-03, 1.0766573060e+01, 1.5321560854e+01
2.7887603015e-03, 6.2384553060e-01, -2.9680148684e-03, 1.0952244632e+01, 1.5410279840e+01
2.8063005025e-03, 6.2758768219e-01, -2.9217715264e-03, 1.1133921052e+01, 1.5495067672e+01
2.8238407035e-03, 6.3166624754e-01, -2.8747756115e-03, 1.1311708422e+01, 1.5576053754e+01
2.8413809045e-03, 6.3610748364e-01, -2.8270431672e-03, 1.1485723900e+01, 1.5653377279e+01
2.8589211055e-03, 6.4054871974e-01, -2.7785897233e-03, 1.1656095763e+01, 1.5727187264e+01
2.8764613065e-03, 6.4479929145e-01, -2.7294302491e-03, 1.1822963464e+01, 1.5797642583e+01
2.8940015075e-03, 6.4852306956e-01, -2.6795791064e-03, 1.1986477696e+01, 1.5864911997e+01
2.9115417085e-03, 6.5224684767e-01, -2.6290500023e-03, 1.2146800453e+01, 1.5929174192e+01
2.9290819095e-03, 6.5598724863e-01, -2.5778559420e-03, 1.2304105086e+01, 1.5990617806e+01
2.9466221106e-03, 6.6004163660e-01, -2.5260091806e-03, 1.2458576368e+01, 1.6049441472e+01
2.9641623116e-03, 6.6409602457e-01, -2.4735211758e-03, 1.2610410555e+01, 1.6105853848e+01
2.9817025126e-03, 6.6815041254e-01, -2.4204025390e-03, 1.2759815444e+01, 1.6160073654e+01
2.9992427136e-03, 6.7201600937e-01, -2.3666629875e-03, 1.2907010436e+01, 1.6212329707e+01
3.0167829146e-03, 6.7584424839e-01, -2.3123112953e-03, 1.3052226595e+01, 1.6262860963e+01
3.0343231156e-03, 6.7967248740e-01, -2.2573552444e-03, 1.3195706712e+01, 1.6311916547e+01
3.0518633166e-03, 6.8346510062e-01, -2.2018015754e-03, 1.3337705359e+01, 1.6359755797e+01
3.0694035176e-03, 6.8723581729e-01, -2.1456559382e-03, 1.3478488959e+01, 1.6406648298e+01
3.0869437186e-03, 6.9100653395e-01, -2.0889228422e-03, 1.3618335838e+01, 1.6452873924e+01
3.1044839196e-03, 6.9475793352e-01, -2.0316056061e-03, 1.3757536292e+01, 1.6498722874e+01
3.1220241206e-03, 6.9848081993e-01, -1.9737063080e-03, 1.3896392645e+01, 1.6544495713e+01
3.1395643216e-03, 7.0220370634e-01, -1.9152257349e-03, 1.4035219310e+01, 1.6590503412e+01
3.1571045226e-03, 7.0591710328e-01, -1.8561633314e-03, 1.4174342848e+01, 1.6637067388e+01
3.1746447236e-03, 7.0958962013e-01, -1.7965171496e-03, 1.4314102034e+01, 1.6684519543e+01
3.1921849246e-03, 7.1326213698e-01, -1.7362837968e-03, 1.4454847912e+01, 1.6733202309e+01
3.2097251256e-03, 7.1693465383e-01, -1.6754583851e-03, 1.4596943858e+01, 1.6783468684e+01
3.2272653266e-03, 7.2065793650e-01, -1.6140344786e-03, 1.4740765642e+01, 1.6835682275e+01
3.2448055276e-03, 7.2438293937e-01, -1.5520040421e-03, 1.4886701486e+01, 1.6890217344e+01
3.2623457286e-03, 7.2810794225e-01, -1.4893573885e-03, 1.5035152130e+01, 1.6947458844e+01
3.2798859296e-03, 7.3174302289e-01, -1.4260831264e-03, 1.5186530883e+01, 1.7007802464e+01
3.2974261307e-03, 7.3534840931e-01, -1.3621681071e-03, 1.5341263696e+01, 1.7071654673e+01
3.3149663317e-03, 7.3895379573e-01, -1.2975973718e-03, 1.5499789212e+01, 1.7139432761e+01
3.3325065327e-03, 7.4254353566e-01, -1.2323540983e-03, 1.5662558834e+01, 1.7211564882e+01
3.3500467337e-03, 7.4611974635e-01, -1.1664195473e-03, 1.5830036781e+01, 1.7288490099e+01
3.3675869347e-03, 7.4969595703e-01, -1.0997730087e-03, 1.6002700153e+01, 1.7370658426e+01
3.3851271357e-03, 7.5326516656e-01, -1.0323917475e-03, 1.6181038988e+01, 1.7458530871e+01
3.4026673367e-03, 7.5681955415e-01, -9.6425094954e-04, 1.6365556324e+01, 1.7552579483e+01
3.4202075377e-03, 7.6037394174e-01, -8.9532366681e-04, 1.6556768260e+01, 1.7653287394e+01
3.4377477387e-03, 7.6392027617e-01, -8.2558076284e-04, 1.6755204019e+01, 1.7761148863e+01
3.4552879397e-03, 7.6739821672e-01, -7.5499085746e-04, 1.6961406004e+01, 1.7876669324e+01
3.4728281407e-03, 7.7087615728e-01, -6.8352027153e-04, 1.7175929862e+01, 1.8000365424e+01
3.4903683417e-03, 7.7435409784e-01, -6.1113297136e-04, 1.7399344545e+01, 1.8132765076e+01
3.5079085427e-03, 7.7779459688e-01, -5.3779051286e-04, 1.7632232366e+01, 1.8274407499e+01
3.5254487437e-03, 7.8123046230e-01, -4.6345198546e-04, 1.7875189069e+01, 1.8425843263e+01
3.5429889447e-03, 7.8466632771e-01, -3.8807395574e-04, 1.8128823880e+01, 1.8587634339e+01
3.5605291457e-03, 7.8800994825e-01, -3.1161041088e-04, 1.8393759573e+01, 1.8760354139e+01
3.5780693467e-03, 7.9130903339e-01, -2.3401270175e-04, 1.8670632531e+01, 1.8944587566e+01
3.5956095477e-03, 7.9460811854e-01, -1.5522948585e-04, 1.8960092804e+01, 1.9140931058e+01
3.6131497487e-03, 7.9788115605e-01, -7.5206669906e-05, 1.9262804172e+01, 1.9349992632e+01
3.6306899497e-03, 8.0112348407e-01, 6.1126477115e-06, 1.9579444203e+01, 1.9572391935e+01
3.6482301508e-03, 8.0436581208e-01, 8.8788234882e-05, 1.9910704319e+01, 1.9808760288e+01
3.6657703518e-03, 8.0758583459e-01, 1.7288278385e-04, 2.0257289850e+01, 2.0059740729e+01
3.6833105528e-03, 8.1073654415e-01, 2.5846196961e-04, 2.0619920101e+01, 2.0325988066e+01
3.7008507538e-03, 8.1388725372e-01, 3.4559450854e-04, 2.0999328407e+01, 2.0608168918e+01
3.7183909548e-03, 8.1703490710e-01, 4.3435221728e-04, 2.1396262200e+01, 2.0906961765e+01
3.7359311558e-03, 8.2007642946e-01, 5.2481007190e-04, 2.1811483064e+01, 2.1223056994e+01
3.7534713568e-03, 8.2311795183e-01, 6.1704626727e-04, 2.2245766798e+01, 2.1557156945e+01
3.7710115578e-03, 8.2615947419e-01, 7.1114227672e-04, 2.2699903478e+01, 2.1909975959e+01
3.7885517588e-03, 8.2909779095e-01, 8.0718291196e-04, 2.3174697516e+01, 2.2282240427e+01
3.8060919598e-03, 8.3201139656e-01, 9.0525638323e-04, 2.3670967722e+01, 2.2674688832e+01
3.8236321608e-03, 8.3492500217e-01, 1.0054543597e-03, 2.4189547362e+01, 2.3088071803e+01
3.8411723618e-03, 8.3779012202e-01, 1.1078720302e-03, 2.4731284225e+01, 2.3523152157e+01
3.8587125628e-03, 8.4062173571e-01, 1.2126081639e-03, 2.5297040675e+01, 2.3980704949e+01
3.8762527638e-03, 8.4345334940e-01, 1.3197651721e-03, 2.5887693718e+01, 2.4461517521e+01
3.8937929648e-03, 8.4625309801e-01, 1.4294491688e-03, 2.6504135063e+01, 2.4966389546e+01
3.9113331658e-03, 8.4899993650e-01, 1.5417700331e-03, 2.7147271178e+01, 2.5496133078e+01
3.9288733668e-03, 8.5174677500e-01, 1.6568414708e-03, 2.7818023355e+01, 2.6051572600e+01
3.9464135678e-03, 8.5446605339e-01, 1.7747810767e-03, 2.8517327769e+01, 2.6633545073e+01
3.9639537688e-03, 8.5704107816e-01, 1.8957103969e-03, 2.9246135539e+01, 2.7242899980e+01
3.9814939698e-03, 8.5961610292e-01, 2.0197549917e-03, 3.0005412788e+01, 2.7880499379e+01
3.9990341709e-03, 8.6219112768e-01, 2.1470444987e-03, 3.0796140707e+01, 2.8547217946e+01
4.0165743719e-03, 8.6470513399e-01, 2.2777126954e-03, 3.1619315609e+01, 2.9243943030e+01
4.0341145729e-03, 8.6721558461e-01, 2.4118975633e-03, 3.2475948999e+01, 2.9971574692e+01
4.0516547739e-03, 8.6972603523e-01, 2.5497413514e-03, 3.3367067626e+01, 3.0731025764e+01
4.0691949749e-03, 8.7215269990e-01, 2.6913906400e-03, 3.4293713550e+01, 3.1523221887e+01
4.0867351759e-03, 8.7454829119e-01, 2.8369964052e-03, 3.5256944197e+01, 3.2349101569e+01
4.1042753769e-03, 8.7694388247e-01, 2.9867140834e-03, 3.6257832426e+01, 3.3209616225e+01
4.1218155779e-03, 8.7926897037e-01, 3.1407036356e-03, 3.7297466586e+01, 3.4105730232e+01
4.1393557789e-03, 8.8152739424e-01, 3.2991296129e-03, 3.8376950577e+01, 3.5038420974e+01
4.1568959799e-03, 8.8378581812e-01, 3.4621612217e-03, 3.9497403911e+01, 3.6008678891e+01
4.1744361809e-03, 8.8601030167e-01, 3.6299723887e-03, 4.0659961774e+01, 3.7017507529e+01
4.1919763819e-03, 8.8815503201e-01, 3.8027418273e-03, 4.1865775083e+01, 3.8065923589e+01
4.2095165829e-03, 8.9029976234e-01, 3.9806531032e-03, 4.3116010554e+01, 3.9154956975e+01
4.2270567839e-03, 8.9243792703e-01, 4.1638947008e-03, 4.4411850754e+01, 4.0285650841e+01
4.2445969849e-03, 8.9450360474e-01, 4.3526600897e-03, 4.5754494168e+01, 4.1459061642e+01
4.2621371859e-03, 8.9656928244e-01, 4.5471477916e-03, 4.7145155257e+01, 4.2676259185e+01
4.2796773869e-03, 8.9863496014e-01, 4.7475614470e-03, 4.8585064520e+01, 4.3938326673e+01
4.2972175879e-03, 9.0058924135e-01, 4.9541098828e-03, 5.0075468552e+01, 4.5246360757e+01
4.3147577889e-03, 9.0252567112e-01, 5.1670071797e-03, 5.1617630111e+01, 4.6601471587e+01
4.3322979899e-03, 9.0446210089e-01, 5.3864727402e-03, 5.3212828170e+01, 4.8004782855e+01
4.3498381910e-03, 9.0633997403e-01, 5.6127313562e-03, 5.4862357987e+01, 4.9457431850e+01
4.3673783920e-03, 9.0818581660e-01, 5.8460132777e-03, 5.6567531156e+01, 5.0960569506e+01
4.3849185930e-03, 9.1003165916e-01, 6.0865542812e-03, 5.8329675678e+01, 5.2515360448e+01
4.4024587940e-03, 9.1184109322e-01, 6.3345957384e-03, 6.0150136012e+01, 5.4122983045e+01
4.4199989950e-03, 9.1360244976e-01, 6.5903846857e-03, 6.2030273144e+01, 5.5784629457e+01
4.4375391960e-03, 9.1536380629e-01, 6.8541738929e-03, 6.3971464642e+01, 5.7501505685e+01
4.4550793970e-03, 9.1709536658e-01, 7.1262219332e-03, 6.5975104719e+01, 5.9274831622e+01
4.4726195980e-03, 9.1871843859e-01, 7.4067932529e-03, 6.8042604295e+01, 6.1105841097e+01
4.4901597990e-03, 9.2034151060e-01, 7.6961582416e-03, 7.0175391055e+01, 6.2995781932e+01
4.5077000000e-03, 9.2196458260e-01, 7.9945933022e-03, 7.2374909511e+01, 6.4945915985e+01

