This fits B3 to B7 into the virial expansion since maxPower is set to 5.
Number of particles: 108
dryVolFracMax: 0.007
dryVolFracIncrement: 1.0E-4
Initial configuration: FCC
Dry microgel radius [nm]: 50.0
Box length [units of dry radius]: 40.130210850472906
Number of monomers: 2916666.666666667
Number of chains: 116.66666666666669
Flory interaction parameter (chi): 0.0
Young's calibration factor: 1.0
x-link fraction: 4.0E-5
MC steps: 100000
Equilibration steps: 10000.0
Snapshot interval: 100
Displacement tolerance: 0.1
Particle radius change tolerance: 0.0
Particle radius bin width: 0.001
g(r) bin width: 0.005
phi0, phi, rho, mu/kT, Z_measured, Z_virial_Fit, <F_total>/V, QMelting, <F_id>/V, <F_ex>/V, <F_FR>/V, <alpha>, Zeta, B2_rho, B2_phi0, B2_HS, B2*
0.0031, 0.8639575324748126, 7.400704853773131E-4, -23.060776223588807, 11.492332957330232, 11.177651028492917, -0.025338849475003766, 1.5260725048954151, -0.006052725597926468, -0.0192861238770773, 0.0, 6.615, 0.8976403990492569, 3560.1490569605394, 849.9229808388293, 4849.959881888879, 0.7340574239088332
0.0032, 0.8817537613805266, 7.639437268410974E-4, -19.96805882166164, 13.797991027602007, 13.872788478420198, -0.025852503005884868, 1.5268718213063959, -0.006223720591850009, -0.01962878241403486, 0.0, 6.615, 0.9265965409540716, 3560.1490569605394, 849.9229808388293, 4849.959881888879, 0.7340574239088332
0.0033, 0.8977155083183863, 7.87816968304882E-4, -16.872662817135485, 16.191791488425594, 16.50086722844847, -0.026292233262143513, 1.5276740006035776, -0.006393969425504768, -0.019898263836638747, 0.0, 6.615, 0.9555526828588863, 3560.1490569605394, 849.9229808388293, 4849.959881888879, 0.7340574239088332
0.0034, 0.9119378878538696, 8.11690209768666E-4, -13.802757222819073, 18.538596357668418, 19.040212224976585, -0.026658316760507138, 1.5284640499942843, -0.006563494716841306, -0.020094822043665833, 0.0, 6.615, 0.9845088247637009, 3560.1490569605394, 849.9229808388293, 4849.959881888879, 0.7340574239088332
0.0035, 0.9245546167722756, 8.355634512324506E-4, -10.784248457742292, 20.942468764003845, 21.471442008123148, -0.026951676047543845, 1.529267866307256, -0.006732317752748801, -0.020219358294795042, 0.0, 6.615, 1.0134649666685156, 3560.1490569605394, 849.9229808388293, 4849.959881888879, 0.7340574239088332
0.0036, 0.935617717392427, 8.594366926962349E-4, -7.840519867036959, 23.183693923621306, 23.777658340242354, -0.02717382250754418, 1.5300406465657042, -0.006900458603211014, -0.020273363904333166, 0.0, 6.615, 1.0424211085733304, 3560.1490569605394, 849.9229808388293, 4849.959881888879, 0.7340574239088332
0.0037, 0.9452106920250101, 8.833099341600189E-4, -4.992205122774694, 25.621797601416077, 25.94460686081962, -0.027326793356349615, 1.530874696653276, -0.007067936222769609, -0.020258857133580006, 0.0, 6.615, 1.0713772504781451, 3560.1490569605394, 849.9229808388293, 4849.959881888879, 0.7340574239088332
0.0038, 0.9534169965430186, 9.071831756238031E-4, -2.2569954931938243, 27.778146147030064, 27.96080876775116, -0.0274130836298223, 1.5316576153263923, -0.007234768541011392, -0.02017831508881091, 0.0, 6.615, 1.1003333923829597, 3560.1490569605394, 849.9229808388293, 4849.959881888879, 0.7340574239088332
0.0039, 0.9602592741475948, 9.310564170875875E-4, 0.3505190299341141, 29.79475475155209, 29.817663524995538, -0.027435573975374293, 1.5324383647467497, -0.0074009725435247534, -0.02003460143184954, 0.0, 6.615, 1.1292895342877745, 3560.1490569605394, 849.9229808388293, 4849.959881888879, 0.7340574239088332
0.004, 0.9659926450197704, 9.549296585513718E-4, 2.8189747542488757, 31.151426552788227, 31.5095225966146, -0.027397455054761547, 1.5331521687253544, -0.00756656434454809, -0.019830890710213458, 0.0, 6.615, 1.1582456761925892, 3560.1490569605394, 849.9229808388293, 4849.959881888879, 0.7340574239088332
0.0041, 0.9718116704042511, 9.78802900015156E-4, 5.140325467050678, 35.70527698809938, 33.033734207186484, -0.0273021493661522, 1.5355870392425472, -0.007731559252349387, -0.019570590113802813, 0.0, 6.615, 1.187201818097404, 3560.1490569605394, 849.9229808388293, 4849.959881888879, 0.7340574239088332
0.0042, 0.9768818924052094, 0.0010026761414789404, 7.309899778642224, 29.193586730470248, 34.39065912860141, -0.027153231293336116, 1.532986452069953, -0.007895971828223967, -0.01925725946511215, 0.0, 6.615, 1.2161579600022188, 3560.1490569605394, 849.9229808388293, 4849.959881888879, 0.7340574239088332
0.0043, 0.9808079567916701, 0.0010265493829427247, 9.326424633636186, 40.09814025557721, 35.58365749324514, -0.026954346189814272, 1.5384049164653137, -0.008059815939870624, -0.01889453024994365, 0.0, 6.615, 1.2451141019070335, 3560.1490569605394, 849.9229808388293, 4849.959881888879, 0.7340574239088332
0.0044, 0.9836890072947246, 0.0010504226244065094, 11.192014994270522, 31.969501709180122, 36.619046633544485, -0.026709129305392737, 1.5346027389206514, -0.008223104809800185, -0.01848602449559255, 0.0, 6.615, 1.2740702438118483, 3560.1490569605394, 849.9229808388293, 4849.959881888879, 0.7340574239088332
0.0045, 0.9854255242339516, 0.0010742958658702937, 12.912129699190034, 35.27322670788654, 37.50602994791336, -0.02642112536282906, 1.5354905266882146, -0.008385851059341299, -0.01803527430348776, 0.0, 6.615, 1.3030263857166633, 3560.1490569605394, 849.9229808388293, 4849.959881888879, 0.7340574239088332
0.0046, 0.9857952388139842, 0.001098169107334078, 14.49549350056724, 37.434909492309934, 38.25659679306278, -0.02609370959199249, 1.535966525963113, -0.008548066748732902, -0.017545642843259587, 0.0, 6.615, 1.331982527621478, 3560.1490569605394, 849.9229808388293, 4849.959881888879, 0.7340574239088332
0.0047, 0.9852363469976315, 0.001122042348797862, 15.953985282044894, 48.57951162092678, 38.88539340270222, -0.025730011028944136, 1.5434678129498574, -0.008709763413728975, -0.01702024761521516, 0.0, 6.615, 1.3609386695262928, 3560.1490569605394, 849.9229808388293, 4849.959881888879, 0.7340574239088332
0.0048, 0.9836438829860625, 0.0011459155902616468, 17.302492459595662, 43.73661818229038, 39.409564832610556, -0.02533283888728014, 1.540821531333949, -0.008870952099086747, -0.016461886788193394, 0.0, 6.615, 1.3898948114311076, 3560.1490569605394, 849.9229808388293, 4849.959881888879, 0.7340574239088332
0.0049, 0.9852508290910914, 0.001169788831725431, 18.558731567094906, 41.79871370804536, 39.848567932100195, -0.02490461280904377, 1.5398801382924807, -0.009031643389263154, -0.015872969419780614, 0.0, 6.615, 1.4188509533359224, 3560.1490569605394, 849.9229808388293, 4849.959881888879, 0.7340574239088332
0.005, 0.9815934085047199, 0.0011936620731892152, 19.743035028150892, 40.082483237352655, 40.22395534184477, -0.024447297802464414, 1.5391760492968023, -0.009191847436604594, -0.015255450365859818, 0.0, 6.615, 1.4478070952407374, 3560.1490569605394, 849.9229808388293, 4849.959881888879, 0.7340574239088332
0.0051, 0.9802137646108315, 0.0012175353146529997, 20.878104115522717, 41.59891999531584, 40.55913051810205, -0.023962344673756686, 1.544772613424037, -0.009351573987280678, -0.01461077068647601, 0.0, 6.615, 1.4767632371455521, 3560.1490569605394, 849.9229808388293, 4849.959881888879, 0.7340574239088332
0.0052, 0.9795932556905365, 0.0012414085561167842, 21.988728099269995, 40.10991942224987, 40.879073783307604, -0.023450636760166114, 1.5523839406814786, -0.009510832405183293, -0.013939804354982821, 0.0, 6.615, 1.505719379050367, 3560.1490569605394, 849.9229808388293, 4849.959881888879, 0.7340574239088332
0.0053, 0.9733922410999695, 0.0012652817975805685, 23.101469584643628, 29.8086570988472, 41.2100394030532, -0.022912443771447657, 1.5351469853867301, -0.00966963169398671, -0.013242812077460947, 0.0, 6.615, 1.5346755209551817, 3560.1490569605394, 849.9229808388293, 4849.959881888879, 0.7340574239088332
0.0054, 0.9697311045736561, 0.0012891550390443528, 24.244316040560825, 36.54920470045842, 41.5792236894398, -0.0223473835469186, 1.5497227145104158, -0.009827980517542224, -0.012519403029376375, 0.0, 6.615, 1.5636316628599964, 3560.1490569605394, 849.9229808388293, 4849.959881888879, 0.7340574239088332
0.0055, 0.9675436720420177, 0.0013130282805081375, 25.446297519441874, 48.35120147142454, 42.01440413082355, -0.021754392535216868, 1.5601606593849213, -0.009985887218761662, -0.011768505316455208, 0.0, 6.615, 1.5925878047648114, 3560.1490569605394, 849.9229808388293, 4849.959881888879, 0.7340574239088332
0.0056, 0.9638169119456372, 0.0013369015219719218, 26.73707056903801, 43.484582635668325, 42.54354954791688, -0.021131705803880435, 1.548523042380195, -0.010143359837127138, -0.010988345966753299, 0.0, 6.615, 1.6215439466696262, 3560.1490569605394, 849.9229808388293, 4849.959881888879, 0.7340574239088332
0.0057, 0.9602562155794553, 0.0013607747634357059, 28.146468336865404, 45.32199600558306, 43.19440127629787, -0.020476847385850892, 1.5628299056505999, -0.010300406124949776, -0.010176441260901115, 0.0, 6.615, 1.650500088574441, 3560.1490569605394, 849.9229808388293, 4849.959881888879, 0.7340574239088332
0.0058, 0.9544586280866102, 0.00138464800489949, 29.70401686772949, 42.39943210829751, 43.99402537528522, -0.01978663176998266, 1.553827848343862, -0.010457033562487145, -0.009329598207495515, 0.0, 6.615, 1.6794562304792557, 3560.1490569605394, 849.9229808388293, 4849.959881888879, 0.7340574239088332
0.0059, 0.948149327114256, 0.0014085212463632744, 31.438417594766683, 44.76415377686866, 44.96833586318621, -0.019057177342626207, 1.547155340469126, -0.010613249372017875, -0.008443927970608334, 0.0, 6.615, 1.7084123723840707, 3560.1490569605394, 849.9229808388293, 4849.959881888879, 0.7340574239088332
0.006, 0.9428860879920357, 0.001432394487827059, 33.376996024449525, 47.108594059271816, 46.141588978946174, -0.018283932587374967, 1.557500062576466, -0.01076906053096181, -0.007514872056413158, 0.0, 6.615, 1.7373685142888855, 3560.1490569605394, 849.9229808388293, 4849.959881888879, 0.7340574239088332
0.0061, 0.934845603310776, 0.0014562677292908432, 35.54511661585407, 30.97047030081727, 47.53584847015327, -0.017461715849995174, 1.5385551370569028, -0.010924473784125255, -0.006537242065869919, 0.0, 6.615, 1.7663246561937003, 3560.1490569605394, 849.9229808388293, 4849.959881888879, 0.7340574239088332
0.0062, 0.9274644523270488, 0.0014801409707546273, 37.965563854521555, 56.03471573036786, 49.170421907447235, -0.016584769475624157, 1.5822800419426912, -0.01107949565514311, -0.005505273820481049, 0.0, 6.615, 1.795280798098515, 3560.1490569605394, 849.9229808388293, 4849.959881888879, 0.7340574239088332
0.0063, 0.9184110317564047, 0.0015040142122184122, 40.65788952118325, 68.24727280286157, 51.061268025283425, -0.01564682912524981, 1.5763406808367868, -0.011234132457182605, -0.004412696668067206, 0.0, 6.615, 1.8242369400033298, 3560.1490569605394, 849.9229808388293, 4849.959881888879, 0.7340574239088332
0.0064, 0.9295850492015396, 0.0015278874536821963, 43.63772615559928, 38.48302493415526, 53.22037508909352, -0.01464120907852513, 1.5569977172764407, -0.011388390302967299, -0.003252818775557831, 0.0, 6.615, 1.8531930819081448, 3560.1490569605394, 849.9229808388293, 4849.959881888879, 0.7340574239088332
0.0065, 0.8999568304622811, 0.0015517606951459808, 46.9160667157119, 63.27500679503314, 55.65511028883293, -0.01356090432993501, 1.588215965511616, -0.01154227511417444, -0.00201862921576057, 0.0, 6.615, 1.8821492238129596, 3560.1490569605394, 849.9229808388293, 4849.959881888879, 0.7340574239088332
0.0066, 0.8851591625358576, 0.0015756339366097647, 50.49851043232625, 63.07839431454859, 58.36754015888346, -0.012398710285351475, 1.5737225583387704, -0.011695792630253918, -7.029176550975569E-4, 0.0, 6.615, 1.9111053657177743, 3560.1490569605394, 849.9229808388293, 4849.959881888879, 0.7340574239088332
0.0067, 0.8895260293208662, 0.0015995071780735492, 54.384474859481756, 61.81203815612926, 61.35372202435974, -0.011147360865990148, 1.5664951843510626, -0.011848948416712619, 7.015875507224711E-4, 0.0, 6.615, 1.940061507622589, 3560.1490569605394, 849.9229808388293, 4849.959881888879, 0.7340574239088332
0.0068, 0.8615162494171636, 0.0016233804195373337, 58.56637412064901, 56.21485392463961, 64.60296647376663, -0.00979968582677183, 1.572144554064154, -0.0120017478729041, 0.0022020620461322693, 0.0, 6.615, 1.9690176495274039, 3560.1490569605394, 849.9229808388293, 4849.959881888879, 0.7340574239088332
