This fits B3 to B8 into the virial expansion since maxPower is set to 6.
Number of particles: 108
dryVolFracMax: 0.007
dryVolFracIncrement: 1.0E-4
Initial configuration: FCC
Dry microgel radius [nm]: 50.0
Box length [units of dry radius]: 40.130210850472906
Number of monomers: 2916666.666666667
Number of chains: 116.66666666666669
Flory interaction parameter (chi): 0.0
Young's calibration factor: 1.0
x-link fraction: 4.0E-5
MC steps: 100000
Equilibration steps: 10000.0
Snapshot interval: 100
Displacement tolerance: 0.1
Particle radius change tolerance: 0.0
Particle radius bin width: 0.001
g(r) bin width: 0.005
phi0, phi, rho, mu/kT, Z_measured, Z_virial_Fit, <F_total>/V, QMelting, <F_id>/V, <F_ex>/V, <F_FR>/V, <alpha>, Zeta, B2_rho, B2_phi0, B2_HS, B2*
0.0031, 0.8639575324748126, 7.400704853773131E-4, 13.263859380605577, 11.492332957330232, 11.591576653230035, 0.0012376070897367917, 1.4994960483306745, -0.006052725597926468, 0.00729033268766326, 0.0, 6.615, 0.8976403990492569, 3560.1490569605394, 849.9229808388293, 4849.959881888879, 0.7340574239088332
0.0032, 0.8817537613805266, 7.639437268410974E-4, 15.851803491654824, 13.797991027602007, 13.777274124396541, 0.0015848236962643378, 1.4994344946042466, -0.006223720591850009, 0.007808544288114347, 0.0, 6.615, 0.9265965409540716, 3560.1490569605394, 849.9229808388293, 4849.959881888879, 0.7340574239088332
0.0033, 0.8977155083183863, 7.87816968304882E-4, 18.585864519592043, 16.191791488425594, 16.05274007824842, 0.0019956384177178942, 1.4993861289237163, -0.006393969425504768, 0.008389607843222662, 0.0, 6.615, 0.9555526828588863, 3560.1490569605394, 849.9229808388293, 4849.959881888879, 0.7340574239088332
0.0034, 0.9119378878538696, 8.11690209768666E-4, 21.429026300955307, 18.538596357668418, 18.38217175881985, 0.0024731020024406584, 1.4993326312313364, -0.006563494716841306, 0.009036596719281965, 0.0, 6.615, 0.9845088247637009, 3560.1490569605394, 849.9229808388293, 4849.959881888879, 0.7340574239088332
0.0035, 0.9245546167722756, 8.355634512324506E-4, 24.34259051149789, 20.942468764003845, 20.7290295280296, 0.00301935948658545, 1.4992968307731267, -0.006732317752748801, 0.00975167723933425, 0.0, 6.615, 1.0134649666685156, 3560.1490569605394, 849.9229808388293, 4849.959881888879, 0.7340574239088332
0.0036, 0.935617717392427, 8.594366926962349E-4, 27.287159800352754, 23.183693923621306, 23.056921822106858, 0.003635621737341086, 1.499231202320819, -0.006900458603211014, 0.0105360803405521, 0.0, 6.615, 1.0424211085733304, 3560.1490569605394, 849.9229808388293, 4849.959881888879, 0.7340574239088332
0.0037, 0.9452106920250101, 8.833099341600189E-4, 30.223629836418894, 25.621797601416077, 25.330488213738363, 0.004322160604565136, 1.4992257426923612, -0.007067936222769609, 0.011390096827334745, 0.0, 6.615, 1.0713772504781451, 3560.1490569605394, 849.9229808388293, 4849.959881888879, 0.7340574239088332
0.0038, 0.9534169965430186, 9.071831756238031E-4, 33.11417446683761, 27.778146147030064, 27.51626674383391, 0.005078327705002799, 1.4991662039915672, -0.007234768541011392, 0.01231309624601419, 0.0, 6.615, 1.1003333923829597, 3560.1490569605394, 849.9229808388293, 4849.959881888879, 0.7340574239088332
0.0039, 0.9602592741475948, 9.310564170875875E-4, 35.923208185269665, 29.79475475155209, 29.583531686947538, 0.005902596486022231, 1.4991001942853532, -0.0074009725435247534, 0.013303569029546984, 0.0, 6.615, 1.1292895342877745, 3560.1490569605394, 849.9229808388293, 4849.959881888879, 0.7340574239088332
0.004, 0.9659926450197704, 9.549296585513718E-4, 38.61831010574128, 31.151426552788227, 31.505087914228625, 0.006792626838539691, 1.4989620868320532, -0.00756656434454809, 0.014359191183087781, 0.0, 6.615, 1.1582456761925892, 3560.1490569605394, 849.9229808388293, 4849.959881888879, 0.7340574239088332
0.0041, 0.9718116704042511, 9.78802900015156E-4, 41.17109363646282, 35.70527698809938, 33.25800801793582, 0.007745351151482328, 1.5005395387249125, -0.007731559252349387, 0.015476910403831715, 0.0, 6.615, 1.187201818097404, 3560.1490569605394, 849.9229808388293, 4849.959881888879, 0.7340574239088332
0.0042, 0.9768818924052094, 0.0010026761414789404, 43.558006046818114, 29.193586730470248, 34.82429836142694, 0.008757080322790347, 1.4970761404538264, -0.007895971828223967, 0.016653052151014314, 0.0, 6.615, 1.2161579600022188, 3560.1490569605394, 849.9229808388293, 4849.959881888879, 0.7340574239088332
0.0043, 0.9808079567916701, 0.0010265493829427247, 45.761042119673284, 40.09814025557721, 36.19148021858007, 0.009823627864599158, 1.5016269424109003, -0.008059815939870624, 0.01788344380446978, 0.0, 6.615, 1.2451141019070335, 3560.1490569605394, 849.9229808388293, 4849.959881888879, 0.7340574239088332
0.0044, 0.9836890072947246, 0.0010504226244065094, 47.768356080607504, 31.969501709180122, 37.35307216665797, 0.010940449862829488, 1.4969531597524293, -0.008223104809800185, 0.019163554672629673, 0.0, 6.615, 1.2740702438118483, 3560.1490569605394, 849.9229808388293, 4849.959881888879, 0.7340574239088332
0.0045, 0.9854255242339516, 0.0010742958658702937, 49.5747559947023, 35.27322670788654, 38.308959896504575, 0.012102798174027273, 1.4969666031513582, -0.008385851059341299, 0.020488649233368572, 0.0, 6.615, 1.3030263857166633, 3560.1490569605394, 849.9229808388293, 4849.959881888879, 0.7340574239088332
0.0046, 0.9857952388139842, 0.001098169107334078, 51.18206482129812, 37.434909492309934, 39.06563960409312, 0.01330588386485676, 1.4965669325062638, -0.008548066748732902, 0.021853950613589662, 0.0, 6.615, 1.331982527621478, 3560.1490569605394, 849.9229808388293, 4849.959881888879, 0.7340574239088332
0.0047, 0.9852363469976315, 0.001122042348797862, 52.59933231651578, 48.57951162092678, 39.63632112731443, 0.014545047522223716, 1.5031927543986894, -0.008709763413728975, 0.02325481093595269, 0.0, 6.615, 1.3609386695262928, 3560.1490569605394, 849.9229808388293, 4849.959881888879, 0.7340574239088332
0.0048, 0.9836438829860625, 0.0011459155902616468, 53.842881973025776, 43.73661818229038, 40.040876992067524, 0.015815932684545765, 1.499672759762123, -0.008870952099086747, 0.024686884783632512, 0.0, 6.615, 1.3898948114311076, 3560.1490569605394, 849.9229808388293, 4849.959881888879, 0.7340574239088332
0.0049, 0.9852508290910914, 0.001169788831725431, 54.93617718623476, 41.79871370804536, 40.30562353149321, 0.0171146582672716, 1.4978608672161655, -0.009031643389263154, 0.026146301656534754, 0.0, 6.615, 1.4188509533359224, 3560.1490569605394, 849.9229808388293, 4849.959881888879, 0.7340574239088332
0.005, 0.9815934085047199, 0.0011936620731892152, 55.90949083585692, 40.082483237352655, 40.4629202424062, 0.01843798547823613, 1.4962907660161018, -0.009191847436604594, 0.027629832914840724, 0.0, 6.615, 1.4478070952407374, 3560.1490569605394, 849.9229808388293, 4849.959881888879, 0.7340574239088332
0.0051, 0.9802137646108315, 0.0012175353146529997, 56.79936247152051, 41.59891999531584, 40.55057354281371, 0.019783474341034585, 1.5010267944092457, -0.009351573987280678, 0.02913504832831526, 0.0, 6.615, 1.4767632371455521, 3560.1490569605394, 849.9229808388293, 4849.959881888879, 0.7340574239088332
0.0052, 0.9795932556905365, 0.0012414085561167842, 57.64782729099724, 40.10991942224987, 40.61103109454734, 0.02114962456708231, 1.50778367935423, -0.009510832405183293, 0.030660456972265604, 0.0, 6.615, 1.505719379050367, 3560.1490569605394, 849.9229808388293, 4849.959881888879, 0.7340574239088332
0.0053, 0.9733922410999695, 0.0012652817975805685, 58.50140109938368, 29.8086570988472, 40.69035285488735, 0.022535995139585378, 1.489698546475697, -0.00966963169398671, 0.03220562683357209, 0.0, 6.615, 1.5346755209551817, 3560.1490569605394, 849.9229808388293, 4849.959881888879, 0.7340574239088332
0.0054, 0.9697311045736561, 0.0012891550390443528, 59.40980543752341, 36.54920470045842, 40.83694502121625, 0.02394329659513913, 1.503432034368358, -0.009827980517542224, 0.03377127711268135, 0.0, 6.615, 1.5636316628599964, 3560.1490569605394, 849.9229808388293, 4849.959881888879, 0.7340574239088332
0.0055, 0.9675436720420177, 0.0013130282805081375, 60.42441706773677, 48.35120147142454, 41.10004303260121, 0.02537344961124681, 1.5130328172384575, -0.009985887218761662, 0.03535933683000847, 0.0, 6.615, 1.5925878047648114, 3560.1490569605394, 849.9229808388293, 4849.959881888879, 0.7340574239088332
0.0056, 0.9638169119456372, 0.0013369015219719218, 61.59642600504186, 43.484582635668325, 41.52792979230617, 0.026829603130481078, 1.5005617334458334, -0.010143359837127138, 0.036972962967608214, 0.0, 6.615, 1.6215439466696262, 3560.1490569605394, 849.9229808388293, 4849.959881888879, 0.7340574239088332
0.0057, 0.9602562155794553, 0.0013607747634357059, 62.974686281599155, 45.32199600558306, 42.16587527517186, 0.02831610487464218, 1.5140369533901068, -0.010300406124949776, 0.03861651099959196, 0.0, 6.615, 1.650500088574441, 3560.1490569605394, 849.9229808388293, 4849.959881888879, 0.7340574239088332
0.0058, 0.9544586280866102, 0.00138464800489949, 64.60324363251767, 42.39943210829751, 43.053783683789334, 0.02983841672466217, 1.504202799849217, -0.010457033562487145, 0.040295450287149315, 0.0, 6.615, 1.6794562304792557, 3560.1490569605394, 849.9229808388293, 4849.959881888879, 0.7340574239088332
0.0059, 0.948149327114256, 0.0014085212463632744, 66.51852429066804, 44.76415377686866, 44.22353431753163, 0.0314029670646108, 1.496695196061889, -0.010613249372017875, 0.04201621643662867, 0.0, 6.615, 1.7084123723840707, 3560.1490569605394, 849.9229808388293, 4849.959881888879, 0.7340574239088332
0.006, 0.9428860879920357, 0.001432394487827059, 68.74616907833213, 47.108594059271816, 45.696002318251885, 0.033016931810619723, 1.5061991981784713, -0.01076906053096181, 0.04378599234158154, 0.0, 6.615, 1.7373685142888855, 3560.1490569605394, 849.9229808388293, 4849.959881888879, 0.7340574239088332
0.0061, 0.934845603310776, 0.0014562677292908432, 71.29749698348083, 30.97047030081727, 47.47774545676111, 0.03468793546807841, 1.4864054857388291, -0.010924473784125255, 0.04561240925220367, 0.0, 6.615, 1.7663246561937003, 3560.1490569605394, 849.9229808388293, 4849.959881888879, 0.7340574239088332
0.0062, 0.9274644523270488, 0.0014801409707546273, 74.1655824082424, 56.03471573036786, 49.557343123879036, 0.03642366318290923, 1.5292716092841578, -0.01107949565514311, 0.04750315883805234, 0.0, 6.615, 1.795280798098515, 3560.1490569605394, 849.9229808388293, 4849.959881888879, 0.7340574239088332
0.0063, 0.9184110317564047, 0.0015040142122184122, 77.3209302773798, 68.24727280286157, 51.90137369021613, 0.038231374375364086, 1.522462477336173, -0.011234132457182605, 0.04946550683254669, 0.0, 6.615, 1.8242369400033298, 3560.1490569605394, 849.9229808388293, 4849.959881888879, 0.7340574239088332
0.0064, 0.9295850492015396, 0.0015278874536821963, 80.70673319421921, 38.48302493415526, 54.450016398470325, 0.040117308167107055, 1.5022392000308085, -0.011388390302967299, 0.05150569847007436, 0.0, 6.615, 1.8531930819081448, 3560.1490569605394, 849.9229808388293, 4849.959881888879, 0.7340574239088332
0.0065, 0.8999568304622811, 0.0015517606951459808, 84.23369483184506, 63.27500679503314, 57.112263952265494, 0.04208597043502188, 1.5325690907466591, -0.01154227511417444, 0.05362824554919632, 0.0, 6.615, 1.8821492238129596, 3560.1490569605394, 849.9229808388293, 4849.959881888879, 0.7340574239088332
0.0066, 0.8851591625358576, 0.0015756339366097647, 87.7744037467813, 63.07839431454859, 59.76073196547259, 0.04413929194766905, 1.5171845561057498, -0.011695792630253918, 0.05583508457792297, 0.0, 6.615, 1.9111053657177743, 3560.1490569605394, 849.9229808388293, 4849.959881888879, 0.7340574239088332
0.0067, 0.8895260293208662, 0.0015995071780735492, 91.15724180331266, 61.81203815612926, 62.22605143607143, 0.046275646662599715, 1.5090721768224729, -0.011848948416712619, 0.058124595079312336, 0.0, 6.615, 1.940061507622589, 3560.1490569605394, 849.9229808388293, 4849.959881888879, 0.7340574239088332
0.0068, 0.8615162494171636, 0.0016233804195373337, 94.15981139525138, 56.21485392463961, 64.29083040833939, 0.04848871888566074, 1.5138561493517215, -0.0120017478729041, 0.06049046675856484, 0.0, 6.615, 1.9690176495274039, 3560.1490569605394, 849.9229808388293, 4849.959881888879, 0.7340574239088332
