This fits B3 to B6 into the virial expansion since maxPower is set to 4.
Number of particles: 108
dryVolFracMax: 0.003
dryVolFracIncrement: 1.0E-4
Initial configuration: FCC
Dry microgel radius [nm]: 50.0
Box length [units of dry radius]: 52.648203563095535
Number of monomers: 2916666.666666667
Number of chains: 116.66666666666669
Flory interaction parameter (chi): 0.0
Young's calibration factor: 1.0
x-link fraction: 4.0E-5
MC steps: 100000
Equilibration steps: 10000.0
Snapshot interval: 100
Displacement tolerance: 0.1
Particle radius change tolerance: 0.0
Particle radius bin width: 0.001
g(r) bin width: 0.005
phi0, phi, rho, mu/kT, Z_measured, Z_virial_Fit, <F_total>/V, QMelting, <F_id>/V, <F_ex>/V, <F_FR>/V, <alpha>, Zeta, B2_rho, B2_phi0, B2_HS, B2*
2.0E-4, 0.05789943198848988, 4.774648292756861E-5, -9.677071266164061, 1.0442714612649544, 1.1073668617559627, -5.149189909581534E-4, 1.5005151011855378, -5.213638970822166E-4, 6.444906124063281E-6, 0.0, 6.615, 0.05791228380962948, 3560.1490569605394, 849.9229808388293, 4849.959881888879, 0.7340574239088332
3.0E-4, 0.08683808352700594, 7.161972439135293E-5, -9.193521310240932, 1.070331691664966, 1.136250055660445, -7.398153782515458E-4, 1.5007402938455745, -7.530065463303081E-4, 1.3191168078762367E-5, 0.0, 6.615, 0.08686842571444423, 3560.1490569605394, 849.9229808388293, 4849.959881888879, 0.7340574239088332
4.0E-4, 0.11577163815803204, 9.549296585513724E-5, -8.83551562997875, 1.4296333564521777, 1.1636856285445996, -9.54853384358815E-4, 1.500958730721512, -9.765371141186377E-4, 2.1683729759822672E-5, 0.0, 6.615, 0.11582456761925897, 3560.1490569605394, 849.9229808388293, 4849.959881888879, 0.7340574239088332
5.0E-4, 0.14469428390700315, 1.1936620731892148E-4, -8.538970780321728, 1.197774316284259, 1.197132838768987, -0.0011621617630748844, 1.5011643742285297, -0.0011940355932402447, 3.187383016536035E-5, 0.0, 6.615, 0.1447807095240737, 3560.1490569605394, 849.9229808388293, 4849.959881888879, 0.7340574239088332
6.0E-4, 0.17359030331528952, 1.4323944878270585E-4, -8.272696533492557, 1.2882443982507192, 1.2414190584213909, -0.0013627966730407007, 1.5013667193958615, -0.001406727072591923, 4.393039955122208E-5, 0.0, 6.615, 0.17373685142888845, 3560.1490569605394, 849.9229808388293, 4849.959881888879, 0.7340574239088332
7.0E-4, 0.20247532039938387, 1.6711269024649017E-4, -8.01948107093867, 1.2628594768804504, 1.299116630996795, -0.0015572559312951961, 1.501561501871542, -0.0016154210498813184, 5.8165118586122296E-5, 0.0, 6.615, 0.20269299333370322, 3560.1490569605394, 849.9229808388293, 4849.959881888879, 0.7340574239088332
8.0E-4, 0.2313580846771419, 1.9098593171027449E-4, -7.769672872842117, 1.4336622387433735, 1.3709197290773638, -0.0017457245944616337, 1.5017540297966687, -0.0018206928681456847, 7.496827368405108E-5, 0.0, 6.615, 0.23164913523851796, 3560.1490569605394, 849.9229808388293, 4849.959881888879, 0.7340574239088332
9.0E-4, 0.2601988344463059, 2.148591731740588E-4, -7.518309620643357, 1.6715090577853795, 1.4560212120124219, -0.001928217302494883, 1.5019425618484181, -0.0020229727110088343, 9.475540851395137E-5, 0.0, 6.615, 0.2606052771433327, 3560.1490569605394, 849.9229808388293, 4849.959881888879, 0.7340574239088332
0.001, 0.2890447353264298, 2.38732414637843E-4, -7.263530401560931, 1.4659580402867631, 1.552489483598432, -0.002104669714679335, 1.5021155508029096, -0.0022225944863660013, 1.1792477168666656E-4, 0.0, 6.615, 0.2895614190481475, 3560.1490569605394, 849.9229808388293, 4849.959881888879, 0.7340574239088332
0.0011, 0.3178290546264241, 2.626056561016274E-4, -7.005532038934997, 1.309973139495022, 1.6576453497589798, -0.0022749993820827645, 1.5022829221993994, -0.0024198249427019227, 1.4482556061915828E-4, 0.0, 6.615, 0.31851756095296224, 3560.1490569605394, 849.9229808388293, 4849.959881888879, 0.7340574239088332
0.0012, 0.34661101277803136, 2.864788975654117E-4, -6.745783861293079, 1.9969833417962988, 1.7684388762247418, -0.0024391451434704675, 1.502465910562999, -0.00261488210504646, 1.7573696157599273E-4, 0.0, 6.615, 0.34747370285777696, 3560.1490569605394, 849.9229808388293, 4849.959881888879, 0.7340574239088332
0.0013, 0.37532955062017753, 3.10352139029196E-4, -6.486376221568053, 1.6494677839121274, 1.8818262462134798, -0.002597089535705395, 1.5026159179765428, -0.002807947521593494, 2.1085798588809897E-4, 0.0, 6.615, 0.3764298447625917, 3560.1490569605394, 849.9229808388293, 4849.959881888879, 0.7340574239088332
0.0014, 0.40405721540711953, 3.342253804929803E-4, -6.229443068044278, 1.945107107230485, 1.9951466181100086, -0.002748866617253557, 1.5027781456967182, -0.002999174719602353, 2.503081023487959E-4, 0.0, 6.615, 0.4053859866674065, 3560.1490569605394, 849.9229808388293, 4849.959881888879, 0.7340574239088332
0.0015, 0.4326872229467037, 3.580986219567647E-4, -5.9766278143825335, 2.1805503170049065, 2.10649898314618, -0.002894556567296829, 1.5029331442117118, -0.003188695233083918, 2.9413866578708935E-4, 0.0, 6.615, 0.4343421285722212, 3560.1490569605394, 849.9229808388293, 4849.959881888879, 0.7340574239088332
0.0016, 0.4612859712602476, 3.8197186342054886E-4, -5.728575695996492, 1.8697655680685799, 2.2151190230808604, -0.0030342678742899484, 1.503065553084597, -0.0033766230161081877, 3.4235514181823925E-4, 0.0, 6.615, 0.463298270477036, 3560.1490569605394, 849.9229808388293, 4849.959881888879, 0.7340574239088332
0.0017, 0.48987209812819243, 4.0584510488433315E-4, -5.484442955590183, 2.283109075739154, 2.321755967879909, -0.0031681076208436884, 1.503216672963995, -0.0035630577486152858, 3.9495012777159737E-4, 0.0, 6.615, 0.49225441238185075, 3560.1490569605394, 849.9229808388293, 4849.959881888879, 0.7340574239088332
0.0018, 0.5183028588407643, 4.297183463481176E-4, -5.241417074336507, 2.5303340866871746, 2.4290494533961757, -0.0032961401920158758, 1.5033599052005575, -0.003748087361811589, 4.519471697957135E-4, 0.0, 6.615, 0.5212105542866655, 3560.1490569605394, 849.9229808388293, 4849.959881888879, 0.7340574239088332
0.0019, 0.5467502660365324, 4.535915878119019E-4, -4.994244458915507, 2.338912798213662, 2.541906379049438, -0.0034183346245825136, 1.503475486161648, -0.003931790000723226, 5.134553761407129E-4, 0.0, 6.615, 0.5501666961914803, 3560.1490569605394, 849.9229808388293, 4849.959881888879, 0.7340574239088332
0.002, 0.5752005795975353, 4.7746482927568624E-4, -4.734763286080384, 2.984914880208077, 2.6678777655064305, -0.003534500745885081, 1.5036211474949168, -0.004114235572503025, 5.797348266179438E-4, 0.0, 6.615, 0.579122838096295, 3560.1490569605394, 849.9229808388293, 4849.959881888879, 0.7340574239088332
0.0021, 0.6034591156394385, 5.013380707394704E-4, -4.451439992744032, 3.2202171131871533, 2.8175356123607784, -0.003644214206115518, 1.5037459032820684, -0.0042954869843524115, 6.512727782368934E-4, 0.0, 6.615, 0.6080789800011096, 3560.1490569605394, 849.9229808388293, 4849.959881888879, 0.7340574239088332
0.0022, 0.6324525405537739, 5.252113122032547E-4, -4.128908392721726, 3.2192392035797366, 3.0048497558130265, -0.003746730478132594, 1.5038520473346249, -0.0044756011451519695, 7.288706670193754E-4, 0.0, 6.615, 0.6370351219059244, 3560.1490569605394, 849.9229808388293, 4849.959881888879, 0.7340574239088332
0.0023, 0.6609753305064048, 5.490845536670391E-4, -3.7475107187472396, 3.354210539612224, 3.2475647263505643, -0.0038408878786387888, 1.5039536546114178, -0.004654629784629776, 8.137419059909869E-4, 0.0, 6.615, 0.665991263810739, 3560.1490569605394, 849.9229808388293, 4849.959881888879, 0.7340574239088332
0.0024, 0.689196164111427, 5.729577951308231E-4, -3.2828400976022145, 3.5745355740651386, 3.56757660642765, -0.003924999650468311, 1.5040490338957409, -0.004832620129818146, 9.07620479349835E-4, 0.0, 6.615, 0.6949474057155537, 3560.1490569605394, 849.9229808388293, 4849.959881888879, 0.7340574239088332
0.0025, 0.7170864280214154, 5.968310365946075E-4, -2.705284107000259, 3.8606154116352203, 3.9913098881453593, -0.003996735135775981, 1.5041380962575182, -0.005009615468588517, 0.001012880332812536, 0.0, 6.615, 0.7239035476203683, 3560.1490569605394, 849.9229808388293, 4849.959881888879, 0.7340574239088332
0.0026, 0.7447570003582029, 6.207042780583919E-4, -1.979569159434357, 4.351271241261363, 4.550094330931614, -0.004052990062751839, 1.5042228529730337, -0.005185655622889315, 0.001132665560137476, 0.0, 6.615, 0.7528596895251831, 3560.1490569605394, 849.9229808388293, 4849.959881888879, 0.7340574239088332
0.0027, 0.7717937625476253, 6.445775195221761E-4, -1.0643055255740501, 5.0154571550327605, 5.28054181922105, -0.004089745963254876, 1.504298721048868, -0.005360777349080229, 0.0012710313858253532, 0.0, 6.615, 0.7818158314299978, 3560.1490569605394, 849.9229808388293, 4849.959881888879, 0.7340574239088332
0.0028, 0.7977900853740963, 6.684507609859605E-4, 0.08846714244761333, 5.979086662180316, 6.22492322013516, -0.004101918734887155, 1.5043621224275263, -0.005535014678884134, 0.0014330959439969792, 0.0, 6.615, 0.8107719733348124, 3560.1490569605394, 849.9229808388293, 4849.959881888879, 0.7340574239088332
0.0029, 0.8220797448111707, 6.923240024497446E-4, 1.5337338931818598, 7.437559503654607, 7.431545241162112, -0.004083196358127214, 1.5044411653771872, -0.005708399211575585, 0.0016252028534483702, 0.0, 6.615, 0.8397281152396272, 3560.1490569605394, 849.9229808388293, 4849.959881888879, 0.7340574239088332
