This fits B3 to B12 into the virial expansion since maxPower is set to 10.
Number of particles: 108
dryVolFracMax: 0.003
dryVolFracIncrement: 1.0E-4
Initial configuration: FCC
Dry microgel radius [nm]: 50.0
Box length [units of dry radius]: 52.648203563095535
Number of monomers: 2916666.666666667
Number of chains: 116.66666666666669
Flory interaction parameter (chi): 0.0
Young's calibration factor: 1.0
x-link fraction: 4.0E-5
MC steps: 100000
Equilibration steps: 10000.0
Snapshot interval: 100
Displacement tolerance: 0.1
Particle radius change tolerance: 0.0
Particle radius bin width: 0.001
g(r) bin width: 0.005
phi0, phi, rho, mu/kT, Z_measured, Z_virial_Fit, <F_total>/V, QMelting, <F_id>/V, <F_ex>/V, <F_FR>/V, <alpha>, Zeta, B2_rho, B2_phi0, B2_HS, B2*
2.0E-4, 0.05789943198848988, 4.774648292756861E-5, -9.850955255332769, 1.0442714612649544, 1.0356417794551767, -5.197967194608216E-4, 1.5005199789140407, -5.213638970822166E-4, 1.5671776213949738E-6, 0.0, 6.615, 0.05791228380962948, 3560.1490569605394, 849.9229808388293, 4849.959881888879, 0.7340574239088332
3.0E-4, 0.08683808352700594, 7.161972439135293E-5, -9.3030280238428, 1.070331691664966, 1.144368146702277, -7.482396343417142E-4, 1.5007487181016645, -7.530065463303081E-4, 4.766911988593882E-6, 0.0, 6.615, 0.08686842571444423, 3560.1490569605394, 849.9229808388293, 4849.959881888879, 0.7340574239088332
4.0E-4, 0.11577163815803204, 9.549296585513724E-5, -8.850906227761884, 1.4296333564521777, 1.25175008329197, -9.647326141576521E-4, 1.5009686099513109, -9.765371141186377E-4, 1.1804499960985603E-5, 0.0, 6.615, 0.11582456761925897, 3560.1490569605394, 849.9229808388293, 4849.959881888879, 0.7340574239088332
5.0E-4, 0.14469428390700315, 1.1936620731892148E-4, -8.50447653693229, 1.197774316284259, 1.3114537967175226, -0.0011716903752345327, 1.5011739028406894, -0.0011940355932402447, 2.2345218005712007E-5, 0.0, 6.615, 0.1447807095240737, 3560.1490569605394, 849.9229808388293, 4849.959881888879, 0.7340574239088332
6.0E-4, 0.17359030331528952, 1.4323944878270585E-4, -8.24684012186747, 1.2882443982507192, 1.3280745904729234, -0.0013715055055370572, 1.501375428228358, -0.001406727072591923, 3.522156705486577E-5, 0.0, 6.615, 0.17373685142888845, 3560.1490569605394, 849.9229808388293, 4849.959881888879, 0.7340574239088332
7.0E-4, 0.20247532039938387, 1.6711269024649017E-4, -8.035091294199587, 1.2628594768804504, 1.3347117286934191, -0.001565812990235344, 1.5015700589304821, -0.0016154210498813184, 4.960805964597443E-5, 0.0, 6.615, 0.20269299333370322, 3560.1490569605394, 849.9229808388293, 4849.959881888879, 0.7340574239088332
8.0E-4, 0.2313580846771419, 1.9098593171027449E-4, -7.825824659304611, 1.4336622387433735, 1.3642088114176876, -0.0017551671048544998, 1.5017634723070614, -0.0018206928681456847, 6.55257632911848E-5, 0.0, 6.615, 0.23164913523851796, 3560.1490569605394, 849.9229808388293, 4849.959881888879, 0.7340574239088332
9.0E-4, 0.2601988344463059, 2.148591731740588E-4, -7.594490010018262, 1.6715090577853795, 1.4313580829710602, -0.001939286258454327, 1.5019536308043777, -0.0020229727110088343, 8.368645255450728E-5, 0.0, 6.615, 0.2606052771433327, 3560.1490569605394, 849.9229808388293, 4849.959881888879, 0.7340574239088332
0.001, 0.2890447353264298, 2.38732414637843E-4, -7.340363535252284, 1.4659580402867631, 1.529782294357514, -0.0021175913320925126, 1.5021284724203228, -0.0022225944863660013, 1.0500315427348865E-4, 0.0, 6.615, 0.2895614190481475, 3560.1490569605394, 849.9229808388293, 4849.959881888879, 0.7340574239088332
0.0011, 0.3178290546264241, 2.626056561016274E-4, -7.0793243939794746, 1.309973139495022, 1.6398590513898204, -0.002289706889341524, 1.5022976297066581, -0.0024198249427019227, 1.301180533603989E-4, 0.0, 6.615, 0.31851756095296224, 3560.1490569605394, 849.9229808388293, 4849.959881888879, 0.7340574239088332
0.0012, 0.34661101277803136, 2.864788975654117E-4, -6.830792644019473, 1.9969833417962988, 1.7412390732620366, -0.002455706196262404, 1.502482471615791, -0.00261488210504646, 1.5917590878405604E-4, 0.0, 6.615, 0.34747370285777696, 3560.1490569605394, 849.9229808388293, 4849.959881888879, 0.7340574239088332
0.0013, 0.37532955062017753, 3.10352139029196E-4, -6.605522878503374, 1.6494677839121274, 1.823749184215373, -0.0026160426151232387, 1.5026348710559607, -0.002807947521593494, 1.919049064702551E-4, 0.0, 6.615, 0.3764298447625917, 3560.1490569605394, 849.9229808388293, 4849.959881888879, 0.7340574239088332
0.0014, 0.40405721540711953, 3.342253804929803E-4, -6.399062069299085, 1.945107107230485, 1.8924995397142794, -0.002771250333652465, 1.5028005294131173, -0.002999174719602353, 2.2792438594988805E-4, 0.0, 6.615, 0.4053859866674065, 3560.1490569605394, 849.9229808388293, 4849.959881888879, 0.7340574239088332
0.0015, 0.4326872229467037, 3.580986219567647E-4, -6.192799355682737, 2.1805503170049065, 1.9657875772377125, -0.002921578737792423, 1.5029601663822074, -0.003188695233083918, 2.671164952914953E-4, 0.0, 6.615, 0.4343421285722212, 3560.1490569605394, 849.9229808388293, 4849.959881888879, 0.7340574239088332
0.0016, 0.4612859712602476, 3.8197186342054886E-4, -5.96161170163331, 1.8697655680685799, 2.0670821624333797, -0.00306673515608815, 1.5030980203663953, -0.0033766230161081877, 3.0988786002003783E-4, 0.0, 6.615, 0.463298270477036, 3560.1490569605394, 849.9229808388293, 4849.959881888879, 0.7340574239088332
0.0017, 0.48987209812819243, 4.0584510488433315E-4, -5.684842982089751, 2.283109075739154, 2.2143727092364145, -0.003205858020743962, 1.5032544233638954, -0.0035630577486152858, 3.5719972787132386E-4, 0.0, 6.615, 0.49225441238185075, 3560.1490569605394, 849.9229808388293, 4849.959881888879, 0.7340574239088332
0.0018, 0.5183028588407643, 4.297183463481176E-4, -5.356202403602649, 2.5303340866871746, 2.411090676001834, -0.003337748337766326, 1.5034015133463081, -0.003748087361811589, 4.103390240452632E-4, 0.0, 6.615, 0.5212105542866655, 3560.1490569605394, 849.9229808388293, 4849.959881888879, 0.7340574239088332
0.0019, 0.5467502660365324, 4.535915878119019E-4, -4.9883480428981475, 2.338912798213662, 2.6424844200669213, -0.0034612814131973983, 1.5035184329502629, -0.003931790000723226, 4.70508587525828E-4, 0.0, 6.615, 0.5501666961914803, 3560.1490569605394, 849.9229808388293, 4849.959881888879, 0.7340574239088332
0.002, 0.5752005795975353, 4.7746482927568624E-4, -4.609410167536558, 2.984914880208077, 2.8798012251327236, -0.0035758350390019678, 1.5036624817880335, -0.004114235572503025, 5.384005335010572E-4, 0.0, 6.615, 0.579122838096295, 3560.1490569605394, 849.9229808388293, 4849.959881888879, 0.7340574239088332
0.0021, 0.6034591156394385, 5.013380707394704E-4, -4.25124544642015, 3.2202171131871533, 3.092169346780338, -0.003681533405050485, 1.5037832224810033, -0.0042954869843524115, 6.139535793019263E-4, 0.0, 6.615, 0.6080789800011096, 3560.1490569605394, 849.9229808388293, 4849.959881888879, 0.7340574239088332
0.0022, 0.6324525405537739, 5.252113122032547E-4, -3.9322970044725842, 3.2192392035797366, 3.263163752814762, -0.003779137386240694, 1.503884454242733, -0.0044756011451519695, 6.964637589112754E-4, 0.0, 6.615, 0.6370351219059244, 3560.1490569605394, 849.9229808388293, 4849.959881888879, 0.7340574239088332
0.0023, 0.6609753305064048, 5.490845536670391E-4, -3.640827747352951, 3.354210539612224, 3.406386119414492, -0.0038695162805946247, 1.5039822830133738, -0.004654629784629776, 7.851135040351509E-4, 0.0, 6.615, 0.665991263810739, 3560.1490569605394, 849.9229808388293, 4849.959881888879, 0.7340574239088332
0.0024, 0.689196164111427, 5.729577951308231E-4, -3.326018110528768, 3.5745355740651386, 3.5729154897708213, -0.003952797784318098, 1.5040768320295907, -0.004832620129818146, 8.798223455000476E-4, 0.0, 6.615, 0.6949474057155537, 3560.1490569605394, 849.9229808388293, 4849.959881888879, 0.7340574239088332
0.0025, 0.7170864280214154, 5.968310365946075E-4, -2.9037584572232964, 3.8606154116352203, 3.844332368928008, -0.0040274700427663165, 1.5041688311645085, -0.005009615468588517, 9.821454258222007E-4, 0.0, 6.615, 0.7239035476203683, 3560.1490569605394, 849.9229808388293, 4849.959881888879, 0.7340574239088332
0.0026, 0.7447570003582029, 6.207042780583919E-4, -2.2794662890539374, 4.351271241261363, 4.30954612732603, -0.004089828194889796, 1.5042596911051715, -0.005185655622889315, 0.0010958274279995184, 0.0, 6.615, 0.7528596895251831, 3560.1490569605394, 849.9229808388293, 4849.959881888879, 0.7340574239088332
0.0027, 0.7717937625476253, 6.445775195221761E-4, -1.3802262350045504, 5.0154571550327605, 5.033442287545768, -0.004134106547204678, 1.5043430816328178, -0.005360777349080229, 0.0012266708018755512, 0.0, 6.615, 0.7818158314299978, 3560.1490569605394, 849.9229808388293, 4849.959881888879, 0.7340574239088332
0.0028, 0.7977900853740963, 6.684507609859605E-4, -0.1710549141683222, 5.979086662180316, 6.042210088293359, -0.0041532617189862925, 1.5044134654116255, -0.005535014678884134, 0.0013817529598978417, 0.0, 6.615, 0.8107719733348124, 3560.1490569605394, 849.9229808388293, 4849.959881888879, 0.7340574239088332
0.0029, 0.8220797448111707, 6.923240024497446E-4, 1.3970368724860256, 7.437559503654607, 7.376127831594204, -0.004139468183684566, 1.5044974372027444, -0.005708399211575585, 0.0015689310278910185, 0.0, 6.615, 0.8397281152396272, 3560.1490569605394, 849.9229808388293, 4849.959881888879, 0.7340574239088332
