This fits B3 to B7 into the virial expansion since maxPower is set to 5.
Number of particles: 108
dryVolFracMax: 0.003
dryVolFracIncrement: 1.0E-4
Initial configuration: FCC
Dry microgel radius [nm]: 50.0
Box length [units of dry radius]: 52.648203563095535
Number of monomers: 2916666.666666667
Number of chains: 116.66666666666669
Flory interaction parameter (chi): 0.0
Young's calibration factor: 1.0
x-link fraction: 4.0E-5
MC steps: 100000
Equilibration steps: 10000.0
Snapshot interval: 100
Displacement tolerance: 0.1
Particle radius change tolerance: 0.0
Particle radius bin width: 0.001
g(r) bin width: 0.005
phi0, phi, rho, mu/kT, Z_measured, Z_virial_Fit, <F_total>/V, QMelting, <F_id>/V, <F_ex>/V, <F_FR>/V, <alpha>, Zeta, B2_rho, B2_phi0, B2_HS, B2*
2.0E-4, 0.05789943198848988, 4.774648292756861E-5, -9.675475867889116, 1.0442714612649544, 1.108333714003437, -5.148889800959835E-4, 1.5005150711746758, -5.213638970822166E-4, 6.474916986233137E-6, 0.0, 6.615, 0.05791228380962948, 3560.1490569605394, 849.9229808388293, 4849.959881888879, 0.7340574239088332
3.0E-4, 0.08683808352700594, 7.161972439135293E-5, -9.191005493955155, 1.070331691664966, 1.1376520501847527, -7.397356066439682E-4, 1.500740214073967, -7.530065463303081E-4, 1.327093968633988E-5, 0.0, 6.615, 0.08686842571444423, 3560.1490569605394, 849.9229808388293, 4849.959881888879, 0.7340574239088332
4.0E-4, 0.11577163815803204, 9.549296585513724E-5, -8.83254892154717, 1.4296333564521777, 1.1651198954028612, -9.547070469679794E-4, 1.500958584384121, -9.765371141186377E-4, 2.1830067150658348E-5, 0.0, 6.615, 0.11582456761925897, 3560.1490569605394, 849.9229808388293, 4849.959881888879, 0.7340574239088332
5.0E-4, 0.14469428390700315, 1.1936620731892148E-4, -8.536142958584998, 1.197774316284259, 1.1981453592291997, -0.0011619450774463652, 1.5011641575429011, -0.0011940355932402447, 3.209051579387944E-5, 0.0, 6.615, 0.1447807095240737, 3560.1490569605394, 849.9229808388293, 4849.959881888879, 0.7340574239088332
6.0E-4, 0.17359030331528952, 1.4323944878270585E-4, -8.270556384636524, 1.2882443982507192, 1.2416256587452081, -0.001362519712614752, 1.5013664424354356, -0.001406727072591923, 4.420735997717105E-5, 0.0, 6.615, 0.17373685142888845, 3560.1490569605394, 849.9229808388293, 4849.959881888879, 0.7340574239088332
7.0E-4, 0.20247532039938387, 1.6711269024649017E-4, -8.018428510458246, 1.2628594768804504, 1.298280216028943, -0.001556940259526225, 1.501561186199773, -0.0016154210498813184, 5.848079035509333E-5, 0.0, 6.615, 0.20269299333370322, 3560.1490569605394, 849.9229808388293, 4849.959881888879, 0.7340574239088332
8.0E-4, 0.2313580846771419, 1.9098593171027449E-4, -7.769897782282021, 1.4336622387433735, 1.3689894580565816, -0.0017453988943912067, 1.5017537040965983, -0.0018206928681456847, 7.52939737544781E-5, 0.0, 6.615, 0.23164913523851796, 3560.1490569605394, 849.9229808388293, 4849.959881888879, 0.7340574239088332
9.0E-4, 0.2601988344463059, 2.148591731740588E-4, -7.519770746298398, 1.6715090577853795, 1.4531393190188227, -0.0019279120375992477, 1.5019422565835225, -0.0020229727110088343, 9.506067340958657E-5, 0.0, 6.615, 0.2606052771433327, 3560.1490569605394, 849.9229808388293, 4849.959881888879, 0.7340574239088332
0.001, 0.2890447353264298, 2.38732414637843E-4, -7.265967662318437, 1.4659580402867631, 1.5489714450521759, -0.0021044116979881396, 1.5021152927862182, -0.0022225944863660013, 1.1818278837786173E-4, 0.0, 6.615, 0.2895614190481475, 3560.1490569605394, 849.9229808388293, 4849.959881888879, 0.7340574239088332
0.0011, 0.3178290546264241, 2.626056561016274E-4, -7.008505590442017, 1.309973139495022, 1.6539391013851459, -0.0022748069717413314, 1.502282729789058, -0.0024198249427019227, 1.4501797096059155E-4, 0.0, 6.615, 0.31851756095296224, 3560.1490569605394, 849.9229808388293, 4849.959881888879, 0.7340574239088332
0.0012, 0.34661101277803136, 2.864788975654117E-4, -6.748733263630985, 1.9969833417962988, 1.765068781899301, -0.002439024624093664, 1.5024657900436222, -0.00261488210504646, 1.7585748095279606E-4, 0.0, 6.615, 0.34747370285777696, 3560.1490569605394, 849.9229808388293, 4849.959881888879, 0.7340574239088332
0.0013, 0.37532955062017753, 3.10352139029196E-4, -6.488693057617178, 1.6494677839121274, 1.8793275211052511, -0.0025970330860468358, 1.5026158615268843, -0.002807947521593494, 2.1091443554665805E-4, 0.0, 6.615, 0.3764298447625917, 3560.1490569605394, 849.9229808388293, 4849.959881888879, 0.7340574239088332
0.0014, 0.40405721540711953, 3.342253804929803E-4, -6.230550359721195, 1.945107107230485, 1.993995908533493, -0.0027488521058895445, 1.5027781311853543, -0.002999174719602353, 2.5032261371280847E-4, 0.0, 6.615, 0.4053859866674065, 3560.1490569605394, 849.9229808388293, 4849.959881888879, 0.7340574239088332
0.0015, 0.4326872229467037, 3.580986219567647E-4, -5.976059583932631, 2.1805503170049065, 2.107046805540174, -0.0028945492592001307, 1.5029331369036152, -0.003188695233083918, 2.941459738837872E-4, 0.0, 6.615, 0.4343421285722212, 3560.1490569605394, 849.9229808388293, 4849.959881888879, 0.7340574239088332
0.0016, 0.4612859712602476, 3.8197186342054886E-4, -5.726050019524431, 1.8697655680685799, 2.21752976452772, -0.0030342239723442008, 1.5030655091826512, -0.0033766230161081877, 3.42399043763987E-4, 0.0, 6.615, 0.463298270477036, 3560.1490569605394, 849.9229808388293, 4849.959881888879, 0.7340574239088332
0.0017, 0.48987209812819243, 4.0584510488433315E-4, -5.479921856010911, 2.283109075739154, 2.3259611505803908, -0.003167979407524879, 1.5032165447506762, -0.0035630577486152858, 3.950783410904067E-4, 0.0, 6.615, 0.49225441238185075, 3560.1490569605394, 849.9229808388293, 4849.959881888879, 0.7340574239088332
0.0018, 0.5183028588407643, 4.297183463481176E-4, -5.235146600929398, 2.5303340866871746, 2.434719965514692, -0.0032958823776430696, 1.5033596473861848, -0.003748087361811589, 4.522049841685194E-4, 0.0, 6.615, 0.5212105542866655, 3560.1490569605394, 849.9229808388293, 4849.959881888879, 0.7340574239088332
0.0019, 0.5467502660365324, 4.535915878119019E-4, -4.986768300664329, 2.338912798213662, 2.548449374344691, -0.003417911349715648, 1.5034750628867812, -0.003931790000723226, 5.138786510075781E-4, 0.0, 6.615, 0.5501666961914803, 3560.1490569605394, 849.9229808388293, 4849.959881888879, 0.7340574239088332
0.002, 0.5752005795975353, 4.7746482927568624E-4, -4.726903265981627, 2.984914880208077, 2.6744639341622447, -0.0035338925266233537, 1.503620539275655, -0.004114235572503025, 5.803430458796714E-4, 0.0, 6.615, 0.579122838096295, 3560.1490569605394, 849.9229808388293, 4849.959881888879, 0.7340574239088332
0.0021, 0.6034591156394385, 5.013380707394704E-4, -4.444236790266304, 3.2202171131871533, 2.823162525432085, -0.0036434239522255734, 1.5037451130281785, -0.0042954869843524115, 6.520630321268379E-4, 0.0, 6.615, 0.6080789800011096, 3560.1490569605394, 849.9229808388293, 4849.959881888879, 0.7340574239088332
0.0022, 0.6324525405537739, 5.252113122032547E-4, -4.1235158415987865, 3.2192392035797366, 3.0084469857018292, -0.003745787555111389, 1.5038511044116039, -0.0044756011451519695, 7.298135900405804E-4, 0.0, 6.615, 0.6370351219059244, 3560.1490569605394, 849.9229808388293, 4849.959881888879, 0.7340574239088332
0.0023, 0.6609753305064048, 5.490845536670391E-4, -3.7450370272873474, 3.354210539612224, 3.2481464457268734, -0.0038398490259917185, 1.5039526157587708, -0.004654629784629776, 8.147807586380571E-4, 0.0, 6.615, 0.665991263810739, 3560.1490569605394, 849.9229808388293, 4849.959881888879, 0.7340574239088332
0.0024, 0.689196164111427, 5.729577951308231E-4, -3.2841293386963724, 3.5745355740651386, 3.5644473680101223, -0.003923945409658854, 1.5040479796549313, -0.004832620129818146, 9.086747201592925E-4, 0.0, 6.615, 0.6949474057155537, 3560.1490569605394, 849.9229808388293, 4849.959881888879, 0.7340574239088332
0.0025, 0.7170864280214154, 5.968310365946075E-4, -2.7106313250119287, 3.8606154116352203, 3.9843292877567285, -0.00399576028247879, 1.504137121404221, -0.005009615468588517, 0.0010138551861097274, 0.0, 6.615, 0.7239035476203683, 3560.1490569605394, 849.9229808388293, 4849.959881888879, 0.7340574239088332
0.0026, 0.7447570003582029, 6.207042780583919E-4, -1.9883624411535443, 4.351271241261363, 4.540006256243661, -0.004052186379216923, 1.5042220492894987, -0.005185655622889315, 0.0011334692436723924, 0.0, 6.615, 0.7528596895251831, 3560.1490569605394, 849.9229808388293, 4849.959881888879, 0.7340574239088332
0.0027, 0.7717937625476253, 6.445775195221761E-4, -1.074588382417896, 5.0154571550327605, 5.269373986604016, -0.004089175527766166, 1.5042981506133795, -0.005360777349080229, 0.0012716018213140628, 0.0, 6.615, 0.7818158314299978, 3560.1490569605394, 849.9229808388293, 4849.959881888879, 0.7340574239088332
0.0028, 0.7977900853740963, 6.684507609859605E-4, 0.08051973380456978, 5.979086662180316, 6.216462702026636, -0.004101575746474474, 1.5043617794391135, -0.005535014678884134, 0.00143343893240966, 0.0, 6.615, 0.8107719733348124, 3560.1490569605394, 849.9229808388293, 4849.959881888879, 0.7340574239088332
0.0029, 0.8220797448111707, 6.923240024497446E-4, 1.5344324445655682, 7.437559503654607, 7.431895686370039, -0.0040829553558662975, 1.5044409243749262, -0.005708399211575585, 0.0016254438557092867, 0.0, 6.615, 0.8397281152396272, 3560.1490569605394, 849.9229808388293, 4849.959881888879, 0.7340574239088332
