This fits B3 to B3 into the virial expansion since maxPower is set to 1.
Number of particles: 108
dryVolFracMax: 0.003
dryVolFracIncrement: 1.0E-4
Initial configuration: FCC
Dry microgel radius [nm]: 50.0
Box length [units of dry radius]: 52.648203563095535
Number of monomers: 2916666.666666667
Number of chains: 116.66666666666669
Flory interaction parameter (chi): 0.0
Young's calibration factor: 1.0
x-link fraction: 4.0E-5
MC steps: 100000
Equilibration steps: 10000.0
Snapshot interval: 100
Displacement tolerance: 0.1
Particle radius change tolerance: 0.0
Particle radius bin width: 0.001
g(r) bin width: 0.005
phi0, phi, rho, mu/kT, Z_measured, Z_virial_Fit, <F_total>/V, QMelting, <F_id>/V, <F_ex>/V, <F_FR>/V, <alpha>, Zeta, B2_rho, B2_phi0, B2_HS, B2*
2.0E-4, 0.05789943198848988, 4.774648292756861E-5, -9.570740495354325, 1.0442714612649544, 1.175791421798691, -5.131091027129176E-4, 1.5005132912972927, -5.213638970822166E-4, 8.254794369299043E-6, 0.0, 6.615, 0.05791228380962948, 3560.1490569605394, 849.9229808388293, 4849.959881888879, 0.7340574239088332
3.0E-4, 0.08683808352700594, 7.161972439135293E-5, -8.98440299302041, 1.070331691664966, 1.26804225192123, -7.342773027801569E-4, 1.5007347557701032, -7.530065463303081E-4, 1.8729243550151163E-5, 0.0, 6.615, 0.08686842571444423, 3560.1490569605394, 849.9229808388293, 4849.959881888879, 0.7340574239088332
4.0E-4, 0.11577163815803204, 9.549296585513724E-5, -8.511493407119685, 1.4296333564521777, 1.3631964948592319, -9.429634256397409E-4, 1.500946840762793, -9.765371141186377E-4, 3.3573688478896844E-5, 0.0, 6.615, 0.11582456761925897, 3560.1490569605394, 849.9229808388293, 4849.959881888879, 0.7340574239088332
5.0E-4, 0.14469428390700315, 1.1936620731892148E-4, -8.098767223133338, 1.197774316284259, 1.4612541506126957, -0.0011411434932718898, 1.5011433559587266, -0.0011940355932402447, 5.289209996835489E-5, 0.0, 6.615, 0.1447807095240737, 3560.1490569605394, 849.9229808388293, 4849.959881888879, 0.7340574239088332
6.0E-4, 0.17359030331528952, 1.4323944878270585E-4, -7.7225079144440505, 1.2882443982507192, 1.5622152191816228, -0.0013299386237605785, 1.5013338613465814, -0.001406727072591923, 7.678844883134436E-5, 0.0, 6.615, 0.17373685142888845, 3560.1490569605394, 849.9229808388293, 4849.959881888879, 0.7340574239088332
7.0E-4, 0.20247532039938387, 1.6711269024649017E-4, -7.370064363498268, 1.2628594768804504, 1.666079700566012, -0.0015100543440006344, 1.5015143002842475, -0.0016154210498813184, 1.0536670588068396E-4, 0.0, 6.615, 0.20269299333370322, 3560.1490569605394, 849.9229808388293, 4849.959881888879, 0.7340574239088332
8.0E-4, 0.2313580846771419, 1.9098593171027449E-4, -7.033884980532026, 1.4336622387433735, 1.7728475947658637, -0.001681962026216492, 1.5016902672284236, -0.0018206928681456847, 1.3873084192919264E-4, 0.0, 6.615, 0.23164913523851796, 3560.1490569605394, 849.9229808388293, 4849.959881888879, 0.7340574239088332
9.0E-4, 0.2601988344463059, 2.148591731740588E-4, -6.70909883531073, 1.6715090577853795, 1.882518901781178, -0.001845987883219145, 1.5018603324291424, -0.0020229727110088343, 1.769848277896892E-4, 0.0, 6.615, 0.2606052771433327, 3560.1490569605394, 849.9229808388293, 4849.959881888879, 0.7340574239088332
0.001, 0.2890447353264298, 2.38732414637843E-4, -6.392380090864798, 1.4659580402867631, 1.9950936216119541, -0.002002361852091009, 1.5020132429403212, -0.0022225944863660013, 2.202326342749924E-4, 0.0, 6.615, 0.2895614190481475, 3560.1490569605394, 849.9229808388293, 4849.959881888879, 0.7340574239088332
0.0011, 0.3178290546264241, 2.626056561016274E-4, -6.081356563049172, 1.309973139495022, 2.110571754258194, -0.002151246710504001, 1.5021591695278207, -0.0024198249427019227, 2.6857823219792165E-4, 0.0, 6.615, 0.31851756095296224, 3560.1490569605394, 849.9229808388293, 4849.959881888879, 0.7340574239088332
0.0012, 0.34661101277803136, 2.864788975654117E-4, -5.774276718825047, 1.9969833417962988, 2.2289532997198953, -0.002292756512675165, 1.5023195219322036, -0.00261488210504646, 3.221255923712952E-4, 0.0, 6.615, 0.34747370285777696, 3560.1490569605394, 849.9229808388293, 4849.959881888879, 0.7340574239088332
0.0013, 0.37532955062017753, 3.10352139029196E-4, -5.469810424693823, 1.6494677839121274, 2.3502382579970598, -0.002426968835985562, 1.502445797276823, -0.002807947521593494, 3.809786856079321E-4, 0.0, 6.615, 0.3764298447625917, 3560.1490569605394, 849.9229808388293, 4849.959881888879, 0.7340574239088332
0.0014, 0.40405721540711953, 3.342253804929803E-4, -5.166923746859222, 1.945107107230485, 2.4744266290896864, -0.0025539332368817013, 1.5025832123163465, -0.002999174719602353, 4.452414827206514E-4, 0.0, 6.615, 0.4053859866674065, 3560.1490569605394, 849.9229808388293, 4849.959881888879, 0.7340574239088332
0.0015, 0.4326872229467037, 3.580986219567647E-4, -4.864797050468193, 2.1805503170049065, 2.601518412997776, -0.002673677278561646, 1.5027122649229767, -0.003188695233083918, 5.150179545222721E-4, 0.0, 6.615, 0.4343421285722212, 3560.1490569605394, 849.9229808388293, 4849.959881888879, 0.7340574239088332
0.0016, 0.4612859712602476, 3.8197186342054886E-4, -4.562769585203355, 1.8697655680685799, 2.7315136097213264, -0.0027862109442825756, 1.5028174961545897, -0.0033766230161081877, 5.904120718256122E-4, 0.0, 6.615, 0.463298270477036, 3560.1490569605394, 849.9229808388293, 4849.959881888879, 0.7340574239088332
0.0017, 0.48987209812819243, 4.0584510488433315E-4, -4.260300900036457, 2.283109075739154, 2.8644122192603407, -0.0028915299431717945, 1.5029400952863232, -0.0035630577486152858, 6.715278054434915E-4, 0.0, 6.615, 0.49225441238185075, 3560.1490569605394, 849.9229808388293, 4849.959881888879, 0.7340574239088332
0.0018, 0.5183028588407643, 4.297183463481176E-4, -3.956943303622851, 2.5303340866871746, 3.0002142416148185, -0.00298961823562286, 1.5030533832441646, -0.003748087361811589, 7.584691261887293E-4, 0.0, 6.615, 0.5212105542866655, 3560.1490569605394, 849.9229808388293, 4849.959881888879, 0.7340574239088332
0.0019, 0.5467502660365324, 4.535915878119019E-4, -3.6523217805557255, 2.338912798213662, 3.1389196767847576, -0.003080449995849083, 1.5031376015329145, -0.003931790000723226, 8.51340004874143E-4, 0.0, 6.615, 0.5501666961914803, 3560.1490569605394, 849.9229808388293, 4849.959881888879, 0.7340574239088332
0.002, 0.5752005795975353, 4.7746482927568624E-4, -3.3461190651481294, 2.984914880208077, 3.280528524770159, -0.0031639911601904725, 1.503250637909222, -0.004114235572503025, 9.502444123125526E-4, 0.0, 6.615, 0.579122838096295, 3560.1490569605394, 849.9229808388293, 4849.959881888879, 0.7340574239088332
0.0021, 0.6034591156394385, 5.013380707394704E-4, -3.0380643607354623, 3.2202171131871533, 3.425040785571023, -0.0032402006650356354, 1.5033418897409885, -0.0042954869843524115, 0.0010552863193167758, 0.0, 6.615, 0.6080789800011096, 3560.1490569605394, 849.9229808388293, 4849.959881888879, 0.7340574239088332
0.0022, 0.6324525405537739, 5.252113122032547E-4, -2.7279246856341377, 3.2192392035797366, 3.5724564591873493, -0.0033090314484523365, 1.5034143483049447, -0.0044756011451519695, 0.0011665696966996328, 0.0, 6.615, 0.6370351219059244, 3560.1490569605394, 849.9229808388293, 4849.959881888879, 0.7340574239088332
0.0023, 0.6609753305064048, 5.490845536670391E-4, -2.415498144373677, 3.354210539612224, 3.722775545619139, -0.003370431269355833, 1.503483198002135, -0.004654629784629776, 0.0012841985152739425, 0.0, 6.615, 0.665991263810739, 3560.1490569605394, 849.9229808388293, 4849.959881888879, 0.7340574239088332
0.0024, 0.689196164111427, 5.729577951308231E-4, -2.100608632042066, 3.5745355740651386, 3.875998044866389, -0.003424343383965625, 1.5035483776292382, -0.004832620129818146, 0.0014082767458525208, 0.0, 6.615, 0.6949474057155537, 3560.1490569605394, 849.9229808388293, 4849.959881888879, 0.7340574239088332
0.0025, 0.7170864280214154, 5.968310365946075E-4, -1.7831016203857981, 3.8606154116352203, 4.032123956929103, -0.003470707109340326, 1.5036120682310825, -0.005009615468588517, 0.0015389083592481914, 0.0, 6.615, 0.7239035476203683, 3560.1490569605394, 849.9229808388293, 4849.959881888879, 0.7340574239088332
0.0026, 0.7447570003582029, 6.207042780583919E-4, -1.4628407708733082, 4.351271241261363, 4.191153281807281, -0.0035094582966155438, 1.5036793212068973, -0.005185655622889315, 0.0016761973262737707, 0.0, 6.615, 0.7528596895251831, 3560.1490569605394, 849.9229808388293, 4849.959881888879, 0.7340574239088332
0.0027, 0.7717937625476253, 6.445775195221761E-4, -1.1397051873080626, 5.0154571550327605, 4.353086019500919, -0.0035405297313381525, 1.5037495048169514, -0.005360777349080229, 0.0018202476177420763, 0.0, 6.615, 0.7818158314299978, 3560.1490569605394, 849.9229808388293, 4849.959881888879, 0.7340574239088332
0.0028, 0.7977900853740963, 6.684507609859605E-4, -0.8135871683315932, 5.979086662180316, 4.517922170010022, -0.003563851474418204, 1.5038240551670574, -0.005535014678884134, 0.00197116320446593, 0.0, 6.615, 0.8107719733348124, 3560.1490569605394, 849.9229808388293, 4849.959881888879, 0.7340574239088332
0.0029, 0.8220797448111707, 6.923240024497446E-4, -0.4843903544915369, 7.437559503654607, 4.685661733334585, -0.003579351154317437, 1.5039373201733772, -0.005708399211575585, 0.0021290480572581476, 0.0, 6.615, 0.8397281152396272, 3560.1490569605394, 849.9229808388293, 4849.959881888879, 0.7340574239088332
