This fits B3 to B11 into the virial expansion since maxPower is set to 9.
Number of particles: 108
dryVolFracMax: 0.003
dryVolFracIncrement: 1.0E-4
Initial configuration: FCC
Dry microgel radius [nm]: 50.0
Box length [units of dry radius]: 52.648203563095535
Number of monomers: 2916666.666666667
Number of chains: 116.66666666666669
Flory interaction parameter (chi): 0.0
Young's calibration factor: 1.0
x-link fraction: 4.0E-5
MC steps: 100000
Equilibration steps: 10000.0
Snapshot interval: 100
Displacement tolerance: 0.1
Particle radius change tolerance: 0.0
Particle radius bin width: 0.001
g(r) bin width: 0.005
phi0, phi, rho, mu/kT, Z_measured, Z_virial_Fit, <F_total>/V, QMelting, <F_id>/V, <F_ex>/V, <F_FR>/V, <alpha>, Zeta, B2_rho, B2_phi0, B2_HS, B2*
2.0E-4, 0.05789943198848988, 4.774648292756861E-5, -9.842731378882627, 1.0442714612649544, 1.0318866575996537, -5.192247644227308E-4, 1.5005194069590024, -5.213638970822166E-4, 2.1391326594857967E-6, 0.0, 6.615, 0.05791228380962948, 3560.1490569605394, 849.9229808388293, 4849.959881888879, 0.7340574239088332
3.0E-4, 0.08683808352700594, 7.161972439135293E-5, -9.316375256877878, 1.070331691664966, 1.1241365608442784, -7.477465788899238E-4, 1.500748225046213, -7.530065463303081E-4, 5.2599674403842574E-6, 0.0, 6.615, 0.08686842571444423, 3560.1490569605394, 849.9229808388293, 4849.959881888879, 0.7340574239088332
4.0E-4, 0.11577163815803204, 9.549296585513724E-5, -8.864525958867887, 1.4296333564521777, 1.236935204092549, -9.646184859215752E-4, 1.500968495823075, -9.765371141186377E-4, 1.1918628197062491E-5, 0.0, 6.615, 0.11582456761925897, 3560.1490569605394, 849.9229808388293, 4849.959881888879, 0.7340574239088332
5.0E-4, 0.14469428390700315, 1.1936620731892148E-4, -8.494586593339221, 1.197774316284259, 1.3210212615011967, -0.0011716518821621154, 1.501173864347617, -0.0011940355932402447, 2.238371107812917E-5, 0.0, 6.615, 0.1447807095240737, 3560.1490569605394, 849.9229808388293, 4849.959881888879, 0.7340574239088332
6.0E-4, 0.17359030331528952, 1.4323944878270585E-4, -8.21035451334823, 1.2882443982507192, 1.3602953369991728, -0.0013708946090560457, 1.5013748173318768, -0.001406727072591923, 3.5832463535877276E-5, 0.0, 6.615, 0.17373685142888845, 3560.1490569605394, 849.9229808388293, 4849.959881888879, 0.7340574239088332
7.0E-4, 0.20247532039938387, 1.6711269024649017E-4, -7.990692314918325, 1.2628594768804504, 1.3693708344813535, -0.0015641853337732112, 1.50156843127402, -0.0016154210498813184, 5.123571610810731E-5, 0.0, 6.615, 0.20269299333370322, 3560.1490569605394, 849.9229808388293, 4849.959881888879, 0.7340574239088332
8.0E-4, 0.2313580846771419, 1.9098593171027449E-4, -7.799660880049924, 1.4336622387433735, 1.3771893038022798, -0.00175264928252861, 1.5017609544847357, -0.0018206928681456847, 6.804358561707466E-5, 0.0, 6.615, 0.23164913523851796, 3560.1490569605394, 849.9229808388293, 4849.959881888879, 0.7340574239088332
9.0E-4, 0.2601988344463059, 2.148591731740588E-4, -7.6030056822650405, 1.6715090577853795, 1.4100748179071196, -0.0019365430240181987, 1.5019508875699414, -0.0020229727110088343, 8.642968699063556E-5, 0.0, 6.615, 0.2606052771433327, 3560.1490569605394, 849.9229808388293, 4849.959881888879, 0.7340574239088332
0.001, 0.2890447353264298, 2.38732414637843E-4, -7.380267739386698, 1.4659580402867631, 1.4809232140516975, -0.0021154535128813387, 1.5021263346011116, -0.0022225944863660013, 1.0714097348466242E-4, 0.0, 6.615, 0.2895614190481475, 3560.1490569605394, 849.9229808388293, 4849.959881888879, 0.7340574239088332
0.0011, 0.3178290546264241, 2.626056561016274E-4, -7.128864298980512, 1.309973139495022, 1.586457355444435, -0.002288692761196924, 1.5022966155785136, -0.0024198249427019227, 1.3113218150499894E-4, 0.0, 6.615, 0.31851756095296224, 3560.1490569605394, 849.9229808388293, 4849.959881888879, 0.7340574239088332
0.0012, 0.34661101277803136, 2.864788975654117E-4, -6.860620842568073, 1.9969833417962988, 1.711375417785863, -0.0024556960386008897, 1.5024824614581294, -0.00261488210504646, 1.5918606644557028E-4, 0.0, 6.615, 0.34747370285777696, 3560.1490569605394, 849.9229808388293, 4849.959881888879, 0.7340574239088332
0.0013, 0.37532955062017753, 3.10352139029196E-4, -6.593492723698514, 1.6494677839121274, 1.8365220570973353, -0.0026162731192676267, 1.5026351015601052, -0.002807947521593494, 1.9167440232586725E-4, 0.0, 6.615, 0.3764298447625917, 3560.1490569605394, 849.9229808388293, 4849.959881888879, 0.7340574239088332
0.0014, 0.40405721540711953, 3.342253804929803E-4, -6.342067067493553, 1.945107107230485, 1.9476686499019351, -0.002770640074332613, 1.5027999191537973, -0.002999174719602353, 2.2853464526973984E-4, 0.0, 6.615, 0.4053859866674065, 3560.1490569605394, 849.9229808388293, 4849.959881888879, 0.7340574239088332
0.0015, 0.4326872229467037, 3.580986219567647E-4, -6.1102222924543526, 2.1805503170049065, 2.0418450932678525, -0.0029192440969258247, 1.5029578317413408, -0.003188695233083918, 2.6945113615809324E-4, 0.0, 6.615, 0.4343421285722212, 3560.1490569605394, 849.9229808388293, 4849.959881888879, 0.7340574239088332
0.0016, 0.4612859712602476, 3.8197186342054886E-4, -5.888343680781497, 1.8697655680685799, 2.12916838945452, -0.0030624640254641525, 1.5030937492357712, -0.0033766230161081877, 3.1415899064403527E-4, 0.0, 6.615, 0.463298270477036, 3560.1490569605394, 849.9229808388293, 4849.959881888879, 0.7340574239088332
0.0017, 0.48987209812819243, 4.0584510488433315E-4, -5.656035915770306, 2.283109075739154, 2.229508896838098, -0.0032003097615421775, 1.5032488751046935, -0.0035630577486152858, 3.627479870731082E-4, 0.0, 6.615, 0.49225441238185075, 3560.1490569605394, 849.9229808388293, 4849.959881888879, 0.7340574239088332
0.0018, 0.5183028588407643, 4.297183463481176E-4, -5.389619799588954, 2.5303340866871746, 2.364870184631485, -0.003332246612791307, 1.503396011621333, -0.003748087361811589, 4.158407490202822E-4, 0.0, 6.615, 0.5212105542866655, 3560.1490569605394, 849.9229808388293, 4849.959881888879, 0.7340574239088332
0.0019, 0.5467502660365324, 4.535915878119019E-4, -5.072130937053069, 2.338912798213662, 2.549779362310062, -0.003457234394844978, 1.5035143859319104, -0.003931790000723226, 4.745556058782484E-4, 0.0, 6.615, 0.5501666961914803, 3560.1490569605394, 849.9229808388293, 4849.959881888879, 0.7340574239088332
0.002, 0.5752005795975353, 4.7746482927568624E-4, -4.702332671394735, 2.984914880208077, 2.7830380451086967, -0.0035740012512176372, 1.5036606480002492, -0.004114235572503025, 5.402343212853877E-4, 0.0, 6.615, 0.579122838096295, 3560.1490569605394, 849.9229808388293, 4849.959881888879, 0.7340574239088332
0.0021, 0.6034591156394385, 5.013380707394704E-4, -4.298693257239599, 3.2202171131871533, 3.044616242841812, -0.00368148061761466, 1.5037831696935675, -0.0042954869843524115, 6.140063667377516E-4, 0.0, 6.615, 0.6080789800011096, 3560.1490569605394, 849.9229808388293, 4849.959881888879, 0.7340574239088332
0.0022, 0.6324525405537739, 5.252113122032547E-4, -3.8946372382352727, 3.2192392035797366, 3.301028900384381, -0.003779245254836791, 1.5038845621113293, -0.0044756011451519695, 6.963558903151784E-4, 0.0, 6.615, 0.6370351219059244, 3560.1490569605394, 849.9229808388293, 4849.959881888879, 0.7340574239088332
0.0023, 0.6609753305064048, 5.490845536670391E-4, -3.522942253810534, 3.354210539612224, 3.520964052337604, -0.003867700150176433, 1.5039804668829555, -0.004654629784629776, 7.869296344533427E-4, 0.0, 6.615, 0.665991263810739, 3560.1490569605394, 849.9229808388293, 4849.959881888879, 0.7340574239088332
0.0024, 0.689196164111427, 5.729577951308231E-4, -3.190193970639431, 3.5745355740651386, 3.6999790624322486, -0.0039477783490970775, 1.5040718125943697, -0.004832620129818146, 8.848417807210684E-4, 0.0, 6.615, 0.6949474057155537, 3560.1490569605394, 849.9229808388293, 4849.959881888879, 0.7340574239088332
0.0025, 0.7170864280214154, 5.968310365946075E-4, -2.8470124335525844, 3.8606154116352203, 3.888493676793587, -0.004019959093805363, 1.5041613202155475, -0.005009615468588517, 9.896563747831544E-4, 0.0, 6.615, 0.7239035476203683, 3560.1490569605394, 849.9229808388293, 4849.959881888879, 0.7340574239088332
0.0026, 0.7447570003582029, 6.207042780583919E-4, -2.366601754280248, 4.351271241261363, 4.210832110187766, -0.004082641338314937, 1.5042525042485968, -0.005185655622889315, 0.0011030142845743773, 0.0, 6.615, 0.7528596895251831, 3560.1490569605394, 849.9229808388293, 4849.959881888879, 0.7340574239088332
0.0027, 0.7717937625476253, 6.445775195221761E-4, -1.5533305937633424, 5.0154571550327605, 4.854447584835725, -0.004130309763984078, 1.5043392848495973, -0.005360777349080229, 0.001230467585096151, 0.0, 6.615, 0.7818158314299978, 3560.1490569605394, 849.9229808388293, 4849.959881888879, 0.7340574239088332
0.0028, 0.7977900853740963, 6.684507609859605E-4, -0.2148022252152222, 5.979086662180316, 5.997448128673568, -0.004152583476477692, 1.5044127871691169, -0.005535014678884134, 0.0013824312024064422, 0.0, 6.615, 0.8107719733348124, 3560.1490569605394, 849.9229808388293, 4849.959881888879, 0.7340574239088332
0.0029, 0.8220797448111707, 6.923240024497446E-4, 1.6545010249776189, 7.437559503654607, 7.6288784969183325, -0.004136204923473627, 1.5044941739425335, -0.005708399211575585, 0.001572194288101958, 0.0, 6.615, 0.8397281152396272, 3560.1490569605394, 849.9229808388293, 4849.959881888879, 0.7340574239088332
