This fits B3 to B5 into the virial expansion since maxPower is set to 3.
Number of particles: 108
dryVolFracMax: 0.003
dryVolFracIncrement: 1.0E-4
Initial configuration: FCC
Dry microgel radius [nm]: 50.0
Box length [units of dry radius]: 52.648203563095535
Number of monomers: 2916666.666666667
Number of chains: 116.66666666666669
Flory interaction parameter (chi): 0.0
Young's calibration factor: 1.0
x-link fraction: 4.0E-5
MC steps: 100000
Equilibration steps: 10000.0
Snapshot interval: 100
Displacement tolerance: 0.1
Particle radius change tolerance: 0.0
Particle radius bin width: 0.001
g(r) bin width: 0.005
phi0, phi, rho, mu/kT, Z_measured, Z_virial_Fit, <F_total>/V, QMelting, <F_id>/V, <F_ex>/V, <F_FR>/V, <alpha>, Zeta, B2_rho, B2_phi0, B2_HS, B2*
2.0E-4, 0.05789943198848988, 4.774648292756861E-5, -9.611840202203538, 1.0442714612649544, 1.1485378014734593, -5.137702046467484E-4, 1.5005139523992266, -5.213638970822166E-4, 7.5936924354681555E-6, 0.0, 6.615, 0.05791228380962948, 3560.1490569605394, 849.9229808388293, 4849.959881888879, 0.7340574239088332
3.0E-4, 0.08683808352700594, 7.161972439135293E-5, -9.07476444538921, 1.070331691664966, 1.208325633441689, -7.364720773373244E-4, 1.5007369505446602, -7.530065463303081E-4, 1.653446899298367E-5, 0.0, 6.615, 0.08686842571444423, 3560.1490569605394, 849.9229808388293, 4849.959881888879, 0.7340574239088332
4.0E-4, 0.11577163815803204, 9.549296585513724E-5, -8.66810438411631, 1.4296333564521777, 1.260105509233818, -9.480742083483192E-4, 1.5009519515455017, -9.765371141186377E-4, 2.8462905770318544E-5, 0.0, 6.615, 0.11582456761925897, 3560.1490569605394, 849.9229808388293, 4849.959881888879, 0.7340574239088332
5.0E-4, 0.14469428390700315, 1.1936620731892148E-4, -8.336742242539263, 1.197774316284259, 1.3053185157903808, -0.0011509362234604138, 1.5011531486889151, -0.0011940355932402447, 4.309936977983087E-5, 0.0, 6.615, 0.1447807095240737, 3560.1490569605394, 849.9229808388293, 4849.959881888879, 0.7340574239088332
6.0E-4, 0.17359030331528952, 1.4323944878270585E-4, -8.05488171302563, 1.2882443982507192, 1.3455709558026014, -0.0013465156585908717, 1.5013504383814118, -0.001406727072591923, 6.021141400105113E-5, 0.0, 6.615, 0.17373685142888845, 3560.1490569605394, 849.9229808388293, 4849.959881888879, 0.7340574239088332
7.0E-4, 0.20247532039938387, 1.6711269024649017E-4, -7.8075853773183725, 1.2628594768804504, 1.38263434771239, -0.0015358023422062494, 1.501540048282453, -0.0016154210498813184, 7.961870767506897E-5, 0.0, 6.615, 0.20269299333370322, 3560.1490569605394, 849.9229808388293, 4849.959881888879, 0.7340574239088332
8.0E-4, 0.2313580846771419, 1.9098593171027449E-4, -7.584808825261683, 1.4336622387433735, 1.4184454257123458, -0.0017194949015467637, 1.5017278001037537, -0.0018206928681456847, 1.0119796659892097E-4, 0.0, 6.615, 0.23164913523851796, 3560.1490569605394, 849.9229808388293, 4849.959881888879, 0.7340574239088332
9.0E-4, 0.2601988344463059, 2.148591731740588E-4, -7.378981786540764, 1.6715090577853795, 1.4551061397457552, -0.0018980848275888568, 1.5019124293735122, -0.0020229727110088343, 1.2488788341997743E-4, 0.0, 6.615, 0.2606052771433327, 3560.1490569605394, 849.9229808388293, 4849.959881888879, 0.7340574239088332
0.001, 0.2890447353264298, 2.38732414637843E-4, -7.18387256441747, 1.4659580402867631, 1.4948836555065939, -0.0020719004284356717, 1.5020827815166657, -0.0022225944863660013, 1.5069405793032982E-4, 0.0, 6.615, 0.2895614190481475, 3560.1490569605394, 849.9229808388293, 4849.959881888879, 0.7340574239088332
0.0011, 0.3178290546264241, 2.626056561016274E-4, -6.9939965952898255, 1.309973139495022, 1.5402103544395258, -0.0022411310153407442, 1.5022490538326574, -0.0024198249427019227, 1.7869392736117855E-4, 0.0, 6.615, 0.31851756095296224, 3560.1490569605394, 849.9229808388293, 4849.959881888879, 0.7340574239088332
0.0012, 0.34661101277803136, 2.864788975654117E-4, -6.804283446973735, 1.9969833417962988, 1.5936838337399013, -0.002405840408369241, 1.5024326058278978, -0.00261488210504646, 2.0904169667721888E-4, 0.0, 6.615, 0.34747370285777696, 3560.1490569605394, 849.9229808388293, 4849.959881888879, 0.7340574239088332
0.0013, 0.37532955062017753, 3.10352139029196E-4, -6.609877567136959, 1.6494677839121274, 1.6580669063537605, -0.0025659742527224644, 1.50258480269356, -0.002807947521593494, 2.4197326887102943E-4, 0.0, 6.615, 0.3764298447625917, 3560.1490569605394, 849.9229808388293, 4849.959881888879, 0.7340574239088332
0.0014, 0.40405721540711953, 3.342253804929803E-4, -6.406013083461216, 1.945107107230485, 1.7362876009778312, -0.002721363544344894, 1.5027506426238095, -0.002999174719602353, 2.77811175257459E-4, 0.0, 6.615, 0.4053859866674065, 3560.1490569605394, 849.9229808388293, 4849.959881888879, 0.7340574239088332
0.0015, 0.4326872229467037, 3.580986219567647E-4, -6.187931902883091, 2.1805503170049065, 1.8314391620595287, -0.002871725727315904, 1.502910313371731, -0.003188695233083918, 3.169695057680139E-4, 0.0, 6.615, 0.4343421285722212, 3560.1490569605394, 849.9229808388293, 4849.959881888879, 0.7340574239088332
0.0016, 0.4612859712602476, 3.8197186342054886E-4, -5.950828297186479, 1.8697655680685799, 1.9467800497969552, -0.003016664176862943, 1.50304794938717, -0.0033766230161081877, 3.5995883924524444E-4, 0.0, 6.615, 0.463298270477036, 3560.1490569605394, 849.9229808388293, 4849.959881888879, 0.7340574239088332
0.0017, 0.48987209812819243, 4.0584510488433315E-4, -5.689810317756047, 2.283109075739154, 2.0857339401389052, -0.003155666574878152, 1.5032042319180294, -0.0035630577486152858, 4.073911737371337E-4, 0.0, 6.615, 0.49225441238185075, 3560.1490569605394, 849.9229808388293, 4849.959881888879, 0.7340574239088332
0.0018, 0.5183028588407643, 4.297183463481176E-4, -5.399872255971702, 2.5303340866871746, 2.251889724784858, -0.0032881025050201054, 1.5033518675135618, -0.003748087361811589, 4.599848567914838E-4, 0.0, 6.615, 0.5212105542866655, 3560.1490569605394, 849.9229808388293, 4849.959881888879, 0.7340574239088332
0.0019, 0.5467502660365324, 4.535915878119019E-4, -5.075874559462829, 2.338912798213662, 2.4490015111849806, -0.0034132204849729236, 1.5034703720220384, -0.003931790000723226, 5.185695157503025E-4, 0.0, 6.615, 0.5501666961914803, 3560.1490569605394, 849.9229808388293, 4849.959881888879, 0.7340574239088332
0.002, 0.5752005795975353, 4.7746482927568624E-4, -4.712528905890312, 2.984914880208077, 2.6809886225401294, -0.003530144584458833, 1.5036167913334906, -0.004114235572503025, 5.840909880441918E-4, 0.0, 6.615, 0.579122838096295, 3560.1490569605394, 849.9229808388293, 4849.959881888879, 0.7340574239088332
0.0021, 0.6034591156394385, 5.013380707394704E-4, -4.304386922249028, 3.2202171131871533, 2.9519355978018478, -0.003637870732865678, 1.5037395598088186, -0.0042954869843524115, 6.576162514867336E-4, 0.0, 6.615, 0.6080789800011096, 3560.1490569605394, 849.9229808388293, 4849.959881888879, 0.7340574239088332
0.0022, 0.6324525405537739, 5.252113122032547E-4, -3.8458315308265054, 3.2192392035797366, 3.266092191672368, -0.003735262790583089, 1.5038405796470755, -0.0044756011451519695, 7.403383545688804E-4, 0.0, 6.615, 0.6370351219059244, 3560.1490569605394, 849.9229808388293, 4849.959881888879, 0.7340574239088332
0.0023, 0.6609753305064048, 5.490845536670391E-4, -3.3310702204350218, 3.354210539612224, 3.6278733746046146, -0.003821048437876438, 1.5039338151706556, -0.004654629784629776, 8.33581346753338E-4, 0.0, 6.615, 0.665991263810739, 3560.1490569605394, 849.9229808388293, 4849.959881888879, 0.7340574239088332
0.0024, 0.689196164111427, 5.729577951308231E-4, -2.754129750756963, 3.5745355740651386, 4.041859332802185, -0.0038938149210491933, 1.5040178491663216, -0.004832620129818146, 9.388052087689527E-4, 0.0, 6.615, 0.6949474057155537, 3560.1490569605394, 849.9229808388293, 4849.959881888879, 0.7340574239088332
0.0025, 0.7170864280214154, 5.968310365946075E-4, -2.1088519384448476, 3.8606154116352203, 4.51279546821939, -0.00395200468568341, 1.5040933658074256, -0.005009615468588517, 0.0010576107829051078, 0.0, 6.615, 0.7239035476203683, 3560.1490569605394, 849.9229808388293, 4849.959881888879, 0.7340574239088332
0.0026, 0.7447570003582029, 6.207042780583919E-4, -1.3888902701847918, 4.351271241261363, 5.045592398561208, -0.0039939109195832176, 1.504163773829865, -0.005185655622889315, 0.001191744703306097, 0.0, 6.615, 0.7528596895251831, 3560.1490569605394, 849.9229808388293, 4849.959881888879, 0.7340574239088332
0.0027, 0.7717937625476253, 6.445775195221761E-4, -0.5877071553095812, 5.0154571550327605, 5.6453259572833066, -0.00401767302281471, 1.5042266481084279, -0.005360777349080229, 0.0013431043262655189, 0.0, 6.615, 0.7818158314299978, 3560.1490569605394, 849.9229808388293, 4849.959881888879, 0.7340574239088332
0.0028, 0.7977900853740963, 6.684507609859605E-4, 0.30142832169830847, 5.979086662180316, 6.317237193592057, -0.004021272018363466, 1.5042814757110026, -0.005535014678884134, 0.0015137426605206683, 0.0, 6.615, 0.8107719733348124, 3560.1490569605394, 849.9229808388293, 4849.959881888879, 0.7340574239088332
0.0029, 0.8220797448111707, 6.923240024497446E-4, 1.2854422541386326, 7.437559503654607, 7.066732372444497, -0.004002525914028672, 1.5043604949330887, -0.005708399211575585, 0.001705873297546913, 0.0, 6.615, 0.8397281152396272, 3560.1490569605394, 849.9229808388293, 4849.959881888879, 0.7340574239088332
