This fits B3 to B9 into the virial expansion since maxPower is set to 7.
Number of particles: 108
dryVolFracMax: 0.003
dryVolFracIncrement: 1.0E-4
Initial configuration: FCC
Dry microgel radius [nm]: 50.0
Box length [units of dry radius]: 52.648203563095535
Number of monomers: 2916666.666666667
Number of chains: 116.66666666666669
Flory interaction parameter (chi): 0.0
Young's calibration factor: 1.0
x-link fraction: 4.0E-5
MC steps: 100000
Equilibration steps: 10000.0
Snapshot interval: 100
Displacement tolerance: 0.1
Particle radius change tolerance: 0.0
Particle radius bin width: 0.001
g(r) bin width: 0.005
phi0, phi, rho, mu/kT, Z_measured, Z_virial_Fit, <F_total>/V, QMelting, <F_id>/V, <F_ex>/V, <F_FR>/V, <alpha>, Zeta, B2_rho, B2_phi0, B2_HS, B2*
2.0E-4, 0.05789943198848988, 4.774648292756861E-5, -9.78164957241513, 1.0442714612649544, 1.0505773721483338, -5.172007388761481E-4, 1.500517382933456, -5.213638970822166E-4, 4.163158206068568E-6, 0.0, 6.615, 0.05791228380962948, 3560.1490569605394, 849.9229808388293, 4849.959881888879, 0.7340574239088332
3.0E-4, 0.08683808352700594, 7.161972439135293E-5, -9.310110230027158, 1.070331691664966, 1.0899183028586346, -7.448471771874869E-4, 1.5007453256445105, -7.530065463303081E-4, 8.159369142821219E-6, 0.0, 6.615, 0.08686842571444423, 3560.1490569605394, 849.9229808388293, 4849.959881888879, 0.7340574239088332
4.0E-4, 0.11577163815803204, 9.549296585513724E-5, -8.913663625224883, 1.4296333564521777, 1.163452853327481, -9.622937398046414E-4, 1.500966171076958, -9.765371141186377E-4, 1.4243374313996344E-5, 0.0, 6.615, 0.11582456761925897, 3560.1490569605394, 849.9229808388293, 4849.959881888879, 0.7340574239088332
5.0E-4, 0.14469428390700315, 1.1936620731892148E-4, -8.550085131808899, 1.197774316284259, 1.2575119588793462, -0.0011706956676275444, 1.5011729081330822, -0.0011940355932402447, 2.333992561270034E-5, 0.0, 6.615, 0.1447807095240737, 3560.1490569605394, 849.9229808388293, 4849.959881888879, 0.7340574239088332
6.0E-4, 0.17359030331528952, 1.4323944878270585E-4, -8.21714146088871, 1.2882443982507192, 1.352652281774107, -0.0013707719806632089, 1.501374694703484, -0.001406727072591923, 3.595509192871411E-5, 0.0, 6.615, 0.17373685142888845, 3560.1490569605394, 849.9229808388293, 4849.959881888879, 0.7340574239088332
7.0E-4, 0.20247532039938387, 1.6711269024649017E-4, -7.92204304018356, 1.2628594768804504, 1.4329462499858001, -0.001563337427507304, 1.5015675833677542, -0.0016154210498813184, 5.208362237401429E-5, 0.0, 6.615, 0.20269299333370322, 3560.1490569605394, 849.9229808388293, 4849.959881888879, 0.7340574239088332
8.0E-4, 0.2313580846771419, 1.9098593171027449E-4, -7.669109634410761, 1.4336622387433735, 1.4905142604890655, -0.0017493593036831349, 1.50175766450589, -0.0018206928681456847, 7.133356446254993E-5, 0.0, 6.615, 0.23164913523851796, 3560.1490569605394, 849.9229808388293, 4849.959881888879, 0.7340574239088332
9.0E-4, 0.2601988344463059, 2.148591731740588E-4, -7.455261892694278, 1.6715090577853795, 1.526544848320972, -0.0019298235699837225, 1.501944168115907, -0.0020229727110088343, 9.314914102511181E-5, 0.0, 6.615, 0.2606052771433327, 3560.1490569605394, 849.9229808388293, 4849.959881888879, 0.7340574239088332
0.001, 0.2890447353264298, 2.38732414637843E-4, -7.269796203973225, 1.4659580402867631, 1.5499075368945436, -0.002105549170447779, 1.502116430258678, -0.0022225944863660013, 1.1704531591822203E-4, 0.0, 6.615, 0.2895614190481475, 3560.1490569605394, 849.9229808388293, 4849.959881888879, 0.7340574239088332
0.0011, 0.3178290546264241, 2.626056561016274E-4, -7.096583497751236, 1.309973139495022, 1.5743219992490074, -0.002277028827034953, 1.5022849516443517, -0.0024198249427019227, 1.427961156669698E-4, 0.0, 6.615, 0.31851756095296224, 3560.1490569605394, 849.9229808388293, 4849.959881888879, 0.7340574239088332
0.0012, 0.34661101277803136, 2.864788975654117E-4, -6.9174448381132745, 1.9969833417962988, 1.61490607413023, -0.0024443384829807425, 1.5024711039025092, -0.00261488210504646, 1.705436220657174E-4, 0.0, 6.615, 0.34747370285777696, 3560.1490569605394, 849.9229808388293, 4849.959881888879, 0.7340574239088332
0.0013, 0.37532955062017753, 3.10352139029196E-4, -6.715776378983337, 1.6494677839121274, 1.6847840950039705, -0.002607131912146067, 1.5026259603529835, -0.002807947521593494, 2.0081560944742706E-4, 0.0, 6.615, 0.3764298447625917, 3560.1490569605394, 849.9229808388293, 4849.959881888879, 0.7340574239088332
0.0014, 0.40405721540711953, 3.342253804929803E-4, -6.479719960258155, 1.945107107230485, 1.7922959043123603, -0.002764717649780027, 1.5027939967292447, -0.002999174719602353, 2.3445706982232575E-4, 0.0, 6.615, 0.4053859866674065, 3560.1490569605394, 849.9229808388293, 4849.959881888879, 0.7340574239088332
0.0015, 0.4326872229467037, 3.580986219567647E-4, -6.204363291740927, 2.1805503170049065, 1.9392058394935692, -0.0029162008837046818, 1.5029547885281196, -0.003188695233083918, 2.724943493792362E-4, 0.0, 6.615, 0.4343421285722212, 3560.1490569605394, 849.9229808388293, 4849.959881888879, 0.7340574239088332
0.0016, 0.4612859712602476, 3.8197186342054886E-4, -5.892626333238078, 1.8697655680685799, 2.1201698914923686, -0.0030606627051694016, 1.5030919479154765, -0.0033766230161081877, 3.1596031093878633E-4, 0.0, 6.615, 0.463298270477036, 3560.1490569605394, 849.9229808388293, 4849.959881888879, 0.7340574239088332
0.0017, 0.48987209812819243, 4.0584510488433315E-4, -5.554656356232104, 2.283109075739154, 2.3235781506995963, -0.003197342909769027, 1.5032459082529204, -0.0035630577486152858, 3.6571483884625835E-4, 0.0, 6.615, 0.49225441238185075, 3560.1490569605394, 849.9229808388293, 4849.959881888879, 0.7340574239088332
0.0018, 0.5183028588407643, 4.297183463481176E-4, -5.205716767730903, 2.5303340866871746, 2.5337485694645494, -0.0033257902463181117, 1.5033895552548597, -0.003748087361811589, 4.222971154934775E-4, 0.0, 6.615, 0.5212105542866655, 3560.1490569605394, 849.9229808388293, 4849.959881888879, 0.7340574239088332
0.0019, 0.5467502660365324, 4.535915878119019E-4, -4.862715692149189, 2.338912798213662, 2.7343069845336956, -0.0034459455785594427, 1.503503097115625, -0.003931790000723226, 4.8584442216378356E-4, 0.0, 6.615, 0.5501666961914803, 3560.1490569605394, 849.9229808388293, 4849.959881888879, 0.7340574239088332
0.002, 0.5752005795975353, 4.7746482927568624E-4, -4.539680320034683, 2.984914880208077, 2.9124472569841515, -0.0035581288213017573, 1.5036447755703335, -0.004114235572503025, 5.561067512012676E-4, 0.0, 6.615, 0.579122838096295, 3560.1490569605394, 849.9229808388293, 4849.959881888879, 0.7340574239088332
0.0021, 0.6034591156394385, 5.013380707394704E-4, -4.242642540308658, 3.2202171131871533, 3.063624301412517, -0.0036629097227359707, 1.5037645987986887, -0.0042954869843524115, 6.325772616164408E-4, 0.0, 6.615, 0.6080789800011096, 3560.1490569605394, 849.9229808388293, 4849.959881888879, 0.7340574239088332
0.0022, 0.6324525405537739, 5.252113122032547E-4, -3.9645605873213263, 3.2192392035797366, 3.1960916903728673, -0.0037608555789987036, 1.5038661724354911, -0.0044756011451519695, 7.147455661532659E-4, 0.0, 6.615, 0.6370351219059244, 3560.1490569605394, 849.9229808388293, 4849.959881888879, 0.7340574239088332
0.0023, 0.6609753305064048, 5.490845536670391E-4, -3.681060473054977, 3.354210539612224, 3.334554434237589, -0.003852165780070302, 1.5039649325128495, -0.004654629784629776, 8.024640045594736E-4, 0.0, 6.615, 0.665991263810739, 3560.1490569605394, 849.9229808388293, 4849.959881888879, 0.7340574239088332
0.0024, 0.689196164111427, 5.729577951308231E-4, -3.347939905506511, 3.5745355740651386, 3.5220664508954656, -0.003936223694498122, 1.5040602579397706, -0.004832620129818146, 8.963964353200238E-4, 0.0, 6.615, 0.6949474057155537, 3560.1490569605394, 849.9229808388293, 4849.959881888879, 0.7340574239088332
0.0025, 0.7170864280214154, 5.968310365946075E-4, -2.901536256633938, 3.8606154116352203, 3.819161153872983, -0.0040111208021506375, 1.5041524819238927, -0.005009615468588517, 9.984946664378797E-4, 0.0, 6.615, 0.7239035476203683, 3560.1490569605394, 849.9229808388293, 4849.959881888879, 0.7340574239088332
0.0026, 0.7447570003582029, 6.207042780583919E-4, -2.2632189613072686, 4.351271241261363, 4.299062501713138, -0.004073236177919986, 1.5042430990882019, -0.005185655622889315, 0.0011124194449693287, 0.0, 6.615, 0.7528596895251831, 3560.1490569605394, 849.9229808388293, 4849.959881888879, 0.7340574239088332
0.0027, 0.7717937625476253, 6.445775195221761E-4, -1.3494255176176404, 5.0154571550327605, 5.037682765621753, -0.004116986414129881, 1.504325961499743, -0.005360777349080229, 0.0012437909349503479, 0.0, 6.615, 0.7818158314299978, 3560.1490569605394, 849.9229808388293, 4849.959881888879, 0.7340574239088332
0.0028, 0.7977900853740963, 6.684507609859605E-4, -0.08881902813463594, 5.979086662180316, 6.096972186621997, -0.004134896844803795, 1.504395100537443, -0.005535014678884134, 0.0014001178340803389, 0.0, 6.615, 0.8107719733348124, 3560.1490569605394, 849.9229808388293, 4849.959881888879, 0.7340574239088332
0.0029, 0.8220797448111707, 6.923240024497446E-4, 1.5516960223830685, 7.437559503654607, 7.5000446076389835, -0.004118184500509178, 1.504476153519569, -0.005708399211575585, 0.0015902147110664067, 0.0, 6.615, 0.8397281152396272, 3560.1490569605394, 849.9229808388293, 4849.959881888879, 0.7340574239088332
