This fits B3 to B10 into the virial expansion since maxPower is set to 8.
Number of particles: 108
dryVolFracMax: 0.003
dryVolFracIncrement: 1.0E-4
Initial configuration: FCC
Dry microgel radius [nm]: 50.0
Box length [units of dry radius]: 52.648203563095535
Number of monomers: 2916666.666666667
Number of chains: 116.66666666666669
Flory interaction parameter (chi): 0.0
Young's calibration factor: 1.0
x-link fraction: 4.0E-5
MC steps: 100000
Equilibration steps: 10000.0
Snapshot interval: 100
Displacement tolerance: 0.1
Particle radius change tolerance: 0.0
Particle radius bin width: 0.001
g(r) bin width: 0.005
phi0, phi, rho, mu/kT, Z_measured, Z_virial_Fit, <F_total>/V, QMelting, <F_id>/V, <F_ex>/V, <F_FR>/V, <alpha>, Zeta, B2_rho, B2_phi0, B2_HS, B2*
2.0E-4, 0.05789943198848988, 4.774648292756861E-5, -9.81390892227947, 1.0442714612649544, 1.037468796564873, -5.181151209933997E-4, 1.500518297315573, -5.213638970822166E-4, 3.248776088816895E-6, 0.0, 6.615, 0.05791228380962948, 3560.1490569605394, 849.9229808388293, 4849.959881888879, 0.7340574239088332
3.0E-4, 0.08683808352700594, 7.161972439135293E-5, -9.323812598491973, 1.070331691664966, 1.097278238143498, -7.463556535770857E-4, 1.5007468341209, -7.530065463303081E-4, 6.65089275322241E-6, 0.0, 6.615, 0.08686842571444423, 3560.1490569605394, 849.9229808388293, 4849.959881888879, 0.7340574239088332
4.0E-4, 0.11577163815803204, 9.549296585513724E-5, -8.898328091182217, 1.4296333564521777, 1.1943371588733107, -9.637785381108821E-4, 1.500967655875264, -9.765371141186377E-4, 1.2758576007755526E-5, 0.0, 6.615, 0.11582456761925897, 3560.1490569605394, 849.9229808388293, 4849.959881888879, 0.7340574239088332
5.0E-4, 0.14469428390700315, 1.1936620731892148E-4, -8.517922063700041, 1.197774316284259, 1.2970199095060173, -0.0011715723983968989, 1.5011737848638518, -0.0011940355932402447, 2.2463194843345717E-5, 0.0, 6.615, 0.1447807095240737, 3560.1490569605394, 849.9229808388293, 4849.959881888879, 0.7340574239088332
6.0E-4, 0.17359030331528952, 1.4323944878270585E-4, -8.191995270751761, 1.2882443982507192, 1.3787951398481104, -0.0013709147428291317, 1.50137483746565, -0.001406727072591923, 3.581232976279119E-5, 0.0, 6.615, 0.17373685142888845, 3560.1490569605394, 849.9229808388293, 4849.959881888879, 0.7340574239088332
7.0E-4, 0.20247532039938387, 1.6711269024649017E-4, -7.925495090873279, 1.2628594768804504, 1.4286000874102305, -0.0015631880100646786, 1.5015674339503116, -0.0016154210498813184, 5.223303981663981E-5, 0.0, 6.615, 0.20269299333370322, 3560.1490569605394, 849.9229808388293, 4849.959881888879, 0.7340574239088332
8.0E-4, 0.2313580846771419, 1.9098593171027449E-4, -7.710385897099833, 1.4336622387433735, 1.4512379302171463, -0.001749741262639182, 1.5017580464648461, -0.0018206928681456847, 7.095160550650272E-5, 0.0, 6.615, 0.23164913523851796, 3560.1490569605394, 849.9229808388293, 4849.959881888879, 0.7340574239088332
9.0E-4, 0.2601988344463059, 2.148591731740588E-4, -7.527596843985506, 1.6715090577853795, 1.4624327823301713, -0.0019315903323204782, 1.5019459348782438, -0.0020229727110088343, 9.138237868835616E-5, 0.0, 6.615, 0.2606052771433327, 3560.1490569605394, 849.9229808388293, 4849.959881888879, 0.7340574239088332
0.001, 0.2890447353264298, 2.38732414637843E-4, -7.353131795695088, 1.4659580402867631, 1.4819619167246845, -0.0021092232555176005, 1.5021201043437478, -0.0022225944863660013, 1.133712308484007E-4, 0.0, 6.615, 0.2895614190481475, 3560.1490569605394, 849.9229808388293, 4849.959881888879, 0.7340574239088332
0.0011, 0.3178290546264241, 2.626056561016274E-4, -7.164765762579292, 1.309973139495022, 1.5272174649314993, -0.0022825639582848005, 1.5022904867756015, -0.0024198249427019227, 1.37260984417122E-4, 0.0, 6.615, 0.31851756095296224, 3560.1490569605394, 849.9229808388293, 4849.959881888879, 0.7340574239088332
0.0012, 0.34661101277803136, 2.864788975654117E-4, -6.9472567453612655, 1.9969833417962988, 1.6086301662932585, -0.0024510810501451067, 1.5024778464696735, -0.00261488210504646, 1.6380105490135341E-4, 0.0, 6.615, 0.34747370285777696, 3560.1490569605394, 849.9229808388293, 4849.959881888879, 0.7340574239088332
0.0013, 0.37532955062017753, 3.10352139029196E-4, -6.695049862046818, 1.6494677839121274, 1.7276157218054315, -0.002613992280276102, 1.5026328207211135, -0.002807947521593494, 1.9395524131739195E-4, 0.0, 6.615, 0.3764298447625917, 3560.1490569605394, 849.9229808388293, 4849.959881888879, 0.7340574239088332
0.0014, 0.40405721540711953, 3.342253804929803E-4, -6.412238535072336, 1.945107107230485, 1.8770799483033294, -0.002770500624133664, 1.5027997797035983, -0.002999174719602353, 2.28674095468689E-4, 0.0, 6.615, 0.4053859866674065, 3560.1490569605394, 849.9229808388293, 4849.959881888879, 0.7340574239088332
0.0015, 0.4326872229467037, 3.580986219567647E-4, -6.110135309040189, 2.1805503170049065, 2.044042228228598, -0.002919999739286847, 1.502958587383702, -0.003188695233083918, 2.6869549379707105E-4, 0.0, 6.615, 0.4343421285722212, 3560.1490569605394, 849.9229808388293, 4849.959881888879, 0.7340574239088332
0.0016, 0.4612859712602476, 3.8197186342054886E-4, -5.8032135911827405, 1.8697655680685799, 2.21360770835237, -0.003062200170492863, 1.5030934853808, -0.0033766230161081877, 3.144228456153245E-4, 0.0, 6.615, 0.463298270477036, 3560.1490569605394, 849.9229808388293, 4849.959881888879, 0.7340574239088332
0.0017, 0.48987209812819243, 4.0584510488433315E-4, -5.504419478894088, 2.283109075739154, 2.3733373176500763, -0.003197149033346568, 1.503245714376498, -0.0035630577486152858, 3.659087152687178E-4, 0.0, 6.615, 0.49225441238185075, 3560.1490569605394, 849.9229808388293, 4849.959881888879, 0.7340574239088332
0.0018, 0.5183028588407643, 4.297183463481176E-4, -5.220923363828487, 2.5303340866871746, 2.5170309500320656, -0.003325140931869283, 1.503388905940411, -0.003748087361811589, 4.2294642994230615E-4, 0.0, 6.615, 0.5212105542866655, 3560.1490569605394, 849.9229808388293, 4849.959881888879, 0.7340574239088332
0.0019, 0.5467502660365324, 4.535915878119019E-4, -4.951285782079404, 2.338912798213662, 2.647053091777906, -0.003446542594525607, 1.5035036941315911, -0.003931790000723226, 4.852474061976192E-4, 0.0, 6.615, 0.5501666961914803, 3560.1490569605394, 849.9229808388293, 4849.959881888879, 0.7340574239088332
0.002, 0.5752005795975353, 4.7746482927568624E-4, -4.684751792462655, 2.984914880208077, 2.7745917664197464, -0.003561574198850403, 1.503648220947882, -0.004114235572503025, 5.526613736526222E-4, 0.0, 6.615, 0.579122838096295, 3560.1490569605394, 849.9229808388293, 4849.959881888879, 0.7340574239088332
0.0021, 0.6034591156394385, 5.013380707394704E-4, -4.402963407200026, 3.2202171131871533, 2.9176509212767883, -0.003670102664065854, 1.5037717917400186, -0.0042954869843524115, 6.253843202865574E-4, 0.0, 6.615, 0.6080789800011096, 3560.1490569605394, 849.9229808388293, 4849.959881888879, 0.7340574239088332
0.0022, 0.6324525405537739, 5.252113122032547E-4, -4.08379048305002, 3.2192392035797366, 3.0971332901238497, -0.003771502397739112, 1.5038768192542316, -0.0044756011451519695, 7.040987474128575E-4, 0.0, 6.615, 0.6370351219059244, 3560.1490569605394, 849.9229808388293, 4849.959881888879, 0.7340574239088332
0.0023, 0.6609753305064048, 5.490845536670391E-4, -3.7062271240299154, 3.354210539612224, 3.3320753352467136, -0.003864623164423879, 1.503977389897203, -0.004654629784629776, 7.900066202058964E-4, 0.0, 6.615, 0.665991263810739, 3560.1490569605394, 849.9229808388293, 4849.959881888879, 0.7340574239088332
0.0024, 0.689196164111427, 5.729577951308231E-4, -3.254383116253795, 3.5745355740651386, 3.635948099827374, -0.0039478689812859425, 1.5040719032265586, -0.004832620129818146, 8.847511485322035E-4, 0.0, 6.615, 0.6949474057155537, 3560.1490569605394, 849.9229808388293, 4849.959881888879, 0.7340574239088332
0.0025, 0.7170864280214154, 5.968310365946075E-4, -2.717518251460354, 3.8606154116352203, 4.016937687698828, -0.0040193323190671135, 1.5041606934408094, -0.005009615468588517, 9.902831495214037E-4, 0.0, 6.615, 0.7239035476203683, 3560.1490569605394, 849.9229808388293, 4849.959881888879, 0.7340574239088332
0.0026, 0.7447570003582029, 6.207042780583919E-4, -2.081821622222572, 4.351271241261363, 4.486266632437037, -0.004076840478328522, 1.5042467033886104, -0.005185655622889315, 0.001108815144560793, 0.0, 6.615, 0.7528596895251831, 3560.1490569605394, 849.9229808388293, 4849.959881888879, 0.7340574239088332
0.0027, 0.7717937625476253, 6.445775195221761E-4, -1.308228103861432, 5.0154571550327605, 5.079912621467429, -0.00411765190308778, 1.504326626988701, -0.005360777349080229, 0.001243125445992449, 0.0, 6.615, 0.7818158314299978, 3560.1490569605394, 849.9229808388293, 4849.959881888879, 0.7340574239088332
0.0028, 0.7977900853740963, 6.684507609859605E-4, -0.28899028553432426, 5.979086662180316, 5.900523902909299, -0.004137385469393698, 1.504397589162033, -0.005535014678884134, 0.0013976292094904363, 0.0, 6.615, 0.8107719733348124, 3560.1490569605394, 849.9229808388293, 4849.959881888879, 0.7340574239088332
0.0029, 0.8220797448111707, 6.923240024497446E-4, 1.2260139185365935, 7.437559503654607, 7.187921223921876, -0.004127571527887361, 1.5044855405469473, -0.005708399211575585, 0.001580827683688224, 0.0, 6.615, 0.8397281152396272, 3560.1490569605394, 849.9229808388293, 4849.959881888879, 0.7340574239088332
