This fits B3 to B9 into the virial expansion since maxPower is set to 7.
Number of particles: 108
dryVolFracMax: 0.007
dryVolFracIncrement: 1.0E-4
Initial configuration: FCC
Dry microgel radius [nm]: 50.0
Box length [units of dry radius]: 40.130210850472906
Number of monomers: 2916666.666666667
Number of chains: 116.66666666666669
Flory interaction parameter (chi): 0.0
Young's calibration factor: 1.0
x-link fraction: 4.0E-5
MC steps: 100000
Equilibration steps: 10000.0
Snapshot interval: 100
Displacement tolerance: 0.1
Particle radius change tolerance: 0.0
Particle radius bin width: 0.001
g(r) bin width: 0.005
phi0, phi, rho, mu/kT, Z_measured, Z_virial_Fit, <F_total>/V, QMelting, <F_id>/V, <F_ex>/V, <F_FR>/V, <alpha>, Zeta, B2_rho, B2_phi0, B2_HS, B2*
0.0031, 0.8639575324748126, 7.400704853773131E-4, -3.8761601373858063, 11.492332957330232, 11.579376933762898, -0.01143818682201214, 1.5121718422424235, -0.006052725597926468, -0.005385461224085672, 0.0, 6.615, 0.8976403990492569, 3560.1490569605394, 849.9229808388293, 4849.959881888879, 0.7340574239088332
0.0032, 0.8817537613805266, 7.639437268410974E-4, -1.2116574238739473, 13.797991027602007, 13.840704078094944, -0.01149915714357374, 1.5125184754440846, -0.006223720591850009, -0.005275436551723729, 0.0, 6.615, 0.9265965409540716, 3560.1490569605394, 849.9229808388293, 4849.959881888879, 0.7340574239088332
0.0033, 0.8977155083183863, 7.87816968304882E-4, 1.559329908116311, 16.191791488425594, 16.150525207291317, -0.011495191244540407, 1.5128769585859745, -0.006393969425504768, -0.005101221819035638, 0.0, 6.615, 0.9555526828588863, 3560.1490569605394, 849.9229808388293, 4849.959881888879, 0.7340574239088332
0.0034, 0.9119378878538696, 8.11690209768666E-4, 4.408237901660778, 18.538596357668418, 18.482676614541035, -0.011424084111234347, 1.5132298173450114, -0.006563494716841306, -0.004860589394393041, 0.0, 6.615, 0.9845088247637009, 3560.1490569605394, 849.9229808388293, 4849.959881888879, 0.7340574239088332
0.0035, 0.9245546167722756, 8.355634512324506E-4, 7.304850066132476, 20.942468764003845, 20.80990880503775, -0.011284333488976615, 1.5136005237486887, -0.006732317752748801, -0.004552015736227814, 0.0, 6.615, 1.0134649666685156, 3560.1490569605394, 849.9229808388293, 4849.959881888879, 0.7340574239088332
0.0036, 0.935617717392427, 8.594366926962349E-4, 10.217893817252545, 23.183693923621306, 23.104441995793138, -0.011075172346835692, 1.5139419964049958, -0.006900458603211014, -0.0041747137436246775, 0.0, 6.615, 1.0424211085733304, 3560.1490569605394, 849.9229808388293, 4849.959881888879, 0.7340574239088332
0.0037, 0.9452106920250101, 8.833099341600189E-4, 13.115699472000442, 25.621797601416077, 25.338573824323532, -0.010796586339396784, 1.5143444896363232, -0.007067936222769609, -0.003728650116627175, 0.0, 6.615, 1.0713772504781451, 3560.1490569605394, 849.9229808388293, 4849.959881888879, 0.7340574239088332
0.0038, 0.9534169965430186, 9.071831756238031E-4, 15.96691225166045, 27.778146147030064, 27.485330101072435, -0.010449314882791529, 1.5146938465793616, -0.007234768541011392, -0.0032145463417801376, 0.0, 6.615, 1.1003333923829597, 3560.1490569605394, 849.9229808388293, 4849.959881888879, 0.7340574239088332
0.0039, 0.9602592741475948, 9.310564170875875E-4, 18.7412460728167, 29.79475475155209, 29.519147954964097, -0.010034834710113823, 1.5150376254814892, -0.0074009725435247534, -0.0026338621665890696, 0.0, 6.615, 1.1292895342877745, 3560.1490569605394, 849.9229808388293, 4849.959881888879, 0.7340574239088332
0.004, 0.9659926450197704, 9.549296585513718E-4, 21.41026623317203, 31.151426552788227, 31.41657923603293, -0.009555325059180091, 1.5153100387297729, -0.00756656434454809, -0.001988760714632002, 0.0, 6.615, 1.1582456761925892, 3560.1490569605394, 849.9229808388293, 4849.959881888879, 0.7340574239088332
0.0041, 0.9718116704042511, 9.78802900015156E-4, 23.948186426437793, 35.70527698809938, 33.157000553595026, -0.009013613973362141, 1.517298503849757, -0.007731559252349387, -0.0012820547210127542, 0.0, 6.615, 1.187201818097404, 3560.1490569605394, 849.9229808388293, 4849.959881888879, 0.7340574239088332
0.0042, 0.9768818924052094, 0.0010026761414789404, 26.332663848217713, 29.193586730470248, 34.72331484296154, -0.008413105563906686, 1.5142463263405235, -0.007895971828223967, -5.171337356827191E-4, 0.0, 6.615, 1.2161579600022188, 3560.1490569605394, 849.9229808388293, 4849.959881888879, 0.7340574239088332
0.0043, 0.9808079567916701, 0.0010265493829427247, 28.545574482733578, 40.09814025557721, 36.10262786826604, -0.007757688489784281, 1.5192082587652838, -0.008059815939870624, 3.0212745008634245E-4, 0.0, 6.615, 1.2451141019070335, 3560.1490569605394, 849.9229808388293, 4849.959881888879, 0.7340574239088332
0.0044, 0.9836890072947246, 0.0010504226244065094, 30.57374898826353, 31.969501709180122, 37.28688158344903, -0.007051626358623697, 1.5149452359738824, -0.008223104809800185, 0.0011714784511764886, 0.0, 6.615, 1.2740702438118483, 3560.1490569605394, 849.9229808388293, 4849.959881888879, 0.7340574239088332
0.0045, 0.9854255242339516, 0.0010742958658702937, 32.4096479274241, 35.27322670788654, 38.27342478804644, -0.006299431239751883, 1.5153688325651375, -0.008385851059341299, 0.0020864198195894162, 0.0, 6.615, 1.3030263857166633, 3560.1490569605394, 849.9229808388293, 4849.959881888879, 0.7340574239088332
0.0046, 0.9857952388139842, 0.001098169107334078, 34.051953416731514, 37.434909492309934, 39.06550002892868, -0.005505722007694003, 1.5153785383788145, -0.008548066748732902, 0.0030423447410388993, 0.0, 6.615, 1.331982527621478, 3560.1490569605394, 849.9229808388293, 4849.959881888879, 0.7340574239088332
0.0047, 0.9852363469976315, 0.001122042348797862, 35.50605259829003, 48.57951162092678, 39.672624213678205, -0.0046750698017643515, 1.5224128717226775, -0.008709763413728975, 0.004034693611964624, 0.0, 6.615, 1.3609386695262928, 3560.1490569605394, 849.9229808388293, 4849.959881888879, 0.7340574239088332
0.0048, 0.9836438829860625, 0.0011459155902616468, 36.78438666495378, 43.73661818229038, 40.1108389158253, -0.003811833494534532, 1.5193005259412034, -0.008870952099086747, 0.005059118604552215, 0.0, 6.615, 1.3898948114311076, 3560.1490569605394, 849.9229808388293, 4849.959881888879, 0.7340574239088332
0.0049, 0.9852508290910914, 0.001169788831725431, 37.90663749886902, 41.79871370804536, 40.40280486673055, -0.0029199887090398096, 1.5178955141924768, -0.009031643389263154, 0.006111654680223344, 0.0, 6.615, 1.4188509533359224, 3560.1490569605394, 849.9229808388293, 4849.959881888879, 0.7340574239088332
0.005, 0.9815934085047199, 0.0011936620731892152, 38.89972231186734, 40.082483237352655, 40.57771364336941, -0.00200295461155473, 1.5167317061058925, -0.009191847436604594, 0.007188892825049864, 0.0, 6.615, 1.4478070952407374, 3560.1490569605394, 849.9229808388293, 4849.959881888879, 0.7340574239088332
0.0051, 0.9802137646108315, 0.0012175353146529997, 39.797565004858654, 41.59891999531584, 40.67098807591037, -0.00106342343364005, 1.5218736921839202, -0.009351573987280678, 0.008288150553640627, 0.0, 6.615, 1.4767632371455521, 3560.1490569605394, 849.9229808388293, 4849.959881888879, 0.7340574239088332
0.0052, 0.9795932556905365, 0.0012414085561167842, 40.64061129204319, 40.10991942224987, 40.72374141342175, -1.0319844395045158E-4, 1.5290365023652628, -0.009510832405183293, 0.009407633961232842, 0.0, 6.615, 1.505719379050367, 3560.1490569605394, 849.9229808388293, 4849.959881888879, 0.7340574239088332
0.0053, 0.9733922410999695, 0.0012652817975805685, 41.475052964422524, 29.8086570988472, 40.7819638006149, 8.769531030681267E-4, 1.5113575885122144, -0.00966963169398671, 0.010546584797054837, 0.0, 6.615, 1.5346755209551817, 3560.1490569605394, 849.9229808388293, 4849.959881888879, 0.7340574239088332
0.0054, 0.9697311045736561, 0.0012891550390443528, 42.35172499584389, 36.54920470045842, 40.89540313308726, 0.0018774246678428183, 1.5254979062956544, -0.009827980517542224, 0.011705405185385043, 0.0, 6.615, 1.5636316628599964, 3560.1490569605394, 849.9229808388293, 4849.959881888879, 0.7340574239088332
0.0055, 0.9675436720420177, 0.0013130282805081375, 43.3246375235655, 48.35120147142454, 41.116105873050856, 0.0028998645155259694, 1.5355064023341785, -0.009985887218761662, 0.012885751734287632, 0.0, 6.615, 1.5925878047648114, 3560.1490569605394, 849.9229808388293, 4849.959881888879, 0.7340574239088332
0.0056, 0.9638169119456372, 0.0013369015219719218, 44.44910306407793, 43.484582635668325, 41.496581922030146, 0.003947230008455508, 1.523444106567859, -0.010143359837127138, 0.014090589845582646, 0.0, 6.615, 1.6215439466696262, 3560.1490569605394, 849.9229808388293, 4849.959881888879, 0.7340574239088332
0.0057, 0.9602562155794553, 0.0013607747634357059, 45.77941765363996, 45.32199600558306, 42.08755616164217, 0.00502379194841183, 1.5373292663163372, -0.010300406124949776, 0.015324198073361606, 0.0, 6.615, 1.650500088574441, 3560.1490569605394, 849.9229808388293, 4849.959881888879, 0.7340574239088332
0.0058, 0.9544586280866102, 0.00138464800489949, 47.36605293187951, 42.39943210829751, 42.9352677879715, 0.006135077809657524, 1.5279061387642217, -0.010457033562487145, 0.01659211137214467, 0.0, 6.615, 1.6794562304792557, 3560.1490569605394, 849.9229808388293, 4849.959881888879, 0.7340574239088332
0.0059, 0.948149327114256, 0.0014085212463632744, 49.25231451546352, 44.76415377686866, 44.078277079722284, 0.007287741657724311, 1.5208104214687754, -0.010613249372017875, 0.017900991029742186, 0.0, 6.615, 1.7084123723840707, 3560.1490569605394, 849.9229808388293, 4849.959881888879, 0.7340574239088332
0.006, 0.9428860879920357, 0.001432394487827059, 51.47042033780788, 47.108594059271816, 45.543737754866925, 0.00848934746291043, 1.5307267825261806, -0.01076906053096181, 0.01925840799387224, 0.0, 6.615, 1.7373685142888855, 3560.1490569605394, 849.9229808388293, 4849.959881888879, 0.7340574239088332
0.0061, 0.934845603310776, 0.0014562677292908432, 54.036950959416075, 30.97047030081727, 47.34309158481028, 0.009748051391648305, 1.5113453698152592, -0.010924473784125255, 0.02067252517577356, 0.0, 6.615, 1.7663246561937003, 3560.1490569605394, 849.9229808388293, 4849.959881888879, 0.7340574239088332
0.0062, 0.9274644523270488, 0.0014801409707546273, 56.94762218241309, 56.03471573036786, 49.46714045001772, 0.011072167493093246, 1.5546231049739738, -0.01107949565514311, 0.022151663148236356, 0.0, 6.615, 1.795280798098515, 3560.1490569605394, 849.9229808388293, 4849.959881888879, 0.7340574239088332
0.0063, 0.9184110317564047, 0.0015040142122184122, 60.171328631573914, 68.24727280286157, 51.88044953522876, 0.012469599992685293, 1.5482242517188518, -0.011234132457182605, 0.023703732449867898, 0.0, 6.615, 1.8242369400033298, 3560.1490569605394, 849.9229808388293, 4849.959881888879, 0.7340574239088332
0.0064, 0.9295850492015396, 0.0015278874536821963, 63.64340529299561, 38.48302493415526, 54.51503387714365, 0.013947124158835967, 1.5284093840390796, -0.011388390302967299, 0.025335514461803266, 0.0, 6.615, 1.8531930819081448, 3560.1490569605394, 849.9229808388293, 4849.959881888879, 0.7340574239088332
0.0065, 0.8999568304622811, 0.0015517606951459808, 67.25805233037936, 63.27500679503314, 57.26327899188982, 0.015509496423558531, 1.5591455647581225, -0.01154227511417444, 0.02705177153773297, 0.0, 6.615, 1.8821492238129596, 3560.1490569605394, 849.9229808388293, 4849.959881888879, 0.7340574239088332
0.0066, 0.8851591625358576, 0.0015756339366097647, 70.85986682768757, 63.07839431454859, 59.97004482420016, 0.017158373112340333, 1.5441654749410785, -0.011695792630253918, 0.02885416574259425, 0.0, 6.615, 1.9111053657177743, 3560.1490569605394, 849.9229808388293, 4849.959881888879, 0.7340574239088332
0.0067, 0.8895260293208662, 0.0015995071780735492, 74.23442343593591, 61.81203815612926, 62.42390077469099, 0.018891015773496903, 1.5364568077115757, -0.011848948416712619, 0.030739964190209523, 0.0, 6.615, 1.940061507622589, 3560.1490569605394, 849.9229808388293, 4849.959881888879, 0.7340574239088332
0.0068, 0.8615162494171636, 0.0016233804195373337, 77.09784423037672, 56.21485392463961, 64.34743807603445, 0.020698759692099878, 1.5416461085452824, -0.0120017478729041, 0.03270050756500398, 0.0, 6.615, 1.9690176495274039, 3560.1490569605394, 849.9229808388293, 4849.959881888879, 0.7340574239088332
