This fits B3 to B8 into the virial expansion since maxPower is set to 6.
Number of particles: 108
dryVolFracMax: 0.003
dryVolFracIncrement: 1.0E-4
Initial configuration: FCC
Dry microgel radius [nm]: 50.0
Box length [units of dry radius]: 52.648203563095535
Number of monomers: 2916666.666666667
Number of chains: 116.66666666666669
Flory interaction parameter (chi): 0.0
Young's calibration factor: 1.0
x-link fraction: 4.0E-5
MC steps: 100000
Equilibration steps: 10000.0
Snapshot interval: 100
Displacement tolerance: 0.1
Particle radius change tolerance: 0.0
Particle radius bin width: 0.001
g(r) bin width: 0.005
phi0, phi, rho, mu/kT, Z_measured, Z_virial_Fit, <F_total>/V, QMelting, <F_id>/V, <F_ex>/V, <F_FR>/V, <alpha>, Zeta, B2_rho, B2_phi0, B2_HS, B2*
2.0E-4, 0.05789943198848988, 4.774648292756861E-5, -9.737892265745549, 1.0442714612649544, 1.0728557716430576, -5.161751966014209E-4, 1.500516357391181, -5.213638970822166E-4, 5.188700480795754E-6, 0.0, 6.615, 0.05791228380962948, 3560.1490569605394, 849.9229808388293, 4849.959881888879, 0.7340574239088332
3.0E-4, 0.08683808352700594, 7.161972439135293E-5, -9.270615954803215, 1.070331691664966, 1.100444826364463, -7.427725147931984E-4, 1.5007432509821161, -7.530065463303081E-4, 1.0234031537109787E-5, 0.0, 6.615, 0.08686842571444423, 3560.1490569605394, 849.9229808388293, 4849.959881888879, 0.7340574239088332
4.0E-4, 0.11577163815803204, 9.549296585513724E-5, -8.900624610195356, 1.4296333564521777, 1.1478855226134368, -9.595620350073103E-4, 1.5009634393721605, -9.765371141186377E-4, 1.6975079111327474E-5, 0.0, 6.615, 0.11582456761925897, 3560.1490569605394, 849.9229808388293, 4849.959881888879, 0.7340574239088332
5.0E-4, 0.14469428390700315, 1.1936620731892148E-4, -8.569668242237226, 1.197774316284259, 1.2157428827762167, -0.0011680474130492354, 1.501170259878504, -0.0011940355932402447, 2.598818019100921E-5, 0.0, 6.615, 0.1447807095240737, 3560.1490569605394, 849.9229808388293, 4849.959881888879, 0.7340574239088332
6.0E-4, 0.17359030331528952, 1.4323944878270585E-4, -8.259219697906966, 1.2882443982507192, 1.2974562739783255, -0.0013688929984077786, 1.5013728157212287, -0.001406727072591923, 3.783407418414442E-5, 0.0, 6.615, 0.17373685142888845, 3560.1490569605394, 849.9229808388293, 4849.959881888879, 0.7340574239088332
7.0E-4, 0.20247532039938387, 1.6711269024649017E-4, -7.966178700671293, 1.2628594768804504, 1.3839990710885273, -0.001562533361721716, 1.5015667793019685, -0.0016154210498813184, 5.288768815960242E-5, 0.0, 6.615, 0.20269299333370322, 3560.1490569605394, 849.9229808388293, 4849.959881888879, 0.7340574239088332
8.0E-4, 0.2313580846771419, 1.9098593171027449E-4, -7.692745365881601, 1.4336622387433735, 1.4671234116114649, -0.0017494060728133656, 1.5017577112750204, -0.0018206928681456847, 7.128679533231912E-5, 0.0, 6.615, 0.23164913523851796, 3560.1490569605394, 849.9229808388293, 4849.959881888879, 0.7340574239088332
9.0E-4, 0.2601988344463059, 2.148591731740588E-4, -7.441301809172037, 1.6715090577853795, 1.541375278235419, -0.0019300105718899278, 1.5019443551178133, -0.0020229727110088343, 9.296213911890655E-5, 0.0, 6.615, 0.2606052771433327, 3560.1490569605394, 849.9229808388293, 4849.959881888879, 0.7340574239088332
0.001, 0.2890447353264298, 2.38732414637843E-4, -7.211826438822705, 1.4659580402867631, 1.6050651448016149, -0.0021048778173587087, 1.502115758905589, -0.0022225944863660013, 1.1771666900729251E-4, 0.0, 6.615, 0.2895614190481475, 3560.1490569605394, 849.9229808388293, 4849.959881888879, 0.7340574239088332
0.0011, 0.3178290546264241, 2.626056561016274E-4, -7.00089005789725, 1.309973139495022, 1.6603794214614982, -0.002274498354300004, 1.5022824211716168, -0.0024198249427019227, 1.4532658840191873E-4, 0.0, 6.615, 0.31851756095296224, 3560.1490569605394, 849.9229808388293, 4849.959881888879, 0.7340574239088332
0.0012, 0.34661101277803136, 2.864788975654117E-4, -6.801736391034341, 1.9969833417962988, 1.712817934788447, -0.0024392401365225186, 1.502466005556051, -0.00261488210504646, 1.7564196852394164E-4, 0.0, 6.615, 0.34747370285777696, 3560.1490569605394, 849.9229808388293, 4849.959881888879, 0.7340574239088332
0.0013, 0.37532955062017753, 3.10352139029196E-4, -6.605110649304262, 1.6494677839121274, 1.7701426786103354, -0.0025992777852296887, 1.502618106226067, -0.002807947521593494, 2.0866973636380536E-4, 0.0, 6.615, 0.3764298447625917, 3560.1490569605394, 849.9229808388293, 4849.959881888879, 0.7340574239088332
0.0014, 0.40405721540711953, 3.342253804929803E-4, -6.400564736687942, 1.945107107230485, 1.841023071329328, -0.00275454782100088, 1.5027838269004656, -0.002999174719602353, 2.4462689860147265E-4, 0.0, 6.615, 0.4053859866674065, 3560.1490569605394, 849.9229808388293, 4849.959881888879, 0.7340574239088332
0.0015, 0.4326872229467037, 3.580986219567647E-4, -6.177996647509964, 2.1805503170049065, 1.93356295549545, -0.002904738315756399, 1.5029433259601714, -0.003188695233083918, 2.8395691732751915E-4, 0.0, 6.615, 0.4343421285722212, 3560.1490569605394, 849.9229808388293, 4849.959881888879, 0.7340574239088332
0.0016, 0.4612859712602476, 3.8197186342054886E-4, -5.92919554407982, 1.8697655680685799, 2.0538945754002675, -0.0030493158087919747, 1.5030806010190991, -0.0033766230161081877, 3.273072073162129E-4, 0.0, 6.615, 0.463298270477036, 3560.1490569605394, 849.9229808388293, 4849.959881888879, 0.7340574239088332
0.0017, 0.48987209812819243, 4.0584510488433315E-4, -5.649171159331888, 2.283109075739154, 2.205024768457138, -0.0031875869700956445, 1.503236152313247, -0.0035630577486152858, 3.7547077851964126E-4, 0.0, 6.615, 0.49225441238185075, 3560.1490569605394, 849.9229808388293, 4849.959881888879, 0.7340574239088332
0.0018, 0.5183028588407643, 4.297183463481176E-4, -5.337050042925633, 2.5303340866871746, 2.386118606134655, -0.0033187872604417837, 1.5033825522689834, -0.003748087361811589, 4.2930010136980564E-4, 0.0, 6.615, 0.5212105542866655, 3560.1490569605394, 849.9229808388293, 4849.959881888879, 0.7340574239088332
0.0019, 0.5467502660365324, 4.535915878119019E-4, -4.996323363005425, 2.338912798213662, 2.5924057202089372, -0.0034421836743295598, 1.503499335211395, -0.003931790000723226, 4.896063263936665E-4, 0.0, 6.615, 0.5501666961914803, 3560.1490569605394, 849.9229808388293, 4849.959881888879, 0.7340574239088332
0.002, 0.5752005795975353, 4.7746482927568624E-4, -4.634232267270135, 2.984914880208077, 2.815894550102904, -0.0035571735289392403, 1.503643820277971, -0.004114235572503025, 5.570620435637846E-4, 0.0, 6.615, 0.579122838096295, 3560.1490569605394, 849.9229808388293, 4849.959881888879, 0.7340574239088332
0.0021, 0.6034591156394385, 5.013380707394704E-4, -4.260077593325498, 3.2202171131871533, 3.047079747076495, -0.0036633561636269076, 1.5037650452395799, -0.0042954869843524115, 6.321308207255039E-4, 0.0, 6.615, 0.6080789800011096, 3560.1490569605394, 849.9229808388293, 4849.959881888879, 0.7340574239088332
0.0022, 0.6324525405537739, 5.252113122032547E-4, -3.882241211436419, 3.2192392035797366, 3.27782797103697, -0.0037605493307929488, 1.5038658661872852, -0.0044756011451519695, 7.150518143590207E-4, 0.0, 6.615, 0.6370351219059244, 3560.1490569605394, 849.9229808388293, 4849.959881888879, 0.7340574239088332
0.0023, 0.6609753305064048, 5.490845536670391E-4, -3.50370660027847, 3.354210539612224, 3.505627315733264, -0.0038487169847765098, 1.5039614837175557, -0.004654629784629776, 8.059127998532659E-4, 0.0, 6.615, 0.665991263810739, 3560.1490569605394, 849.9229808388293, 4849.959881888879, 0.7340574239088332
0.0024, 0.689196164111427, 5.729577951308231E-4, -3.115866465508507, 3.5745355740651386, 3.739385598102274, -0.003927770107432372, 1.504051804352705, -0.004832620129818146, 9.048500223857742E-4, 0.0, 6.615, 0.6949474057155537, 3560.1490569605394, 849.9229808388293, 4849.959881888879, 0.7340574239088332
0.0025, 0.7170864280214154, 5.968310365946075E-4, -2.6904053517767244, 3.8606154116352203, 4.006962747534317, -0.003997197145167473, 1.5041385582669096, -0.005009615468588517, 0.0010124183234210445, 0.0, 6.615, 0.7239035476203683, 3560.1490569605394, 849.9229808388293, 4849.959881888879, 0.7340574239088332
0.0026, 0.7447570003582029, 6.207042780583919E-4, -2.169045295373019, 4.351271241261363, 4.364622530821691, -0.004055475571131469, 1.5042253384814133, -0.005185655622889315, 0.001130180051757846, 0.0, 6.615, 0.7528596895251831, 3560.1490569605394, 849.9229808388293, 4849.959881888879, 0.7340574239088332
0.0027, 0.7717937625476253, 6.445775195221761E-4, -1.4509426320722634, 5.0154571550327605, 4.908588848556519, -0.004099211027106588, 1.5043081861127199, -0.005360777349080229, 0.0012615663219736409, 0.0, 6.615, 0.7818158314299978, 3560.1490569605394, 849.9229808388293, 4849.959881888879, 0.7340574239088332
0.0028, 0.7977900853740963, 6.684507609859605E-4, -0.3775241224956707, 5.979086662180316, 5.788891838752875, -0.004121945441852411, 1.5043821491344915, -0.005535014678884134, 0.0014130692370317235, 0.0, 6.615, 0.8107719733348124, 3560.1490569605394, 849.9229808388293, 4849.959881888879, 0.7340574239088332
0.0029, 0.8220797448111707, 6.923240024497446E-4, 1.2854494083373558, 7.437559503654607, 7.22568902344085, -0.004112570465838744, 1.5044705394848987, -0.005708399211575585, 0.0015958287457368409, 0.0, 6.615, 0.8397281152396272, 3560.1490569605394, 849.9229808388293, 4849.959881888879, 0.7340574239088332
