# Wall separation Lx: 20.0
# Ly = Lz varies with phi0
# Number of particles: 32
# Sampled configurations per run: 1800.0
# Initial configuration: FCC
# Dry microgel radius [nm]: 50.0
# Number of monomers: 2916666.666666667
# Number of chains: 2916.666666666667
# Flory chi: 0.0
# Young's calibration: 1.0
# Wall Hertz calibration: 1.0
# Cross-link fraction: 0.001
# MC steps: 100000
# Equilibration steps: 10000.0
# Snapshot interval: 50
# Displacement tolerance: 0.1
# Radius change tolerance: 0.05
# Size bin width: 0.001
# Position bin width: 0.2

# phi0, phi, x, n(x)/meanDensity
0.01, 0.4307903159045126, 0.1, 0.0
0.01, 0.4307903159045126, 0.30000000000000004, 0.0
0.01, 0.4307903159045126, 0.5, 0.0
0.01, 0.4307903159045126, 0.7000000000000001, 0.0
0.01, 0.4307903159045126, 0.9, 0.0
0.01, 0.4307903159045126, 1.1, 0.0
0.01, 0.4307903159045126, 1.3, 0.0
0.01, 0.4307903159045126, 1.5, 0.0
0.01, 0.4307903159045126, 1.7000000000000002, 0.0
0.01, 0.4307903159045126, 1.9000000000000001, 0.0
0.01, 0.4307903159045126, 2.1, 0.0
0.01, 0.4307903159045126, 2.3000000000000003, 0.0
0.01, 0.4307903159045126, 2.5, 0.0
0.01, 0.4307903159045126, 2.7, 0.0
0.01, 0.4307903159045126, 2.9000000000000004, 0.0
0.01, 0.4307903159045126, 3.1, 0.0
0.01, 0.4307903159045126, 3.3000000000000003, 1.626736111111111
0.01, 0.4307903159045126, 3.5, 7.302083333333333
0.01, 0.4307903159045126, 3.7, 5.967013888888888
0.01, 0.4307903159045126, 3.9000000000000004, 3.9461805555555554
0.01, 0.4307903159045126, 4.1000000000000005, 3.0277777777777777
0.01, 0.4307903159045126, 4.3, 1.953125
0.01, 0.4307903159045126, 4.5, 1.345486111111111
0.01, 0.4307903159045126, 4.7, 1.0260416666666665
0.01, 0.4307903159045126, 4.9, 0.7274305555555555
0.01, 0.4307903159045126, 5.1000000000000005, 0.6336805555555555
0.01, 0.4307903159045126, 5.300000000000001, 0.5555555555555556
0.01, 0.4307903159045126, 5.5, 0.4756944444444444
0.01, 0.4307903159045126, 5.7, 0.35590277777777773
0.01, 0.4307903159045126, 5.9, 0.39236111111111105
0.01, 0.4307903159045126, 6.1000000000000005, 0.38541666666666663
0.01, 0.4307903159045126, 6.300000000000001, 0.2673611111111111
0.01, 0.4307903159045126, 6.5, 0.23611111111111108
0.01, 0.4307903159045126, 6.7, 0.2552083333333333
0.01, 0.4307903159045126, 6.9, 0.29861111111111105
0.01, 0.4307903159045126, 7.1000000000000005, 0.39236111111111105
0.01, 0.4307903159045126, 7.300000000000001, 0.46874999999999994
0.01, 0.4307903159045126, 7.5, 0.5138888888888888
0.01, 0.4307903159045126, 7.7, 0.5677083333333333
0.01, 0.4307903159045126, 7.9, 0.8159722222222222
0.01, 0.4307903159045126, 8.1, 0.8524305555555556
0.01, 0.4307903159045126, 8.3, 1.2013888888888888
0.01, 0.4307903159045126, 8.5, 1.4201388888888888
0.01, 0.4307903159045126, 8.700000000000001, 1.6006944444444442
0.01, 0.4307903159045126, 8.9, 1.565972222222222
0.01, 0.4307903159045126, 9.1, 1.677083333333333
0.01, 0.4307903159045126, 9.3, 2.15625
0.01, 0.4307903159045126, 9.5, 2.5902777777777777
0.01, 0.4307903159045126, 9.700000000000001, 2.513888888888889
0.01, 0.4307903159045126, 9.9, 1.9618055555555554
0.01, 0.4307903159045126, 10.100000000000001, 1.6059027777777777
0.01, 0.4307903159045126, 10.3, 1.4218749999999998
0.01, 0.4307903159045126, 10.5, 1.2777777777777777
0.01, 0.4307903159045126, 10.700000000000001, 1.392361111111111
0.01, 0.4307903159045126, 10.9, 1.5
0.01, 0.4307903159045126, 11.100000000000001, 1.4583333333333333
0.01, 0.4307903159045126, 11.3, 1.2256944444444444
0.01, 0.4307903159045126, 11.5, 1.1388888888888888
0.01, 0.4307903159045126, 11.700000000000001, 0.96875
0.01, 0.4307903159045126, 11.9, 0.8819444444444444
0.01, 0.4307903159045126, 12.100000000000001, 0.7552083333333333
0.01, 0.4307903159045126, 12.3, 0.6319444444444444
0.01, 0.4307903159045126, 12.5, 0.546875
0.01, 0.4307903159045126, 12.700000000000001, 0.5381944444444444
0.01, 0.4307903159045126, 12.9, 0.48611111111111105
0.01, 0.4307903159045126, 13.100000000000001, 0.4479166666666667
0.01, 0.4307903159045126, 13.3, 0.4461805555555555
0.01, 0.4307903159045126, 13.5, 0.4513888888888889
0.01, 0.4307903159045126, 13.700000000000001, 0.40624999999999994
0.01, 0.4307903159045126, 13.9, 0.4114583333333333
0.01, 0.4307903159045126, 14.100000000000001, 0.4479166666666667
0.01, 0.4307903159045126, 14.3, 0.5277777777777777
0.01, 0.4307903159045126, 14.5, 0.5277777777777777
0.01, 0.4307903159045126, 14.700000000000001, 0.7187499999999999
0.01, 0.4307903159045126, 14.9, 0.8715277777777777
0.01, 0.4307903159045126, 15.100000000000001, 1.0798611111111112
0.01, 0.4307903159045126, 15.3, 1.3333333333333333
0.01, 0.4307903159045126, 15.5, 1.7309027777777777
0.01, 0.4307903159045126, 15.700000000000001, 2.1197916666666665
0.01, 0.4307903159045126, 15.9, 3.0625
0.01, 0.4307903159045126, 16.1, 4.078124999999999
0.01, 0.4307903159045126, 16.3, 5.635416666666666
0.01, 0.4307903159045126, 16.5, 7.253472222222222
0.01, 0.4307903159045126, 16.7, 1.5416666666666665
0.01, 0.4307903159045126, 16.900000000000002, 0.001736111111111111
0.01, 0.4307903159045126, 17.1, 0.0
0.01, 0.4307903159045126, 17.3, 0.0
0.01, 0.4307903159045126, 17.5, 0.0
0.01, 0.4307903159045126, 17.7, 0.0
0.01, 0.4307903159045126, 17.900000000000002, 0.0
0.01, 0.4307903159045126, 18.1, 0.0
0.01, 0.4307903159045126, 18.3, 0.0
0.01, 0.4307903159045126, 18.5, 0.0
0.01, 0.4307903159045126, 18.7, 0.0
0.01, 0.4307903159045126, 18.900000000000002, 0.0
0.01, 0.4307903159045126, 19.1, 0.0
0.01, 0.4307903159045126, 19.3, 0.0
0.01, 0.4307903159045126, 19.5, 0.0
0.01, 0.4307903159045126, 19.700000000000003, 0.0
0.01, 0.4307903159045126, 19.900000000000002, 0.0
0.011, 0.47385119466852865, 0.1, 0.0
0.011, 0.47385119466852865, 0.30000000000000004, 0.0
0.011, 0.47385119466852865, 0.5, 0.0
0.011, 0.47385119466852865, 0.7000000000000001, 0.0
0.011, 0.47385119466852865, 0.9, 0.0
0.011, 0.47385119466852865, 1.1, 0.0
0.011, 0.47385119466852865, 1.3, 0.0
0.011, 0.47385119466852865, 1.5, 0.0
0.011, 0.47385119466852865, 1.7000000000000002, 0.0
0.011, 0.47385119466852865, 1.9000000000000001, 0.0
0.011, 0.47385119466852865, 2.1, 0.0
0.011, 0.47385119466852865, 2.3000000000000003, 0.0
0.011, 0.47385119466852865, 2.5, 0.0
0.011, 0.47385119466852865, 2.7, 0.0
0.011, 0.47385119466852865, 2.9000000000000004, 0.0
0.011, 0.47385119466852865, 3.1, 0.0034722222222222216
0.011, 0.47385119466852865, 3.3000000000000003, 1.8906249999999998
0.011, 0.47385119466852865, 3.5, 8.085069444444445
0.011, 0.47385119466852865, 3.7, 6.293402777777778
0.011, 0.47385119466852865, 3.9000000000000004, 4.215277777777777
0.011, 0.47385119466852865, 4.1000000000000005, 3.008680555555555
0.011, 0.47385119466852865, 4.3, 2.052083333333333
0.011, 0.47385119466852865, 4.5, 1.2343749999999998
0.011, 0.47385119466852865, 4.7, 0.9114583333333331
0.011, 0.47385119466852865, 4.9, 0.6145833333333333
0.011, 0.47385119466852865, 5.1000000000000005, 0.4218749999999999
0.011, 0.47385119466852865, 5.300000000000001, 0.39062499999999994
0.011, 0.47385119466852865, 5.5, 0.38541666666666663
0.011, 0.47385119466852865, 5.7, 0.29166666666666663
0.011, 0.47385119466852865, 5.9, 0.29513888888888884
0.011, 0.47385119466852865, 6.1000000000000005, 0.2100694444444444
0.011, 0.47385119466852865, 6.300000000000001, 0.20659722222222218
0.011, 0.47385119466852865, 6.5, 0.265625
0.011, 0.47385119466852865, 6.7, 0.30555555555555547
0.011, 0.47385119466852865, 6.9, 0.31597222222222215
0.011, 0.47385119466852865, 7.1000000000000005, 0.25173611111111105
0.011, 0.47385119466852865, 7.300000000000001, 0.30208333333333326
0.011, 0.47385119466852865, 7.5, 0.33680555555555547
0.011, 0.47385119466852865, 7.7, 0.34201388888888884
0.011, 0.47385119466852865, 7.9, 0.5295138888888887
0.011, 0.47385119466852865, 8.1, 0.6180555555555555
0.011, 0.47385119466852865, 8.3, 0.7482638888888888
0.011, 0.47385119466852865, 8.5, 0.7552083333333333
0.011, 0.47385119466852865, 8.700000000000001, 0.9461805555555554
0.011, 0.47385119466852865, 8.9, 1.2795138888888886
0.011, 0.47385119466852865, 9.1, 1.6163194444444442
0.011, 0.47385119466852865, 9.3, 1.8524305555555554
0.011, 0.47385119466852865, 9.5, 2.2152777777777777
0.011, 0.47385119466852865, 9.700000000000001, 2.538194444444444
0.011, 0.47385119466852865, 9.9, 3.0937499999999996
0.011, 0.47385119466852865, 10.100000000000001, 2.788194444444444
0.011, 0.47385119466852865, 10.3, 2.5017361111111107
0.011, 0.47385119466852865, 10.5, 2.425347222222222
0.011, 0.47385119466852865, 10.700000000000001, 1.9461805555555551
0.011, 0.47385119466852865, 10.9, 1.392361111111111
0.011, 0.47385119466852865, 11.100000000000001, 1.0243055555555554
0.011, 0.47385119466852865, 11.3, 0.8090277777777776
0.011, 0.47385119466852865, 11.5, 0.7465277777777777
0.011, 0.47385119466852865, 11.700000000000001, 0.8107638888888887
0.011, 0.47385119466852865, 11.9, 0.7812499999999999
0.011, 0.47385119466852865, 12.100000000000001, 0.6736111111111109
0.011, 0.47385119466852865, 12.3, 0.5659722222222221
0.011, 0.47385119466852865, 12.5, 0.4791666666666666
0.011, 0.47385119466852865, 12.700000000000001, 0.3524305555555555
0.011, 0.47385119466852865, 12.9, 0.23784722222222218
0.011, 0.47385119466852865, 13.100000000000001, 0.17361111111111108
0.011, 0.47385119466852865, 13.3, 0.16666666666666663
0.011, 0.47385119466852865, 13.5, 0.17013888888888887
0.011, 0.47385119466852865, 13.700000000000001, 0.203125
0.011, 0.47385119466852865, 13.9, 0.2552083333333333
0.011, 0.47385119466852865, 14.100000000000001, 0.29861111111111105
0.011, 0.47385119466852865, 14.3, 0.30902777777777773
0.011, 0.47385119466852865, 14.5, 0.4305555555555555
0.011, 0.47385119466852865, 14.700000000000001, 0.4791666666666666
0.011, 0.47385119466852865, 14.9, 0.5295138888888887
0.011, 0.47385119466852865, 15.100000000000001, 0.7309027777777777
0.011, 0.47385119466852865, 15.3, 1.0711805555555554
0.011, 0.47385119466852865, 15.5, 1.3645833333333333
0.011, 0.47385119466852865, 15.700000000000001, 2.098958333333333
0.011, 0.47385119466852865, 15.9, 2.9374999999999996
0.011, 0.47385119466852865, 16.1, 4.503472222222221
0.011, 0.47385119466852865, 16.3, 6.699652777777777
0.011, 0.47385119466852865, 16.5, 9.154513888888888
0.011, 0.47385119466852865, 16.7, 2.065972222222222
0.011, 0.47385119466852865, 16.900000000000002, 0.0
0.011, 0.47385119466852865, 17.1, 0.0
0.011, 0.47385119466852865, 17.3, 0.0
0.011, 0.47385119466852865, 17.5, 0.0
0.011, 0.47385119466852865, 17.7, 0.0
0.011, 0.47385119466852865, 17.900000000000002, 0.0
0.011, 0.47385119466852865, 18.1, 0.0
0.011, 0.47385119466852865, 18.3, 0.0
0.011, 0.47385119466852865, 18.5, 0.0
0.011, 0.47385119466852865, 18.7, 0.0
0.011, 0.47385119466852865, 18.900000000000002, 0.0
0.011, 0.47385119466852865, 19.1, 0.0
0.011, 0.47385119466852865, 19.3, 0.0
0.011, 0.47385119466852865, 19.5, 0.0
0.011, 0.47385119466852865, 19.700000000000003, 0.0
0.011, 0.47385119466852865, 19.900000000000002, 0.0
0.012, 0.5169030169817845, 0.1, 0.0
0.012, 0.5169030169817845, 0.30000000000000004, 0.0
0.012, 0.5169030169817845, 0.5, 0.0
0.012, 0.5169030169817845, 0.7000000000000001, 0.0
0.012, 0.5169030169817845, 0.9, 0.0
0.012, 0.5169030169817845, 1.1, 0.0
0.012, 0.5169030169817845, 1.3, 0.0
0.012, 0.5169030169817845, 1.5, 0.0
0.012, 0.5169030169817845, 1.7000000000000002, 0.0
0.012, 0.5169030169817845, 1.9000000000000001, 0.0
0.012, 0.5169030169817845, 2.1, 0.0
0.012, 0.5169030169817845, 2.3000000000000003, 0.0
0.012, 0.5169030169817845, 2.5, 0.0
0.012, 0.5169030169817845, 2.7, 0.0
0.012, 0.5169030169817845, 2.9000000000000004, 0.0
0.012, 0.5169030169817845, 3.1, 0.0017361111111111112
0.012, 0.5169030169817845, 3.3000000000000003, 2.680555555555556
0.012, 0.5169030169817845, 3.5, 10.17013888888889
0.012, 0.5169030169817845, 3.7, 6.489583333333334
0.012, 0.5169030169817845, 3.9000000000000004, 4.111111111111112
0.012, 0.5169030169817845, 4.1000000000000005, 2.336805555555556
0.012, 0.5169030169817845, 4.3, 1.3454861111111112
0.012, 0.5169030169817845, 4.5, 0.9392361111111112
0.012, 0.5169030169817845, 4.7, 0.6371527777777778
0.012, 0.5169030169817845, 4.9, 0.45138888888888895
0.012, 0.5169030169817845, 5.1000000000000005, 0.3229166666666667
0.012, 0.5169030169817845, 5.300000000000001, 0.3506944444444445
0.012, 0.5169030169817845, 5.5, 0.4340277777777778
0.012, 0.5169030169817845, 5.7, 0.3993055555555555
0.012, 0.5169030169817845, 5.9, 0.3836805555555556
0.012, 0.5169030169817845, 6.1000000000000005, 0.5503472222222223
0.012, 0.5169030169817845, 6.300000000000001, 0.4861111111111111
0.012, 0.5169030169817845, 6.5, 0.46527777777777785
0.012, 0.5169030169817845, 6.7, 0.390625
0.012, 0.5169030169817845, 6.9, 0.40798611111111116
0.012, 0.5169030169817845, 7.1000000000000005, 0.47916666666666674
0.012, 0.5169030169817845, 7.300000000000001, 0.4444444444444445
0.012, 0.5169030169817845, 7.5, 0.45486111111111116
0.012, 0.5169030169817845, 7.7, 0.41145833333333337
0.012, 0.5169030169817845, 7.9, 0.43229166666666674
0.012, 0.5169030169817845, 8.1, 0.6805555555555556
0.012, 0.5169030169817845, 8.3, 0.9131944444444445
0.012, 0.5169030169817845, 8.5, 1.1458333333333335
0.012, 0.5169030169817845, 8.700000000000001, 1.3263888888888888
0.012, 0.5169030169817845, 8.9, 1.3819444444444446
0.012, 0.5169030169817845, 9.1, 1.5034722222222223
0.012, 0.5169030169817845, 9.3, 1.482638888888889
0.012, 0.5169030169817845, 9.5, 1.597222222222222
0.012, 0.5169030169817845, 9.700000000000001, 1.9878472222222223
0.012, 0.5169030169817845, 9.9, 2.1302083333333335
0.012, 0.5169030169817845, 10.100000000000001, 2.4027777777777777
0.012, 0.5169030169817845, 10.3, 2.5347222222222223
0.012, 0.5169030169817845, 10.5, 2.439236111111111
0.012, 0.5169030169817845, 10.700000000000001, 2.1006944444444446
0.012, 0.5169030169817845, 10.9, 1.8020833333333333
0.012, 0.5169030169817845, 11.100000000000001, 1.3298611111111112
0.012, 0.5169030169817845, 11.3, 1.0625
0.012, 0.5169030169817845, 11.5, 0.8506944444444445
0.012, 0.5169030169817845, 11.700000000000001, 0.7378472222222222
0.012, 0.5169030169817845, 11.9, 0.7187500000000001
0.012, 0.5169030169817845, 12.100000000000001, 0.5520833333333334
0.012, 0.5169030169817845, 12.3, 0.47048611111111116
0.012, 0.5169030169817845, 12.5, 0.4965277777777778
0.012, 0.5169030169817845, 12.700000000000001, 0.4184027777777778
0.012, 0.5169030169817845, 12.9, 0.45138888888888895
0.012, 0.5169030169817845, 13.100000000000001, 0.5069444444444445
0.012, 0.5169030169817845, 13.3, 0.47916666666666674
0.012, 0.5169030169817845, 13.5, 0.4427083333333333
0.012, 0.5169030169817845, 13.700000000000001, 0.31597222222222227
0.012, 0.5169030169817845, 13.9, 0.2152777777777778
0.012, 0.5169030169817845, 14.100000000000001, 0.16319444444444445
0.012, 0.5169030169817845, 14.3, 0.19270833333333334
0.012, 0.5169030169817845, 14.5, 0.22569444444444448
0.012, 0.5169030169817845, 14.700000000000001, 0.2552083333333333
0.012, 0.5169030169817845, 14.9, 0.34548611111111116
0.012, 0.5169030169817845, 15.100000000000001, 0.4340277777777778
0.012, 0.5169030169817845, 15.3, 0.701388888888889
0.012, 0.5169030169817845, 15.5, 1.1180555555555556
0.012, 0.5169030169817845, 15.700000000000001, 1.6406250000000002
0.012, 0.5169030169817845, 15.9, 2.578125
0.012, 0.5169030169817845, 16.1, 3.8159722222222223
0.012, 0.5169030169817845, 16.3, 6.321180555555556
0.012, 0.5169030169817845, 16.5, 9.645833333333334
0.012, 0.5169030169817845, 16.7, 2.5069444444444446
0.012, 0.5169030169817845, 16.900000000000002, 0.0017361111111111112
0.012, 0.5169030169817845, 17.1, 0.0
0.012, 0.5169030169817845, 17.3, 0.0
0.012, 0.5169030169817845, 17.5, 0.0
0.012, 0.5169030169817845, 17.7, 0.0
0.012, 0.5169030169817845, 17.900000000000002, 0.0
0.012, 0.5169030169817845, 18.1, 0.0
0.012, 0.5169030169817845, 18.3, 0.0
0.012, 0.5169030169817845, 18.5, 0.0
0.012, 0.5169030169817845, 18.7, 0.0
0.012, 0.5169030169817845, 18.900000000000002, 0.0
0.012, 0.5169030169817845, 19.1, 0.0
0.012, 0.5169030169817845, 19.3, 0.0
0.012, 0.5169030169817845, 19.5, 0.0
0.012, 0.5169030169817845, 19.700000000000003, 0.0
0.012, 0.5169030169817845, 19.900000000000002, 0.0
0.013000000000000001, 0.5599667251060287, 0.1, 0.0
0.013000000000000001, 0.5599667251060287, 0.30000000000000004, 0.0
0.013000000000000001, 0.5599667251060287, 0.5, 0.0
0.013000000000000001, 0.5599667251060287, 0.7000000000000001, 0.0
0.013000000000000001, 0.5599667251060287, 0.9, 0.0
0.013000000000000001, 0.5599667251060287, 1.1, 0.0
0.013000000000000001, 0.5599667251060287, 1.3, 0.0
0.013000000000000001, 0.5599667251060287, 1.5, 0.0
0.013000000000000001, 0.5599667251060287, 1.7000000000000002, 0.0
0.013000000000000001, 0.5599667251060287, 1.9000000000000001, 0.0
0.013000000000000001, 0.5599667251060287, 2.1, 0.0
0.013000000000000001, 0.5599667251060287, 2.3000000000000003, 0.0
0.013000000000000001, 0.5599667251060287, 2.5, 0.0
0.013000000000000001, 0.5599667251060287, 2.7, 0.0
0.013000000000000001, 0.5599667251060287, 2.9000000000000004, 0.0
0.013000000000000001, 0.5599667251060287, 3.1, 0.008680555555555554
0.013000000000000001, 0.5599667251060287, 3.3000000000000003, 4.654513888888888
0.013000000000000001, 0.5599667251060287, 3.5, 13.22048611111111
0.013000000000000001, 0.5599667251060287, 3.7, 5.057291666666666
0.013000000000000001, 0.5599667251060287, 3.9000000000000004, 1.4600694444444442
0.013000000000000001, 0.5599667251060287, 4.1000000000000005, 0.42534722222222215
0.013000000000000001, 0.5599667251060287, 4.3, 0.13020833333333331
0.013000000000000001, 0.5599667251060287, 4.5, 0.03472222222222222
0.013000000000000001, 0.5599667251060287, 4.7, 0.006944444444444443
0.013000000000000001, 0.5599667251060287, 4.9, 0.0017361111111111108
0.013000000000000001, 0.5599667251060287, 5.1000000000000005, 0.0
0.013000000000000001, 0.5599667251060287, 5.300000000000001, 0.0
0.013000000000000001, 0.5599667251060287, 5.5, 0.0
0.013000000000000001, 0.5599667251060287, 5.7, 0.0
0.013000000000000001, 0.5599667251060287, 5.9, 0.008680555555555554
0.013000000000000001, 0.5599667251060287, 6.1000000000000005, 0.01909722222222222
0.013000000000000001, 0.5599667251060287, 6.300000000000001, 0.01909722222222222
0.013000000000000001, 0.5599667251060287, 6.5, 0.07291666666666666
0.013000000000000001, 0.5599667251060287, 6.7, 0.18229166666666666
0.013000000000000001, 0.5599667251060287, 6.9, 0.38541666666666663
0.013000000000000001, 0.5599667251060287, 7.1000000000000005, 0.9079861111111109
0.013000000000000001, 0.5599667251060287, 7.300000000000001, 1.5277777777777777
0.013000000000000001, 0.5599667251060287, 7.5, 2.8020833333333335
0.013000000000000001, 0.5599667251060287, 7.7, 4.196180555555555
0.013000000000000001, 0.5599667251060287, 7.9, 5.076388888888888
0.013000000000000001, 0.5599667251060287, 8.1, 4.559027777777777
0.013000000000000001, 0.5599667251060287, 8.3, 3.0260416666666665
0.013000000000000001, 0.5599667251060287, 8.5, 1.579861111111111
0.013000000000000001, 0.5599667251060287, 8.700000000000001, 0.5121527777777778
0.013000000000000001, 0.5599667251060287, 8.9, 0.11458333333333333
0.013000000000000001, 0.5599667251060287, 9.1, 0.010416666666666664
0.013000000000000001, 0.5599667251060287, 9.3, 0.0
0.013000000000000001, 0.5599667251060287, 9.5, 0.0
0.013000000000000001, 0.5599667251060287, 9.700000000000001, 0.0
0.013000000000000001, 0.5599667251060287, 9.9, 0.0
0.013000000000000001, 0.5599667251060287, 10.100000000000001, 0.0
0.013000000000000001, 0.5599667251060287, 10.3, 0.0
0.013000000000000001, 0.5599667251060287, 10.5, 0.0
0.013000000000000001, 0.5599667251060287, 10.700000000000001, 0.0017361111111111108
0.013000000000000001, 0.5599667251060287, 10.9, 0.012152777777777776
0.013000000000000001, 0.5599667251060287, 11.100000000000001, 0.09027777777777776
0.013000000000000001, 0.5599667251060287, 11.3, 0.3211805555555555
0.013000000000000001, 0.5599667251060287, 11.5, 1.317708333333333
0.013000000000000001, 0.5599667251060287, 11.700000000000001, 2.975694444444444
0.013000000000000001, 0.5599667251060287, 11.9, 4.472222222222222
0.013000000000000001, 0.5599667251060287, 12.100000000000001, 4.937499999999999
0.013000000000000001, 0.5599667251060287, 12.3, 4.152777777777777
0.013000000000000001, 0.5599667251060287, 12.5, 3.3975694444444438
0.013000000000000001, 0.5599667251060287, 12.700000000000001, 1.9375
0.013000000000000001, 0.5599667251060287, 12.9, 0.859375
0.013000000000000001, 0.5599667251060287, 13.100000000000001, 0.3472222222222222
0.013000000000000001, 0.5599667251060287, 13.3, 0.13541666666666666
0.013000000000000001, 0.5599667251060287, 13.5, 0.03819444444444444
0.013000000000000001, 0.5599667251060287, 13.700000000000001, 0.0034722222222222216
0.013000000000000001, 0.5599667251060287, 13.9, 0.0
0.013000000000000001, 0.5599667251060287, 14.100000000000001, 0.0
0.013000000000000001, 0.5599667251060287, 14.3, 0.0
0.013000000000000001, 0.5599667251060287, 14.5, 0.0
0.013000000000000001, 0.5599667251060287, 14.700000000000001, 0.0
0.013000000000000001, 0.5599667251060287, 14.9, 0.0
0.013000000000000001, 0.5599667251060287, 15.100000000000001, 0.0
0.013000000000000001, 0.5599667251060287, 15.3, 0.0
0.013000000000000001, 0.5599667251060287, 15.5, 0.013888888888888886
0.013000000000000001, 0.5599667251060287, 15.700000000000001, 0.0954861111111111
0.013000000000000001, 0.5599667251060287, 15.9, 0.34027777777777773
0.013000000000000001, 0.5599667251060287, 16.1, 1.3732638888888888
0.013000000000000001, 0.5599667251060287, 16.3, 4.803819444444444
0.013000000000000001, 0.5599667251060287, 16.5, 13.473958333333332
0.013000000000000001, 0.5599667251060287, 16.7, 4.892361111111111
0.013000000000000001, 0.5599667251060287, 16.900000000000002, 0.006944444444444443
0.013000000000000001, 0.5599667251060287, 17.1, 0.0
0.013000000000000001, 0.5599667251060287, 17.3, 0.0
0.013000000000000001, 0.5599667251060287, 17.5, 0.0
0.013000000000000001, 0.5599667251060287, 17.7, 0.0
0.013000000000000001, 0.5599667251060287, 17.900000000000002, 0.0
0.013000000000000001, 0.5599667251060287, 18.1, 0.0
0.013000000000000001, 0.5599667251060287, 18.3, 0.0
0.013000000000000001, 0.5599667251060287, 18.5, 0.0
0.013000000000000001, 0.5599667251060287, 18.7, 0.0
0.013000000000000001, 0.5599667251060287, 18.900000000000002, 0.0
0.013000000000000001, 0.5599667251060287, 19.1, 0.0
0.013000000000000001, 0.5599667251060287, 19.3, 0.0
0.013000000000000001, 0.5599667251060287, 19.5, 0.0
0.013000000000000001, 0.5599667251060287, 19.700000000000003, 0.0
0.013000000000000001, 0.5599667251060287, 19.900000000000002, 0.0
0.014000000000000002, 0.602991083574931, 0.1, 0.0
0.014000000000000002, 0.602991083574931, 0.30000000000000004, 0.0
0.014000000000000002, 0.602991083574931, 0.5, 0.0
0.014000000000000002, 0.602991083574931, 0.7000000000000001, 0.0
0.014000000000000002, 0.602991083574931, 0.9, 0.0
0.014000000000000002, 0.602991083574931, 1.1, 0.0
0.014000000000000002, 0.602991083574931, 1.3, 0.0
0.014000000000000002, 0.602991083574931, 1.5, 0.0
0.014000000000000002, 0.602991083574931, 1.7000000000000002, 0.0
0.014000000000000002, 0.602991083574931, 1.9000000000000001, 0.0
0.014000000000000002, 0.602991083574931, 2.1, 0.0
0.014000000000000002, 0.602991083574931, 2.3000000000000003, 0.0
0.014000000000000002, 0.602991083574931, 2.5, 0.0
0.014000000000000002, 0.602991083574931, 2.7, 0.0
0.014000000000000002, 0.602991083574931, 2.9000000000000004, 0.0
0.014000000000000002, 0.602991083574931, 3.1, 0.012152777777777775
0.014000000000000002, 0.602991083574931, 3.3000000000000003, 8.404513888888888
0.014000000000000002, 0.602991083574931, 3.5, 14.147569444444443
0.014000000000000002, 0.602991083574931, 3.7, 2.2465277777777772
0.014000000000000002, 0.602991083574931, 3.9000000000000004, 0.18055555555555552
0.014000000000000002, 0.602991083574931, 4.1000000000000005, 0.008680555555555554
0.014000000000000002, 0.602991083574931, 4.3, 0.0
0.014000000000000002, 0.602991083574931, 4.5, 0.0
0.014000000000000002, 0.602991083574931, 4.7, 0.0
0.014000000000000002, 0.602991083574931, 4.9, 0.0
0.014000000000000002, 0.602991083574931, 5.1000000000000005, 0.0
0.014000000000000002, 0.602991083574931, 5.300000000000001, 0.0
0.014000000000000002, 0.602991083574931, 5.5, 0.0
0.014000000000000002, 0.602991083574931, 5.7, 0.0
0.014000000000000002, 0.602991083574931, 5.9, 0.0
0.014000000000000002, 0.602991083574931, 6.1000000000000005, 0.0
0.014000000000000002, 0.602991083574931, 6.300000000000001, 0.0
0.014000000000000002, 0.602991083574931, 6.5, 0.0
0.014000000000000002, 0.602991083574931, 6.7, 0.0
0.014000000000000002, 0.602991083574931, 6.9, 0.006944444444444443
0.014000000000000002, 0.602991083574931, 7.1000000000000005, 0.13368055555555552
0.014000000000000002, 0.602991083574931, 7.300000000000001, 0.7482638888888888
0.014000000000000002, 0.602991083574931, 7.5, 3.0486111111111107
0.014000000000000002, 0.602991083574931, 7.7, 7.201388888888888
0.014000000000000002, 0.602991083574931, 7.9, 8.515624999999998
0.014000000000000002, 0.602991083574931, 8.1, 4.461805555555555
0.014000000000000002, 0.602991083574931, 8.3, 0.8194444444444443
0.014000000000000002, 0.602991083574931, 8.5, 0.06249999999999999
0.014000000000000002, 0.602991083574931, 8.700000000000001, 0.0017361111111111108
0.014000000000000002, 0.602991083574931, 8.9, 0.0
0.014000000000000002, 0.602991083574931, 9.1, 0.0
0.014000000000000002, 0.602991083574931, 9.3, 0.0
0.014000000000000002, 0.602991083574931, 9.5, 0.0
0.014000000000000002, 0.602991083574931, 9.700000000000001, 0.0
0.014000000000000002, 0.602991083574931, 9.9, 0.0
0.014000000000000002, 0.602991083574931, 10.100000000000001, 0.0
0.014000000000000002, 0.602991083574931, 10.3, 0.0
0.014000000000000002, 0.602991083574931, 10.5, 0.0
0.014000000000000002, 0.602991083574931, 10.700000000000001, 0.0
0.014000000000000002, 0.602991083574931, 10.9, 0.0
0.014000000000000002, 0.602991083574931, 11.100000000000001, 0.0
0.014000000000000002, 0.602991083574931, 11.3, 0.0
0.014000000000000002, 0.602991083574931, 11.5, 0.05034722222222221
0.014000000000000002, 0.602991083574931, 11.700000000000001, 0.9739583333333333
0.014000000000000002, 0.602991083574931, 11.9, 4.538194444444444
0.014000000000000002, 0.602991083574931, 12.100000000000001, 8.621527777777777
0.014000000000000002, 0.602991083574931, 12.3, 7.074652777777776
0.014000000000000002, 0.602991083574931, 12.5, 2.901041666666666
0.014000000000000002, 0.602991083574931, 12.700000000000001, 0.6961805555555555
0.014000000000000002, 0.602991083574931, 12.9, 0.12152777777777776
0.014000000000000002, 0.602991083574931, 13.100000000000001, 0.02256944444444444
0.014000000000000002, 0.602991083574931, 13.3, 0.0
0.014000000000000002, 0.602991083574931, 13.5, 0.0
0.014000000000000002, 0.602991083574931, 13.700000000000001, 0.0
0.014000000000000002, 0.602991083574931, 13.9, 0.0
0.014000000000000002, 0.602991083574931, 14.100000000000001, 0.0
0.014000000000000002, 0.602991083574931, 14.3, 0.0
0.014000000000000002, 0.602991083574931, 14.5, 0.0
0.014000000000000002, 0.602991083574931, 14.700000000000001, 0.0
0.014000000000000002, 0.602991083574931, 14.9, 0.0
0.014000000000000002, 0.602991083574931, 15.100000000000001, 0.0
0.014000000000000002, 0.602991083574931, 15.3, 0.0
0.014000000000000002, 0.602991083574931, 15.5, 0.0
0.014000000000000002, 0.602991083574931, 15.700000000000001, 0.0
0.014000000000000002, 0.602991083574931, 15.9, 0.0017361111111111108
0.014000000000000002, 0.602991083574931, 16.1, 0.18402777777777776
0.014000000000000002, 0.602991083574931, 16.3, 2.1892361111111107
0.014000000000000002, 0.602991083574931, 16.5, 14.522569444444443
0.014000000000000002, 0.602991083574931, 16.7, 8.092013888888888
0.014000000000000002, 0.602991083574931, 16.900000000000002, 0.010416666666666666
0.014000000000000002, 0.602991083574931, 17.1, 0.0
0.014000000000000002, 0.602991083574931, 17.3, 0.0
0.014000000000000002, 0.602991083574931, 17.5, 0.0
0.014000000000000002, 0.602991083574931, 17.7, 0.0
0.014000000000000002, 0.602991083574931, 17.900000000000002, 0.0
0.014000000000000002, 0.602991083574931, 18.1, 0.0
0.014000000000000002, 0.602991083574931, 18.3, 0.0
0.014000000000000002, 0.602991083574931, 18.5, 0.0
0.014000000000000002, 0.602991083574931, 18.7, 0.0
0.014000000000000002, 0.602991083574931, 18.900000000000002, 0.0
0.014000000000000002, 0.602991083574931, 19.1, 0.0
0.014000000000000002, 0.602991083574931, 19.3, 0.0
0.014000000000000002, 0.602991083574931, 19.5, 0.0
0.014000000000000002, 0.602991083574931, 19.700000000000003, 0.0
0.014000000000000002, 0.602991083574931, 19.900000000000002, 0.0
