# Wall separation Lx: 20.0
# Ly = Lz varies with phi0
# Number of particles: 32
# Sampled configurations per run: 1800.0
# Initial configuration: FCC
# Dry microgel radius [nm]: 50.0
# Number of monomers: 2916666.666666667
# Number of chains: 2916.666666666667
# Flory chi: 0.0
# Young's calibration: 1.0
# Wall Hertz calibration: 1.0
# Cross-link fraction: 0.001
# MC steps: 100000
# Equilibration steps: 10000.0
# Snapshot interval: 50
# Displacement tolerance: 0.1
# Radius change tolerance: 0.05
# Size bin width: 0.001
# Position bin width: 0.2

# phi0, phi, x, n(x)
0.01, 0.4307903159045126, 0.1, 0.0
0.01, 0.4307903159045126, 0.30000000000000004, 0.0
0.01, 0.4307903159045126, 0.5, 0.0
0.01, 0.4307903159045126, 0.7000000000000001, 0.0
0.01, 0.4307903159045126, 0.9, 0.0
0.01, 0.4307903159045126, 1.1, 0.0
0.01, 0.4307903159045126, 1.3, 0.0
0.01, 0.4307903159045126, 1.5, 0.0
0.01, 0.4307903159045126, 1.7000000000000002, 0.0
0.01, 0.4307903159045126, 1.9000000000000001, 0.0
0.01, 0.4307903159045126, 2.1, 0.0
0.01, 0.4307903159045126, 2.3000000000000003, 0.0
0.01, 0.4307903159045126, 2.5, 0.0
0.01, 0.4307903159045126, 2.7, 0.0
0.01, 0.4307903159045126, 2.9000000000000004, 0.0
0.01, 0.4307903159045126, 3.1, 0.0
0.01, 0.4307903159045126, 3.3000000000000003, 0.0038835463978413006
0.01, 0.4307903159045126, 3.5, 0.017432439860534162
0.01, 0.4307903159045126, 3.7, 0.014245196338719904
0.01, 0.4307903159045126, 3.9000000000000004, 0.009420812126246826
0.01, 0.4307903159045126, 4.1000000000000005, 0.0072282869987569135
0.01, 0.4307903159045126, 4.3, 0.004662742473395372
0.01, 0.4307903159045126, 4.5, 0.003212111481672367
0.01, 0.4307903159045126, 4.7, 0.0024494940460237018
0.01, 0.4307903159045126, 4.9, 0.0017366125300912539
0.01, 0.4307903159045126, 5.1000000000000005, 0.001512800891368276
0.01, 0.4307903159045126, 5.300000000000001, 0.0013262911924324613
0.01, 0.4307903159045126, 5.5, 0.0011356368335202949
0.01, 0.4307903159045126, 5.7, 8.496552951520454E-4
0.01, 0.4307903159045126, 5.9, 9.366931546554257E-4
0.01, 0.4307903159045126, 6.1000000000000005, 9.201145147500199E-4
0.01, 0.4307903159045126, 6.300000000000001, 6.382776363581219E-4
0.01, 0.4307903159045126, 6.5, 5.63673756783796E-4
0.01, 0.4307903159045126, 6.7, 6.092650165236619E-4
0.01, 0.4307903159045126, 6.9, 7.128815159324479E-4
0.01, 0.4307903159045126, 7.1000000000000005, 9.366931546554257E-4
0.01, 0.4307903159045126, 7.300000000000001, 0.0011190581936148891
0.01, 0.4307903159045126, 7.5, 0.0012268193530000266
0.01, 0.4307903159045126, 7.7, 0.0013553038122669212
0.01, 0.4307903159045126, 7.9, 0.0019479901888851774
0.01, 0.4307903159045126, 8.1, 0.002035028048388558
0.01, 0.4307903159045126, 8.3, 0.002868104703635197
0.01, 0.4307903159045126, 8.5, 0.003390331860655479
0.01, 0.4307903159045126, 8.700000000000001, 0.0038213764981960287
0.01, 0.4307903159045126, 8.9, 0.003738483298669
0.01, 0.4307903159045126, 9.1, 0.004003741537155492
0.01, 0.4307903159045126, 9.3, 0.00514766769062849
0.01, 0.4307903159045126, 9.5, 0.006183832684716351
0.01, 0.4307903159045126, 9.700000000000001, 0.006001467645756887
0.01, 0.4307903159045126, 9.9, 0.0046834657732771285
0.01, 0.4307903159045126, 10.100000000000001, 0.0038338104781250834
0.01, 0.4307903159045126, 10.3, 0.00339447652063183
0.01, 0.4307903159045126, 10.5, 0.0030504697425946608
0.01, 0.4307903159045126, 10.700000000000001, 0.0033240173010338557
0.01, 0.4307903159045126, 10.9, 0.0035809862195676453
0.01, 0.4307903159045126, 11.100000000000001, 0.003481514380135211
0.01, 0.4307903159045126, 11.3, 0.0029261299433041175
0.01, 0.4307903159045126, 11.5, 0.0027188969444865456
0.01, 0.4307903159045126, 11.700000000000001, 0.0023127202668041043
0.01, 0.4307903159045126, 11.9, 0.0021054872679865323
0.01, 0.4307903159045126, 12.100000000000001, 0.0018029270897128768
0.01, 0.4307903159045126, 12.3, 0.0015086562313919246
0.01, 0.4307903159045126, 12.5, 0.001305567892550704
0.01, 0.4307903159045126, 12.700000000000001, 0.0012848445926689467
0.01, 0.4307903159045126, 12.9, 0.0011605047933784035
0.01, 0.4307903159045126, 13.100000000000001, 0.001069322273898672
0.01, 0.4307903159045126, 13.3, 0.0010651776139223204
0.01, 0.4307903159045126, 13.5, 0.0010776115938513748
0.01, 0.4307903159045126, 13.700000000000001, 9.698504344662373E-4
0.01, 0.4307903159045126, 13.9, 9.822844143952917E-4
0.01, 0.4307903159045126, 14.100000000000001, 0.001069322273898672
0.01, 0.4307903159045126, 14.3, 0.0012599766328108381
0.01, 0.4307903159045126, 14.5, 0.0012599766328108381
0.01, 0.4307903159045126, 14.700000000000001, 0.0017158892302094966
0.01, 0.4307903159045126, 14.9, 0.0020806193081284235
0.01, 0.4307903159045126, 15.100000000000001, 0.0025779785052905966
0.01, 0.4307903159045126, 15.3, 0.0031830988618379067
0.01, 0.4307903159045126, 15.5, 0.004132225996422387
0.01, 0.4307903159045126, 15.700000000000001, 0.005060629831125109
0.01, 0.4307903159045126, 15.9, 0.007311180198283943
0.01, 0.4307903159045126, 16.1, 0.009735806284449535
0.01, 0.4307903159045126, 16.3, 0.013453566283236778
0.01, 0.4307903159045126, 16.5, 0.017316389381196323
0.01, 0.4307903159045126, 16.7, 0.0036804580590000797
0.01, 0.4307903159045126, 16.900000000000002, 4.1446599763514416E-6
0.01, 0.4307903159045126, 17.1, 0.0
0.01, 0.4307903159045126, 17.3, 0.0
0.01, 0.4307903159045126, 17.5, 0.0
0.01, 0.4307903159045126, 17.7, 0.0
0.01, 0.4307903159045126, 17.900000000000002, 0.0
0.01, 0.4307903159045126, 18.1, 0.0
0.01, 0.4307903159045126, 18.3, 0.0
0.01, 0.4307903159045126, 18.5, 0.0
0.01, 0.4307903159045126, 18.7, 0.0
0.01, 0.4307903159045126, 18.900000000000002, 0.0
0.01, 0.4307903159045126, 19.1, 0.0
0.01, 0.4307903159045126, 19.3, 0.0
0.01, 0.4307903159045126, 19.5, 0.0
0.01, 0.4307903159045126, 19.700000000000003, 0.0
0.01, 0.4307903159045126, 19.900000000000002, 0.0
0.011, 0.47385119466852865, 0.1, 0.0
0.011, 0.47385119466852865, 0.30000000000000004, 0.0
0.011, 0.47385119466852865, 0.5, 0.0
0.011, 0.47385119466852865, 0.7000000000000001, 0.0
0.011, 0.47385119466852865, 0.9, 0.0
0.011, 0.47385119466852865, 1.1, 0.0
0.011, 0.47385119466852865, 1.3, 0.0
0.011, 0.47385119466852865, 1.5, 0.0
0.011, 0.47385119466852865, 1.7000000000000002, 0.0
0.011, 0.47385119466852865, 1.9000000000000001, 0.0
0.011, 0.47385119466852865, 2.1, 0.0
0.011, 0.47385119466852865, 2.3000000000000003, 0.0
0.011, 0.47385119466852865, 2.5, 0.0
0.011, 0.47385119466852865, 2.7, 0.0
0.011, 0.47385119466852865, 2.9000000000000004, 0.0
0.011, 0.47385119466852865, 3.1, 9.11825194797317E-6
0.011, 0.47385119466852865, 3.3000000000000003, 0.004964888185671392
0.011, 0.47385119466852865, 3.5, 0.02123184966085553
0.011, 0.47385119466852865, 3.7, 0.016526831655701374
0.011, 0.47385119466852865, 3.9000000000000004, 0.01106955786483943
0.011, 0.47385119466852865, 4.1000000000000005, 0.007900965312918753
0.011, 0.47385119466852865, 4.3, 0.005388886901252144
0.011, 0.47385119466852865, 4.5, 0.0032415385675044622
0.011, 0.47385119466852865, 4.7, 0.0023935411363429572
0.011, 0.47385119466852865, 4.9, 0.0016139305947912514
0.011, 0.47385119466852865, 5.1000000000000005, 0.0011078676116787402
0.011, 0.47385119466852865, 5.300000000000001, 0.0010258033441469818
0.011, 0.47385119466852865, 5.5, 0.001012125966225022
0.011, 0.47385119466852865, 5.7, 7.659331636297464E-4
0.011, 0.47385119466852865, 5.9, 7.750514155777195E-4
0.011, 0.47385119466852865, 6.1000000000000005, 5.516542428523768E-4
0.011, 0.47385119466852865, 6.300000000000001, 5.425359909044037E-4
0.011, 0.47385119466852865, 6.5, 6.975462740199476E-4
0.011, 0.47385119466852865, 6.7, 8.02406171421639E-4
0.011, 0.47385119466852865, 6.9, 8.297609272655585E-4
0.011, 0.47385119466852865, 7.1000000000000005, 6.610732662280549E-4
0.011, 0.47385119466852865, 7.300000000000001, 7.932879194736659E-4
0.011, 0.47385119466852865, 7.5, 8.844704389533975E-4
0.011, 0.47385119466852865, 7.7, 8.981478168753574E-4
0.011, 0.47385119466852865, 7.9, 0.0013905334220659085
0.011, 0.47385119466852865, 8.1, 0.0016230488467392245
0.011, 0.47385119466852865, 8.3, 0.0019649832947882186
0.011, 0.47385119466852865, 8.5, 0.001983219798684165
0.011, 0.47385119466852865, 8.700000000000001, 0.002484723655822689
0.011, 0.47385119466852865, 8.9, 0.0033600758428281134
0.011, 0.47385119466852865, 9.1, 0.004244546281781511
0.011, 0.47385119466852865, 9.3, 0.004864587414243687
0.011, 0.47385119466852865, 9.5, 0.0058174447428068835
0.011, 0.47385119466852865, 9.700000000000001, 0.006665442173968388
0.011, 0.47385119466852865, 9.9, 0.008124362485644096
0.011, 0.47385119466852865, 10.100000000000001, 0.007321956314222456
0.011, 0.47385119466852865, 10.3, 0.00656970052851467
0.011, 0.47385119466852865, 10.5, 0.00636909898565926
0.011, 0.47385119466852865, 10.700000000000001, 0.005110780216838962
0.011, 0.47385119466852865, 10.9, 0.003656419031137242
0.011, 0.47385119466852865, 11.100000000000001, 0.0026898843246520856
0.011, 0.47385119466852865, 11.3, 0.0021245527038777487
0.011, 0.47385119466852865, 11.5, 0.001960424168814232
0.011, 0.47385119466852865, 11.700000000000001, 0.0021291118298517354
0.011, 0.47385119466852865, 11.9, 0.0020516066882939636
0.011, 0.47385119466852865, 12.100000000000001, 0.001768940877906795
0.011, 0.47385119466852865, 12.3, 0.0014862750675196268
0.011, 0.47385119466852865, 12.5, 0.0012583187688202976
0.011, 0.47385119466852865, 12.700000000000001, 9.255025727192769E-4
0.011, 0.47385119466852865, 12.9, 6.246002584361622E-4
0.011, 0.47385119466852865, 13.100000000000001, 4.5591259739865853E-4
0.011, 0.47385119466852865, 13.3, 4.376760935027122E-4
0.011, 0.47385119466852865, 13.5, 4.467943454506854E-4
0.011, 0.47385119466852865, 13.700000000000001, 5.334177389564306E-4
0.011, 0.47385119466852865, 13.9, 6.701915181760281E-4
0.011, 0.47385119466852865, 14.100000000000001, 7.841696675256927E-4
0.011, 0.47385119466852865, 14.3, 8.115244233696123E-4
0.011, 0.47385119466852865, 14.5, 0.0011306632415486733
0.011, 0.47385119466852865, 14.700000000000001, 0.0012583187688202976
0.011, 0.47385119466852865, 14.9, 0.0013905334220659085
0.011, 0.47385119466852865, 15.100000000000001, 0.0019193920350483525
0.011, 0.47385119466852865, 15.3, 0.002812980725949723
0.011, 0.47385119466852865, 15.5, 0.0035834730155534563
0.011, 0.47385119466852865, 15.700000000000001, 0.005511983302549782
0.011, 0.47385119466852865, 15.9, 0.0077140411479853024
0.011, 0.47385119466852865, 16.1, 0.011826372776521203
0.011, 0.47385119466852865, 16.3, 0.017593667133614235
0.011, 0.47385119466852865, 16.5, 0.024040271260831265
0.011, 0.47385119466852865, 16.7, 0.0054253599090440365
0.011, 0.47385119466852865, 16.900000000000002, 0.0
0.011, 0.47385119466852865, 17.1, 0.0
0.011, 0.47385119466852865, 17.3, 0.0
0.011, 0.47385119466852865, 17.5, 0.0
0.011, 0.47385119466852865, 17.7, 0.0
0.011, 0.47385119466852865, 17.900000000000002, 0.0
0.011, 0.47385119466852865, 18.1, 0.0
0.011, 0.47385119466852865, 18.3, 0.0
0.011, 0.47385119466852865, 18.5, 0.0
0.011, 0.47385119466852865, 18.7, 0.0
0.011, 0.47385119466852865, 18.900000000000002, 0.0
0.011, 0.47385119466852865, 19.1, 0.0
0.011, 0.47385119466852865, 19.3, 0.0
0.011, 0.47385119466852865, 19.5, 0.0
0.011, 0.47385119466852865, 19.700000000000003, 0.0
0.011, 0.47385119466852865, 19.900000000000002, 0.0
0.012, 0.5169030169817845, 0.1, 0.0
0.012, 0.5169030169817845, 0.30000000000000004, 0.0
0.012, 0.5169030169817845, 0.5, 0.0
0.012, 0.5169030169817845, 0.7000000000000001, 0.0
0.012, 0.5169030169817845, 0.9, 0.0
0.012, 0.5169030169817845, 1.1, 0.0
0.012, 0.5169030169817845, 1.3, 0.0
0.012, 0.5169030169817845, 1.5, 0.0
0.012, 0.5169030169817845, 1.7000000000000002, 0.0
0.012, 0.5169030169817845, 1.9000000000000001, 0.0
0.012, 0.5169030169817845, 2.1, 0.0
0.012, 0.5169030169817845, 2.3000000000000003, 0.0
0.012, 0.5169030169817845, 2.5, 0.0
0.012, 0.5169030169817845, 2.7, 0.0
0.012, 0.5169030169817845, 2.9000000000000004, 0.0
0.012, 0.5169030169817845, 3.1, 4.97359197162173E-6
0.012, 0.5169030169817845, 3.3000000000000003, 0.007679226004183951
0.012, 0.5169030169817845, 3.5, 0.02913530176976009
0.012, 0.5169030169817845, 3.7, 0.018591286789922026
0.012, 0.5169030169817845, 3.9000000000000004, 0.011777465788800257
0.012, 0.5169030169817845, 4.1000000000000005, 0.006694454793802848
0.012, 0.5169030169817845, 4.3, 0.0038545337780068406
0.012, 0.5169030169817845, 4.5, 0.0026907132566473557
0.012, 0.5169030169817845, 4.7, 0.0018253082535851749
0.012, 0.5169030169817845, 4.9, 0.0012931339126216498
0.012, 0.5169030169817845, 5.1000000000000005, 9.250881067216417E-4
0.012, 0.5169030169817845, 5.300000000000001, 0.0010046655782675895
0.012, 0.5169030169817845, 5.5, 0.0012433979929054324
0.012, 0.5169030169817845, 5.7, 0.0011439261534729977
0.012, 0.5169030169817845, 5.9, 0.0010991638257284023
0.012, 0.5169030169817845, 6.1000000000000005, 0.0015766286550040884
0.012, 0.5169030169817845, 6.300000000000001, 0.0013926057520540843
0.012, 0.5169030169817845, 6.5, 0.0013329226483946236
0.012, 0.5169030169817845, 6.7, 0.0011190581936148891
0.012, 0.5169030169817845, 6.9, 0.0011687941133311066
0.012, 0.5169030169817845, 7.1000000000000005, 0.0013727113841675975
0.012, 0.5169030169817845, 7.300000000000001, 0.0012732395447351628
0.012, 0.5169030169817845, 7.5, 0.0013030810965648932
0.012, 0.5169030169817845, 7.7, 0.00117874129727435
0.012, 0.5169030169817845, 7.9, 0.0012384244009338108
0.012, 0.5169030169817845, 8.1, 0.0019496480528757181
0.012, 0.5169030169817845, 8.3, 0.00261610937707303
0.012, 0.5169030169817845, 8.5, 0.0032825707012703416
0.012, 0.5169030169817845, 8.700000000000001, 0.0037998242663190014
0.012, 0.5169030169817845, 8.9, 0.003958979209410897
0.012, 0.5169030169817845, 9.1, 0.004307130647424418
0.012, 0.5169030169817845, 9.3, 0.004247447543764957
0.012, 0.5169030169817845, 9.5, 0.004575704613891991
0.012, 0.5169030169817845, 9.700000000000001, 0.005694762807506881
0.012, 0.5169030169817845, 9.9, 0.0061025973491798625
0.012, 0.5169030169817845, 10.100000000000001, 0.006883451288724474
0.012, 0.5169030169817845, 10.3, 0.007261444278567725
0.012, 0.5169030169817845, 10.5, 0.00698789672012853
0.012, 0.5169030169817845, 10.700000000000001, 0.006018046285662293
0.012, 0.5169030169817845, 10.9, 0.005162588466543355
0.012, 0.5169030169817845, 11.100000000000001, 0.003809771450262245
0.012, 0.5169030169817845, 11.3, 0.0030438382866324987
0.012, 0.5169030169817845, 11.5, 0.0024370600660946476
0.012, 0.5169030169817845, 11.700000000000001, 0.002113776587939235
0.012, 0.5169030169817845, 11.9, 0.002059067076251396
0.012, 0.5169030169817845, 12.100000000000001, 0.0015816022469757102
0.012, 0.5169030169817845, 12.3, 0.0013478434243094888
0.012, 0.5169030169817845, 12.5, 0.0014224473038838147
0.012, 0.5169030169817845, 12.700000000000001, 0.0011986356651608368
0.012, 0.5169030169817845, 12.9, 0.0012931339126216498
0.012, 0.5169030169817845, 13.100000000000001, 0.001452288855713545
0.012, 0.5169030169817845, 13.3, 0.0013727113841675975
0.012, 0.5169030169817845, 13.5, 0.001268265952763541
0.012, 0.5169030169817845, 13.700000000000001, 9.051937388351548E-4
0.012, 0.5169030169817845, 13.9, 6.167254044810945E-4
0.012, 0.5169030169817845, 14.100000000000001, 4.6751764533244257E-4
0.012, 0.5169030169817845, 14.3, 5.52068708850012E-4
0.012, 0.5169030169817845, 14.5, 6.465669563108249E-4
0.012, 0.5169030169817845, 14.700000000000001, 7.311180198283942E-4
0.012, 0.5169030169817845, 14.9, 9.897448023527243E-4
0.012, 0.5169030169817845, 15.100000000000001, 0.0012433979929054324
0.012, 0.5169030169817845, 15.3, 0.002009331156535179
0.012, 0.5169030169817845, 15.5, 0.003202993229724394
0.012, 0.5169030169817845, 15.700000000000001, 0.004700044413182535
0.012, 0.5169030169817845, 15.9, 0.007385784077858269
0.012, 0.5169030169817845, 16.1, 0.010931955153624561
0.012, 0.5169030169817845, 16.3, 0.01810884836867472
0.012, 0.5169030169817845, 16.5, 0.02763327699433033
0.012, 0.5169030169817845, 16.7, 0.007181866807021778
0.012, 0.5169030169817845, 16.900000000000002, 4.97359197162173E-6
0.012, 0.5169030169817845, 17.1, 0.0
0.012, 0.5169030169817845, 17.3, 0.0
0.012, 0.5169030169817845, 17.5, 0.0
0.012, 0.5169030169817845, 17.7, 0.0
0.012, 0.5169030169817845, 17.900000000000002, 0.0
0.012, 0.5169030169817845, 18.1, 0.0
0.012, 0.5169030169817845, 18.3, 0.0
0.012, 0.5169030169817845, 18.5, 0.0
0.012, 0.5169030169817845, 18.7, 0.0
0.012, 0.5169030169817845, 18.900000000000002, 0.0
0.012, 0.5169030169817845, 19.1, 0.0
0.012, 0.5169030169817845, 19.3, 0.0
0.012, 0.5169030169817845, 19.5, 0.0
0.012, 0.5169030169817845, 19.700000000000003, 0.0
0.012, 0.5169030169817845, 19.900000000000002, 0.0
0.013000000000000001, 0.5599667251060287, 0.1, 0.0
0.013000000000000001, 0.5599667251060287, 0.30000000000000004, 0.0
0.013000000000000001, 0.5599667251060287, 0.5, 0.0
0.013000000000000001, 0.5599667251060287, 0.7000000000000001, 0.0
0.013000000000000001, 0.5599667251060287, 0.9, 0.0
0.013000000000000001, 0.5599667251060287, 1.1, 0.0
0.013000000000000001, 0.5599667251060287, 1.3, 0.0
0.013000000000000001, 0.5599667251060287, 1.5, 0.0
0.013000000000000001, 0.5599667251060287, 1.7000000000000002, 0.0
0.013000000000000001, 0.5599667251060287, 1.9000000000000001, 0.0
0.013000000000000001, 0.5599667251060287, 2.1, 0.0
0.013000000000000001, 0.5599667251060287, 2.3000000000000003, 0.0
0.013000000000000001, 0.5599667251060287, 2.5, 0.0
0.013000000000000001, 0.5599667251060287, 2.7, 0.0
0.013000000000000001, 0.5599667251060287, 2.9000000000000004, 0.0
0.013000000000000001, 0.5599667251060287, 3.1, 2.6940289846284367E-5
0.013000000000000001, 0.5599667251060287, 3.3000000000000003, 0.014445383415577679
0.013000000000000001, 0.5599667251060287, 3.5, 0.041030061435891094
0.013000000000000001, 0.5599667251060287, 3.7, 0.01569541286444527
0.013000000000000001, 0.5599667251060287, 3.9000000000000004, 0.0045313567521450306
0.013000000000000001, 0.5599667251060287, 4.1000000000000005, 0.001320074202467934
0.013000000000000001, 0.5599667251060287, 4.3, 4.0410434769426554E-4
0.013000000000000001, 0.5599667251060287, 4.5, 1.0776115938513747E-4
0.013000000000000001, 0.5599667251060287, 4.7, 2.1552231877027493E-5
0.013000000000000001, 0.5599667251060287, 4.9, 5.388057969256873E-6
0.013000000000000001, 0.5599667251060287, 5.1000000000000005, 0.0
0.013000000000000001, 0.5599667251060287, 5.300000000000001, 0.0
0.013000000000000001, 0.5599667251060287, 5.5, 0.0
0.013000000000000001, 0.5599667251060287, 5.7, 0.0
0.013000000000000001, 0.5599667251060287, 5.9, 2.6940289846284367E-5
0.013000000000000001, 0.5599667251060287, 6.1000000000000005, 5.926863766182561E-5
0.013000000000000001, 0.5599667251060287, 6.300000000000001, 5.926863766182561E-5
0.013000000000000001, 0.5599667251060287, 6.5, 2.2629843470878868E-4
0.013000000000000001, 0.5599667251060287, 6.7, 5.657460867719718E-4
0.013000000000000001, 0.5599667251060287, 6.9, 0.001196148869175026
0.013000000000000001, 0.5599667251060287, 7.1000000000000005, 0.0028179543179213448
0.013000000000000001, 0.5599667251060287, 7.300000000000001, 0.004741491012946049
0.013000000000000001, 0.5599667251060287, 7.5, 0.008696325562380595
0.013000000000000001, 0.5599667251060287, 7.7, 0.013022936111693863
0.013000000000000001, 0.5599667251060287, 7.9, 0.0157546815021071
0.013000000000000001, 0.5599667251060287, 8.1, 0.01414904022726855
0.013000000000000001, 0.5599667251060287, 8.3, 0.009391385040414731
0.013000000000000001, 0.5599667251060287, 8.5, 0.004903132752023755
0.013000000000000001, 0.5599667251060287, 8.700000000000001, 0.0015894771009307778
0.013000000000000001, 0.5599667251060287, 8.9, 3.5561182597095367E-4
0.013000000000000001, 0.5599667251060287, 9.1, 3.232834781554124E-5
0.013000000000000001, 0.5599667251060287, 9.3, 0.0
0.013000000000000001, 0.5599667251060287, 9.5, 0.0
0.013000000000000001, 0.5599667251060287, 9.700000000000001, 0.0
0.013000000000000001, 0.5599667251060287, 9.9, 0.0
0.013000000000000001, 0.5599667251060287, 10.100000000000001, 0.0
0.013000000000000001, 0.5599667251060287, 10.3, 0.0
0.013000000000000001, 0.5599667251060287, 10.5, 0.0
0.013000000000000001, 0.5599667251060287, 10.700000000000001, 5.388057969256873E-6
0.013000000000000001, 0.5599667251060287, 10.9, 3.7716405784798113E-5
0.013000000000000001, 0.5599667251060287, 11.100000000000001, 2.801790144013574E-4
0.013000000000000001, 0.5599667251060287, 11.3, 9.967907243125216E-4
0.013000000000000001, 0.5599667251060287, 11.5, 0.004089535998665967
0.013000000000000001, 0.5599667251060287, 11.700000000000001, 0.009235131359306281
0.013000000000000001, 0.5599667251060287, 11.9, 0.013879637328805707
0.013000000000000001, 0.5599667251060287, 12.100000000000001, 0.015323636864566548
0.013000000000000001, 0.5599667251060287, 12.3, 0.012888234662462441
0.013000000000000001, 0.5599667251060287, 12.5, 0.010544429445835701
0.013000000000000001, 0.5599667251060287, 12.700000000000001, 0.006013072693690671
0.013000000000000001, 0.5599667251060287, 12.9, 0.0026670886947821526
0.013000000000000001, 0.5599667251060287, 13.100000000000001, 0.0010776115938513748
0.013000000000000001, 0.5599667251060287, 13.3, 4.2026852160203615E-4
0.013000000000000001, 0.5599667251060287, 13.5, 1.1853727532365121E-4
0.013000000000000001, 0.5599667251060287, 13.700000000000001, 1.0776115938513747E-5
0.013000000000000001, 0.5599667251060287, 13.9, 0.0
0.013000000000000001, 0.5599667251060287, 14.100000000000001, 0.0
0.013000000000000001, 0.5599667251060287, 14.3, 0.0
0.013000000000000001, 0.5599667251060287, 14.5, 0.0
0.013000000000000001, 0.5599667251060287, 14.700000000000001, 0.0
0.013000000000000001, 0.5599667251060287, 14.9, 0.0
0.013000000000000001, 0.5599667251060287, 15.100000000000001, 0.0
0.013000000000000001, 0.5599667251060287, 15.3, 0.0
0.013000000000000001, 0.5599667251060287, 15.5, 4.310446375405499E-5
0.013000000000000001, 0.5599667251060287, 15.700000000000001, 2.963431883091281E-4
0.013000000000000001, 0.5599667251060287, 15.9, 0.0010560593619743472
0.013000000000000001, 0.5599667251060287, 16.1, 0.004261953853682187
0.013000000000000001, 0.5599667251060287, 16.3, 0.01490875640093377
0.013000000000000001, 0.5599667251060287, 16.5, 0.0418167178994026
0.013000000000000001, 0.5599667251060287, 16.7, 0.01518354735736587
0.013000000000000001, 0.5599667251060287, 16.900000000000002, 2.1552231877027493E-5
0.013000000000000001, 0.5599667251060287, 17.1, 0.0
0.013000000000000001, 0.5599667251060287, 17.3, 0.0
0.013000000000000001, 0.5599667251060287, 17.5, 0.0
0.013000000000000001, 0.5599667251060287, 17.7, 0.0
0.013000000000000001, 0.5599667251060287, 17.900000000000002, 0.0
0.013000000000000001, 0.5599667251060287, 18.1, 0.0
0.013000000000000001, 0.5599667251060287, 18.3, 0.0
0.013000000000000001, 0.5599667251060287, 18.5, 0.0
0.013000000000000001, 0.5599667251060287, 18.7, 0.0
0.013000000000000001, 0.5599667251060287, 18.900000000000002, 0.0
0.013000000000000001, 0.5599667251060287, 19.1, 0.0
0.013000000000000001, 0.5599667251060287, 19.3, 0.0
0.013000000000000001, 0.5599667251060287, 19.5, 0.0
0.013000000000000001, 0.5599667251060287, 19.700000000000003, 0.0
0.013000000000000001, 0.5599667251060287, 19.900000000000002, 0.0
0.014000000000000002, 0.602991083574931, 0.1, 0.0
0.014000000000000002, 0.602991083574931, 0.30000000000000004, 0.0
0.014000000000000002, 0.602991083574931, 0.5, 0.0
0.014000000000000002, 0.602991083574931, 0.7000000000000001, 0.0
0.014000000000000002, 0.602991083574931, 0.9, 0.0
0.014000000000000002, 0.602991083574931, 1.1, 0.0
0.014000000000000002, 0.602991083574931, 1.3, 0.0
0.014000000000000002, 0.602991083574931, 1.5, 0.0
0.014000000000000002, 0.602991083574931, 1.7000000000000002, 0.0
0.014000000000000002, 0.602991083574931, 1.9000000000000001, 0.0
0.014000000000000002, 0.602991083574931, 2.1, 0.0
0.014000000000000002, 0.602991083574931, 2.3000000000000003, 0.0
0.014000000000000002, 0.602991083574931, 2.5, 0.0
0.014000000000000002, 0.602991083574931, 2.7, 0.0
0.014000000000000002, 0.602991083574931, 2.9000000000000004, 0.0
0.014000000000000002, 0.602991083574931, 3.1, 4.0617667768244116E-5
0.014000000000000002, 0.602991083574931, 3.3000000000000003, 0.028090018523724256
0.014000000000000002, 0.602991083574931, 3.5, 0.04728476780620305
0.014000000000000002, 0.602991083574931, 3.7, 0.00750846601315827
0.014000000000000002, 0.602991083574931, 3.9000000000000004, 6.034624925567698E-4
0.014000000000000002, 0.602991083574931, 4.1000000000000005, 2.9012619834460084E-5
0.014000000000000002, 0.602991083574931, 4.3, 0.0
0.014000000000000002, 0.602991083574931, 4.5, 0.0
0.014000000000000002, 0.602991083574931, 4.7, 0.0
0.014000000000000002, 0.602991083574931, 4.9, 0.0
0.014000000000000002, 0.602991083574931, 5.1000000000000005, 0.0
0.014000000000000002, 0.602991083574931, 5.300000000000001, 0.0
0.014000000000000002, 0.602991083574931, 5.5, 0.0
0.014000000000000002, 0.602991083574931, 5.7, 0.0
0.014000000000000002, 0.602991083574931, 5.9, 0.0
0.014000000000000002, 0.602991083574931, 6.1000000000000005, 0.0
0.014000000000000002, 0.602991083574931, 6.300000000000001, 0.0
0.014000000000000002, 0.602991083574931, 6.5, 0.0
0.014000000000000002, 0.602991083574931, 6.7, 0.0
0.014000000000000002, 0.602991083574931, 6.9, 2.3210095867568068E-5
0.014000000000000002, 0.602991083574931, 7.1000000000000005, 4.467943454506853E-4
0.014000000000000002, 0.602991083574931, 7.300000000000001, 0.0025008878297304595
0.014000000000000002, 0.602991083574931, 7.5, 0.010189232085862383
0.014000000000000002, 0.602991083574931, 7.7, 0.024068869414668088
0.014000000000000002, 0.602991083574931, 7.9, 0.028461380057605342
0.014000000000000002, 0.602991083574931, 8.1, 0.014912486594912485
0.014000000000000002, 0.602991083574931, 8.3, 0.002738791312373032
0.014000000000000002, 0.602991083574931, 8.5, 2.0889086280811262E-4
0.014000000000000002, 0.602991083574931, 8.700000000000001, 5.802523966892017E-6
0.014000000000000002, 0.602991083574931, 8.9, 0.0
0.014000000000000002, 0.602991083574931, 9.1, 0.0
0.014000000000000002, 0.602991083574931, 9.3, 0.0
0.014000000000000002, 0.602991083574931, 9.5, 0.0
0.014000000000000002, 0.602991083574931, 9.700000000000001, 0.0
0.014000000000000002, 0.602991083574931, 9.9, 0.0
0.014000000000000002, 0.602991083574931, 10.100000000000001, 0.0
0.014000000000000002, 0.602991083574931, 10.3, 0.0
0.014000000000000002, 0.602991083574931, 10.5, 0.0
0.014000000000000002, 0.602991083574931, 10.700000000000001, 0.0
0.014000000000000002, 0.602991083574931, 10.9, 0.0
0.014000000000000002, 0.602991083574931, 11.100000000000001, 0.0
0.014000000000000002, 0.602991083574931, 11.3, 0.0
0.014000000000000002, 0.602991083574931, 11.5, 1.6827319503986849E-4
0.014000000000000002, 0.602991083574931, 11.700000000000001, 0.0032552159454264217
0.014000000000000002, 0.602991083574931, 11.9, 0.015167797649455732
0.014000000000000002, 0.602991083574931, 12.100000000000001, 0.028815334019585758
0.014000000000000002, 0.602991083574931, 12.3, 0.02364528516508497
0.014000000000000002, 0.602991083574931, 12.5, 0.00969601754867656
0.014000000000000002, 0.602991083574931, 12.700000000000001, 0.002326812110723699
0.014000000000000002, 0.602991083574931, 12.9, 4.061766776824412E-4
0.014000000000000002, 0.602991083574931, 13.100000000000001, 7.543281156959623E-5
0.014000000000000002, 0.602991083574931, 13.3, 0.0
0.014000000000000002, 0.602991083574931, 13.5, 0.0
0.014000000000000002, 0.602991083574931, 13.700000000000001, 0.0
0.014000000000000002, 0.602991083574931, 13.9, 0.0
0.014000000000000002, 0.602991083574931, 14.100000000000001, 0.0
0.014000000000000002, 0.602991083574931, 14.3, 0.0
0.014000000000000002, 0.602991083574931, 14.5, 0.0
0.014000000000000002, 0.602991083574931, 14.700000000000001, 0.0
0.014000000000000002, 0.602991083574931, 14.9, 0.0
0.014000000000000002, 0.602991083574931, 15.100000000000001, 0.0
0.014000000000000002, 0.602991083574931, 15.3, 0.0
0.014000000000000002, 0.602991083574931, 15.5, 0.0
0.014000000000000002, 0.602991083574931, 15.700000000000001, 0.0
0.014000000000000002, 0.602991083574931, 15.9, 5.802523966892017E-6
0.014000000000000002, 0.602991083574931, 16.1, 6.150675404905539E-4
0.014000000000000002, 0.602991083574931, 16.3, 0.0073169827222508334
0.014000000000000002, 0.602991083574931, 16.5, 0.048538112983051725
0.014000000000000002, 0.602991083574931, 16.7, 0.02704556420968369
0.014000000000000002, 0.602991083574931, 16.900000000000002, 3.4815143801352104E-5
0.014000000000000002, 0.602991083574931, 17.1, 0.0
0.014000000000000002, 0.602991083574931, 17.3, 0.0
0.014000000000000002, 0.602991083574931, 17.5, 0.0
0.014000000000000002, 0.602991083574931, 17.7, 0.0
0.014000000000000002, 0.602991083574931, 17.900000000000002, 0.0
0.014000000000000002, 0.602991083574931, 18.1, 0.0
0.014000000000000002, 0.602991083574931, 18.3, 0.0
0.014000000000000002, 0.602991083574931, 18.5, 0.0
0.014000000000000002, 0.602991083574931, 18.7, 0.0
0.014000000000000002, 0.602991083574931, 18.900000000000002, 0.0
0.014000000000000002, 0.602991083574931, 19.1, 0.0
0.014000000000000002, 0.602991083574931, 19.3, 0.0
0.014000000000000002, 0.602991083574931, 19.5, 0.0
0.014000000000000002, 0.602991083574931, 19.700000000000003, 0.0
0.014000000000000002, 0.602991083574931, 19.900000000000002, 0.0
