This fits B3 to B3 into the virial expansion since maxPower is set to 1.
Number of particles: 108
dryVolFracMax: 2.001
dryVolFracIncrement: 0.05
Initial configuration: FCC
Dry microgel radius [nm]: 50.0
Box length [units of dry radius]: 3.779763149684619
Number of monomers: 0.0
Number of chains: 0.0
Flory interaction parameter (chi): 0.0
Young's calibration factor: 1.0
x-link fraction: 3.0E-5
betaEpsilon: 140.0
Tstar: 0.007142857142857143
MC steps: 20000
Equilibration steps: 10000.0
Snapshot interval: 100
Displacement tolerance: 0.1
Particle radius change tolerance: 0.0
Particle radius bin width: 0.001
g(r) bin width: 0.005
phi0, phi, rho, mu_virialFit/kT, Z_measured, Z_virial_Fit, <F_total_virialFit>/V, QMelting, <F_id>/V, <F_ex_virialFit>/V, <F_FR>/V, <alpha>, Zeta, B2_rho, B2_phi0, B2_HS, B2*, <F_ex_virialFit>/N, <F_ex_measuredTI>/N, mu_measuredTI/kT, P_virialFit*, P_measured*, <F_ex_measuredTI>/V, <F_total_measuredTI>/V
0.05, 0.0, 0.05000000000000001, -2.807921747519394, 1.0732620704667581, 1.0812789483796217, -0.19446003479495083, 1.6950386441737757, -0.1982773524986409, 0.0038173177036900765, 0.0, 0.5, 0.0, 1.4282751953596302, 1.4282751953596302, 2.0943951023931953, 0.681951172311083, 0.07634635407380151, 0.07233791511736984, -2.819947064388689, 0.054063947418981094, 0.05366310352333792, 0.0036168957558684925, -0.1946604567427724
0.1, 0.0, 0.1, -1.9275536986711055, 1.1635764070914556, 1.182288273982523, -0.3109841972653629, 1.813637461067697, -0.3272399869412872, 0.016255789675924302, 0.0, 0.5, 0.0, 1.4282751953596302, 1.4282751953596302, 2.0943951023931953, 0.681951172311083, 0.162557896759243, 0.1498630521236128, -1.9589604101978035, 0.1182288273982523, 0.11635764070914556, 0.014986305212361281, -0.3122536817289259
0.15, 0.0, 0.14999999999999997, -1.3052721564396788, 1.2569331734460358, 1.3030279768087045, -0.3912450199872573, 1.8977166466260573, -0.430040214195706, 0.03879519420844866, 0.0, 0.5, 0.0, 1.4282751953596302, 1.4282751953596302, 2.0943951023931953, 0.681951172311083, 0.2586346280563245, 0.23357934947081596, -1.376422238387855, 0.19545419652130563, 0.18853997601690534, 0.035036902420622386, -0.3950033117750836
0.2, 0.0, 0.20000000000000004, -0.7711780840297142, 1.3290267028256328, 1.4434980568581661, -0.4429352281775762, 1.9532909195607477, -0.5158505377705854, 0.07291530959300924, 0.0, 0.5, 0.0, 1.4282751953596302, 1.4282751953596302, 2.0943951023931953, 0.681951172311083, 0.3645765479650461, 0.3175298828983595, -0.932696103128934, 0.2886996113716333, 0.2658053405651266, 0.06350597657967191, -0.4523445611909135
0.25, 0.0, 0.25000000000000006, -0.27202696692240114, 1.452455199408109, 1.6036985141309075, -0.4689313702633273, 1.9868058562622002, -0.5890272843846792, 0.12009591412135193, 0.0, 0.5, 0.0, 1.4282751953596302, 1.4282751953596302, 2.0943951023931953, 0.681951172311083, 0.4803836564854076, 0.4039037406923745, -0.4997501974382328, 0.400924628532727, 0.3631137998520273, 0.10097593517309365, -0.48805134921158555
0.3, 0.0, 0.29999999999999993, 0.21589772149957542, 1.544141665353556, 1.7836293486269288, -0.47031948813820584, 1.995940987172766, -0.6521362742234285, 0.18181678608522261, 0.0, 0.5, 0.0, 1.4282751953596302, 1.4282751953596302, 2.0943951023931953, 0.681951172311083, 0.6060559536174088, 0.49449439941264817, -0.13515151597855768, 0.5350888045880785, 0.4632424996060667, 0.14834831982379443, -0.503787954399634
0.35, 0.0, 0.34999999999999987, 0.7052470987897759, 1.6877594452469111, 1.98329056034623, -0.4473152115447586, 1.9857647606932995, -0.7068729153211261, 0.25955770377636744, 0.0, 0.5, 0.0, 1.4282751953596302, 1.4282751953596302, 2.0943951023931953, 0.681951172311083, 0.7415934393610502, 0.5889652128526047, 0.25708775718201204, 0.6941516961211802, 0.5907158058364187, 0.2061378244984116, -0.5007350908227145
0.4, 0.0, 0.4000000000000001, 1.2035727547121635, 1.8289635993065416, 2.2026821492888122, -0.39964375783065964, 1.9531931638750488, -0.7544422033171926, 0.35479844548653294, 0.0, 0.5, 0.0, 1.4282751953596302, 1.4282751953596302, 2.0943951023931953, 0.681951172311083, 0.8869961137163321, 0.6899011124697577, 0.6327592034833183, 0.8810728597155251, 0.7315854397226168, 0.2759604449879031, -0.47848175832928946
0.45, 0.0, 0.44999999999999996, 1.7157456195013285, 1.991540607128894, 2.441804115454673, -0.32672632317900496, 1.9005949426989768, -0.795745112686469, 0.469018789507464, 0.0, 0.5, 0.0, 1.4282751953596302, 1.4282751953596302, 2.0943951023931953, 0.681951172311083, 1.0422639766832535, 0.7967969267113548, 1.020015061203651, 1.0988118519546026, 0.8961932732080021, 0.35855861702010966, -0.4371864956663593
0.5, 0.0, 0.5, 2.2450915301268584, 2.179119226758856, 2.700656458843815, -0.22778246435847826, 1.8234714470109696, -0.8314809784893857, 0.6036985141309075, 0.0, 0.5, 0.0, 1.4282751953596302, 1.4282751953596302, 2.0943951023931953, 0.681951172311083, 1.207397028261815, 0.9108384773342363, 1.4269957471143209, 1.3503282294219074, 1.089559613379428, 0.45541923866711814, -0.3760617398222676
0.55, 0.0, 0.5499999999999998, 2.7939826707338047, 2.315469120696413, 2.9792391794562354, -0.10189107979733703, 1.7212357582218993, -0.8622084774459454, 0.7603173976486084, 0.0, 0.5, 0.0, 1.4282751953596302, 1.4282751953596302, 2.0943951023931953, 0.681951172311083, 1.3823952684520158, 1.0295884896129248, 1.7774058331348912, 1.638581548700929, 1.2735080163830268, 0.5662736692871084, -0.295934808158837
0.6, 0.0, 0.5999999999999999, 3.364170574360977, 2.5513342810173745, 3.277552277291937, 0.05197097824142427, 1.6046975210268184, -0.88838424011089, 0.9403552183523143, 0.0, 0.5, 0.0, 1.4282751953596302, 1.4282751953596302, 2.0943951023931953, 0.681951172311083, 1.5672586972538576, 1.154021468929395, 2.2247153497619525, 1.9665313663751618, 1.5308005686104242, 0.6924128813576369, -0.1959713587532531
0.65, 0.0, 0.65, 3.9569853745069783, 2.73338342586633, 3.5955957523509197, 0.23490325440143867, 1.4504436593885406, -0.9103885001323322, 1.1452917545337709, 0.0, 0.5, 0.0, 1.4282751953596302, 1.4282751953596302, 2.0943951023931953, 0.681951172311083, 1.7619873146673397, 1.2853289906076706, 2.6181147239627207, 2.337137239028098, 1.7766992268131145, 0.835463843894986, -0.07492465623734623
0.7, 0.0, 0.7, 4.573461004968083, 2.95412828992209, 3.9333696046331807, 0.4480639802344314, 1.2779883182145004, -0.9285428042502909, 1.3766067844847223, 0.0, 0.5, 0.0, 1.4282751953596302, 1.4282751953596302, 2.0943951023931953, 0.681951172311083, 1.9665811206924606, 1.4217878799788677, 3.0494264495433994, 2.753358723243226, 2.067889802945463, 0.9952515159852073, 0.06670871173491644
0.75, 0.0, 0.7500000000000001, 5.214417100597339, 3.3046582488961747, 4.290873834138724, 0.6926574498439619, 1.1007003046581763, -0.9431226366529553, 1.6357800864969172, 0.0, 0.5, 0.0, 1.4282751953596302, 1.4282751953596302, 2.0943951023931953, 0.681951172311083, 2.1810401153292225, 1.5684001176773867, 3.6155615177029548, 3.2181553756040433, 2.4784936866721314, 1.1763000882580403, 0.23317745160508507
0.8, 0.0, 0.8000000000000004, 5.880514411712137, 3.533992824331, 4.668108440867546, 0.9699247766756726, 0.8782499408819475, -0.9543666621864287, 1.9242914388621013, 0.0, 0.5, 0.0, 1.4282751953596302, 1.4282751953596302, 2.0943951023931953, 0.681951172311083, 2.4053642985776253, 1.7244093350676037, 4.0654438316655686, 3.7344867526940386, 2.827194259464801, 1.3795274680540837, 0.4251608058676549
0.85, 0.0, 0.8500000000000002, 6.572293389340713, 3.8991360260216146, 5.065073424819647, 1.281136969842906, 0.6451510758463384, -0.9624836500291108, 2.2436206198720168, 0.0, 0.5, 0.0, 1.4282751953596302, 1.4282751953596302, 2.0943951023931953, 0.681951172311083, 2.639553670437666, 1.8888653174756413, 4.655667637580655, 4.3053124110967005, 3.314265622118373, 1.6055355198542955, 0.6430518698251847
0.9, 0.0, 0.9000000000000002, 7.290201724827723, 4.191737006214397, 5.481768785995028, 1.6275896449494272, 0.36753474303660605, -0.9676577628689872, 2.5952474078184142, 0.0, 0.5, 0.0, 1.4282751953596302, 1.4282751953596302, 2.0943951023931953, 0.681951172311083, 2.8836082309093483, 2.062793385407069, 5.179355099544813, 4.9335919073955266, 3.7725633055929584, 1.8565140468663626, 0.8888562839973754
0.95, 0.0, 0.9500000000000003, 8.034614433579984, 4.595129170374303, 5.918194524393691, 2.0105989137269793, 0.0834171026267172, -0.9700526672660578, 2.980651580993037, 0.0, 0.5, 0.0, 1.4282751953596302, 1.4282751953596302, 2.0943951023931953, 0.681951172311083, 3.1375279799926696, 2.2460614090690734, 5.820082508637, 5.622284798174008, 4.365372711855589, 2.1337583386156203, 1.1637056713495624
1.0, 0.0, 1.0000000000000002, 8.805848781284435, 5.001217490696041, 6.374350640015631, 2.4314981412688055, -0.22293953134007305, -0.9698147764188261, 3.4013129176876316, 0.0, 0.5, 0.0, 1.4282751953596302, 1.4282751953596302, 2.0943951023931953, 0.681951172311083, 3.4013129176876307, 2.440700508714745, 6.47210322299196, 6.374350640015633, 5.001217490696042, 2.4407005087147455, 1.4708857322959195
1.05, 0.0, 1.0500000000000003, 9.604175564605692, 5.469731420543476, 6.850237132860853, 2.8916353533320813, -0.5620002124918324, -0.9670758428618638, 3.858711196193945, 0.0, 0.5, 0.0, 1.4282751953596302, 1.4282751953596302, 2.0943951023931953, 0.681951172311083, 3.6749630439942327, 2.6471531226617526, 7.195859930955835, 7.192748989503897, 5.743217991570651, 2.7795107787948408, 1.812434935932977
1.1, 0.0, 1.1000000000000003, 10.429827765227328, 5.977752593347912, 7.3458540029293555, 3.3923711385277713, -0.9010775019765735, -0.9619550562759513, 4.354326194803723, 0.0, 0.5, 0.0, 1.4282751953596302, 1.4282751953596302, 2.0943951023931953, 0.681951172311083, 3.9584783589124743, 2.8667060400992663, 7.969954036832677, 8.080439403222293, 6.575527852682705, 3.1533766441091937, 2.1914215878332426
1.15, 0.0, 1.1500000000000001, 11.283007278619824, 6.557707823065664, 7.861201250221135, 3.9350769326584913, -1.2587222302422765, -0.9545607591502174, 4.8896376918087086, 0.0, 0.5, 0.0, 1.4282751953596302, 1.4282751953596302, 2.0943951023931953, 0.681951172311083, 4.251858862442354, 3.1006565161412087, 8.828311505163207, 9.040381437754306, 7.541363996525515, 3.5657549935623907, 2.6111942344121735
1.2, 0.0, 1.2000000000000006, 12.16389020969521, 7.129285169360036, 8.396278874736202, 4.521133601950813, -1.651180537480105, -0.9449918635498457, 5.466125465500658, 0.0, 0.5, 0.0, 1.4282751953596302, 1.4282751953596302, 2.0943951023931953, 0.681951172311083, 4.555104554583879, 3.3491696924535814, 9.690961642188746, 10.075534649683448, 8.555142203232046, 4.0190036309443, 3.0740117673944543
1.25, 0.0, 1.2500000000000002, 13.072631086706961, 7.7831819300202945, 8.95108687647454, 5.151930262790529, -2.0584345571790967, -0.9333390313807703, 6.085269294171299, 0.0, 0.5, 0.0, 1.4282751953596302, 1.4282751953596302, 2.0943951023931953, 0.681951172311083, 4.868215435337039, 3.6125267720823193, 10.649037476997998, 11.188858595593176, 9.728977412525369, 4.5156584651029, 3.5823194337221302
1.3, 0.0, 1.300000000000001, 14.009366248186678, 8.51489576350069, 9.525625255436168, 5.828863290575668, -2.4580256240382017, -0.9196856655367354, 6.748548956112403, 0.0, 0.5, 0.0, 1.4282751953596302, 1.4282751953596302, 2.0943951023931953, 0.681951172311083, 5.191191504701845, 3.892707636903896, 11.700152888453252, 12.383312832067027, 11.069364492550903, 5.0605199279750686, 4.140834262438333
1.35, 0.0, 1.3500000000000008, 14.974216590330867, 9.231187516429044, 10.119894011621067, 6.55333548125823, -2.8901580247874232, -0.9041087483574585, 7.457444229615689, 0.0, 0.5, 0.0, 1.4282751953596302, 1.4282751953596302, 2.0943951023931953, 0.681951172311083, 5.524032762678285, 4.189654261577451, 12.751131594038007, 13.661856915688448, 12.462103147179215, 5.6560332531295625, 4.751924504772104
1.4, 0.0, 1.4000000000000006, 15.967289814497999, 10.064776881652895, 10.733893145029247, 7.326755337256256, -3.3131214179658475, -0.8866795557166581, 8.213434892972915, 0.0, 0.5, 0.0, 1.4282751953596302, 1.4282751953596302, 2.0943951023931953, 0.681951172311083, 5.866739209266365, 4.503954675773642, 13.935389017628925, 15.027450403040952, 14.090687634314058, 6.305536546083101, 5.418856990366443
1.45, 0.0, 1.4500000000000002, 16.988682280140445, 10.898879425928751, 11.367622655660705, 8.150536455495626, -3.769666012439454, -0.8674642689801974, 9.018000724475824, 0.0, 0.5, 0.0, 1.4282751953596302, 1.4282751953596302, 2.0943951023931953, 0.681951172311083, 6.219310844466085, 4.8364960264472465, 15.137124232389654, 16.483052850708024, 15.803375167596691, 7.012919238348508, 6.145454969368311
1.5, 0.0, 1.5000000000000009, 18.038480543482244, 11.817837058076528, 12.021082543515455, 9.02609699995019, -4.200445517459222, -0.8465245024659921, 9.872621502416182, 0.0, 0.5, 0.0, 1.4282751953596302, 1.4282751953596302, 2.0943951023931953, 0.681951172311083, 6.581747668277451, 5.187463645678333, 16.4409510354442, 18.031623815273193, 17.726755587114802, 7.781195468517504, 6.934670966051512
1.55, 0.0, 1.5500000000000007, 19.116762643806254, 12.879520355684942, 12.694272808593473, 9.954859244579815, -4.590437744944101, -0.8239177605058896, 10.778777005085704, 0.0, 0.5, 0.0, 1.4282751953596302, 1.4282751953596302, 2.0943951023931953, 0.681951172311083, 6.954049680700451, 5.559366097006784, 17.907326607204055, 19.676122853319892, 19.96325655131167, 8.61701745036052, 7.79309968985463
1.6, 0.0, 1.6000000000000003, 20.223599185456766, 13.920495686302111, 13.38719345089477, 10.938249175299202, -5.030707589080852, -0.7996978354769447, 11.737947010776146, 0.0, 0.5, 0.0, 1.4282751953596302, 1.4282751953596302, 2.0943951023931953, 0.681951172311083, 7.33621688173509, 5.952854009132428, 19.37353854826145, 21.419509521431635, 22.272793098083383, 9.524566414611886, 8.724868579134942
1.65, 0.0, 1.6500000000000004, 21.35905425329439, 15.079990933536264, 14.099844470419352, 11.977696141743811, -5.411336253729648, -0.7739151560354556, 12.751611297779267, 0.0, 0.5, 0.0, 1.4282751953596302, 1.4282751953596302, 2.0943951023931953, 0.681951172311083, 7.728249271381372, 6.368069950193569, 20.979021395223498, 23.264743376191937, 24.88198504033484, 10.507315417819392, 9.733400261783936
1.7, 0.0, 1.7000000000000006, 22.52318619144986, 16.221515000191935, 14.832225867167217, 13.074632551280493, -5.821574311909513, -0.7466170931063144, 13.821249644386807, 0.0, 0.5, 0.0, 1.4282751953596302, 1.4282751953596302, 2.0943951023931953, 0.681951172311083, 8.130146849639296, 6.805248954982594, 22.587577429817873, 25.21478397418428, 27.5765755003263, 11.568923223470414, 10.8223061303641
1.75, 0.0, 1.7500000000000009, 23.71604826916382, 17.463148948093426, 15.584337641138363, 14.230493599044554, -6.195624782365196, -0.7178482298459554, 14.94834182889051, 0.0, 0.5, 0.0, 1.4282751953596302, 1.4282751953596302, 2.0943951023931953, 0.681951172311083, 8.541909616508859, 7.264282605924569, 24.317232565534592, 27.27259087199215, 30.560510659163512, 12.712494560368002, 11.994646330522047
1.8, 0.0, 1.800000000000001, 24.937689252806138, 18.735865267965195, 16.356179792332785, 15.446717028852044, -6.538290986939815, -0.6876506007300722, 16.134367629582115, 0.0, 0.5, 0.0, 1.4282751953596302, 1.4282751953596302, 2.0943951023931953, 0.681951172311083, 8.96353757199006, 7.7458019100952615, 26.09963906654375, 29.44112362619903, 33.72455748233737, 13.942443438171479, 13.254792837441407
1.85, 0.0, 1.8500000000000012, 26.188153899504805, 20.186109302186214, 17.14775232075049, 16.72474292069549, -6.750572221181239, -0.6560639040578957, 17.380806824753385, 0.0, 0.5, 0.0, 1.4282751953596302, 1.4282751953596302, 2.0943951023931953, 0.681951172311083, 9.395030716082905, 8.251405119477177, 28.0828852843348, 31.72334179338843, 37.34430220904452, 15.265099471032787, 14.609035566974892
1.9, 0.0, 1.9000000000000008, 27.467483384932418, 21.541945898450948, 17.959055226391467, 18.06601350122782, -7.054201174165565, -0.6231256914682188, 18.689139192696036, 0.0, 0.5, 0.0, 1.4282751953596302, 1.4282751953596302, 2.0943951023931953, 0.681951172311083, 9.836389048787384, 8.780965628625736, 29.994950636830254, 34.1222049301438, 40.92969720705682, 16.683834694388906, 16.06070900292069
1.95, 0.0, 1.9500000000000008, 28.775715675516064, 22.729785799174973, 18.79008850925573, 19.47197297420766, -7.608003315740147, -0.5888715374941822, 20.06084451170184, 0.0, 0.5, 0.0, 1.4282751953596302, 1.4282751953596302, 2.0943951023931953, 0.681951172311083, 10.287612570103503, 9.32984138787278, 31.757641783204583, 36.64067259304869, 44.323082308391214, 18.193190706351928, 17.604319168857746
2.0, 0.0, 2.000000000000001, 30.112885853515657, 24.183982116874773, 19.640852169343272, 20.944067368344783, -8.237514754391734, -0.5533351917177609, 21.497402560062543, 0.0, 0.5, 0.0, 1.4282751953596302, 1.4282751953596302, 2.0943951023931953, 0.681951172311083, 10.748701280031266, 9.898228161759034, 33.80554268277493, 39.28170433868656, 48.36796423374957, 19.796456323518075, 19.243121131800315
