This fits B3 to B3 into the virial expansion since maxPower is set to 1.
===== Virial Coefficients for Hertzian Microgels =====
x-link fraction: 3.0E-5
Young's calibration: 1.0
chi: 0.0
Dry radius [nm]: 50.0
Number of density points: 40
Dry volume fraction range: phi0_min = 0.05, phi0_max = 2.000000000000001

===== B2 at Each Density Point =====
phi0, B2_rho, B2_phi0, B2_HS, B2*
0.05, 1.4282751953596302, 1.4282751953596302, 2.0943951023931953, 0.681951172311083
0.1, 1.4282751953596302, 1.4282751953596302, 2.0943951023931953, 0.681951172311083
0.15, 1.4282751953596302, 1.4282751953596302, 2.0943951023931953, 0.681951172311083
0.2, 1.4282751953596302, 1.4282751953596302, 2.0943951023931953, 0.681951172311083
0.25, 1.4282751953596302, 1.4282751953596302, 2.0943951023931953, 0.681951172311083
0.3, 1.4282751953596302, 1.4282751953596302, 2.0943951023931953, 0.681951172311083
0.35, 1.4282751953596302, 1.4282751953596302, 2.0943951023931953, 0.681951172311083
0.4, 1.4282751953596302, 1.4282751953596302, 2.0943951023931953, 0.681951172311083
0.45, 1.4282751953596302, 1.4282751953596302, 2.0943951023931953, 0.681951172311083
0.5, 1.4282751953596302, 1.4282751953596302, 2.0943951023931953, 0.681951172311083
0.55, 1.4282751953596302, 1.4282751953596302, 2.0943951023931953, 0.681951172311083
0.6, 1.4282751953596302, 1.4282751953596302, 2.0943951023931953, 0.681951172311083
0.65, 1.4282751953596302, 1.4282751953596302, 2.0943951023931953, 0.681951172311083
0.7, 1.4282751953596302, 1.4282751953596302, 2.0943951023931953, 0.681951172311083
0.75, 1.4282751953596302, 1.4282751953596302, 2.0943951023931953, 0.681951172311083
0.8, 1.4282751953596302, 1.4282751953596302, 2.0943951023931953, 0.681951172311083
0.85, 1.4282751953596302, 1.4282751953596302, 2.0943951023931953, 0.681951172311083
0.9, 1.4282751953596302, 1.4282751953596302, 2.0943951023931953, 0.681951172311083
0.95, 1.4282751953596302, 1.4282751953596302, 2.0943951023931953, 0.681951172311083
1.0, 1.4282751953596302, 1.4282751953596302, 2.0943951023931953, 0.681951172311083
1.05, 1.4282751953596302, 1.4282751953596302, 2.0943951023931953, 0.681951172311083
1.1, 1.4282751953596302, 1.4282751953596302, 2.0943951023931953, 0.681951172311083
1.15, 1.4282751953596302, 1.4282751953596302, 2.0943951023931953, 0.681951172311083
1.2, 1.4282751953596302, 1.4282751953596302, 2.0943951023931953, 0.681951172311083
1.25, 1.4282751953596302, 1.4282751953596302, 2.0943951023931953, 0.681951172311083
1.3, 1.4282751953596302, 1.4282751953596302, 2.0943951023931953, 0.681951172311083
1.35, 1.4282751953596302, 1.4282751953596302, 2.0943951023931953, 0.681951172311083
1.4, 1.4282751953596302, 1.4282751953596302, 2.0943951023931953, 0.681951172311083
1.45, 1.4282751953596302, 1.4282751953596302, 2.0943951023931953, 0.681951172311083
1.5, 1.4282751953596302, 1.4282751953596302, 2.0943951023931953, 0.681951172311083
1.55, 1.4282751953596302, 1.4282751953596302, 2.0943951023931953, 0.681951172311083
1.6, 1.4282751953596302, 1.4282751953596302, 2.0943951023931953, 0.681951172311083
1.65, 1.4282751953596302, 1.4282751953596302, 2.0943951023931953, 0.681951172311083
1.7, 1.4282751953596302, 1.4282751953596302, 2.0943951023931953, 0.681951172311083
1.75, 1.4282751953596302, 1.4282751953596302, 2.0943951023931953, 0.681951172311083
1.8, 1.4282751953596302, 1.4282751953596302, 2.0943951023931953, 0.681951172311083
1.85, 1.4282751953596302, 1.4282751953596302, 2.0943951023931953, 0.681951172311083
1.9, 1.4282751953596302, 1.4282751953596302, 2.0943951023931953, 0.681951172311083
1.95, 1.4282751953596302, 1.4282751953596302, 2.0943951023931953, 0.681951172311083
2.0, 1.4282751953596302, 1.4282751953596302, 2.0943951023931953, 0.681951172311083

===== Virial Coefficients in RHO-SPACE (from OLS fit) =====
Coefficient, Value
B3, 3.946075444655999

===== Virial Coefficients in PHI0-SPACE =====
Conversion: rho = (0.75/pi) * phi0
B_n_tilde = B_n * (0.75/pi)^(n-1)

Coefficient, Value
B3_tilde, 3.946075444655999
