Starting dry volume fraction: 0.0014
Maximum dry volume fraction: 0.0036
DryVolFrac increment: 6.897E-5
Number of particles: 108
Initial configuration: FCC
Dry microgel radius [nm]: 50.0
Box length [units of dry radius]: 50.05573031420447
Number of monomers: 2916666.666666667
Flory interaction parameter (chi): 0.0
Young's calibration factor: 1.0
x-link fraction: 5.0E-5
DryVolFrac increment: 6.897E-5
MC steps: 100000
Equilibration steps: 10000.0
Snapshot interval: 100
Displacement tolerance: 0.1
Particle radius change tolerance: 0.0
Particle radius bin width: 0.001
g(r) bin width: 0.005
phi0, phi, mu/kT, (PV/NkT)_from_dF_FR+dF_pair, (PV/NkT)_from_dF_total, (PV/NkT)_virial_measured, (PV/NkT)_virial+dF_total, (PV/NkT)_einstein, (PV/NkT)_pair_contribution, (PV/NkT)_FR_contribution, <F_total>/V, <F_pair>/V, EntropySolid, <F_reference>/V, <F_FR>/V, <alpha>, zeta, u_Hertz_nn, SpringConstant, LindemannParameter, kT/E
0.001469, 0.3194306256176843, -11.985095688100143, -0.8056669586888531, 0.09011988614389331, 1.3351251873806362, 1.4252450735245294, 0.8957868448327497, -0.8056669586888531, 0.0, -0.004234666468095847, -5.603603272001046E-4, 1.5042454128805012, -0.003674306140895742, 0.0, 6.327999999999999, 0.3723685102794286, 0.0, 0.002991092147382508, 1.4069127745732206, 0.0034285714285714284
0.0015379, 0.33701642416821315, -11.001448266393881, 1.9806764420098015, 1.0114181184924762, 1.281169161261139, 2.292587279753615, -0.9692583235173218, 1.9806764420098015, 0.0, -0.0044105975292964734, -5.132527423836119E-4, 1.5044201058927682, -0.0038973447869128618, 0.0, 6.327999999999999, 0.3898516829473334, 0.0, 0.0027257770860412522, 1.4965080470921224, 0.0034285714285714284
0.0016069, 0.3467951819477816, -12.077892058040506, -0.46146589010100886, -0.09485057098545423, 1.2655531912983844, 1.1707026203129303, 0.3666153191155645, -0.46146589010100886, 0.0, -0.004596952402619932, -5.411695276759188E-4, 1.5046061244869324, -0.004055782874944013, 0.0, 6.327999999999999, 0.40733485561523824, 0.0, 0.0028042708157933515, 1.4971488078370947, 0.0034285714285714284
0.0016759, 0.3560216158804777, -11.56559168108904, 0.2671654473484844, 0.45262690166045777, 1.2974056691882803, 1.750032570848738, 0.18546145431198435, 0.2671654473484844, 0.0, -0.004808331564432059, -5.749041104964723E-4, 1.5048191273076852, -0.004233427453935587, 0.0, 6.327999999999999, 0.42481802828314313, 0.0, 0.002786768852012761, 1.523029303348229, 0.0034285714285714284
0.0017449, 0.3689681591408858, -12.53709696742518, -0.106273665136427, -0.5870571860955199, 1.3216238019046205, 0.7345666158091005, -0.48078352095910803, -0.106273665136427, 0.0, -0.004977816002488567, -5.796913493712792E-4, 1.504989874770196, -0.0043981246531172875, 0.0, 6.327999999999999, 0.44230120095104797, 0.0, 0.0028292793480102626, 1.532001574575085, 0.0034285714285714284
0.0018138, 0.38787059279435954, -11.971010711974936, -0.07477813920968737, 0.08666828271299189, 1.3299952596066147, 1.4166635423196066, 0.161446421922664, -0.07477813920968737, 0.0, -0.005221187561304507, -6.242315749842405E-4, 1.505234096788107, -0.004596955986320267, 0.0, 6.327999999999999, 0.4597843736189528, 0.0, 0.002720884679353314, 1.5825377856592169, 0.0034285714285714284
0.0018828, 0.39178804455027927, -11.607073790137205, -2.384363465861755, 0.3445023973626641, 1.4294625457631336, 1.7739649431257978, 2.728865863224416, -2.384363465861755, 0.0, -0.0053720303548146775, -6.296263128637346E-4, 1.505389722636947, -0.004742404041950943, 0.0, 6.327999999999999, 0.4772675462868577, 0.0, 0.0028424397745137955, 1.5677112889016862, 0.0034285714285714284
0.0019518, 0.40113027035081283, -12.733825195748576, -1.2501548245232217, -0.7079925765964323, 1.4470484580220995, 0.7390558814256671, 0.5421622479267858, -1.2501548245232217, 0.0, -0.005603417198105611, -7.488791496750983E-4, 1.505622482427666, -0.004854538048430513, 0.0, 6.327999999999999, 0.4947507189547625, 0.0, 0.003106143171976862, 1.517781179541953, 0.0034285714285714284
0.0020207, 0.4163137527206625, -11.912040140321295, 3.194426357512088, 0.0929342885061274, 1.5000266562593267, 1.592960944765454, -3.101492069005954, 3.194426357512088, 0.0, -0.005791364759649386, -7.237216370515569E-4, 1.5058131754509596, -0.00506764312259783, 0.0, 6.327999999999999, 0.5122338916226674, 0.0, 0.0029305707253091174, 1.5807787410292768, 0.0034285714285714284
0.0020897, 0.41967422819728767, -10.86837037152857, 0.31339387338596175, 1.149950865831964, 1.4021247792011913, 2.552075645033155, 0.8365569924460111, 0.31339387338596175, 0.0, -0.005995689605321984, -6.930873152333078E-4, 1.5060141762188335, -0.005302602290088676, 0.0, 6.327999999999999, 0.5297170642905722, 0.0, 0.002694921518699122, 1.6669887936186625, 0.0034285714285714284
0.0021587, 0.43382843097952145, -9.284630902641304, 1.6010006320841084, 2.647714007239821, 1.4998822067885147, 4.147596214028336, 1.0467133751557152, 1.6010006320841084, 0.0, -0.006149268339383598, -7.59151671821107E-4, 1.5061727028802112, -0.005390116667562491, 0.0, 6.327999999999999, 0.547200236958477, 0.0, 0.003020472026803957, 1.5917289070525646, 0.0034285714285714284
0.0022276, 0.454801558611175, -8.843027622404831, 2.0460223638286683, 3.006017948882565, 1.4562583061855594, 4.462276255068124, 0.9599955850538913, 2.0460223638286683, 0.0, -0.006301439457689119, -6.888753037620325E-4, 1.5063235623641444, -0.005612564153927087, 0.0, 6.327999999999999, 0.5646834096263817, 0.0, 0.0028339138926216597, 1.6606040950320429, 0.0034285714285714284
0.0022966, 0.458839893534704, -8.825954779345095, -4.935252032076686, 2.920838196757779, 1.5864621103437422, 4.507300307101521, 7.856090228834479, -4.935252032076686, 0.0, -0.006440475864850185, -7.344311823835779E-4, 1.5064698813924966, -0.005706044682466607, 0.0, 6.327999999999999, 0.5821665822942865, 0.0, 0.003126795727447357, 1.5970692802074267, 0.0034285714285714284
0.0023656, 0.4704118497615142, 2.6801390803281033, 11.177675775167536, 14.352904355096031, 1.9116517912681852, 16.264556146364217, 3.175228579928506, 11.177675775167536, 0.0, -0.006592084761641492, -8.955085797610191E-4, 1.5066380976224987, -0.0056965761818804726, 0.0, 6.327999999999999, 0.5996497549621914, 0.0, 0.0038778610898760313, 1.4483077336524486, 0.0034285714285714284
0.0024345, 0.5744234904894499, 46.30077979506048, 1.4102308511926032, 57.230152300084896, 1.9812859080691658, 59.211438208154064, 55.81992144889228, 1.4102308511926032, 0.0, -0.006352216876773385, -4.185601963441632E-4, 1.5064033525179883, -0.0059336566804292215, 0.0, 6.327999999999999, 0.6171329276300962, 0.0, 0.0035712354767510274, 1.5237302271344684, 0.0034285714285714284
0.0025035, 0.6304801350923304, 121.30107468438368, -2.4087111197633058, 129.77958914152993, 4.394192950305426, 134.17378209183536, 132.18830026129325, -2.4087111197633058, 0.0, -0.005067365390966699, -8.727839663092842E-4, 1.5052441777306809, -0.0041945814246574144, 0.0, 6.327999999999999, 0.634616100298001, 0.0, 0.03056811598340153, 0.5256868491648365, 0.0034285714285714284
0.0025725, 0.6478111439916755, 87.06931566023731, 11.379049537992383, 90.90833295093358, 5.112311743314877, 96.02064469424846, 79.5292834129412, 11.379049537992383, 0.0, -0.002357681599536421, -5.459698770919697E-4, 1.5025701715484099, -0.001811711722444451, 0.0, 6.327999999999999, 0.6520992729659058, 0.0, 0.4721346195962842, 0.13497792130724853, 0.0034285714285714284
0.0026415, 0.6649419765148274, 9.73498755555763, 1.1897768953221244, 13.223887297208742, 5.378438457642294, 18.602325754851037, 12.034110401886618, 1.1897768953221244, 0.0, -0.0022001075874010494, -5.273388987904967E-4, 1.5024298837677292, -0.0016727686886105525, 0.0, 6.327999999999999, 0.6695824456338105, 0.0, 0.5766250934952143, 0.12321937576189301, 0.0034285714285714284
0.0027104, 0.6819906959422564, 10.506775461914316, 0.44551457763864377, 13.654980509353159, 5.711386369334927, 19.366366878688087, 13.209465931714508, 0.44551457763864377, 0.0, -0.002037101165147705, -5.343278604459923E-4, 1.5022875338466501, -0.0015027733047017124, 0.0, 6.327999999999999, 0.6870656183017153, 0.0, 0.7199871830027689, 0.11122304387100698, 0.0034285714285714284
0.0027794, 0.6990142944644209, 12.253182167366283, 0.2835799698224482, 15.047484716249235, 6.053584688033866, 21.101069404283102, 14.763904746426782, 0.2835799698224482, 0.0, -0.001854111598974513, -5.398609404180018E-4, 1.5021262298240774, -0.0013142506585565113, 0.0, 6.327999999999999, 0.7045487909696202, 0.0, 0.9060002173956578, 0.0999840276135092, 0.0034285714285714284
0.0028484, 0.7159414053103451, 13.609162070642054, 1.165227525074216, 16.01151340089871, 6.44761543352411, 22.45912883442282, 14.84628587582449, 1.165227525074216, 0.0, -0.0016335946953714995, -5.517823429816516E-4, 1.5019292566961249, -0.001081812352389848, 0.0, 6.327999999999999, 0.722031963637525, 0.0, 1.177524950765155, 0.08842155923421266, 0.0034285714285714284
0.0029173, 0.7327011141287814, 15.049511502705288, 2.394972217084057, 17.068212335772714, 6.97153977517528, 24.039752110947994, 14.673240118688655, 2.394972217084057, 0.0, -0.0014059516949813992, -5.282106731920012E-4, 1.5017328962565895, -8.777410217893981E-4, 0.0, 6.327999999999999, 0.7395151363054298, 0.0, 1.4707026234562675, 0.07975250674526423, 0.0034285714285714284
0.0029863, 0.7493477286920696, 17.221106162394083, 2.814712665340956, 18.817342267111943, 7.629006009676158, 26.4463482767881, 16.002629601770995, 2.814712665340956, 0.0, -0.001138003005362515, -4.9788939231899E-4, 1.5015040031708067, -6.40113613043525E-4, 0.0, 6.327999999999999, 0.7569983089733345, 0.0012850072599908317, 1.876606062727534, 0.0711545755696045, 0.0034285714285714284
0.0030553, 0.765763972014412, 19.106097184954972, 3.4464499408687286, 20.256157835468276, 8.439234656241606, 28.69539249170988, 16.809707894599544, 3.4464499408687286, 0.0, -8.388477657069611E-4, -4.5851797747673386E-4, 1.5012528396296605, -3.8032978823022734E-4, 0.0, 6.327999999999999, 0.7744814816412393, 0.007683123857556048, 2.4172311815910863, 0.06317360669537848, 0.0034285714285714284
0.0031242, 0.781842982415006, 21.290737434483603, 4.488652597726741, 21.97293661706736, 9.488864932312158, 31.46180154937952, 17.48428401934062, 4.488652597726741, 0.0, -5.088249093382268E-4, -4.050964158741917E-4, 1.5009877977949861, -1.0372849346403516E-4, 0.0, 6.327999999999999, 0.7919646543091442, 0.02102447488576631, 3.1260573540932395, 0.0559664657612177, 0.0034285714285714284
0.0031932, 0.7974317059337052, 22.7855789400197, 6.510061198230597, 22.966247037610092, 10.83027362995341, 33.7965206675635, 16.456185839379504, 6.510061198230597, 0.0, -1.3772782936905749E-4, -3.285888566089687E-4, 1.5007030222667421, 1.9086102723991121E-4, 0.0, 6.327999999999999, 0.809447826977049, 0.042235635640533085, 4.06205571369096, 0.049455481689299106, 0.0034285714285714284
0.0032622, 0.81234696645578, 23.947841041977615, 8.481773346828545, 23.63771748608447, 12.555236506336554, 36.192953992421025, 15.155944139255926, 8.481773346828545, 0.0, 2.415212778245648E-4, -2.0490953037882145E-4, 1.5004461125051878, 4.4643080820338626E-4, 0.0, 6.327999999999999, 0.8269309996449538, 0.07181684320795713, 5.047099686083429, 0.044684808718069825, 0.0034285714285714284
0.0033312, 0.8265153281061465, 25.425733807568186, 10.593914634771378, 24.607264502358355, 14.636407006099587, 39.24367150845794, 14.01334986758697, 10.593914634771378, 0.0, 6.508925196653121E-4, -5.794219756442222E-5, 1.500201386412681, 7.088347172297344E-4, 0.0, 6.327999999999999, 0.8444141723128585, 0.11000997256842378, 6.250911689703383, 0.04043318098334036, 0.0034285714285714284
0.0034001, 0.8398149623608406, 26.32686949221204, 13.489167634159243, 24.99782981307771, 17.038431779528505, 42.036261592606216, 11.508662178918476, 13.489167634159243, 0.0, 0.0010788097429781467, 1.4155668791939849E-4, 1.4999900073444368, 9.372530550587482E-4, 0.0, 6.327999999999999, 0.8618973449807633, 0.15688653539803146, 7.461726270016838, 0.037261180611864564, 0.0034285714285714284
0.0034691, 0.8522763518677858, 28.006726693323916, 16.628474167532104, 26.173980278259915, 19.665122883592577, 45.83910316185249, 9.54550611072781, 16.628474167532104, 0.0, 0.0015178560581127862, 3.920090182456388E-4, 1.4998230386680858, 0.0011258470398671475, 0.0, 6.327999999999999, 0.8793805176486681, 0.21240110591210842, 8.56296363544372, 0.03501638567081798, 0.0034285714285714284
0.003469, 0.8522637980766569, 28.096302496399808, 16.319362244717716, 26.255343292678006, 19.659388017477568, 45.914731310155574, 9.935981047960304, 16.319362244717716, 0.0, 0.0015246006452262631, 3.8603872201513513E-4, 1.4998151705384721, 0.001138561923211128, 0.0, 6.327999999999999, 0.8793475640101766, 0.2122884117092791, 8.652186164401073, 0.03483493577422839, 0.0034285714285714284
0.0035379, 0.8639337977232421, 30.04856989119247, 19.93930492544309, 27.680439028932955, 22.43964594264365, 50.1200849715766, 7.741134103489865, 19.93930492544309, 0.0, 0.002000172960022884, 6.971171872464275E-4, 1.4996698565460216, 0.0013030557727764566, 0.0, 6.327999999999999, 0.8968307366780814, 0.27629789321548753, 9.686224801462405, 0.03313985797865494, 0.0034285714285714284
0.0036069, 0.8749160441925556, 32.29828417290345, 23.0958703163901, 29.37857395564661, 25.31228204405656, 54.69085599970317, 6.282703639256493, 23.0958703163901, 0.0, 0.0025141225663897655, 0.0010698347289150585, 1.4995460027618284, 0.001444287837474707, 0.0, 6.327999999999999, 0.9143139093459862, 0.34863385793636037, 10.602605951274068, 0.03187987074664508, 0.0034285714285714284
0.0036759, 0.8852030402622325, 35.14431029894994, 25.96670767942747, 31.653029239276403, 28.238426696580593, 59.891455935856996, 5.686321559848934, 25.96670767942747, 0.0, 0.0030637796581381212, 0.0014985954705332323, 1.4994459694740818, 0.0015651841876048887, 0.0, 6.327999999999999, 0.931797082013891, 0.4290715360635017, 11.387397904915318, 0.030956554752936412, 0.0034285714285714284
0.0037448, 0.8948312379719875, 38.037147096503126, 29.004710495230285, 33.93045707090449, 31.194088298987076, 65.12454536989156, 4.925746575674197, 29.004710495230285, 0.0, 0.0036714510372923494, 0.001981173725239044, 1.499344285197824, 0.0016902773120533055, 0.0, 6.327999999999999, 0.9492802546817958, 0.5173586819487728, 12.23671837090943, 0.030048543112015824, 0.0034285714285714284
0.0038138, 0.9038415723341682, 40.35227232332413, 32.10843086205948, 35.611520454561465, 34.16812144200722, 69.77964189656868, 3.503089592501986, 32.10843086205948, 0.0, 0.00431637141231484, 0.0025267180339399523, 1.4992711488251464, 0.0017896533783748872, 0.0, 6.327999999999999, 0.9667634273497006, 0.6132249781699044, 12.868272980158752, 0.029480693245662413, 0.0034285714285714284
0.0038828, 0.9122304039033581, 42.57536138068669, 34.81688173637024, 37.181010775415125, 37.14215091876311, 74.32316169417822, 2.364129039044896, 34.81688173637024, 0.0, 0.0050002815998540714, 0.003129915914290077, 1.4992185048407196, 0.0018703656855639946, 0.0, 6.327999999999999, 0.9842466000176054, 0.7163890792876442, 13.326441834388566, 0.029143069405260538, 0.0034285714285714284
0.0039518, 0.9200251520172845, 44.52863783119091, 38.642532981770316, 38.467232371098106, 40.10930688229864, 78.57653925339675, -0.17530061067221292, 38.642532981770316, 0.0, 0.0057184099632408844, 0.003784457431696778, 1.4991950270907748, 0.0019339525315441068, 0.0, 6.327999999999999, 1.0017297726855103, 0.8265639198242354, 13.61670722667658, 0.02900048298817034, 0.0034285714285714284
0.0040207, 0.9272454786869953, 46.52511290524586, 42.0605358069296, 39.78817436695136, 43.05921703132377, 82.84739139827514, -2.272361439978251, 42.0605358069296, 0.0, 0.006466643007836714, 0.00453454362151681, 1.4992067458165632, 0.0019320993863199045, 0.0, 6.327999999999999, 1.0192129453534151, 0.9434607244652593, 13.279597089852471, 0.02953613162074503, 0.0034285714285714284
0.0040897, 0.933903679516802, 48.83934177913497, 44.5672854990747, 41.41315068562543, 45.988565374648424, 87.40171606027386, -3.15413481344928, 44.5672854990747, 0.0, 0.007250516791321306, 0.005325109898909877, 1.4992458020793642, 0.0019254068924114288, 0.0, 6.327999999999999, 1.03669611802132, 1.0667920353624192, 12.918605300236372, 0.030116217818460175, 0.0034285714285714284
0.0041587, 0.9400269772102408, 50.94796033696429, 47.692566678401754, 42.81451630459561, 48.89042723565193, 91.70494354024754, -4.878050373806158, 47.692566678401754, 0.0, 0.008074959126728476, 0.006181786416151465, 1.4993065741535394, 0.0018931727105770113, 0.0, 6.327999999999999, 1.0541792906892247, 1.1962739874754909, 12.363014120428248, 0.030957584308485758, 0.0034285714285714284
0.0042276, 0.9456077056199081, 52.171383411388014, 51.04068263381238, 43.32515824462669, 51.76054679717003, 95.08570504179673, -7.715524389185673, 51.04068263381238, 0.0, 0.008928271299257861, 0.007100707125747567, 1.499404558447197, 0.0018275641735102934, 0.0, 6.327999999999999, 1.0716624633571294, 1.3316280041257618, 11.587553039359431, 0.0321524860946221, 0.0034285714285714284
0.0042966, 0.9506815043422575, 52.930158500212976, 53.78489267878804, 43.38290372915914, 54.58926934968425, 97.97217307884338, -10.401988949628914, 53.78489267878804, 0.0, 0.009793001873186305, 0.008094277154961279, 1.4995576361996121, 0.0016987247182250272, 0.0, 6.327999999999999, 1.0891456360250342, 1.4725820428686824, 10.44111677949777, 0.03405489891604092, 0.0034285714285714284
0.0043656, 0.9552585712127745, 52.73790711833671, 58.16976517274286, 42.49875414724784, 57.37761565730236, 99.8763698045502, -15.67101102549504, 58.16976517274286, 0.0, 0.01067130107792201, 0.009131745690665492, 1.4997587890276565, 0.0015395553872565174, 0.0, 6.327999999999999, 1.106628808692939, 1.6188714911194682, 9.25606855202399, 0.03636177956364836, 0.0034285714285714284
0.0044345, 0.9593447128167168, 41.541750877040926, 60.86545388969938, 30.651018507406814, 60.09570767335445, 90.74672618076126, -30.214435382292564, 60.86545388969938, 0.0, 0.011529700669796087, 0.010298388483866433, 1.5000547278958694, 0.0012313121859296536, 0.0, 6.327999999999999, 1.1241119813608438, 1.7702397882398413, 7.491738578040565, 0.04062901609968248, 0.0034285714285714284
0.0045035, 0.962985060270892, 8.644805930879114, 53.97345096303851, -2.5531260297883693, 62.66145787793985, 60.10833184815149, -56.52657699282685, 53.97345096303851, 0.0, 0.012039302060504341, 0.011456429781301602, 1.500794590536041, 5.828722792027385E-4, 0.0, 6.327999999999999, 1.1415951540287488, 1.9264388337309926, 4.932662509744511, 0.050329323313508555, 0.0034285714285714284
0.0045725, 0.9663032992081788, -3.112173761721616, 72.48701225475064, -13.935152436331387, 64.77798802153721, 50.842835585205826, -86.42216469108202, 72.48701225475064, 0.0, 0.011814380606438146, 0.01242667794159993, 1.5024363617629348, -6.122973351617841E-4, 0.0, 6.327999999999999, 1.1590783266966536, 2.087229228215222, 2.347948282332059, 0.07331920579558639, 0.0034285714285714284
