Starting dry volume fraction: 0.0014
Maximum dry volume fraction: 0.0035
DryVolFrac increment: 6.897E-5
Number of particles: 108
Initial configuration: FCC
Dry microgel radius [nm]: 50.0
Box length [units of dry radius]: 50.37889620145477
Number of monomers: 2916666.666666667
Flory interaction parameter (chi): 0.0
Young's calibration factor: 1.0
x-link fraction: 4.0E-5
DryVolFrac increment: 6.897E-5
MC steps: 100000
Equilibration steps: 10000.0
Snapshot interval: 100
Displacement tolerance: 0.1
Particle radius change tolerance: 0.0
Particle radius bin width: 0.001
g(r) bin width: 0.005
phi0, phi, mu/kT, (PV/NkT)_from_dF_FR+dF_pair, (PV/NkT)_from_dF_total, (PV/NkT)_virial_measured, (PV/NkT)_virial+dF_total, (PV/NkT)_einstein, (PV/NkT)_pair_contribution, (PV/NkT)_FR_contribution, <F_total>/V, <F_pair>/V, EntropySolid, <F_reference>/V, <F_FR>/V, <alpha>, zeta, u_Hertz_nn, SpringConstant, LindemannParameter, kT/E
0.001469, 0.362446272776188, -11.929262120523044, 0.7615604007971614, 0.06282277436043891, 1.359548188258715, 1.4223709626191539, -0.6987376264367242, 0.7615604007971614, 0.0, -0.004205513307376379, -5.287781109100813E-4, 1.5042177769490803, -0.0036767351964662976, 0.0, 6.615, 0.42535703773915706, 0.0, 0.0029771836582769503, 1.4101952778563462, 0.004285714285714284
0.0015379, 0.3726074124804209, -13.350810062266298, -2.734236103351455, -1.3374723440177945, 1.3570446073345497, 0.019572263316755212, 1.3967637593336706, -2.734236103351455, 0.0, -0.00441077058222955, -5.425115722120265E-4, 1.5044234560697145, -0.0038682590100175235, 0.0, 6.615, 0.4453280888109078, 0.0, 0.0028750206723750066, 1.4571482490983194, 0.004285714285714284
0.0016069, 0.392501905607573, -11.78815221042315, -0.45887438188508384, 0.32056805892983636, 1.4201537883626405, 1.7407218472924768, 0.7794424408149326, -0.45887438188508384, 0.0, -0.004645165486156941, -6.674771798386911E-4, 1.5046607454414487, -0.0039776883063182495, 0.0, 6.615, 0.46529913988265853, 0.0, 0.00321596196650764, 1.3980396639093964, 0.004285714285714284
0.0016759, 0.4025452030667087, -11.505404823389632, 2.2570493596480983, 0.48939810182510385, 1.4096615211538777, 1.8990596229789816, -1.7676512578230028, 2.2570493596480983, 0.0, -0.00479896326708823, -6.149200725514114E-4, 1.50481469957328, -0.004184043194536818, 0.0, 6.615, 0.48527019095440926, 0.0, 0.0030281173546097633, 1.4610745704991213, 0.004285714285714284
0.0017449, 0.41425674185030625, -10.713163890448875, 2.237865468342449, 1.3478609709228009, 1.387543096184503, 2.7354040671073037, -0.8900044974196598, 2.237865468342449, 0.0, -0.005024047087705018, -6.437643069870173E-4, 1.5050394102026294, -0.004380282780718001, 0.0, 6.615, 0.50524124202616, 0.0, 0.002912010500470414, 1.5100824423503387, 0.004285714285714284
0.0018138, 0.42574717786555405, -9.97503472252736, 1.344098111780535, 1.9223002684625905, 1.379797545184583, 3.3020978136471735, 0.5782021566820691, 1.344098111780535, 0.0, -0.005151755781108129, -5.921185990668311E-4, 1.5051675652068952, -0.004559637182041298, 0.0, 6.615, 0.5252122930979107, 0.0, 0.0028833402979979955, 1.537309125010668, 0.004285714285714284
0.0018828, 0.4386657635452571, -12.63279007666982, -1.092941214062505, -0.7245923918564332, 1.466836765043882, 0.7422443731874488, 0.36834882220608534, -1.092941214062505, 0.0, -0.005352532455163423, -6.445324384864991E-4, 1.5053727739915264, -0.004708000016676923, 0.0, 6.615, 0.5451833441696614, 0.0, 0.002992673703042399, 1.5278546410363607, 0.004285714285714284
0.0019518, 0.44795911852024245, -11.50975432199104, -0.7160504429798888, 0.43955871677050073, 1.5342069255126782, 1.9737656422831789, 1.1556091597503908, -0.7160504429798888, 0.0, -0.005567763023768471, -6.753307480107667E-4, 1.505591662444645, -0.0048924322757577035, 0.0, 6.615, 0.5651543952414122, 0.0, 0.0029407276351516407, 1.559884694460458, 0.004285714285714284
0.0020207, 0.46576308313159726, -7.367543950862234, 5.56604965785772, 4.51345500999114, 1.6224427131164247, 6.135897723107565, -1.052594647866597, 5.56604965785772, 0.0, -0.005731557288959415, -7.158412959531645E-4, 1.505760182092066, -0.005015715993006251, 0.0, 6.615, 0.5851254463131629, 0.0, 0.003150710563457818, 1.5245544349472089, 0.004285714285714284
0.0020897, 0.49342322436046804, -29.68362326307505, -64.55509575887893, -18.036750396579773, 1.6313875560483582, -16.405362840531414, 46.51834536229917, -64.55509575887893, 0.0, -0.005810381766387919, -5.409016498242926E-4, 1.5058406339662542, -0.005269480116563627, 0.0, 6.615, 0.6050964973849136, 0.0, 0.002818049193018784, 1.630164594062492, 0.004285714285714284
0.0021587, 0.5428805635658035, 107.65803224611614, 6.945431449675482, 120.67662703970379, 3.753316573591773, 124.42994361329556, 113.73119559002828, 6.945431449675482, 0.0, -0.0067090612442135735, -0.0028773936027772016, 1.506839137645796, -0.0038316676414363714, 0.0, 6.615, 0.6250675484566642, 0.0, 0.02311116747101771, 0.5754340678450376, 0.004285714285714284
0.0022276, 0.6403430058846491, 138.6496579347661, 74.28190928366722, 142.90892840085849, 4.497800498256602, 147.40672889911508, 68.62701911719124, 74.28190928366722, 0.0, -0.0022651220990356933, -4.960501549838936E-4, 1.5024314073951366, -0.0017690719440518, 0.0, 6.615, 0.6450385995284149, 0.0, 0.36679978420745335, 0.14596371017154022, 0.004285714285714284
0.0022966, 0.6599125164448226, 9.075267385069186, 0.8665359565597243, 12.984296870942789, 4.7847644199395045, 17.76906129088229, 12.117760914383073, 0.8665359565597243, 0.0, -0.0021432241216793016, -4.619511070805144E-4, 1.502326281025727, -0.0016812730145987873, 0.0, 6.615, 0.6650096506001656, 0.0, 0.4368559638023139, 0.13511525230038324, 0.004285714285714284
0.0023656, 0.6793930537934917, 10.52651880627759, -0.046764107247369846, 14.00823528933437, 5.028014614131494, 19.036249903465865, 14.054999396581742, -0.046764107247369846, 0.0, -0.0019662667441730877, -4.952603872464292E-4, 1.5021638141900928, -0.0014710063569266583, 0.0, 6.615, 0.6849807016719163, 0.0, 0.5959254563979094, 0.11683178306174605, 0.004285714285714284
0.0024345, 0.6988160564694252, 11.281612737127357, 1.1493787350720759, 14.37273356167984, 5.372677432287407, 19.745410993967248, 13.223354826607762, 1.1493787350720759, 0.0, -0.0017965779701296855, -4.92370351757642E-4, 1.5020138090527604, -0.0013042076183720434, 0.0, 6.615, 0.704951752743667, 0.0, 0.7595329084802751, 0.10448261386490774, 0.004285714285714284
0.0025035, 0.718064699368137, 12.848972017163325, 1.2963630785590512, 15.517252365245268, 5.766417980039694, 21.28367034528496, 14.220889286686214, 1.2963630785590512, 0.0, -0.0015947547837074749, -4.853078642348739E-4, 1.5018342375593103, -0.001109446919472601, 0.0, 6.615, 0.7249228038154176, 0.0, 0.9857492580914937, 0.09257169577965689, 0.004285714285714284
0.0025725, 0.7371251061233421, 14.690332215953102, 1.780853477838734, 16.926726139104108, 6.266161836710082, 23.19288797581419, 15.14587266126537, 1.780853477838734, 0.0, -0.001373451694189138, -4.7641984147139295E-4, 1.501639962729283, -8.97031852717745E-4, 0.0, 6.615, 0.7448938548871683, 3.495802239973954E-5, 1.2862166534302026, 0.08177839725223385, 0.004285714285714284
0.0026415, 0.7560609045431983, 16.894602796898102, 2.4836010400616533, 18.65639695284275, 6.927703229672262, 25.584100182515012, 16.172795912781098, 2.4836010400616533, 0.0, -0.0011109911367353517, -4.522092283179681E-4, 1.5014145054835073, -6.587819084173837E-4, 0.0, 6.615, 0.7648649059589189, 0.0027165226036352155, 1.7013683580691754, 0.07173425586771975, 0.004285714285714284
0.0027104, 0.7745988364914813, 18.730100196069102, 3.5973380212802906, 19.992873812640134, 7.738895070687717, 27.731768883327852, 16.395535791359844, 3.5973380212802906, 0.0, -8.170997653813389E-4, -4.182478707611882E-4, 1.5011651539705233, -3.9885189462015067E-4, 0.0, 6.615, 0.7848359570306696, 0.011750610183363618, 2.269287655457104, 0.06264874618338699, 0.004285714285714284
0.0027794, 0.7925887392786767, 20.46017730140446, 4.822432407024231, 21.204970699301768, 8.857578691280118, 30.062549390581886, 16.38253829227753, 4.822432407024231, 0.0, -4.941949032802734E-4, -3.5503178541909533E-4, 1.5009082220443237, -1.3916311786117802E-4, 0.0, 6.615, 0.8048070081024202, 0.028661955914181893, 2.983077876576876, 0.0551013808628853, 0.004285714285714284
0.0028484, 0.8098593974793225, 21.675409507333125, 6.297628133261548, 21.886190633593717, 10.28765206389393, 32.17384269748764, 15.58856250033217, 6.297628133261548, 0.0, -1.4333079654379495E-4, -2.770615785903318E-4, 1.5006459816248225, 1.3373078204653683E-4, 0.0, 6.615, 0.8247780591741709, 0.0541966930726828, 3.920676666108218, 0.04845769076651013, 0.004285714285714284
0.0029173, 0.8261649102244233, 22.551544081765883, 8.487162863932937, 22.23624753857045, 12.11157436686728, 34.347821905437726, 13.749084674637514, 8.487162863932937, 0.0, 2.1959257264178778E-4, -1.6106362658059082E-4, 1.5004118473403325, 3.806561992223786E-4, 0.0, 6.615, 0.8447491102459216, 0.08869709158559705, 4.9607491057211925, 0.04342433182895365, 0.004285714285714284
0.0029863, 0.8413539066761487, 23.306067403305263, 10.971708438452199, 22.465438883817374, 14.270670244467594, 36.736109128284966, 11.493730445365166, 10.971708438452199, 0.0, 5.993084473801964E-4, -5.188485296582905E-6, 1.5002072591248952, 6.044969326767793E-4, 0.0, 6.615, 0.8647201613176723, 0.13225942696668685, 6.075042959374293, 0.039547106488026416, 0.004285714285714284
0.0030553, 0.8554714432555713, 24.378196986908097, 13.857618232921375, 23.024911476271527, 16.670919189769727, 39.69583066604125, 9.16729324335015, 13.857618232921375, 0.0, 9.870788348896413E-4, 2.0000329292272953E-4, 1.5000463915298528, 7.870755419669117E-4, 0.0, 6.615, 0.8846912123894229, 0.1848206357397452, 7.096513446136075, 0.036869924748303695, 0.004285714285714284
0.0031242, 0.8685735152814873, 26.133097786935657, 16.82216679163651, 24.253252753277657, 19.21878261584749, 43.47203536912515, 7.43108596164115, 16.82216679163651, 0.0, 0.0014021007401361395, 4.601830292585626E-4, 1.499910491507102, 9.419177108775769E-4, 0.0, 6.615, 0.9046622634611736, 0.2462117670573813, 8.02956293359848, 0.03492049571718772, 0.004285714285714284
0.0031932, 0.8807326113437135, 28.275270808184942, 19.68275138408551, 25.851552535197925, 21.85507034724886, 47.70662288244678, 6.168801151112413, 19.68275138408551, 0.0, 0.0018476613258940418, 7.742875731142571E-4, 1.4997994181018606, 0.0010733737527797845, 0.0, 6.615, 0.9246333145329243, 0.31619317865183755, 8.852278117909131, 0.03350116031057871, 0.004285714285714284
0.0032622, 0.8920411165949589, 30.693494644627304, 22.310610523977207, 27.697532820917747, 24.537863040305723, 52.235395861223466, 5.3869222969405435, 22.310610523977207, 0.0, 0.002333226593807278, 0.00114179828072331, 1.499703024200718, 0.001191428313083968, 0.0, 6.615, 0.944604365604675, 0.39447866488510325, 9.607200287236333, 0.03238787258755721, 0.004285714285714284
0.0033312, 0.9025046068146927, 33.09590034596409, 25.328414617930274, 29.501558940883726, 27.244660216233804, 56.74621915711753, 4.173144322953452, 25.328414617930274, 0.0, 0.0028584211024142406, 0.0015572730382860244, 1.4996216567150706, 0.0013011480641282162, 0.0, 6.615, 0.9645754166764255, 0.48075243163196074, 10.318174837168048, 0.03147082660895316, 0.004285714285714284
0.0034001, 0.9121728359427969, 35.20236588955799, 27.778287516129573, 30.985278544247855, 29.95755348455494, 60.9428320288028, 3.2069910281182765, 27.778287516129573, 0.0, 0.003423099390135375, 0.0020403670692100105, 1.4995587841293363, 0.0013827323209253644, 0.0, 6.615, 0.9845464677481762, 0.5746812386404065, 10.79494838018066, 0.030978899295729657, 0.004285714285714284
0.003369, 0.9079107769301544, 34.16050435714693, 26.802319966431167, 30.228259673268006, 28.732728969157396, 58.960988642425406, 3.4259397068368505, 26.802319966431167, 0.0, 0.0031626349673731504, 0.0018167294295905326, 1.4995859196687784, 0.0013459055377826178, 0.0, 6.615, 0.9755237339306371, 0.5313188343049244, 10.579589105333257, 0.031196730033203113, 0.004285714285714284
0.0034379, 0.9171302975787954, 36.00014591853212, 29.674339669677433, 31.440797148348764, 31.44266835234243, 62.883465500691194, 1.7664574786713285, 29.674339669677433, 0.0, 0.003742075096779286, 0.0023199527113926203, 1.4995385259801115, 0.0014221223853866658, 0.0, 6.615, 0.9954947850023877, 0.6292993792320295, 11.008826384110511, 0.030789786688964933, 0.004285714285714284
0.0035069, 0.9255953952039973, 37.62736057167234, 32.591291626104926, 32.43376435715589, 34.14127647715964, 66.57504083431553, -0.15752726894904467, 32.591291626104926, 0.0, 0.004348146746484933, 0.0028870108169179913, 1.499522921977122, 0.0014611359295669411, 0.0, 6.615, 1.0154658360741384, 0.7344042994868747, 11.100606348913875, 0.03086592403574454, 0.004285714285714284
0.0035759, 0.9333269287429692, 38.99047134902281, 35.23999569722386, 33.15552005641214, 36.818556090850194, 69.97407614726234, -2.08447564081172, 35.23999569722386, 0.0, 0.004981172273650469, 0.0035067653910655543, 1.4995387885025944, 0.001474406882584915, 0.0, 6.615, 1.035436887145889, 0.846290154289462, 10.964780216715878, 0.03125878598808117, 0.004285714285714284
0.0036448, 0.9403374426203917, 39.92018954082136, 38.67026466918502, 33.447544543487005, 39.469131471123106, 72.91667601461012, -5.222720125698016, 38.67026466918502, 0.0, 0.005632132182599291, 0.004182764175349068, 1.4995951721213485, 0.0014493680072502231, 0.0, 6.615, 1.0554079382176398, 0.9646177677056201, 10.519334513313735, 0.032117631745699496, 0.004285714285714284
0.0037138, 0.9466551666058116, 40.8716635512791, 41.30465939775227, 33.77070643071819, 42.08213464743035, 75.85284107814854, -7.533952967034079, 41.30465939775227, 0.0, 0.006295774026435486, 0.004938503639442589, 1.4996994658432774, 0.0013572703869928976, 0.0, 6.615, 1.0753789892893904, 1.0890549948081782, 9.605973663952055, 0.03382055121640755, 0.004285714285714284
0.0037828, 0.9523106765692999, 41.01368914823037, 43.20414164474229, 33.28667882283627, 44.658458002958895, 77.94513682579517, -9.917462821906046, 43.20414164474229, 0.0, 0.006978066687464508, 0.005726385185496249, 1.499841977475644, 0.0012516815019682586, 0.0, 6.615, 1.0953500403611411, 1.2192786699034548, 8.712970728858426, 0.03572991999352233, 0.004285714285714284
0.0038518, 0.9573106363080686, 34.0947851016516, 48.25153492639175, 25.779338434520607, 47.186144305473334, 72.96548273999394, -22.47219649187112, 48.25153492639175, 0.0, 0.007646385540624558, 0.006570061883121754, 1.5000607231442404, 0.0010763236575028032, 0.0, 6.615, 1.1153210914328917, 1.354975940131805, 7.535893828639538, 0.03865124146072329, 0.004285714285714284
0.0039207, 0.9616806736294283, 7.757115471547925, 47.28238025832875, -0.897571804984603, 49.59089845762102, 48.69332665263642, -48.17995206331337, 47.28238025832875, 0.0, 0.008100833507236914, 0.007550632755369471, 1.5005703849898748, 5.502007518674431E-4, 0.0, 6.615, 1.1352921425046425, 1.4958451356108247, 5.091030188307539, 0.047303931408935, 0.004285714285714284
0.0039897, 0.9655651161176025, -19.281208979061137, 54.79884760282448, -27.577351887734427, 51.656676286168626, 24.0793243984342, -82.37619949055892, 54.79884760282448, 0.0, 0.007901833165316443, 0.008392754143356761, 1.5018615935321034, -4.909209780403185E-4, 0.0, 6.615, 1.155263193576393, 1.6415962896669547, 2.4230010320015114, 0.0689680120302681, 0.004285714285714284
0.0040587, 0.9695756249846312, -595.1660712899095, -300.3232653687145, -602.8713151454452, 52.34268175155677, -550.5286333938884, -302.5480497767308, -300.3232653687145, 0.0, 0.007465888848625795, 0.009645371184121846, 1.5037222449168315, -0.0021794823354960515, 0.0, 6.615, 1.1752342446481439, 1.791951395147035, 0.7543779883057012, 0.12431146092582666, 0.004285714285714284
0.0041276, 0.5632851686582091, -599.8286796988791, -332.23842715273923, -587.9579529613254, 4.683896540072978, -583.2740564212525, -255.71952580858616, -332.23842715273923, 0.0, -0.011697431505404086, -0.001169303573619007, 1.5125669623603257, -0.01052812793178508, 0.0, 6.615, 1.1952052957198944, 1.9466444623667414, 0.002585898329527675, 2.1352036761401907, 0.004285714285714284
0.0041966, 0.5521581613529823, -27.666672434956656, -7.041005476755358, -15.402648377797252, 1.363522148324968, -14.039126229472284, -8.36164290104188, -7.041005476755358, 0.0, -0.012286919010578691, -0.0013345656625534195, 1.512322054501907, -0.010952353348025272, 0.0, 6.615, 1.215176346791645, 2.1054214289351383, 0.002188454306631623, 2.333862267043917, 0.004285714285714284
0.0042656, 0.5472662329985284, -16.28127086110151, -6.135982592307391, -3.899736038949703, 1.370258717941507, -2.529477321008196, 2.2362465533576956, -6.135982592307391, 0.0, -0.012608515758637183, -0.0014450355154377263, 1.5126447511052825, -0.011163480243199457, 0.0, 6.615, 1.2351473978633958, 2.2680399601070715, 0.0021436818685903044, 2.370956705243147, 0.004285714285714284
0.0043345, 0.5353109345501528, -13.242814364244705, -4.652281978926501, -0.8509479649423329, 1.3374633822433932, 0.4865154173010603, 3.8013340139841407, -4.652281978926501, 0.0, -0.012823073459186334, -0.0015833576149041453, 1.51285694170677, -0.011239715844282188, 0.0, 6.615, 1.2551184489351463, 2.4342691694813974, 0.0022938372900249706, 2.3043288746546224, 0.004285714285714284
0.0044035, 0.5302483867626581, -11.50162093047292, 2.6294856160008404, 0.9068934216994864, 1.3439794864107875, 2.250872908110274, -1.7225921943013403, 2.6294856160008404, 0.0, -0.013044611558163402, -0.0016486264262895378, 1.5130792659606618, -0.011395985131873865, 0.0, 6.615, 1.2750895000068971, 2.6038892830831735, 0.002326992608525122, 2.2999245179095813, 0.004285714285714284
0.0044725, 0.5605745038787231, -13.153731182065975, 4.171283958529154, -0.7893216267074332, 1.3407668692542685, 0.5514452425468352, -4.960605585236548, 4.171283958529154, 0.0, -0.013201830454305487, -0.0015484098073260289, 1.5132371700209657, -0.011653420646979457, 0.0, 6.615, 1.2950605510786477, 2.776691264635016, 0.002213836236775057, 2.3702171742439067, 0.004285714285714284
