Starting dry volume fraction: 0.0014
Maximum dry volume fraction: 0.0034
DryVolFrac increment: 6.897E-5
Number of particles: 108
Initial configuration: FCC
Dry microgel radius [nm]: 50.0
Box length [units of dry radius]: 51.051159943884876
Number of monomers: 2916666.666666667
Flory interaction parameter (chi): 0.0
Young's calibration factor: 1.0
x-link fraction: 3.0E-5
DryVolFrac increment: 6.897E-5
MC steps: 100000
Equilibration steps: 10000.0
Snapshot interval: 100
Displacement tolerance: 0.1
Particle radius change tolerance: 0.0
Particle radius bin width: 0.001
g(r) bin width: 0.005
phi0, phi, mu/kT, (PV/NkT)_from_dF_FR+dF_pair, (PV/NkT)_from_dF_total, (PV/NkT)_virial_measured, (PV/NkT)_virial+dF_total, (PV/NkT)_einstein, (PV/NkT)_pair_contribution, (PV/NkT)_FR_contribution, <F_total>/V, <F_pair>/V, EntropySolid, <F_reference>/V, <F_FR>/V, <alpha>, zeta, u_Hertz_nn, SpringConstant, LindemannParameter, kT/E
0.001469, 0.41810336933363035, -13.077145129752298, -1.8404062752822772, -1.0746328139618544, 1.401717047443456, 0.32708423348160154, 0.7657734613204129, -1.8404062752822772, 0.0, -0.004209170107488304, -4.981602906059491E-4, 1.5042237732543748, -0.0037110098168823547, 0.0, 7.005, 0.5050060983080812, 0.0, 0.002787687599283895, 1.457337088881889, 0.005714285714285712
0.0015379, 0.430681211029986, -10.648915614688768, 1.564608553881423, 1.4148192437309912, 1.328904045048965, 2.7437232887799565, -0.14978931015044242, 1.564608553881423, 0.0, -0.004429274201166209, -5.751168606495048E-4, 1.5044418299349227, -0.0038541573405167047, 0.0, 7.005, 0.5287167735433197, 0.0, 0.0029502926960394715, 1.4384397391519195, 0.005714285714285712
0.0016069, 0.45329905354680755, -9.422054737295689, -1.3082152002012746, 2.4642624406525795, 1.425457605520804, 3.8897200461733834, 3.7724776408538694, -1.3082152002012746, 0.0, -0.004559846877647786, -4.982195980974177E-4, 1.50457679836443, -0.004061627279550369, 0.0, 7.005, 0.5524274487785582, 0.0, 0.0027756697758140707, 1.5048424952355683, 0.005714285714285712
0.0016759, 0.4580009982858973, -12.281177756017641, -5.477571055983834, -0.4348769357795279, 1.7570547448510485, 1.3221778090715206, 5.042694120204302, -5.477571055983834, 0.0, -0.004739549523376777, -6.609654199791853E-4, 1.50477027258349, -0.004078584103397591, 0.0, 7.005, 0.5761381240137967, 0.0, 0.003615790066391932, 1.337079189819241, 0.005714285714285712
0.0017449, 0.4798369172788746, -19.606382613457004, -23.63398162672673, -7.688849532629468, 1.8554620256553738, -5.833387506974094, 15.945132094097268, -23.63398162672673, 0.0, -0.00496427526313468, -7.33003517202633E-4, 1.505000384524282, -0.004231271745932047, 0.0, 7.005, 0.5998487992490353, 0.0, 0.0037045273941656355, 1.3388462949684492, 0.005714285714285712
0.0018138, 0.4877433166461224, 55.99455598177558, 9.654095959764495, 68.43100669701796, 2.6667266886406438, 71.09773338565861, 58.776910737253466, 9.654095959764495, 0.0, -0.005385202393413073, -0.0014971981074040305, 1.505456514333661, -0.0038880042860090424, 0.0, 7.005, 0.6235594744842738, 0.0, 0.008187822980956407, 0.9122732353809111, 0.005714285714285712
0.0018828, 0.6414396405100112, 104.56323585458728, 34.49121581553344, 111.50528384929501, 3.9155001399445752, 115.42078398923958, 77.01406803376156, 34.49121581553344, 0.0, -0.0031203325793258095, -5.289479852225049E-4, 1.503247694116353, -0.0025913845941033047, 0.0, 7.005, 0.6472701497195124, 0.0, 0.07115353753426205, 0.31333829296874727, 0.005714285714285712
0.0019518, 0.6648771218501911, 40.91861235373938, 4.001624336087734, 45.08614846603759, 4.243992830951434, 49.33014129698903, 41.084524129949855, 4.001624336087734, 0.0, -0.001941856690087906, -4.0012916825856267E-4, 1.5020847296488677, -0.0015417275218293433, 0.0, 7.005, 0.670980824954751, 0.0, 0.3715048175071066, 0.13878344805642584, 0.005714285714285712
0.0020207, 0.6880076712164535, 10.409962177941656, -0.18665158122722378, 14.084923778888344, 4.479150587605616, 18.564074366493962, 14.271575360115568, -0.18665158122722378, 0.0, -0.0017728520152180053, -4.2545049568815455E-4, 1.5019275898590998, -0.0013474015195298508, 0.0, 7.005, 0.6946915001899895, 0.0, 0.5255232843265828, 0.11804598181714421, 0.005714285714285712
0.0020897, 0.7109394496922973, 11.028015246119674, 1.2421403300619727, 14.233298348820476, 4.797821675934165, 19.031120024754642, 12.991158018758505, 1.2421403300619727, 0.0, -0.0015990488356423765, -4.353180419581083E-4, 1.5017699576239665, -0.0011637307936842682, 0.0, 7.005, 0.718402175425228, 0.0, 0.716196000120311, 0.10225623441437036, 0.005714285714285712
0.0021587, 0.7335486981474163, 13.096035212565326, 1.6295939763902654, 15.831469870401513, 5.267637744597676, 21.099107614999188, 14.201875894011247, 1.6295939763902654, 0.0, -0.0014096912101455722, -4.1328099934129095E-4, 1.501604942656439, -9.964102108042812E-4, 0.0, 7.005, 0.7421128506604664, 2.174942120100875E-6, 0.9367129934381928, 0.09038643142689953, 0.005714285714285712
0.0022276, 0.7559355444847838, 15.242012431160216, 1.7607628909084998, 17.43788474557934, 5.8105745102420325, 23.248459255821373, 15.67712185467084, 1.7607628909084998, 0.0, -0.0011677865835589298, -4.0806313612203266E-4, 1.5013897590357428, -7.597234474368971E-4, 0.0, 7.005, 0.7658235258957049, 0.002276698543753629, 1.315459499122265, 0.07707626992308574, 0.005714285714285712
0.0022966, 0.7777754023185101, 17.180108529082663, 3.0704512291597243, 18.83577385235349, 6.57091695985215, 25.40669081220564, 15.765322623193766, 3.0704512291597243, 0.0, -9.077603203264061E-4, -3.8056585746991715E-4, 1.5011680176146605, -5.27194462856489E-4, 0.0, 7.005, 0.7895342011309433, 0.011330473121579305, 1.8008282916482512, 0.06654836018394804, 0.005714285714285712
0.0023656, 0.7989793874544698, 18.909038494504852, 4.22796764366595, 19.975072546192358, 7.600987610554097, 27.576060156746454, 15.74710490252641, 4.22796764366595, 0.0, -6.020327370679444E-4, -3.298085904589329E-4, 1.5009164816747966, -2.7222414660901144E-4, 0.0, 7.005, 0.8132448763661818, 0.028939497428587632, 2.4861314442626616, 0.057199855344436695, 0.005714285714285712
0.0024345, 0.8190008482835297, 19.632544817566323, 5.588348947883508, 20.123027563102465, 8.99163385655154, 29.114661419654006, 14.534678615218956, 5.588348947883508, 0.0, -2.8507151462981925E-4, -2.605672764323423E-4, 1.5006807213325926, -2.4504238197476955E-5, 0.0, 7.005, 0.8369555516014203, 0.05585362073840157, 3.3418951616305974, 0.0498105016758854, 0.005714285714285712
0.0025035, 0.8375729150666196, 19.749834206013308, 7.837529006655917, 19.675409236312976, 10.745313225661743, 30.42072246197472, 11.837880229657067, 7.837529006655917, 0.0, 4.448167395236117E-5, -1.605436427094511E-4, 1.5004682380110332, 2.0502531666181226E-4, 0.0, 7.005, 0.8606662268366587, 0.09233022167433286, 4.329988283480915, 0.044169053036504174, 0.005714285714285712
0.0025725, 0.8546080956835067, 20.18251046698135, 10.123535267877877, 19.587683135395036, 12.807058723967943, 32.39474185936298, 9.464147867517157, 10.123535267877877, 0.0, 3.65305323834069E-4, -1.131727506021793E-5, 1.500311596680466, 3.7662259889428693E-4, 0.0, 7.005, 0.8843769020718972, 0.13834326613553655, 5.192537329399963, 0.04070107173853232, 0.005714285714285712
0.0026415, 0.8701995162120414, 21.668886613645665, 12.331572662142058, 20.544394895444537, 15.04880733701486, 35.5932022324594, 8.21282223330248, 12.331572662142058, 0.0, 7.091068658834947E-4, 1.722251131091215E-4, 1.5001787554694628, 5.368817527743732E-4, 0.0, 7.005, 0.9080875773071357, 0.19369392058420992, 6.0939152986559195, 0.03790334744906868, 0.005714285714285712
0.0027104, 0.8844681546650701, 23.14952824420893, 15.21184068552005, 21.48219369518211, 17.38892818647026, 38.87112188165237, 6.270353009662061, 15.21184068552005, 0.0, 0.00107887799597956, 4.037644407674732E-4, 1.5000677809254777, 6.751135552120868E-4, 0.0, 7.005, 0.9317982525423741, 0.25807653606314196, 6.933065529552676, 0.03584218742369941, 0.005714285714285712
0.0027794, 0.8974879161732938, 24.824394832238013, 17.845820346412534, 22.606813404604086, 19.77578596752128, 42.38259937212537, 4.760993058191543, 17.845820346412534, 0.0, 0.001471438176331405, 6.937109233001792E-4, 1.4999843628408203, 7.777272530312257E-4, 0.0, 7.005, 0.9555089277776126, 0.3311206028901156, 7.559355201971153, 0.03461404882184865, 0.005714285714285712
0.0028484, 0.9093416177106612, 26.934594796192503, 20.060649817546132, 24.145817142700274, 22.182449759743005, 46.328266902443275, 4.085167325154142, 20.060649817546132, 0.0, 0.001896363918107172, 0.0010258691444925785, 1.4999183766005926, 8.704947736145935E-4, 0.0, 7.005, 0.979219603012851, 0.4124184352401358, 8.128158631328752, 0.0336548099738166, 0.005714285714285712
0.0029173, 0.9200917846449634, 28.583076523565964, 22.7405375415297, 25.196805528017777, 24.58774236624479, 49.784547894262566, 2.45626798648807, 22.7405375415297, 0.0, 0.0023584145643924205, 0.0014040036330801023, 1.4998646634347563, 9.544109313123181E-4, 0.0, 7.005, 1.0029302782480896, 0.5015438371515949, 8.635634579753432, 0.032912407209288126, 0.005714285714285712
0.0029863, 0.9297921806363045, 29.541118551334687, 25.48012627179533, 25.56088201174625, 26.97901185299585, 52.5398938647421, 0.08075573995091721, 25.48012627179533, 0.0, 0.002837626044616979, 0.0018411173058312008, 1.4998467376019242, 9.965087387857783E-4, 0.0, 7.005, 1.026640953483328, 0.5980648244642487, 8.795048945091372, 0.03286777154590922, 0.005714285714285712
0.0030553, 0.9384521524876818, 30.050431134037833, 28.265675169663012, 25.483319210049306, 29.346449974139, 54.82976918418831, -2.7823559596137084, 28.265675169663012, 0.0, 0.00333122573271373, 0.002328125934524933, 1.499866377667125, 0.0010030997981887969, 0.0, 7.005, 1.0503516287185666, 0.7015523123315472, 8.661562417603788, 0.03337310743282133, 0.005714285714285712
0.0031242, 0.9461216216241491, 29.680250374127326, 31.062068019064473, 24.54897834046564, 31.67827393121842, 56.227252271684065, -6.5130896785988375, 31.062068019064473, 0.0, 0.003827209257901962, 0.0028770375641708748, 1.4999364778046056, 9.501716937310873E-4, 0.0, 7.005, 1.0740623039538049, 0.8115860067283498, 8.089578653436671, 0.03479071885529958, 0.005714285714285712
0.0031932, 0.9528413510726738, 28.331703780485878, 32.96991341190992, 22.67976014499231, 33.96743843170326, 56.64719857669557, -10.290153266917597, 32.96991341190992, 0.0, 0.004308618616207618, 0.003478048334194954, 1.5000744917163082, 8.305702820126639E-4, 0.0, 7.005, 1.0977729791890434, 0.9277583295183633, 7.144583421197323, 0.037290561117310266, 0.005714285714285712
0.0032622, 0.9586378514884439, 15.300455190847348, 36.2421821051065, 9.188165020548322, 36.2049364060693, 45.39310142661762, -27.054017084558183, 36.2421821051065, 0.0, 0.004760193491634794, 0.00411300546673744, 1.5002965797992562, 6.471880248973543E-4, 0.0, 7.005, 1.1214836544242819, 1.0496769467325282, 6.00308629048471, 0.040972602602986345, 0.005714285714285712
0.003269, 0.9591643386100525, 10.993709333853873, 35.66199494000691, 4.902064738404106, 36.40328874748206, 41.305353485886165, -30.75993020160281, 35.66199494000691, 0.0, 0.004753974885262347, 0.004234409514281257, 1.500377280454617, 5.195653709810899E-4, 0.0, 7.005, 1.1238144994017358, 1.0619578642248837, 5.371246962246136, 0.043345482827584034, 0.005714285714285712
0.0033379, 0.9640582588643168, -28.643503953414246, 29.115600997351255, -34.55637557226027, 38.43425882736252, 3.8778832551022475, -63.671976569611516, 29.115600997351255, 0.0, 0.00471181647361052, 0.00489403131734215, 1.5011820060567453, -1.822148437316301E-4, 0.0, 7.005, 1.1475251746369743, 1.1897555651103824, 2.9419594121485706, 0.05897739653302111, 0.005714285714285712
0.0034069, 0.9686871114246043, -436.13855954790296, -182.75502192204866, -440.8238369687487, 39.657596119097654, -401.16624084965105, -258.06881504670014, -182.75502192204866, 0.0, 0.0038107228382108648, 0.00539545337168848, 1.5030339124485763, -0.0015847305334776153, 0.0, 7.005, 1.1712358498722129, 1.3225318064044536, 0.9247106566574455, 0.10591603542264805, 0.005714285714285712
0.0034759, 0.612212543261099, -433.4218496817821, -201.3373521208577, -421.7919481280383, 4.704435037485525, -417.08751309055276, -220.45459600718047, -201.3373521208577, 0.0, -0.009650553080083963, -9.057757443375821E-4, 1.5103918076432776, -0.00874477733574638, 0.0, 7.005, 1.1949465251074514, 1.4599482746375958, 0.002855420322129609, 1.9188056811600014, 0.005714285714285712
0.0035448, 0.5566004250057928, -32.3783592023697, -9.917842502922374, -20.015666437583725, 1.322023414764359, -18.693643022819366, -10.097823934661339, -9.917842502922374, 0.0, -0.01046218342402908, -0.0012706821235355444, 1.510490249375238, -0.009191501300493536, 0.0, 7.005, 1.2186572003426897, 1.601684472464955, 0.00229759198509425, 2.1531482224096767, 0.005714285714285712
0.0036138, 0.5604324189327815, -14.775672287562061, 2.637388543715959, -2.3537992886297054, 1.3146413901337073, -1.0391578984959982, -4.991187832345685, 2.637388543715959, 0.0, -0.010716796708917753, -0.0012818235144798362, 1.5107450876462953, -0.009434973194437916, 0.0, 7.005, 1.2423678755779282, 1.7474373854531078, 0.002184367575248961, 2.2224759610998355, 0.005714285714285712
0.0036828, 0.5538796754325371, -12.452888869424788, -0.06257398797287043, 1.827644717639371E-4, 1.3078341469843193, 1.3080169114560833, 0.06275675244459664, -0.06257398797287043, 0.0, -0.010948757383502481, -0.001232758320225024, 1.5109765439837413, -0.009715999063277457, 0.0, 7.005, 1.2660785508131667, 1.8969209798689968, 0.0020217019700156224, 2.3247602885424814, 0.005714285714285712
0.0037518, 0.5550037850314666, -11.895330238157095, -1.5543230549240394, 0.5276831133499812, 1.33523686138948, 1.8629199747394614, 2.0820061682740088, -1.5543230549240394, 0.0, -0.011126879670028013, -0.0013300574540654325, 1.5111578524826992, -0.009796822215962581, 0.0, 7.005, 1.2897892260484052, 2.0498655880888528, 0.002181046150174902, 2.2521138901318456, 0.005714285714285712
0.0038207, 0.5451576578614726, -13.07178057654675, 2.9648284648425665, -0.6388451072387196, 1.322485220189078, 0.6836401129503584, -3.603673572081265, 2.9648284648425665, 0.0, -0.011340479521120272, -0.001332845225146311, 1.511371218532348, -0.010007634295973962, 0.0, 7.005, 1.3134999012836437, 2.2060172233098183, 0.0021319418930996477, 2.2917761462649637, 0.005714285714285712
0.0038897, 0.5526574462785437, -12.8373914966157, -0.003307054565928384, -0.3913709849106717, 1.3134353484816468, 0.9220643635709751, -0.3880639303447162, -0.003307054565928384, 0.0, -0.011557343198773972, -0.0012805432068795225, 1.511587538019555, -0.01027679999189445, 0.0, 7.005, 1.3372105765188822, 2.3651368541935414, 0.0019992700555754367, 2.380751493553055, 0.005714285714285712
0.0039587, 0.5426623490926419, -12.596593891500339, -3.0270308328586975, -0.1495651372236647, 1.3113239765658216, 1.161758839342157, 2.8774656956350335, -3.0270308328586975, 0.0, -0.01176322444184219, -0.001378365890752528, 1.5117937287909171, -0.010384858551089662, 0.0, 7.005, 1.3609212517541207, 2.5269996618479964, 0.0021074492775880623, 2.3324676465646648, 0.005714285714285712
0.0040276, 0.5297737196223189, -12.18015264628687, -3.807366347916829, 0.2710247543180992, 1.3244301741114268, 1.595454928429526, 4.0783911022349155, -3.807366347916829, 0.0, -0.011972158473935781, -0.001428254809834802, 1.5120047329954123, -0.01054390366410098, 0.0, 7.005, 1.3846319269893592, 2.691394295411653, 0.002139744630399504, 2.328164536796117, 0.005714285714285712
0.0040966, 0.5056999233359598, -10.805476185219714, -2.7794124871302617, 1.6325663852766856, 1.36375280154378, 2.9963191868204655, 4.411978872406961, -2.7794124871302617, 0.0, -0.012164325994770046, -0.0015526606793203664, 1.5122011824890458, -0.01061166531544968, 0.0, 7.005, 1.4083426022245977, 2.858122137903959, 0.0023121718732383068, 2.2523847443833604, 0.005714285714285712
0.0041656, 0.5152290044239386, -11.492225737674593, 6.349300178417493, 0.9044555241813357, 1.3341103391186446, 2.2385658632999803, -5.444844654236165, 6.349300178417493, 0.0, -0.012327990900989792, -0.001572063737285408, 1.5123622868168598, -0.010755927163704384, 0.0, 7.005, 1.432053277459836, 3.0269965905558585, 0.00236636820517067, 2.2388676763572706, 0.005714285714285712
0.0042345, 0.5281939287015087, -15.047420265801525, -0.16679653087949162, -2.640187574494046, 1.335526967582331, -1.3046606069117153, -2.473391043614547, -0.16679653087949162, 0.0, -0.012542773599150766, -0.001395631156978876, 1.5125782197846107, -0.01114714244217189, 0.0, 7.005, 1.4557639526950745, 3.1978423812450627, 0.0020531814412357244, 2.4167581057836367, 0.005714285714285712
0.0043035, 0.5038427385143692, -14.518282561798591, -6.045456470343125, -2.03663761017144, 1.3601066723590935, -0.6765309378123463, 4.008818860171718, -6.045456470343125, 0.0, -0.012823513725000624, -0.0016230190032947768, 1.512861687819627, -0.011200494721705846, 0.0, 7.005, 1.479474627930313, 3.3704949007222633, 0.002232806981670095, 2.330022482792513, 0.005714285714285712
0.0043725, 0.4861079780095852, -9.643783682354266, 4.186298758192144, 2.8300468100083465, 1.3676294990702185, 4.197676309078565, -1.3562519481838264, 4.186298758192144, 0.0, -0.013020871522099051, -0.0016467349223570895, 1.513061067768908, -0.011374136599741961, 0.0, 7.005, 1.5031853031655515, 3.54479956886459, 0.0022410381339499808, 2.33809818876128, 0.005714285714285712
