This fits B3 to B3 into the virial expansion since maxPower is set to 1.
Number of particles: 108
dryVolFracMax: 1.901
dryVolFracIncrement: 0.05
Initial configuration: FCC
Dry microgel radius [nm]: 50.0
Box length [units of dry radius]: 3.844944289018196
Number of monomers: 0.0
Number of chains: 0.0
Flory interaction parameter (chi): 0.0
Young's calibration factor: 1.0
x-link fraction: 3.0E-5
betaEpsilon: 160.0
Tstar: 0.00625
MC steps: 20000
Equilibration steps: 10000.0
Snapshot interval: 100
Displacement tolerance: 0.1
Particle radius change tolerance: 0.0
Particle radius bin width: 0.001
g(r) bin width: 0.005
phi0, phi, rho, mu_virialFit/kT, Z_measured, Z_virial_Fit, <F_total_virialFit>/V, QMelting, <F_id>/V, <F_ex_virialFit>/V, <F_FR>/V, <alpha>, Zeta, B2_rho, B2_phi0, B2_HS, B2*, <F_ex_virialFit>/N, <F_ex_measuredTI>/N, mu_measuredTI/kT, P_virialFit*, P_measured*, <F_ex_measuredTI>/V, <F_total_measuredTI>/V
0.05, 0.0, 0.05000000000000001, -2.804119318276242, 1.0727421448341472, 1.083318942583274, -0.19437191304297582, 1.6949364984799489, -0.1982773524986409, 0.003905439455665063, 0.0, 0.5, 0.0, 1.4579727128665698, 1.4579727128665698, 2.0943951023931953, 0.6961306924374456, 0.07810878911330124, 0.07282039023873786, -2.819984514899932, 0.05416594712916371, 0.05363710724170737, 0.0036410195119368936, -0.194636332986704
0.1, 0.0, 0.1, -1.9182834851998847, 1.1458630624102628, 1.187478499046439, -0.3105761984246324, 1.8127421769964625, -0.3272399869412872, 0.016663788516654794, 0.0, 0.5, 0.0, 1.4579727128665698, 1.4579727128665698, 2.0943951023931953, 0.6961306924374456, 0.16663788516654793, 0.14565722825837715, -1.9808795787442317, 0.11874784990464392, 0.11458630624102628, 0.014565722825837716, -0.31267426411544946
0.15, 0.0, 0.14999999999999997, -1.2888688037554727, 1.25960562523602, 1.3124786693894948, -0.390202120971745, 1.8961141741184957, -0.430040214195706, 0.039838093223961, 0.0, 0.5, 0.0, 1.4579727128665698, 1.4579727128665698, 2.0943951023931953, 0.6961306924374456, 0.2655872881597401, 0.2253905980669461, -1.3819385380017413, 0.19687180040842417, 0.18894084378540293, 0.03380858971004191, -0.39623162448566407
0.2, 0.0, 0.20000000000000004, -0.7459762371476066, 1.330296536948107, 1.4583194536124418, -0.44085913815200983, 1.950867628958365, -0.5158505377705854, 0.0749913996185756, 0.0, 0.5, 0.0, 1.4579727128665698, 1.4579727128665698, 2.0943951023931953, 0.6961306924374456, 0.3749569980928779, 0.30994526939146294, -0.9390108825133567, 0.2916638907224884, 0.26605930738962147, 0.0619890538782926, -0.4538614838922928
0.25, 0.0, 0.25000000000000006, -0.2363612708574756, 1.4706784589517283, 1.6250008517152796, -0.4653405306431889, 1.9829040500206747, -0.5890272843846792, 0.1236867537414903, 0.0, 0.5, 0.0, 1.4579727128665698, 1.4579727128665698, 2.0943951023931953, 0.6961306924374456, 0.4947470149659611, 0.39830018240514914, -0.4871304961818388, 0.40625021292882, 0.36766961473793214, 0.09957504560128731, -0.4894522387833919
0.3, 0.0, 0.29999999999999993, 0.2636926217322355, 1.5840327855551388, 1.8125228636980082, -0.46464907258973165, 1.9912688334532436, -0.6521362742234285, 0.1874872016336968, 0.0, 0.5, 0.0, 1.4579727128665698, 1.4579727128665698, 2.0943951023931953, 0.6961306924374456, 0.6249573387789895, 0.4940374270965833, -0.0957173680930401, 0.5437568591094023, 0.4752098356665415, 0.14821122812897497, -0.5039250460944535
0.35, 0.0, 0.34999999999999987, 0.7668365581750869, 1.714596835680513, 2.020885489560628, -0.4389171259849389, 1.977321850046228, -0.7068729153211261, 0.26795578933618713, 0.0, 0.5, 0.0, 1.4579727128665698, 1.4579727128665698, 2.0943951023931953, 0.6961306924374456, 0.7655879695319635, 0.5937494570128814, 0.2887093917758905, 0.7073099213462195, 0.6001088924881793, 0.20781230995450842, -0.49906060536661767
0.4, 0.0, 0.4000000000000001, 1.280622128235042, 1.8454322143184572, 2.250088729303139, -0.38778664042723904, 1.938797925316295, -0.7544422033171926, 0.36665556288995355, 0.0, 0.5, 0.0, 1.4579727128665698, 1.4579727128665698, 2.0943951023931953, 0.6961306924374456, 0.9166389072248837, 0.6976316015278221, 0.6569583075532981, 0.9000354917212559, 0.738172885727383, 0.2790526406111289, -0.4753895627060637
0.45, 0.0, 0.44999999999999996, 1.809920262146691, 2.0021185032326967, 2.5001325829255405, -0.31059554435048226, 1.8799057884826147, -0.795745112686469, 0.4851495683359867, 0.0, 0.5, 0.0, 1.4579727128665698, 1.4579727128665698, 2.0943951023931953, 0.6961306924374456, 1.0781101518577483, 0.8061443651023197, 1.0399403956984186, 1.125059662316493, 0.9009533264547134, 0.3627649642960438, -0.43298014839042515
0.5, 0.0, 0.5, 2.358056796879621, 2.180090605864634, 2.7710170504278335, -0.2064801267741061, 1.7995444901083741, -0.8314809784893857, 0.6250008517152796, 0.0, 0.5, 0.0, 1.4579727128665698, 1.4579727128665698, 2.0943951023931953, 0.6961306924374456, 1.2500017034305593, 0.9208221455751457, 1.4379507944610082, 1.3855085252139168, 1.090045302932317, 0.4604110727875729, -0.37106990570181286
0.55, 0.0, 0.5499999999999998, 2.927403916578884, 2.389983370110897, 3.0627421318100163, -0.07443601837712277, 1.6937016489814056, -0.8622084774459454, 0.7877724590688227, 0.0, 0.5, 0.0, 1.4579727128665698, 1.4579727128665698, 2.0943951023931953, 0.6961306924374456, 1.4323135619433143, 1.0430077381461451, 1.8653393310825954, 1.6845081724955084, 1.314490853560993, 0.5736542559803797, -0.28855422146556575
0.6, 0.0, 0.5999999999999999, 3.5197131542832905, 2.5609719505408735, 3.375307827072091, 0.08664319632671946, 1.5567922196282524, -0.88838424011089, 0.9750274364376095, 0.0, 0.5, 0.0, 1.4579727128665698, 1.4579727128665698, 2.0943951023931953, 0.6961306924374456, 1.6250457273960162, 1.1712292983631163, 2.2515608487191727, 2.025184696243254, 1.5365831703245236, 0.7027375790178696, -0.18564666109302042
0.65, 0.0, 0.65, 4.136314643491441, 2.849280288408745, 3.7087141362140574, 0.27794032973029936, 1.413884721969305, -0.9103885001323322, 1.1883288298626316, 0.0, 0.5, 0.0, 1.4579727128665698, 1.4579727128665698, 2.0943951023931953, 0.6961306924374456, 1.8281981997886638, 1.3073959612411177, 2.7560785571385824, 2.4106641885391373, 1.8520321874656844, 0.8498073748067265, -0.06058112532560567
0.7, 0.0, 0.7, 4.778242317999611, 3.076397384213547, 4.0629610592359136, 0.5006968811345883, 1.2298503100467437, -0.9285428042502909, 1.4292396853848792, 0.0, 0.5, 0.0, 1.4579727128665698, 1.4579727128665698, 2.0943951023931953, 0.6961306924374456, 2.041770979121256, 1.4526791756161135, 3.2025868394721018, 2.844072741465139, 2.1534781689494826, 1.0168754229312793, 0.0883326186809884
0.75, 0.0, 0.7500000000000001, 5.446315812660851, 3.3379887200753626, 4.438048596137662, 0.7562004123923913, 1.022969615878889, -0.9431226366529553, 1.6993230490453466, 0.0, 0.5, 0.0, 1.4579727128665698, 1.4579727128665698, 2.0943951023931953, 0.6961306924374456, 2.265764065393795, 1.6047691823881576, 3.6852610535929133, 3.328536447103247, 2.5034915400565225, 1.2035768867911183, 0.26045425013816303
0.8, 0.0, 0.8000000000000004, 6.141195877792547, 3.6933651894775212, 4.833976746919303, 1.045775304698596, 0.7986120256996279, -0.9543666621864287, 2.0001419668850247, 0.0, 0.5, 0.0, 1.4579727128665698, 1.4579727128665698, 2.0943951023931953, 0.6961306924374456, 2.5001774586062795, 1.7668698018951763, 4.267276663639662, 3.8671813975354445, 2.9546921515820186, 1.4134958415161416, 0.45912917932971287
0.85, 0.0, 0.8500000000000002, 6.863422964422938, 3.9879438682835477, 5.250745511580831, 1.3707758349157917, 0.5387061315137962, -0.9624836500291108, 2.3332594849449024, 0.0, 0.5, 0.0, 1.4579727128665698, 1.4579727128665698, 2.0943951023931953, 0.6961306924374456, 2.7450111587587083, 1.938918166074688, 4.7945283284416345, 4.463133684843708, 3.3897522880410165, 1.648080441163485, 0.6855967911343742
0.9, 0.0, 0.9000000000000002, 7.613444763896682, 4.4034400939000164, 5.688354890122252, 1.7325808863969878, 0.26748991140716294, -0.9676577628689872, 2.700238649265975, 0.0, 0.5, 0.0, 1.4579727128665698, 1.4579727128665698, 2.0943951023931953, 0.6961306924374456, 3.0002651658510824, 2.1213388706913614, 5.449603672514725, 5.119519401110028, 3.963096084510016, 1.9092049836222258, 0.9415472207532386
0.95, 0.0, 0.9500000000000003, 8.39163629162059, 4.762282089870732, 6.146804882543564, 2.132589838623176, -0.04253558765040033, -0.9700526672660578, 3.102642505889234, 0.0, 0.5, 0.0, 1.4579727128665698, 1.4579727128665698, 2.0943951023931953, 0.6961306924374456, 3.265939479883403, 2.3148862967173462, 6.056060315781702, 5.839464638416388, 4.524167985377197, 2.1991419818814797, 1.2290893146154218
1.0, 0.0, 1.0000000000000002, 9.198314813281609, 5.317398876415406, 6.626095488844766, 2.5722193244368428, -0.34276082082815185, -0.9698147764188261, 3.542034100855669, 0.0, 0.5, 0.0, 1.4579727128665698, 1.4579727128665698, 2.0943951023931953, 0.6961306924374456, 3.542034100855668, 2.521828692045382, 6.869412792041961, 6.626095488844768, 5.317398876415407, 2.5218286920453825, 1.5520139156265564
1.05, 0.0, 1.0500000000000003, 10.033751125544345, 5.7451575756222155, 7.126226709025859, 3.05290063734441, -0.7195631705398116, -0.9670758428618638, 4.019976480206274, 0.0, 0.5, 0.0, 1.4579727128665698, 1.4579727128665698, 2.0943951023931953, 0.6961306924374456, 3.8285490287678785, 2.742743606232487, 7.566876569605308, 7.482538044477154, 6.032415454403328, 2.879880786544112, 1.9128049436822483
1.1, 0.0, 1.1000000000000003, 10.898178210092379, 6.2596026409008845, 7.647198543086844, 3.576077633706089, -1.0933536161310773, -0.9619550562759513, 4.538032689982041, 0.0, 0.5, 0.0, 1.4579727128665698, 1.4579727128665698, 2.0943951023931953, 0.6961306924374456, 4.125484263620036, 2.9752599721660444, 8.360358016452428, 8.411918397395532, 6.885562904990975, 3.27278596938265, 2.310830913106699
1.15, 0.0, 1.1500000000000001, 11.791797962396188, 6.889335291535428, 8.189010991027718, 4.143205017073741, -1.4717152132745142, -0.9545607591502174, 5.097765776223958, 0.0, 0.5, 0.0, 1.4579727128665698, 1.4579727128665698, 2.0943951023931953, 0.6961306924374456, 4.4328398054121365, 3.2228254238997387, 9.2821078813915, 9.417362639681878, 7.922735585265743, 3.7062492374847, 2.751688478334483
1.2, 0.0, 1.2000000000000006, 12.714786487367807, 7.544883548639242, 8.75166405284849, 4.7557469214231824, -1.8704996633734936, -0.9449918635498457, 5.700738784973028, 0.0, 0.5, 0.0, 1.4579727128665698, 1.4579727128665698, 2.0943951023931953, 0.6961306924374456, 4.7506156541441875, 3.4872061925732494, 10.24459652158762, 10.501996863418194, 9.053860258367095, 4.184647431087901, 3.2396555675380556
1.25, 0.0, 1.2500000000000002, 13.667298313260705, 8.262251051497941, 9.335157728549143, 5.4151757308894535, -2.3046995738048883, -0.9333390313807703, 6.348514762270224, 0.0, 0.5, 0.0, 1.4579727128665698, 1.4579727128665698, 2.0943951023931953, 0.6961306924374456, 5.078811809816178, 3.768802954199857, 11.284382780593182, 11.66894716068643, 10.327813814372428, 4.711003692749822, 3.7776646613690517
1.3, 0.0, 1.300000000000001, 14.649469778606488, 9.066229535830825, 9.9394920181297, 6.1229710886198285, -2.7275042592469454, -0.9196856655367354, 7.042656754156564, 0.0, 0.5, 0.0, 1.4579727128665698, 1.4579727128665698, 2.0943951023931953, 0.6961306924374456, 5.417428272428122, 4.069167773995797, 12.427946797875288, 12.921339623568619, 11.786098396580082, 5.28991810619454, 4.370232440657805
1.35, 0.0, 1.3500000000000008, 15.661421779601653, 9.906816714702865, 10.564666921590137, 6.880619058315551, -3.153950276350253, -0.9041087483574585, 7.7847278066730095, 0.0, 0.5, 0.0, 1.4579727128665698, 1.4579727128665698, 2.0943951023931953, 0.6961306924374456, 5.766465041980004, 4.3892286230340485, 13.626335153768427, 14.262300344146693, 13.374202564848876, 5.925458641095969, 5.0213498927385105
1.4, 0.0, 1.4000000000000006, 16.703262017604683, 10.766855883840524, 11.210682438930466, 7.68961141014391, -3.6394613538329628, -0.8866795557166581, 8.576290965860569, 0.0, 0.5, 0.0, 1.4579727128665698, 1.4579727128665698, 2.0943951023931953, 0.6961306924374456, 6.125922118471832, 4.7285778140891885, 14.862091158132099, 15.694955414502658, 15.07359823737674, 6.620008939724866, 5.733329384008208
1.45, 0.0, 1.4500000000000002, 17.775086852067943, 11.80396131944769, 11.877538570150682, 8.55144500878003, -4.067704987529263, -0.8674642689801974, 9.418909277760228, 0.0, 0.5, 0.0, 1.4579727128665698, 1.4579727128665698, 2.0943951023931953, 0.6961306924374456, 6.495799501903605, 5.089261150034943, 16.294971249496292, 17.22243092671849, 17.115743913199154, 7.379428667550669, 6.511964398570472
1.5, 0.0, 1.5000000000000009, 18.876982839215472, 12.855050391400049, 12.565235315250805, 9.467621285947008, -4.518411102297531, -0.8465245024659921, 10.314145788413, 0.0, 0.5, 0.0, 1.4579727128665698, 1.4579727128665698, 2.0943951023931953, 0.6961306924374456, 6.87609719227533, 5.473120518387841, 17.763821241477228, 18.84785297287622, 19.282575587100084, 8.209680777581767, 7.363156275115775
1.55, 0.0, 1.5500000000000007, 20.009028018330127, 14.012533184678281, 13.273772674230806, 10.439645783353956, -4.959211328311007, -0.8239177605058896, 11.263563543859846, 0.0, 0.5, 0.0, 1.4579727128665698, 1.4579727128665698, 2.0943951023931953, 0.6961306924374456, 7.2668151895869935, 5.880584259072651, 19.36155759826326, 20.57434764505776, 21.719426436251347, 9.114905601562613, 8.290987841056724
1.6, 0.0, 1.6000000000000003, 21.171292993756204, 15.219054963982275, 14.003150647090692, 11.469027754664822, -5.3663080278273005, -0.7996978354769447, 12.268725590141766, 0.0, 0.5, 0.0, 1.4579727128665698, 1.4579727128665698, 2.0943951023931953, 0.6961306924374456, 7.667953493838603, 6.312636560379682, 21.031880377188866, 22.40504103534511, 24.350487942371647, 10.100218496607493, 9.300520661130548
1.65, 0.0, 1.6500000000000004, 22.3638418503543, 16.475419995072684, 14.753369233830478, 12.55727981726431, -5.818721111631454, -0.7739151560354556, 13.331194973299766, 0.0, 0.5, 0.0, 1.4579727128665698, 1.4579727128665698, 2.0943951023931953, 0.6961306924374456, 8.07951210503016, 6.769285354723309, 22.775665861289657, 24.343059235820295, 27.184442991869936, 11.169320835293464, 10.395405679258008
1.7, 0.0, 1.7000000000000006, 23.586732932255167, 17.900313027802543, 15.524428434450158, 13.70591764626852, -6.14641000214783, -0.7466170931063144, 14.452534739374835, 0.0, 0.5, 0.0, 1.4579727128665698, 1.4579727128665698, 2.0943951023931953, 0.6961306924374456, 8.501491023161664, 7.252295430369459, 24.713421932815347, 26.39152833856528, 30.430532147264334, 12.328902231628085, 11.58228513852177
1.75, 0.0, 1.7500000000000009, 24.840019508699445, 19.322895677857154, 16.31632824894973, 14.916459704562003, -6.489714115910803, -0.7178482298459554, 15.634307934407959, 0.0, 0.5, 0.0, 1.4579727128665698, 1.4579727128665698, 2.0943951023931953, 0.6961306924374456, 8.933890248233114, 7.7625850980250215, 26.675281787398774, 28.553574435662043, 33.81506743625004, 13.584523921543795, 12.86667569169784
1.8, 0.0, 1.800000000000001, 26.12375034605699, 20.81436160050433, 17.12906867732919, 16.19042700371005, -6.829520311254466, -0.6876506007300722, 16.878077604440122, 0.0, 0.5, 0.0, 1.4579727128665698, 1.4579727128665698, 2.0943951023931953, 0.6961306924374456, 9.376709780244507, 8.29954021723951, 28.731873706227134, 30.832323619192557, 37.465850880907816, 14.939172391031127, 14.251521790301055
1.85, 0.0, 1.8500000000000012, 27.4379702014558, 22.067232117757182, 17.96264971958854, 17.529342891454437, -7.453325266383899, -0.6560639040578957, 18.185406795512332, 0.0, 0.5, 0.0, 1.4579727128665698, 1.4579727128665698, 2.0943951023931953, 0.6961306924374456, 9.82994961919585, 8.859432009828822, 30.572034990257414, 33.23090198123882, 40.824379417850814, 16.389949218183332, 15.733885314125438
1.9, 0.0, 1.9000000000000008, 28.782720250568474, 23.30524357712922, 18.817071375727778, 18.934732862197336, -8.39639758000585, -0.6231256914682188, 19.557858553665554, 0.0, 0.5, 0.0, 1.4579727128665698, 1.4579727128665698, 2.0943951023931953, 0.6961306924374456, 10.29360976508713, 9.437614382811944, 32.41489706969473, 35.752435613882795, 44.27996279654554, 17.931467327342702, 17.308341635874484
