This fits B3 to B3 into the virial expansion since maxPower is set to 1.
Number of particles: 108
dryVolFracMax: 1.801
dryVolFracIncrement: 0.05
Initial configuration: FCC
Dry microgel radius [nm]: 50.0
Box length [units of dry radius]: 3.914867641168863
Number of monomers: 0.0
Number of chains: 0.0
Flory interaction parameter (chi): 0.0
Young's calibration factor: 1.0
x-link fraction: 3.0E-5
betaEpsilon: 180.0
Tstar: 0.005555555555555556
MC steps: 20000
Equilibration steps: 10000.0
Snapshot interval: 100
Displacement tolerance: 0.1
Particle radius change tolerance: 0.0
Particle radius bin width: 0.001
g(r) bin width: 0.005
phi0, phi, rho, mu_virialFit/kT, Z_measured, Z_virial_Fit, <F_total_virialFit>/V, QMelting, <F_id>/V, <F_ex_virialFit>/V, <F_FR>/V, <alpha>, Zeta, B2_rho, B2_phi0, B2_HS, B2*, <F_ex_virialFit>/N, <F_ex_measuredTI>/N, mu_measuredTI/kT, P_virialFit*, P_measured*, <F_ex_measuredTI>/V, <F_total_measuredTI>/V
0.05, 0.0, 0.05000000000000001, -2.801123915687907, 1.0670471465910334, 1.0848941128268947, -0.19430090142574014, 1.6947696696004797, -0.1982773524986409, 0.003976451072900769, 0.0, 0.5, 0.0, 1.4832786017827189, 1.4832786017827189, 2.0943951023931953, 0.7082133643684642, 0.07952902145801537, 0.07060553834008468, -2.8278943650416997, 0.054244705641344745, 0.05335235732955168, 0.0035302769170042344, -0.19474707558163667
0.1, 0.0, 0.1, -1.9113630526297745, 1.158383108316533, 1.1912485911293071, -0.3102611643759082, 1.8125476209355265, -0.3272399869412872, 0.016978822565378963, 0.0, 0.5, 0.0, 1.4832786017827189, 1.4832786017827189, 2.0943951023931953, 0.7082133643684642, 0.16978822565378962, 0.1437248887147346, -1.970291872381604, 0.11912485911293072, 0.1158383108316533, 0.01437248887147346, -0.31286749806981373
0.15, 0.0, 0.14999999999999997, -1.2770937138101477, 1.2602439821598879, 1.3190634349072374, -0.3894235723076076, 1.8951783834908646, -0.430040214195706, 0.04061664188809838, 0.0, 0.5, 0.0, 1.4832786017827189, 1.4832786017827189, 2.0943951023931953, 0.7082133643684642, 0.2707776125873226, 0.22669466282051576, -1.3799961163243035, 0.19785951523608558, 0.18903659732398315, 0.03400419942307736, -0.3960360147726286
0.2, 0.0, 0.20000000000000004, -0.7284168624336262, 1.3572156686134733, 1.4683386441606856, -0.43935110131886246, 1.949428771336111, -0.5158505377705854, 0.07649943645172294, 0.0, 0.5, 0.0, 1.4832786017827189, 1.4832786017827189, 2.0943951023931953, 0.7082133643684642, 0.3824971822586146, 0.314720618423848, -0.9073164018156052, 0.29366772883213715, 0.27144313372269474, 0.06294412368476962, -0.4529064140858158
0.25, 0.0, 0.25000000000000006, -0.21208798398139983, 1.4586635844211737, 1.6390742188896512, -0.4627905507177628, 1.9792979799773396, -0.5890272843846792, 0.1262367336669164, 0.0, 0.5, 0.0, 1.4832786017827189, 1.4832786017827189, 2.0943951023931953, 0.7082133643684642, 0.5049469346676655, 0.40523893544264955, -0.49220661767489293, 0.4097685547224129, 0.3646658961052935, 0.10130973386066242, -0.4877175505240168
0.3, 0.0, 0.29999999999999993, 0.2956094481638465, 1.6110176027082312, 1.8312701590941338, -0.46069821327908606, 1.9879726239213356, -0.6521362742234285, 0.1914380609443424, 0.0, 0.5, 0.0, 1.4832786017827189, 1.4832786017827189, 2.0943951023931953, 0.7082133643684642, 0.6381268698144749, 0.5020234274437859, -0.0607465505927447, 0.54938104772824, 0.48330528081246926, 0.15060702823313574, -0.5015292459902927
0.35, 0.0, 0.34999999999999987, 0.8073265515556736, 1.7361090750528847, 2.0449264647741345, -0.4331599696264611, 1.9703471117081262, -0.7068729153211261, 0.273712945694665, 0.0, 0.5, 0.0, 1.4832786017827189, 1.4832786017827189, 2.0943951023931953, 0.7082133643684642, 0.7820369876990431, 0.6055207806494397, 0.3219929547848206, 0.7157242626709468, 0.6076381762685095, 0.21193227322730382, -0.49494064209382227
0.4, 0.0, 0.4000000000000001, 1.3306149159580445, 1.8553154127528195, 2.2800431359296542, -0.3797712879886441, 1.9292509461614011, -0.7544422033171926, 0.37467091532854846, 0.0, 0.5, 0.0, 1.4832786017827189, 1.4832786017827189, 2.0943951023931953, 0.7082133643684642, 0.936677288321371, 0.711557213593126, 0.6807671180529644, 0.9120172543718619, 0.7421261651011279, 0.28462288543725045, -0.46981931787994213
0.45, 0.0, 0.44999999999999996, 1.8703454716055492, 2.0076485587632007, 2.5366201725606903, -0.2998236154298135, 1.8671949407255983, -0.795745112686469, 0.49592149725665546, 0.0, 0.5, 0.0, 1.4832786017827189, 1.4832786017827189, 2.0943951023931953, 0.7082133643684642, 1.1020477716814567, 0.8209949023770214, 1.0603209885036242, 1.1414790776523105, 0.9034418514434402, 0.3694477060696596, -0.42629740661680937
0.5, 0.0, 0.5, 2.429844055467775, 2.1971207016461305, 2.814657574667245, -0.19240675959973474, 1.7783727706031736, -0.8314809784893857, 0.639074218889651, 0.0, 0.5, 0.0, 1.4832786017827189, 1.4832786017827189, 2.0943951023931953, 0.7082133643684642, 1.278148437779302, 0.9368314129461726, 1.4709901576135316, 1.4073287873336224, 1.0985603508230652, 0.4684157064730863, -0.36306527201629946
0.55, 0.0, 0.5499999999999998, 3.0114828516897743, 2.4209846705958356, 3.1141553422493153, -0.05646986980774782, 1.672434890368064, -0.8622084774459454, 0.8057386076381976, 0.0, 0.5, 0.0, 1.4832786017827189, 1.4832786017827189, 2.0943951023931953, 0.7082133643684642, 1.4649792866149052, 1.0612776603282894, 1.9146105537496783, 1.7127854382371228, 1.331541568827709, 0.583702713180559, -0.2785057642653864
0.6, 0.0, 0.5999999999999999, 3.617013393310356, 2.65762208746159, 3.435113475306905, 0.10913995080207062, 1.5377360928678399, -0.88838424011089, 0.9975241909129606, 0.0, 0.5, 0.0, 1.4832786017827189, 1.4832786017827189, 2.0943951023931953, 0.7082133643684642, 1.662540318188268, 1.1949354596056665, 2.3719171468824394, 2.0610680851841425, 1.5945732524769536, 0.7169612757633997, -0.17142296434749027
0.65, 0.0, 0.65, 4.247765813828123, 2.887342712641887, 3.7775319738400133, 0.30565199599227144, 1.3788758722995709, -0.9103885001323322, 1.2160404961246036, 0.0, 0.5, 0.0, 1.4832786017827189, 1.4832786017827189, 2.0943951023931953, 0.7082133643684642, 1.87083153249939, 1.3365931509156135, 2.8233381710462204, 2.4553957829960087, 1.8767727632172266, 0.8687855480951487, -0.04160295203718345
0.7, 0.0, 0.7, 4.90477404703935, 3.162492640873298, 4.141410837848637, 0.5343542464334982, 1.1948749494166222, -0.9285428042502909, 1.462897050683789, 0.0, 0.5, 0.0, 1.4832786017827189, 1.4832786017827189, 2.0943951023931953, 0.7082133643684642, 2.0898529295482704, 1.4864151352791828, 3.3224180557949223, 2.8989875864940458, 2.2137448486113085, 1.040490594695428, 0.11194779044513703
0.75, 0.0, 0.7500000000000001, 5.588857727797086, 3.415695564875532, 4.526750067332782, 0.7965807453482279, 0.9741211434192121, -0.9431226366529553, 1.7397033820011831, 0.0, 0.5, 0.0, 1.4832786017827189, 1.4832786017827189, 2.0943951023931953, 0.7082133643684642, 2.3196045093349107, 1.6441702008062236, 3.8023689168111487, 3.395062550499587, 2.5617716736566494, 1.2331276506046678, 0.2900050139517125
0.8, 0.0, 0.8000000000000004, 6.300677606418719, 3.7696484187799224, 4.933549662292444, 1.0937023553010201, 0.7415998592629074, -0.9543666621864287, 2.0480690174874487, 0.0, 0.5, 0.0, 1.4832786017827189, 1.4832786017827189, 2.0943951023931953, 0.7082133643684642, 2.56008627185931, 1.811244899388948, 4.387934990435835, 3.946839729833957, 3.015718735023939, 1.448995919511159, 0.4946292573247303
0.85, 0.0, 0.8500000000000002, 7.040774133932486, 4.162654443146446, 5.3618096227276215, 1.4271198345241358, 0.48242673698158867, -0.9624836500291108, 2.3896034845532466, 0.0, 0.5, 0.0, 1.4832786017827189, 1.4832786017827189, 2.0943951023931953, 0.7082133643684642, 2.811298217121466, 1.9908156608036567, 5.0211363980335015, 4.557538179318479, 3.5382562766744794, 1.6921933116831085, 0.7297096616539976
0.9, 0.0, 0.9000000000000002, 7.809595001683046, 4.510993750170784, 5.8115299486383165, 1.7982585477402577, 0.1944494290215133, -0.9676577628689872, 2.765916310609245, 0.0, 0.5, 0.0, 1.4832786017827189, 1.4832786017827189, 2.0943951023931953, 0.7082133643684642, 3.0732403451213823, 2.181362513302904, 5.617180971397037, 5.230376953774487, 4.059894375153707, 1.9632262619726144, 0.9955684991036272
0.95, 0.0, 0.9500000000000003, 8.607515225077213, 5.001199549584543, 6.282710640024531, 2.2085643558000476, -0.11131978485612803, -0.9700526672660578, 3.1786170230661055, 0.0, 0.5, 0.0, 1.4832786017827189, 1.4832786017827189, 2.0943951023931953, 0.7082133643684642, 3.3459126558590575, 2.384184842463382, 6.364276321241549, 5.968575108023306, 4.751139572105317, 2.2649756003402137, 1.2949229330741558
1.0, 0.0, 1.0000000000000002, 9.434852069801927, 5.505066916309397, 6.775351696886261, 2.6595003729156645, -0.4441652707981958, -0.9698147764188261, 3.6293151493344906, 0.0, 0.5, 0.0, 1.4832786017827189, 1.4832786017827189, 2.0943951023931953, 0.7082133643684642, 3.6293151493344897, 2.6021062403601833, 7.137358380250754, 6.775351696886263, 5.5050669163093975, 2.602106240360184, 1.6322914639413577
1.05, 0.0, 1.0500000000000003, 10.2918763325218, 6.020658829607491, 7.28945311922351, 3.1525443739632046, -0.8043363578035638, -0.9670758428618638, 4.119620216825068, 0.0, 0.5, 0.0, 1.4832786017827189, 1.4832786017827189, 2.0943951023931953, 0.7082133643684642, 3.923447825547683, 2.834272409210954, 7.933906626569051, 7.653925775184687, 6.321691771087868, 2.9759860296715024, 2.0089101868096386
1.1, 0.0, 1.1000000000000003, 11.178820994920411, 6.5634959082609825, 7.825014907036278, 3.6891866966725475, -1.1977901461772174, -0.9619550562759513, 4.651141752948499, 0.0, 0.5, 0.0, 1.4832786017827189, 1.4832786017827189, 2.0943951023931953, 0.7082133643684642, 4.228310684498634, 3.080254993978103, 8.769246305624584, 8.607516397739907, 7.219845499087083, 3.3882804933759143, 2.4263254370999627
1.15, 0.0, 1.1500000000000001, 12.095887952468235, 7.22846296643308, 8.38203706032456, 4.270928525965228, -1.599499776300369, -0.9545607591502174, 5.2254892851154455, 0.0, 0.5, 0.0, 1.4832786017827189, 1.4832786017827189, 2.0943951023931953, 0.7082133643684642, 4.543903726187343, 3.3420994516377167, 9.74050958402713, 9.639342619373245, 8.312732411398043, 3.8434143693833747, 2.8888536102331575
1.2, 0.0, 1.2000000000000006, 13.043253310077315, 7.896762509178188, 8.960519579088368, 4.899280477186736, -2.032281203947519, -0.9449918635498457, 5.844272340736582, 0.0, 0.5, 0.0, 1.4832786017827189, 1.4832786017827189, 2.0943951023931953, 0.7082133643684642, 4.870226950613816, 3.6211833727477667, 10.730452662301083, 10.752623494906047, 9.476115011013832, 4.345420047297322, 3.4004281837474766
1.25, 0.0, 1.2500000000000002, 14.021071596001109, 8.73351876069537, 9.560462463327683, 5.575761415841782, -2.4415955587423324, -0.9333390313807703, 6.509100447222552, 0.0, 0.5, 0.0, 1.4832786017827189, 1.4832786017827189, 2.0943951023931953, 0.7082133643684642, 5.207280357778041, 3.919536300236217, 11.906383835826972, 11.950578079159605, 10.916898450869214, 4.899420375295272, 3.966081343914502
1.3, 0.0, 1.300000000000001, 15.029479148771228, 9.618627452390017, 10.18186571304253, 6.301897466447313, -2.873825556339871, -0.9196856655367354, 7.221583131984048, 0.0, 0.5, 0.0, 1.4832786017827189, 1.4832786017827189, 2.0943951023931953, 0.7082133643684642, 5.555063947680034, 4.239949511073014, 13.151126451511697, 13.236425426955298, 12.504215688107031, 5.511934364394922, 4.592248698858187
1.35, 0.0, 1.3500000000000008, 16.068596864584173, 10.449536593207817, 10.824729328232882, 7.079221174074245, -3.3569733726440365, -0.9041087483574585, 7.983329922431704, 0.0, 0.5, 0.0, 1.4832786017827189, 1.4832786017827189, 2.0943951023931953, 0.7082133643684642, 5.913577720319777, 4.580683765088636, 14.360510174327965, 14.613384593114398, 14.106874400830561, 6.183923082869661, 5.279814334512203
1.4, 0.0, 1.4000000000000006, 17.138532444798418, 11.543221438072099, 11.489053308898752, 7.909270790259538, -3.791308997380998, -0.8866795557166581, 8.795950345976197, 0.0, 0.5, 0.0, 1.4832786017827189, 1.4832786017827189, 2.0943951023931953, 0.7082133643684642, 6.282821675697281, 4.943946994875516, 15.853825893150002, 16.08467463245826, 16.160510013300943, 6.921525792825725, 6.0348462371090665
1.45, 0.0, 1.4500000000000002, 18.239382248866338, 12.482658191557553, 12.174837655040138, 8.793589661047987, -4.3142152450339495, -0.8674642689801974, 9.661053930028185, 0.0, 0.5, 0.0, 1.4832786017827189, 1.4832786017827189, 2.0943951023931953, 0.7082133643684642, 6.662795813812541, 5.330195671641339, 17.21460264321255, 17.6535145998082, 18.099854377758454, 7.728783723879943, 6.861319454899745
1.5, 0.0, 1.5000000000000009, 19.371232833011963, 13.814902632075977, 12.882082366657057, 9.733725699532366, -4.677472299797413, -0.8465245024659921, 10.580250201998359, 0.0, 0.5, 0.0, 1.4832786017827189, 1.4832786017827189, 2.0943951023931953, 0.7082133643684642, 7.053500134665568, 5.741754247547626, 18.992307211312944, 19.323123549985596, 20.722353948113977, 8.612631371321445, 7.766106868855453
1.55, 0.0, 1.5500000000000007, 20.53416223651816, 15.07594444588012, 13.61078744374948, 10.731230928791454, -5.121595489827328, -0.8239177605058896, 11.555148689297344, 0.0, 0.5, 0.0, 1.4832786017827189, 1.4832786017827189, 2.0943951023931953, 0.7082133643684642, 7.454934638256347, 6.182367320112548, 20.726751920505, 21.096720537811702, 23.367713891114196, 9.582669346174454, 8.758751585668564
1.6, 0.0, 1.6000000000000003, 21.728241063729214, 16.44200487717382, 14.360952886317419, 11.787661083858874, -5.544789060057052, -0.7996978354769447, 12.587358919335818, 0.0, 0.5, 0.0, 1.4832786017827189, 1.4832786017827189, 2.0943951023931953, 0.7082133643684642, 7.867099324584885, 6.65068000834871, 22.59287373834944, 22.977524618107875, 26.307207803478114, 10.641088013357937, 9.841390177880992
1.65, 0.0, 1.6500000000000004, 22.953533399505726, 17.921137399404028, 15.13257869436088, 12.904575263489003, -5.92748820976491, -0.7739151560354556, 13.678490419524458, 0.0, 0.5, 0.0, 1.4832786017827189, 1.4832786017827189, 2.0943951023931953, 0.7082133643684642, 8.289994193651184, 7.148342204242491, 24.60044011514018, 24.968754845695457, 29.569876709016654, 11.794764637000112, 11.020849480964657
1.7, 0.0, 1.7000000000000006, 24.210097587978453, 19.565096430148138, 15.925664867879863, 14.083535624167606, -6.223044069444448, -0.7466170931063144, 14.83015271727392, 0.0, 0.5, 0.0, 1.4832786017827189, 1.4832786017827189, 2.0943951023931953, 0.7082133643684642, 8.723619245455245, 7.6777391979032, 26.803649102694685, 27.07363027539578, 33.26066393125185, 13.052156636435445, 12.30553954332913
1.75, 0.0, 1.7500000000000009, 25.497986898388028, 20.990001027116538, 16.740211406874366, 15.32610711014891, -6.667258210518307, -0.7178482298459554, 16.043955339994866, 0.0, 0.5, 0.0, 1.4832786017827189, 1.4832786017827189, 2.0943951023931953, 0.7082133643684642, 9.167974479997062, 8.236326765120491, 28.816128803753628, 29.295369962030154, 36.732501797453956, 14.413571838960868, 13.695723609114912
1.8, 0.0, 1.800000000000001, 26.81725009710431, 21.738023830818765, 17.57621831134438, 16.633857214367882, -7.948138296541384, -0.6876506007300722, 17.321507815097956, 0.0, 0.5, 0.0, 1.4832786017827189, 1.4832786017827189, 2.0943951023931953, 0.7082133643684642, 9.623059897276637, 8.809926317126385, 30.165922036428444, 31.637192960419902, 39.128442895473796, 15.8578673708275, 15.17021677009743
