This fits B3 to B3 into the virial expansion since maxPower is set to 1.
Number of particles: 108
dryVolFracMax: 0.532
dryVolFracIncrement: 0.05
Initial configuration: FCC
Dry microgel radius [nm]: 50.0
Box length [units of dry radius]: 5.880890297694016
Number of monomers: 0.0
Number of chains: 0.0
Flory interaction parameter (chi): 0.0
Young's calibration factor: 1.0
x-link fraction: 3.0E-5
MC steps: 20000
Equilibration steps: 10000.0
Snapshot interval: 100
Displacement tolerance: 0.1
Particle radius change tolerance: 0.0
Particle radius bin width: 0.001
g(r) bin width: 0.005
phi0, phi, rho, mu_virialFit/kT, Z_measured, Z_virial_Fit, <F_total_virialFit>/V, QMelting, <F_id>/V, <F_ex_virialFit>/V, <F_FR>/V, <alpha>, Zeta, B2_rho, B2_phi0, B2_HS, B2*, <F_ex_virialFit>/N, <F_ex_measuredTI>/N, mu_measuredTI/kT, P_virialFit*, P_measured*, <F_ex_measuredTI>/V, <F_total_measuredTI>/V
0.031, 0.0, 0.030999999999999996, -3.3474277553984324, 1.0434230846892927, 1.0485336212672465, -0.13627480267663603, 1.6364500460356453, -0.13775106837839032, 0.0014762657017542914, 0.0, 0.5, 0.0, 1.5067524913880812, 0.35971066053066236, 2.0943951023931953, 0.7194213210613248, 0.04762147425013844, 0.04506620596116159, -3.355093560265363, 0.03250454225928464, 0.03234611562536807, 0.0013970523847960093, -0.1363540159935943
0.081, 0.0, 0.08099999999999999, -2.220344593650466, 1.1184600863631131, 1.1345018874512276, -0.2717425649692372, 1.7730156390350622, -0.2821327929590105, 0.010390227989773319, 0.0, 0.5, 0.0, 1.5067524913880812, 0.35971066053066236, 2.0943951023931953, 0.7194213210613248, 0.12827441962683112, 0.11664657769641859, -2.2480142366689932, 0.09189465288354942, 0.09059526699541215, 0.009448372793409904, -0.27268442016560057
0.131, 0.0, 0.13100000000000003, -1.5587377471129837, 1.2206085814631091, 1.2299617979339388, -0.36531964040114695, 1.8692296847315681, -0.3933108279181754, 0.02799118751702843, 0.0, 0.5, 0.0, 1.5067524913880812, 0.35971066053066236, 2.0943951023931953, 0.7194213210613248, 0.21367318715288874, 0.195309207071783, -1.5864549436649193, 0.16112499552934603, 0.15989972417166734, 0.02558550612640358, -0.3677253217917718
0.181, 0.0, 0.18099999999999997, -1.0403418945914469, 1.322047654788732, 1.3349133527153794, -0.42992119976253557, 1.9381632853547774, -0.48491221736845985, 0.054991017605924286, 0.0, 0.5, 0.0, 1.5067524913880812, 0.35971066053066236, 2.0943951023931953, 0.7194213210613248, 0.303817776828311, 0.28189180167149047, -1.0751335676749152, 0.24161931684148363, 0.23929062551676047, 0.05102241610253977, -0.4338898012659201
0.231, 0.0, 0.23099999999999998, -0.5870876044305214, 1.4283354021246892, 1.4493565517955498, -0.4704186000882224, 1.984076429155817, -0.5625201916670881, 0.0921015915788657, 0.0, 0.5, 0.0, 1.5067524913880812, 0.35971066053066236, 2.0943951023931953, 0.7194213210613248, 0.3987081886530983, 0.372730167197767, -0.6340867755567134, 0.33480136346477196, 0.3299454778908032, 0.08610066862268417, -0.47641952304440394
0.281, 0.0, 0.28099999999999997, -0.167579568265517, 1.5569505973918765, 1.57329139517445, -0.48918474072663065, 2.010620964175491, -0.629219523484888, 0.14003478275825734, 0.0, 0.5, 0.0, 1.5067524913880812, 0.35971066053066236, 2.0943951023931953, 0.7194213210613248, 0.49834442262725037, 0.46863757734187245, -0.21362721133346807, 0.4420948820440204, 0.43750311786711726, 0.13168715923306615, -0.4975323642518218
0.331, 0.0, 0.33099999999999985, 0.23399268157894593, 1.7183759310724862, 1.7067178828520795, -0.48747204162140706, 2.0208046354504114, -0.6869745060879109, 0.19950246446650383, 0.0, 0.5, 0.0, 1.5067524913880812, 0.35971066053066236, 2.0943951023931953, 0.7194213210613248, 0.6027264787507671, 0.5724463430706784, 0.21537059411926363, 0.564923619224038, 0.5687824331849927, 0.18947973955639447, -0.4974947665315164
0.381, 0.0, 0.38099999999999984, 0.6267196915778255, 1.8345617617404875, 1.8496360148284392, -0.4659311191584836, 2.0101150334232547, -0.7371476291844937, 0.2712165100260101, 0.0, 0.5, 0.0, 1.5067524913880812, 0.35971066053066236, 2.0943951023931953, 0.7194213210613248, 0.7118543570236489, 0.6814656143623815, 0.5812566958286065, 0.704711321649635, 0.6989680312231255, 0.25963839907206726, -0.47750923011242646
0.431, 0.0, 0.4309999999999999, 1.0163118832522087, 2.0173051411566463, 2.0020457911035283, -0.42485131428391865, 1.9868355486989326, -0.7807401070430996, 0.35588879275918095, 0.0, 0.5, 0.0, 1.5067524913880812, 0.35971066053066236, 2.0943951023931953, 0.7194213210613248, 0.8257280574458957, 0.7952353036783886, 1.0010784795378196, 0.8628817359656205, 0.8694585158385143, 0.3427464158853854, -0.4379936911577142
0.481, 0.0, 0.4809999999999999, 1.4065920063996527, 2.1709437611029556, 2.1639472116773475, -0.3642878537385712, 1.9442004725903337, -0.8185190397269921, 0.45423118598842094, 0.0, 0.5, 0.0, 1.5067524913880812, 0.35971066053066236, 2.0943951023931953, 0.7194213210613248, 0.9443475800175073, 0.915103585382172, 1.3843445611899254, 1.040858608816804, 1.0442239490905214, 0.44016482456882466, -0.3783542151581675
0.531, 0.0, 0.531, 1.8002451671293562, 2.3972337814556948, 2.3353402765498967, -0.28413550310230695, 1.889255092349526, -0.8510910661384419, 0.5669555630361349, 0.0, 0.5, 0.0, 1.5067524913880812, 0.35971066053066236, 2.0943951023931953, 0.7194213210613248, 1.0677129247384838, 1.0417465829454975, 1.8361723302421682, 1.2400656868479951, 1.272931137952974, 0.5531674355440592, -0.29792363059438265
