This fits B3 to B3 into the virial expansion since maxPower is set to 1.
Number of particles: 108
dryVolFracMax: 1.632
dryVolFracIncrement: 0.05
Initial configuration: FCC
Dry microgel radius [nm]: 50.0
Box length [units of dry radius]: 4.045665122728629
Number of monomers: 0.0
Number of chains: 0.0
Flory interaction parameter (chi): 0.0
Young's calibration factor: 1.0
x-link fraction: 3.0E-5
MC steps: 200000
Equilibration steps: 50000.0
Snapshot interval: 100
Displacement tolerance: 0.1
Particle radius change tolerance: 0.0
Particle radius bin width: 0.001
g(r) bin width: 0.005
phi0, phi, rho, mu/kT, Z_measured, Z_virial_Fit, <F_total>/V, QMelting, <F_id>/V, <F_ex>/V, <F_FR>/V, <alpha>, Zeta, B2_rho, B2_phi0, B2_HS, B2*
0.581, 0.0, 0.5810000000000001, 3.366126013643554, 2.588964736101178, 3.2941558089629117, 0.04181468891945306, 1.5890216605808227, -0.878948012456999, 0.9207627013764521, 0.0, 0.5, 0.0, 1.5067524913880812, 0.35971066053066236, 2.0943951023931953, 0.7194213210613248
0.631, 0.0, 0.631, 3.9813993011039837, 2.8302066888406796, 3.624188721953863, 0.2253998754437263, 1.4391042505667393, -0.9024967056945021, 1.1278965811382284, 0.0, 0.5, 0.0, 1.5067524913880812, 0.35971066053066236, 2.0943951023931953, 0.7194213210613248
0.681, 0.0, 0.6810000000000002, 4.621895620594993, 3.098714746840137, 3.9752360976858676, 0.44037513510111437, 1.2640389544328303, -0.9220792772402379, 1.3624544123413522, 0.0, 0.5, 0.0, 1.5067524913880812, 0.35971066053066236, 2.0943951023931953, 0.7194213210613248
0.731, 0.0, 0.7310000000000003, 5.2885083441895455, 3.3998827204669047, 4.347297936158924, 0.6880248082703849, 1.0650983062551815, -0.937987471421016, 1.626012279691401, 0.0, 0.5, 0.0, 1.5067524913880812, 0.35971066053066236, 2.0943951023931953, 0.7194213210613248
0.781, 0.0, 0.7810000000000002, 5.9819532983853145, 3.731344947129578, 4.740374237373031, 0.9696732466505944, 0.8403480446371471, -0.9504730212433574, 1.9201462678939518, 0.0, 0.5, 0.0, 1.5067524913880812, 0.35971066053066236, 2.0943951023931953, 0.7194213210613248
0.831, 0.0, 0.8310000000000005, 6.702812901618522, 4.096694847141436, 5.154465001328192, 1.2866771051412649, 0.590602877650878, -0.959755356513323, 2.246432461654588, 0.0, 0.5, 0.0, 1.5067524913880812, 0.35971066053066236, 2.0943951023931953, 0.7194213210613248
0.881, 0.0, 0.8810000000000002, 7.451567385028267, 4.505384964540202, 5.5895702280244, 1.6404194953204065, 0.3153934834957981, -0.9660274503584745, 2.606446945678881, 0.0, 0.5, 0.0, 1.5067524913880812, 0.35971066053066236, 2.0943951023931953, 0.7194213210613248
0.931, 0.0, 0.9310000000000003, 8.228617382809752, 4.958197075089742, 6.045689917461663, 2.03230547023907, 0.01811410343068731, -0.9694603344333472, 3.0017658046724174, 0.0, 0.5, 0.0, 1.5067524913880812, 0.35971066053066236, 2.0943951023931953, 0.7194213210613248
0.981, 0.0, 0.9810000000000002, 9.03430060565022, 5.444252080374014, 6.522824069639976, 2.4637584818260483, -0.3057488338625691, -0.9702066415147237, 3.433965123340772, 0.0, 0.5, 0.0, 1.5067524913880812, 0.35971066053066236, 2.0943951023931953, 0.7194213210613248
1.031, 0.0, 1.0310000000000001, 9.868904364765566, 5.987075152160887, 7.020972684559342, 2.936217562292617, -0.653298608172824, -0.9684034240969073, 3.9046209863895243, 0.0, 0.5, 0.0, 1.5067524913880812, 0.35971066053066236, 2.0943951023931953, 0.7194213210613248
1.081, 0.0, 1.0810000000000004, 10.732675127163146, 6.609269172376628, 7.540135762219762, 3.4511350535038003, -1.0145295447254736, -0.9641744250204569, 4.415309478524257, 0.0, 0.5, 0.0, 1.5067524913880812, 0.35971066053066236, 2.0943951023931953, 0.7194213210613248
1.131, 0.0, 1.131000000000001, 11.625825908526974, 7.266619428095292, 8.080313302621239, 4.009974757279393, -1.403642320360888, -0.957631927171157, 4.9676066844505495, 0.0, 0.5, 0.0, 1.5067524913880812, 0.35971066053066236, 2.0943951023931953, 0.7194213210613248
1.181, 0.0, 1.181, 12.548542065606686, 8.00853043329138, 8.64150530576375, 4.614210413374508, -1.8065959063642842, -0.9488782754994526, 5.56308868887396, 0.0, 0.5, 0.0, 1.5067524913880812, 0.35971066053066236, 2.0943951023931953, 0.7194213210613248
1.231, 0.0, 1.2310000000000008, 13.500985886703852, 8.811679537571974, 9.22371177164733, 5.26532443563458, -2.2242439646175907, -0.9380071408655232, 6.203331576500103, 0.0, 0.5, 0.0, 1.5067524913880812, 0.35971066053066236, 2.0943951023931953, 0.7194213210613248
1.281, 0.0, 1.2810000000000004, 14.483300267637762, 9.702809253799439, 9.826932700271952, 5.964806853795608, -2.649861260274415, -0.9251045782389171, 6.889911432034525, 0.0, 0.5, 0.0, 1.5067524913880812, 0.35971066053066236, 2.0943951023931953, 0.7194213210613248
1.331, 0.0, 1.3310000000000008, 15.495611683469368, 10.668639947759598, 10.451168091637633, 6.714154420728043, -3.085325320451126, -0.9102499194547881, 7.624404340182831, 0.0, 0.5, 0.0, 1.5067524913880812, 0.35971066053066236, 2.0943951023931953, 0.7194213210613248
1.381, 0.0, 1.3810000000000011, 16.538032611928347, 11.746761701186992, 11.096417945744367, 7.5148698540000884, -3.516463541015619, -0.8935165316504973, 8.408386385650585, 0.0, 0.5, 0.0, 1.5067524913880812, 0.35971066053066236, 2.0943951023931953, 0.7194213210613248
1.431, 0.0, 1.431000000000001, 17.610663525631875, 12.92089446322369, 11.762682262592145, 8.368461187409865, -3.943612944697339, -0.8749724657334966, 9.243433653143361, 0.0, 0.5, 0.0, 1.5067524913880812, 0.35971066053066236, 2.0943951023931953, 0.7194213210613248
1.481, 0.0, 1.481000000000001, 18.713594542011176, 14.192030240126268, 12.449961042180979, 9.276441213248534, -4.356999903352655, -0.854681014118216, 10.131122227366749, 0.0, 0.5, 0.0, 1.5067524913880812, 0.35971066053066236, 2.0943951023931953, 0.7194213210613248
1.531, 0.0, 1.531000000000001, 19.84690679918059, 15.550758044563244, 13.158254284510864, 10.240326999959365, -4.767180357303126, -0.8327011930669601, 11.073028193026325, 0.0, 0.5, 0.0, 1.5067524913880812, 0.35971066053066236, 2.0943951023931953, 0.7194213210613248
1.581, 0.0, 1.5810000000000004, 21.01067361062347, 17.01906663211609, 13.887561989581789, 11.261639472866902, -5.1523407048245895, -0.8090881619607473, 12.07072763482765, 0.0, 0.5, 0.0, 1.5067524913880812, 0.35971066053066236, 2.0943951023931953, 0.7194213210613248
