This fits B3 to B3 into the virial expansion since maxPower is set to 1.
Number of particles: 108
dryVolFracMax: 1.196
dryVolFracIncrement: 0.05
Initial configuration: FCC
Dry microgel radius [nm]: 50.0
Box length [units of dry radius]: 4.487646265412057
Number of monomers: 0.0
Number of chains: 0.0
Flory interaction parameter (chi): 0.0
Young's calibration factor: 1.0
x-link fraction: 3.0E-5
MC steps: 200000
Equilibration steps: 50000.0
Snapshot interval: 100
Displacement tolerance: 0.1
Particle radius change tolerance: 0.0
Particle radius bin width: 0.001
g(r) bin width: 0.005
phi0, phi, rho, mu_virialFit/kT, Z_measured, Z_virial_Fit, <F_total_virialFit>/V, QMelting, <F_id>/V, <F_ex_virialFit>/V, <F_FR>/V, <alpha>, Zeta, B2_rho, B2_phi0, B2_HS, B2*, <F_ex_virialFit>/N, <F_ex_measuredTI>/N, mu_measuredTI/kT, P_virialFit*, P_measured*, <F_ex_measuredTI>/V, <F_total_measuredTI>/V
0.045, 0.0, 0.045000000000000005, -2.8949899056753097, 1.0863999100955657, 1.0907416836654253, -0.1793579215203331, 1.67963461200509, -0.18319084045337897, 0.003832918933045865, 0.0, 0.5, 0.0, 1.7691170869864616, 0.4223455939533449, 2.0943951023931953, 0.84469118790669, 0.0851759762899081, 0.08300508950497823, -2.901502566030099, 0.04908337576494415, 0.04888799595430046, 0.0037352290277240206, -0.17945561142565494
0.095, 0.0, 0.095, -1.913145348289226, 1.1807310914251015, 1.2176765025862264, -0.29742807583316794, 1.7986233681582426, -0.3157508505610401, 0.018322774727872155, 0.0, 0.5, 0.0, 1.7691170869864616, 0.4223455939533449, 2.0943951023931953, 0.84469118790669, 0.19287131292497006, 0.1785658530909917, -1.9643962192843287, 0.11567926774569151, 0.11216945368538464, 0.016963756043644213, -0.2987870945173959
0.145, 0.0, 0.14500000000000002, -1.2144308798724608, 1.2974632344061217, 1.3720962962009398, -0.37504644053064307, 1.8780240876271421, -0.4206212653821564, 0.04557482485151331, 0.0, 0.5, 0.0, 1.7691170869864616, 0.4223455939533449, 2.0943951023931953, 0.84469118790669, 0.3143091369069883, 0.27741343117669276, -1.3259596473975743, 0.19895396294913628, 0.18813216898888765, 0.040224947520620453, -0.38039631786153594
0.195, 0.0, 0.19500000000000006, -0.601079984091687, 1.4261316976616214, 1.554001064509566, -0.42024080447724455, 1.926056629877393, -0.5078912468832574, 0.08765044240601283, 0.0, 0.5, 0.0, 1.7691170869864616, 0.4223455939533449, 2.0943951023931953, 0.84469118790669, 0.4494894482359631, 0.3833324646604495, -0.7951063345151452, 0.3030302075793655, 0.2780956810440163, 0.07474983060878768, -0.43314141627446967
0.245, 0.0, 0.24499999999999997, -0.014508790432238294, 1.5610286570767433, 1.7633908075121043, -0.43558540149636393, 1.9451536589293423, -0.5821964019897778, 0.14661100049341394, 0.0, 0.5, 0.0, 1.7691170869864616, 0.4223455939533449, 2.0943951023931953, 0.84469118790669, 0.5984122469118938, 0.4952125557421145, -0.3200706320373785, 0.4320307478404655, 0.38245202098380204, 0.12132707615681804, -0.4608693258329598
0.295, 0.0, 0.295, 0.5707483590821933, 1.7490906688884293, 2.0002655252085555, -0.42170756400727694, 1.93727729541909, -0.6462254362230373, 0.22451787221576036, 0.0, 0.5, 0.0, 1.7691170869864616, 0.4223455939533449, 2.0943951023931953, 0.84469118790669, 0.761077532934781, 0.6159426379680932, 0.17443860779537923, 0.5900783299365239, 0.5159817473220867, 0.18170307820058748, -0.4645223580224498
0.345, 0.0, 0.34500000000000003, 1.1680848855339414, 1.9226764740223357, 2.2646252175989203, -0.3783064145624177, 1.900748980081925, -0.7017388452375133, 0.3234324306750956, 0.0, 0.5, 0.0, 1.7691170869864616, 0.4223455939533449, 2.0943951023931953, 0.84469118790669, 0.9374853063046248, 0.7462855121029736, 0.6349363477557055, 0.7812957000716276, 0.6633233835377058, 0.2574685016755259, -0.4442703435619874
0.395, 0.0, 0.39499999999999996, 1.7854211612047797, 2.1185676848719996, 2.5564698846831964, -0.3045642457739748, 1.8356615184459415, -0.7499802947474373, 0.44541604897346254, 0.0, 0.5, 0.0, 1.7691170869864616, 0.4223455939533449, 2.0943951023931953, 0.84469118790669, 1.1276355670214242, 0.8839415492557274, 1.1038249436278855, 1.0098056044498624, 0.8368342355244398, 0.3491569119560123, -0.40082338279142504
0.445, 0.0, 0.4449999999999999, 2.4278320683118424, 2.350320529038606, 2.8757995264613854, -0.1993455188765466, 1.741727347300105, -0.7918756190894517, 0.5925301002129051, 0.0, 0.5, 0.0, 1.7691170869864616, 0.4223455939533449, 2.0943951023931953, 0.84469118790669, 1.3315283150851802, 1.0305976762274651, 1.601422432031348, 1.2797307892753162, 1.0458926354221796, 0.4586159659212219, -0.3332596531682298
0.495, 0.0, 0.49500000000000005, 3.098765400597109, 2.6151252140725756, 3.2226141429334882, -0.061305127456507735, 1.6180376737843871, -0.828141084951975, 0.7668359574954673, 0.0, 0.5, 0.0, 1.7691170869864616, 0.4223455939533449, 2.0943951023931953, 0.84469118790669, 1.5491635504958934, 1.1880303606147549, 2.130143281855058, 1.5951940007520768, 1.294486980965925, 0.5880750285043037, -0.24006605644767132
0.545, 0.0, 0.5449999999999999, 3.800670746615345, 2.9245339843120766, 3.596913734099502, 0.11104757182113412, 1.4638712326172216, -0.8593474221020568, 0.970394993923191, 0.0, 0.5, 0.0, 1.7691170869864616, 0.4223455939533449, 2.0943951023931953, 0.84469118790669, 1.7805412732535617, 1.35788371655063, 2.7056334401249873, 1.9603179850842283, 1.5938710214500815, 0.7400466255200931, -0.11930079658196369
0.595, 0.0, 0.595, 4.535351133462284, 3.235467387723345, 3.99869829995943, 0.3193084359341979, 1.2753705951288956, -0.8859601466639234, 1.2052685825981213, 0.0, 0.5, 0.0, 1.7691170869864616, 0.4223455939533449, 2.0943951023931953, 0.84469118790669, 2.025661483358187, 1.540092293142636, 3.286551031010647, 2.3792254884758606, 1.92510309569539, 0.9163549144198684, 0.030394767755944962
0.645, 0.0, 0.6450000000000001, 5.30417228271785, 3.623485104706816, 4.42796784051327, 0.5651518652219536, 1.0559514340181448, -0.908366231400348, 1.4735180966223016, 0.0, 0.5, 0.0, 1.7691170869864616, 0.4223455939533449, 2.0943951023931953, 0.84469118790669, 2.2845241808097696, 1.7357049634821657, 3.9508703295837915, 2.85603925713106, 2.337147892535897, 1.119529701445997, 0.21116347004564906
0.695, 0.0, 0.6949999999999998, 6.108193511533155, 4.080948627769004, 4.884722355761021, 0.8503124532616331, 0.8039321677778054, -0.9268924558361389, 1.777204909097772, 0.0, 0.5, 0.0, 1.7691170869864616, 0.4223455939533449, 2.0943951023931953, 0.84469118790669, 2.5571293656083056, 1.9482159228643654, 4.695506340797198, 3.3948820372539084, 2.836259296299457, 1.3540100663907337, 0.42711761055459485
0.745, 0.0, 0.7450000000000001, 6.948253046435087, 4.578557528057525, 5.368961845702689, 1.1765719445456364, 0.5166613288796351, -0.9418184485809458, 2.118390393126582, 0.0, 0.5, 0.0, 1.7691170869864616, 0.4223455939533449, 2.0943951023931953, 0.84469118790669, 2.843477037753801, 2.1791272361610634, 5.493498927197185, 3.999876575048504, 3.4110253584028563, 1.6234497909399925, 0.6816313423590468
0.795, 0.0, 0.7950000000000003, 7.8250255668378905, 5.145699066493587, 5.880686310338268, 1.5457497089171999, 0.19298738014464045, -0.9533862128935718, 2.4991359218107716, 0.0, 0.5, 0.0, 1.7691170869864616, 0.4223455939533449, 2.0943951023931953, 0.84469118790669, 3.1435671972462527, 2.429580954422997, 6.376052080169954, 4.6751456167189245, 4.0908307578624035, 1.9315168587662834, 0.9781306458727116
0.845, 0.0, 0.8450000000000002, 8.73906216570963, 5.838442266928708, 6.4198957496677584, 1.9596956215553805, -0.16073207668553313, -0.9618072466970021, 2.9215028682523827, 0.0, 0.5, 0.0, 1.7691170869864616, 0.4223455939533449, 2.0943951023931953, 0.84469118790669, 3.4573998440856593, 2.7030980290906834, 7.403306867975602, 5.424811908469257, 4.933483715554759, 2.284117834581628, 1.3223105878846257
0.895, 0.0, 0.8950000000000001, 9.690818804837075, 6.600063261893437, 6.986590163691161, 2.4202846338255934, -0.550567136603135, -0.9672679717278666, 3.38755260555346, 0.0, 0.5, 0.0, 1.7691170869864616, 0.4223455939533449, 2.0943951023931953, 0.84469118790669, 3.784974978272022, 3.002673556683197, 8.521990481450526, 6.25299819650359, 5.907056619394627, 2.6873928332314616, 1.720124861503595
0.945, 0.0, 0.9450000000000005, 10.680677024306606, 7.478953152375069, 7.580769552408481, 2.9294125609437294, -0.9744810126849357, -0.9699339458723233, 3.8993465068160527, 0.0, 0.5, 0.0, 1.7691170869864616, 0.4223455939533449, 2.0943951023931953, 0.84469118790669, 4.126292599805344, 3.330500781827741, 9.783068806295589, 7.163827227026018, 7.067610728994444, 3.1473232388272168, 2.1773892929548935
0.995, 0.0, 0.9950000000000003, 11.708959306262956, 8.471367852999247, 8.202433915819707, 3.4889927634910336, -1.4321556749458155, -0.9699531816511586, 4.458945945142192, 0.0, 0.5, 0.0, 1.7691170869864616, 0.4223455939533449, 2.0943951023931953, 0.84469118790669, 4.481352708685619, 3.6896244692515645, 11.186165004008442, 8.161421746240611, 8.429011013734254, 3.671176346905308, 2.7012231652541496
1.045, 0.0, 1.0450000000000004, 12.775940667835648, 9.680014222868623, 8.851583253924849, 4.100953497536787, -1.9137254801742096, -0.967458796097144, 5.068412293633932, 0.0, 0.5, 0.0, 1.7691170869864616, 0.4223455939533449, 2.0943951023931953, 0.84469118790669, 4.850155304912851, 4.085003122280789, 12.839219454147361, 9.249904500351471, 10.115614862897715, 4.268828262783426, 3.3013694666862823
1.095, 0.0, 1.0950000000000006, 13.881857542060589, 11.00037456961963, 9.528217566723907, 4.767235772993668, -2.4300527787472745, -0.9625711523996463, 5.729806925393314, 0.0, 0.5, 0.0, 1.7691170869864616, 0.4223455939533449, 2.0943951023931953, 0.84469118790669, 5.232700388487042, 4.520978019034056, 14.642292175503325, 10.433398235562684, 12.045410153733503, 4.950470930842294, 3.9878997784426478
1.145, 0.0, 1.1450000000000002, 15.02691467421243, 12.533386888974649, 10.232336854216868, 5.489791603894918, -2.96825496976751, -0.9553996096274534, 6.445191213522372, 0.0, 0.5, 0.0, 1.7691170869864616, 0.4223455939533449, 2.0943951023931953, 0.84469118790669, 5.6289879594081835, 5.001117747566717, 16.70009449712874, 11.716025698078317, 14.350727987875976, 5.726279820963892, 4.770880211336439
1.195, 0.0, 1.1950000000000005, 16.21129054304469, 14.34257013430965, 10.963941116403753, 6.270582564835921, -3.5242551726207436, -0.9460439662872457, 7.2166265311231665, 0.0, 0.5, 0.0, 1.7691170869864616, 0.4223455939533449, 2.0943951023931953, 0.84469118790669, 6.0390180176762875, 5.532071688406632, 19.08297323168093, 13.10190963410249, 17.13937131050004, 6.610825667645928, 5.664781701358683
