Starting dry volume fraction: 0.0014
Maximum dry volume fraction: 0.0029
DryVolFrac increment: 1.0E-5
Number of particles: 108
Initial configuration: FCC
Dry microgel radius [nm]: 50.0
Box length [units of dry radius]: 53.83170338213784
Number of monomers: 2916666.666666667
Flory interaction parameter (chi): 0.0
Young's calibration factor: 1.0
x-link fraction: 3.0E-5
DryVolFrac increment: 1.0E-5
MC steps: 100000
Equilibration steps: 10000.0
Snapshot interval: 100
Displacement tolerance: 0.1
Particle radius change tolerance: 0.05
Particle radius bin width: 0.001
g(r) bin width: 0.005
phi0, phi, mu/kT, (PV/NkT)_from_dF_FR+dF_pair, (PV/NkT)_from_dF_total, (PV/NkT)_virial_measured, (PV/NkT)_virial+dF_total, (PV/NkT)_einstein, (PV/NkT)_pair_contribution, (PV/NkT)_FR_contribution, <F_total>/V, <F_pair>/V, EntropySolid, <F_reference>/V, <F_FR>/V, <alpha>, zeta, u_Hertz_nn, SpringConstant, LindemannParameter, kT/E
0.00141, 0.4127487175966449, -6.57160676662411, 17.224474928664964, 3.437986940850576, 2.0235094354982355, 5.461496376348812, -13.786487987814413, 18.889210795187644, -1.6647358665226801, -0.0033693564102141595, -2.7768980070642056E-4, 1.503420640108779, -0.0033402717642177305, 2.486051547099916E-4, 7.012845257201653, 0.4847332475233629, 0.0, 0.004343931029031462, 1.151620368290705, 0.005714285722395791
0.00142, 0.4079754025626072, -18.133720591116337, -23.785705239771307, -8.105527985411767, 1.9492488251578997, -6.156279160253867, 15.680177254359576, -28.53042095682349, 4.744715717052185, -0.0033995575820027655, -2.4441276684092654E-4, 1.503448248160044, -0.0033977649696790967, 2.4262015451725755E-4, 7.012683168724283, 0.4881710719738832, 0.0, 0.004061847155048831, 1.1937464325141591, 0.0057146802972414985
0.00143, 0.4208718607765327, -15.873972968054222, -7.7442719376329245, -5.75075510836077, 2.2373911290227824, -3.5133639793379876, 1.993516829272261, -6.2134756968353155, -1.5307962407976088, -0.003455938548275863, -4.173549597553401E-4, 1.503519687554156, -0.003313260277303445, 2.746766887829224E-4, 7.013331687242805, 0.49160889642440353, 0.0, 0.0050295072263212524, 1.075293584612058, 0.005714719610569661
0.00144, 0.4200843371672563, -7.192171645691126, 28.60958012883028, 2.9172123539349655, 1.8836312889508284, 4.800843642885794, -25.692367774895335, 37.421478065258924, -8.811897936428643, -0.003475350219933954, -2.79917060273178E-4, 1.5035203543449667, -0.0034345859325313004, 2.391527728705246E-4, 7.013724094650209, 0.49504672087492385, 0.0, 0.004150173473563181, 1.1864937806354983, 0.005714335260962505
0.00145, 0.4228545349529152, -4.546547994425026, -7.501711480644174, 5.5362416416270115, 1.8502861988529777, 7.386527840479989, 13.037953122271084, -17.157814892757667, 9.656103412113493, -0.0034902786383451765, -2.425683003468518E-4, 1.5035336724295336, -0.0034836348796329986, 2.3592454163467408E-4, 7.0130923456790075, 0.4984845453254442, 0.0, 0.003951620749228841, 1.2187448662253726, 0.005714293587172276
0.00146, 0.41956149232459894, -2.540270316353248, -12.96799279073769, 7.492910450324883, 2.300493657393874, 9.793404107718757, 20.460903241062553, -19.213089518794416, 6.245096728056726, -0.0034970583875534728, -3.651853615182782E-4, 1.5035660448088697, -0.003420384428185805, 2.885114021506101E-4, 7.013618662551435, 0.5019223697759645, 0.0, 0.004676612718654496, 1.1228705093979177, 0.005714461783224455
0.00147, 0.4235627068091568, -12.382710555494056, 0.49127614893690197, -2.402540229914111, 2.1145863861353007, -0.2879538437788103, -2.8938163788509774, 6.826195429930966, -6.334919280994064, -0.0035024075356742935, -3.3930658461522883E-4, 1.5035607316581154, -0.0034327958441128206, 2.696948930537561E-4, 7.012952304526749, 0.5053601942264848, 0.0, 0.0047762405065002005, 1.1136287772338525, 0.005714468856846465
0.00148, 0.4282125718672557, -11.166869293380952, 3.5921360941759213, -1.1019381241512516, 1.9830129559488463, 0.8810748317975947, -4.694074218327116, 4.6731242401125295, -1.080988145936608, -0.003556181475366965, -3.3720909527994766E-4, 1.5036089568922697, -0.0034809060889807166, 2.619337088936995E-4, 7.013310689300414, 0.5087980186770051, 0.0, 0.004556071175474334, 1.142798729584103, 0.005714288296755958
0.00149, 0.4308669885355483, -1.3282609515778077, 10.886726949795372, 8.66783821920752, 2.062176680007214, 10.730014899214734, -2.2188887305878517, 7.71093511984035, 3.175791829955022, -0.003555725409081374, -3.215509396062801E-4, 1.503611904359972, -0.0035022476690381426, 2.680731995630492E-4, 7.014831903292184, 0.5122358431275255, 0.0, 0.004574689958237846, 1.1430336530754213, 0.005714296364219487
0.0015, 0.4317353798967955, -15.635244247719013, -2.788161172038827, -5.686802014724672, 2.165445075297715, -3.5213569394269575, -2.8986408426859924, -3.79289178583769, 1.0047306137988632, -0.0035625234542517514, -3.047082120691582E-4, 1.5036251117857715, -0.0035385105380960507, 2.806952959134575E-4, 7.012963652263374, 0.5156736675780457, 0.0, 0.004466138588196487, 1.1594234565399952, 0.005714497981570633
0.00151, 0.43885485303707983, -9.301416585458961, -5.49066291242557, 0.7693732485970104, 2.0986522570115183, 2.8680255056085286, 6.260036161022572, -8.563053413848902, 3.0723905014233317, -0.003630378201335582, -3.4372344005706364E-4, 1.5036900188001183, -0.003563267800096936, 2.766130388184173E-4, 7.013507613168729, 0.519111492028566, 0.0, 0.004456234201342028, 1.1632848510388543, 0.005714417387771464
0.00152, 0.4306156486946453, -10.961277173354615, 16.62982828865417, -1.0213484357225842, 2.254271647140281, 1.232923211417697, -17.65117672437671, 21.19441441706913, -4.56458612841496, -0.0036069344470717334, -3.501464087775043E-4, 1.5036753932158906, -0.003555816667128512, 2.990286288342829E-4, 7.012922664609055, 0.5225493164790863, 0.0, 0.0047201415677106924, 1.1327866208041306, 0.005714296457989068
0.00153, 0.44571111605604663, -11.122714405508436, 1.4180843866882462, -1.0402842140760111, 1.938433566855548, 0.8981493527795368, -2.4583686007643144, 3.050576155097826, -1.6324917684095799, -0.0036827144446777743, -2.471347550338008E-4, 1.5037333331805876, -0.0036943330223187165, 2.5875333267474286E-4, 7.016025144032926, 0.5259871409296066, 0.0, 0.0038179522386323104, 1.2622915020552212, 0.00571450399131802
0.00154, 0.44851253174321826, -2.8788853206724707, -7.33681329433099, 7.076404269789124, 2.1665392881694543, 9.242943557958577, 14.413217564120073, -9.947671836586242, 2.6108585422552517, -0.0036600414964188164, -3.3881150022028615E-4, 1.5037246803874542, -0.003615846447503389, 2.9461645130485865E-4, 7.0138575925926006, 0.529424965380127, 0.0, 0.004606735696722551, 1.1516522295710343, 0.0057144574415321295
0.00155, 0.4410875460888616, -8.390274619761616, -11.900013518377637, 1.5992066055964882, 2.01488616905718, 3.614092774653668, 13.499220123974215, -10.342718593988318, -1.5572949243893204, -0.003696460109559166, -2.9903153873877305E-4, 1.5037527621945463, -0.0036724740224558287, 2.7504545163543545E-4, 7.013654660493825, 0.5328627898306473, 0.0, 0.004337076566437424, 1.1894780948911363, 0.005714302959481292
0.00156, 0.4509760450800275, -17.476260324915597, -21.127892614689074, -7.541035028950153, 2.173195747255054, -5.367839281695099, 13.586857585739121, -26.722668021835712, 5.5947754071466385, -0.0037001021068078224, -3.920528153651342E-4, 1.5037646905786535, -0.003598779180764982, 2.9072988932229375E-4, 7.014344506172836, 0.5363006142811676, 0.0, 0.00517129201901404, 1.091657564635082, 0.005714295613742448
0.00157, 0.4464015575715679, -20.081972146617048, 12.060755039645736, -9.997117939098976, 2.255789380658884, -7.741328558440092, -22.0578729787447, 12.944668841714845, -0.8839138020691087, -0.0037799031060832987, -4.3164919813284616E-4, 1.5038502204610513, -0.003653739750705341, 3.0548584275488897E-4, 7.014125555555555, 0.5397384387316879, 0.0, 0.004883332648858533, 1.1257781710790262, 0.005714713910007938
0.00158, 0.45039437692404066, -2.868779615283833, 37.04540150495575, 7.19488551423416, 2.084663959695985, 9.279549473930146, -29.85051599072165, 42.46632821104846, -5.420926706092712, -0.0037959864608328583, -3.3574529027951893E-4, 1.5038574308982686, -0.003750642221747791, 2.904010511944517E-4, 7.013458034979426, 0.5431762631822082, 0.0, 0.004282069462500122, 1.204767570394337, 0.00571446980328712
0.00159, 0.45312179117821055, -1.4849769170759501, 14.960833699738231, 8.50910905657754, 2.017966231025488, 10.527075287603028, -6.451724643160639, 17.523030995320028, -2.562197295581796, -0.0037936005197757093, -2.331373570235961E-4, 1.503851206769264, -0.0038437419497379436, 2.832787869858308E-4, 7.0142353395061825, 0.5466140876327286, 0.0, 0.00378648668137178, 1.2838824189109905, 0.005714444002244537
0.0016, 0.4604409088361392, -12.357599180692947, -16.522808914694213, -2.4011676538304783, 2.000588334730999, -0.4005793190994793, 14.121641260863614, -17.466647800335544, 0.9438388856413292, -0.0038030767033347583, -2.550115256251546E-4, 1.5038599290926846, -0.003829795893143211, 2.8173071543360754E-4, 7.015021265432096, 0.5500519120832489, 0.0, 0.004049341257274067, 1.2441103378739524, 0.005714517117396278
0.00161, 0.457990569344284, -10.847309776909519, -6.9662411167622835, -0.823863390746224, 2.0485958225625183, 1.2247324318162942, 6.14237772601599, -7.872846614678552, 0.9066054979162685, -0.0038526037096063784, -3.19722101193968E-4, 1.5039124801606276, -0.0038241885280651264, 2.913069196527158E-4, 7.014100781893009, 0.5534897365337692, 0.0, 0.0042641263763540035, 1.2148929693226773, 0.0057143200016496155
0.00162, 0.46167524959910883, 1.7538095465455974, 4.922258780795998, 11.721239570322231, 2.0204650837929377, 13.741704654115168, 6.798980789526174, 2.061247413836276, 2.861011366959722, -0.003854868792442084, -2.9657330239348813E-4, 1.5039140792709171, -0.003847973647373825, 2.8967815732522894E-4, 7.014298672839505, 0.5569275609842895, 0.0, 0.00426372154242802, 1.2174608798206568, 0.005714430837592103
0.00163, 0.470009479784336, 3.4182010818450226, 16.49401236348259, 13.297141260245022, 2.1382592728281793, 15.435400533073201, -3.196871103237589, 9.8650881079416, 6.628924255540987, -0.003844229885849144, -3.135417685435265E-4, 1.503910789519621, -0.003839231633544371, 3.0854351623875307E-4, 7.015904979423871, 0.5603653854348098, 0.0, 0.004509989685357, 1.1861852544181815, 0.0057144169995018024
0.00164, 0.45667422126702645, -5.718260916276223, -4.037788326133455, 4.085929703773311, 2.2566431566739986, 6.3425728604473095, 8.123718029906776, -12.741877550438824, 8.704089224305369, -0.003838548084482353, -2.533181145653465E-4, 1.5039126495224, -0.003910344719136968, 3.2511474921996167E-4, 7.0151605864197535, 0.5638032098853301, 0.0, 0.004155851987331937, 1.2382138972279146, 0.005714287672817851
0.00165, 0.47014208311262645, -10.502040272041668, -5.115623267095038, -0.6735325695462052, 2.459740931633691, 1.786208362087486, 4.442090697548834, -4.6445615220196785, -0.4710617450753596, -0.0038715325705705804, -3.774689977358236E-4, 1.5039585705702867, -0.003848130867843221, 3.540672950084637E-4, 7.014918271604936, 0.5672410343358504, 0.0, 0.004813804974016641, 1.1528199837473492, 0.005714299660707262
0.00166, 0.46734915058848464, -10.287452091449152, 9.991784963761129, -0.47485364426718246, 2.1759975427039584, 1.701143898436776, -10.466638608028141, 13.982290730897736, -3.9905057671366073, -0.0038886916331377207, -2.800696440977992E-4, 1.503960213945888, -0.0039357793088909574, 3.271573198510359E-4, 7.0151537448559695, 0.5706788587863707, 0.0, 0.004315555337881419, 1.2200064073486112, 0.0057145345335745225
0.00167, 0.46918304588343424, -10.667650688860848, -3.676759973592667, -0.8336466463779139, 2.273920858813544, 1.4402742124356305, 2.8431133272147746, -4.499657059130984, 0.8228970855383165, -0.003920651536135836, -3.1408281023013193E-4, 1.5039983789229383, -0.003945524413821909, 3.3895568791620506E-4, 7.015948600823041, 0.574116683236891, 0.0, 0.004418311977451039, 1.2081524207912187, 0.005715156630094173
0.00168, 0.4665288213698423, -9.663951634843862, 0.533308872189771, 0.15882600569142993, 2.229137629979105, 2.387963635670535, -0.3744828664984437, 4.26789981138024, -3.7345909391904692, -0.003939625913287017, -3.053153947743695E-4, 1.5040150989469847, -0.003969456232084146, 3.3514571357149873E-4, 7.014591265432097, 0.5775545076874113, 0.0, 0.00441588053602141, 1.2108923342347522, 0.005714493427970526
0.00169, 0.4826702764440654, -14.413376306734715, -1.0538798031346954, -4.581384718780056, 2.1893430853572444, -2.3920416334228114, -3.5275049156453027, -1.1659979699181753, 0.11211816678347976, -0.003966793506310428, -2.973397967627152E-4, 1.504038564641718, -0.003994567869135437, 3.2511415958772427E-4, 7.015889742798348, 0.5809923321379317, 0.0, 0.004404802211751649, 1.2148149353066857, 0.00571467585970849
0.0017, 0.47499718044869776, -17.606637343021724, -1.2193120050400048, -7.7298526593546795, 2.2490687969430416, -5.480783862411638, -6.510540654314731, -3.9722809884115184, 2.7529689833715136, -0.00400844471586283, -3.1440143915366966E-4, 1.504084812300117, -0.00403357181994147, 3.395285432323105E-4, 7.015054670781896, 0.584430156588452, 0.0, 0.004293830100059291, 1.232835049531427, 0.0057143672883817965
0.00171, 0.4694708481756094, -1.3806807435131305, 16.086762354759234, 8.542242373740562, 2.2540519862063992, 10.79629435994696, -7.544519981018748, 17.63260266892402, -1.5458403141647854, -0.004050859007241476, -3.200048818630162E-4, 1.5041283226563913, -0.004073107197072444, 3.4225307169398353E-4, 7.012649763374494, 0.5878679810389723, 0.0, 0.004183236240574607, 1.2514694959326975, 0.005714562279568069
0.00172, 0.47657184090353893, 8.803602937295887, 20.52396529250345, 18.58159571468208, 2.1405590823280467, 20.722154797010127, -1.9423695778214034, 18.387710216976917, 2.1362550755265355, -0.004015036980817687, -2.3395471007992414E-4, 1.5040861247941748, -0.004117232930056025, 3.361506593182625E-4, 7.013839794238689, 0.5913058054894926, 0.0, 0.004046175158232288, 1.274964922596844, 0.005714328329732685
0.00173, 0.49206462860439576, -4.192238451350053, -5.9863589053705475, 5.514193035215202, 2.284835350790284, 7.799028386005486, 11.500551940585876, -8.3204917920347, 2.3341328866641526, -0.004008824899506807, -2.349304362734E-4, 1.504089271615537, -0.004130256130173371, 3.5636166693996346E-4, 7.018683189300416, 0.594743629940013, 0.0, 0.004118619419706792, 1.2661465134002925, 0.005714324057972109
0.00174, 0.49721964407684754, -26.88393090415471, -38.49300700628091, -17.17014219948158, 2.2531472844619653, -14.916994915019616, 21.322864806799366, -41.07800225591269, 2.5849952496317807, -0.004035053444982255, -2.7639809081050865E-4, 1.5041136026636648, -0.004110070465149497, 3.5141511097775053E-4, 7.018428405349784, 0.5981814543905333, 0.0, 0.004423162073444222, 1.2241305880643656, 0.005714358095163148
0.00175, 0.48836605604456856, -9.203590020034943, -7.823015607718383, 0.6991557455884769, 2.3516841838931524, 3.0508399294816293, 8.522171353306735, -12.121492850141491, 4.298477242423108, -0.004137186214300923, -4.342404391640021E-4, 1.5042231061676583, -0.004075689139381493, 3.72743364244572E-4, 7.014793220164605, 0.6016192788410536, 0.0, 0.00485612272661261, 1.1705202994625314, 0.005714307574854968
0.00176, 0.4972912551649717, 8.587220717204698, 18.545784805731518, 18.295211709552394, 2.4038282769529755, 20.69903998650537, -0.2505730961789907, 16.074133737351083, 2.4716510683804365, -0.004078997350358649, -3.3923670382926123E-4, 1.504167886937099, -0.004115959398696923, 3.7619875216753535E-4, 7.019479948559666, 0.6050571032915739, 0.0, 0.004725675556396611, 1.1888216318953877, 0.0057146801256070245
0.00177, 0.49504452202191346, 0.14363345214900264, 19.126803260430044, 9.837453042825214, 2.4713729246817877, 12.308825967507001, -9.289350217604794, 17.980484035751132, 1.146319224678911, -0.004096185255563995, -3.6134706650092763E-4, 1.5041900619797675, -0.004123657803681658, 3.8881961461859093E-4, 7.017453127572012, 0.6084949277420941, 0.0, 0.004845047490146199, 1.1763046942036868, 0.005714333694915427
0.00178, 0.4923989759728196, -9.587782109709092, 25.884819915615623, 0.009516473149874997, 2.3435752199160604, 2.3530916930659354, -25.875303442465952, 29.13650848584828, -3.2516885702326594, -0.004078311551141563, -2.5746923412559556E-4, 1.504165491930174, -0.004206907782285662, 3.860654652696943E-4, 7.016935432098758, 0.6119327521926144, 0.0, 0.004406088615122485, 1.2358273838243143, 0.005714492429121746
0.00179, 0.4928317389732165, -5.724946182430549, -14.58212543697315, 3.9676886319220053, 2.2611549761161944, 6.2288436080382, 18.5498140688951, -26.747309204296243, 12.165183767323093, -0.004141963543045442, -2.2512339874506052E-4, 1.504225209586965, -0.004294471903855048, 3.77631759554666E-4, 7.016793096707818, 0.6153705766431348, 0.0, 0.003983995949025144, 1.3020749787833634, 0.0057145690441172915
0.0018, 0.4988533300526549, -19.490252212592587, -25.075032633400863, -9.935979767516164, 2.7201735092910524, -7.215806258225111, 15.139052865884912, -25.060218279798328, -0.014814353602533754, -0.00410564615565763, -3.876935735911034E-4, 1.5042198379719969, -0.004166321870510711, 4.483692884441842E-4, 7.018442510288068, 0.6188084010936551, 0.0, 0.005055564004922216, 1.1580228323713566, 0.005714337918614731
0.00181, 0.4979460927043362, -18.39288150483882, 4.32594992104117, -8.591985724759857, 2.3216108459686713, -6.270374878791186, -12.917935645801, 9.92206481116549, -5.596114890124319, -0.004235022642497698, -3.4908483354404834E-4, 1.5043216535488468, -0.004268480716162892, 3.825429072092425E-4, 7.017992674897118, 0.6222462255441754, 0.0, 0.0044701072106452105, 1.2338006151466487, 0.0057144499153713715
0.00182, 0.5014115653919212, -3.051946592350012, 6.558956740199695, 6.599453424811715, 2.490401962319777, 9.089855387131493, 0.04049668461192141, -7.764637974609099, 14.323594714808793, -0.004193465695933588, -3.4417649475823646E-4, 1.5042945138857262, -0.004275166002663158, 4.2587680148780673E-4, 7.016561676954732, 0.6256840499946957, 0.0, 0.004588472178758769, 1.2200215587773913, 0.005714359626398081
0.00183, 0.5065438775180695, -7.81129518883718, 9.402947896363465, 1.9158415837256202, 2.647849280902438, 4.563690864628058, -7.48710631263789, 11.43352272606608, -2.0305748297026156, -0.004249594614084447, -3.899404082764483E-4, 1.5043611390341078, -0.004315267204919959, 4.556129991119599E-4, 7.018407263374483, 0.6291218744452161, 0.0, 0.004472411464294646, 1.2380093206037712, 0.005714424165698837
0.00184, 0.519528676478588, 16.247851921670733, 27.34409083631691, 25.879250799394146, 2.4672934797577244, 28.34654427915187, -1.4648400369226724, 31.989621667630267, -4.645530831313359, -0.004230761883171189, -2.938470888003283E-4, 1.5043299267075965, -0.004358075692254188, 4.2116089788332706E-4, 7.02037734567902, 0.6325596988957364, 0.0, 0.004342453330002272, 1.2586822902287416, 0.005714309542581453
0.00185, 0.5236999431114596, 4.609722724591971, -7.457085954559966, 14.056048808568463, 2.5641002153995482, 16.62014902396801, 21.51313476312853, -20.175287682621224, 12.718201728061258, -0.004172016835645676, -2.403952058908153E-4, 1.5042778515186508, -0.004369631688860698, 4.380100591058381E-4, 7.019823590534987, 0.6359975233462567, 0.0, 0.004423297765895097, 1.2493820111710443, 0.005714955267954045
0.00186, 0.5077118249965542, -8.611328849434042, -15.139846884785346, 0.8669396884795338, 2.8279633929638495, 3.694903081443383, 16.00678657326477, -26.923621068434436, 11.78377418364909, -0.004208752078434134, -3.9277585878074573E-4, 1.5043326742803516, -0.004302597301586765, 4.8662108193337736E-4, 7.017190390946501, 0.639435347796777, 0.0, 0.005074500583058454, 1.1685628851417411, 0.005714301579594556
0.00187, 0.5020019251885283, -5.09627879156297, 4.947904655762546, 4.341116840707183, 2.8637051505669273, 7.204821991274111, -0.606787815055292, -1.331993385352749, 6.2798980411152945, -0.004213132902234994, -3.731694235910242E-4, 1.5043396982540747, -0.004339469399789972, 4.995059211460024E-4, 7.017440627572012, 0.6428731722472973, 0.0, 0.004970322919956896, 1.1828581317910947, 0.005714286778901228
0.00188, 0.5234550774908815, -29.98775474452275, 1.6214495363682477, -20.55610311880439, 2.9046714272584335, -17.65143169154596, -22.177552655172697, 17.382619551618962, -15.761170015250714, -0.004233085017265683, -4.031267755539342E-4, 1.5043655964388414, -0.004351905937422893, 5.219476957111452E-4, 7.0200337345679085, 0.6463109966978177, 0.0, 0.005051056748614211, 1.175454761791792, 0.005714312912468914
0.00189, 0.5345621779530704, -11.674995630633127, -9.959132328473872, -2.020135880772999, 2.41685468717189, 0.3967188063988907, 7.938996447700817, -10.20871947545429, 0.2495871469804176, -0.004356313884229541, -2.9446211154390356E-4, 1.5044538911544865, -0.00449165628538723, 4.298045127015918E-4, 7.022342201646093, 0.649748821148338, 0.0, 0.0042447027218475535, 1.2845215321500272, 0.005714296140088174
0.0019, 0.5163519471958817, 12.887089843088182, -7.405824710873748, 22.342355616226687, 2.990667948801957, 25.333023565028643, 29.748180327100528, -36.899961232537386, 29.494136521663638, -0.004288829015221429, -4.549858217490045E-4, 1.5044270500052597, -0.004361530775930398, 5.276875824579734E-4, 7.021092026748978, 0.6531866455988583, 0.0, 0.005333107178495082, 1.1479918502207234, 0.0057142857201813915
0.00191, 0.5330903511603672, -13.525097578266381, 9.669343576868773, -4.106279185400474, 3.120386315091637, -0.9858928703088372, -13.775622762269224, 14.994973489167842, -5.32562991229907, -0.0042947825627116356, -4.7543577288509573E-4, 1.5044454410361616, -0.004395530037248767, 5.761832474222274E-4, 7.02223855967078, 0.6566244700493785, 0.0, 0.005246723111718285, 1.1594307386373595, 0.005714514719675392
0.00192, 0.5297977098097241, -8.906740621079543, 27.84504481655301, 0.590919233362384, 2.799660423991101, 3.390579657353485, -27.254125583190678, 51.683295961606916, -23.838251145053906, -0.004353406599282869, -3.883684822354033E-4, 1.5044805894613136, -0.004473331022170565, 5.082929051231004E-4, 7.022357057613169, 0.6600622944998988, 0.0, 0.004841094912105315, 1.2091301152421914, 0.005714335866402242
0.00193, 0.546982614977718, -1.2433447657146184, -7.768397970321299, 8.170167121744175, 2.5739857067926692, 10.744152828536844, 15.938565092065396, -24.00575288908858, 16.23735491876728, -0.004337309116612101, -2.3271171708124717E-4, 1.5044480574769927, -0.00457225609958274, 4.6765870005188547E-4, 7.025072788065848, 0.6635001189504192, 0.0, 0.004334739677955429, 1.2800158662881476, 0.005714500796678019
0.00194, 0.5228648039957482, -5.348095722277224, -3.4877356140095372, 4.064468100322153, 3.218242128646953, 7.282710228969107, 7.552203714331804, -10.674653295675116, 7.186917681665578, -0.004359343133245796, -5.053990296678948E-4, 1.5045166099220575, -0.0044446108717883966, 5.906667682104952E-4, 7.018153950617292, 0.6669379434009395, 0.0, 0.0054005721141440425, 1.1487489276619811, 0.005714297105781744
0.00195, 0.5360423575140374, 24.605083899525795, 36.864581766449106, 33.97689921093145, 2.6780096818455905, 36.65490889277704, -2.8876825555175496, 24.42237921716331, 12.442202549285794, -0.004362844392721972, -2.888897314901405E-4, 1.5044836461132873, -0.004582017713648547, 5.080630524167155E-4, 7.023114969135805, 0.6703757678514598, 0.0, 0.00457668101090899, 1.250011405771751, 0.005714348776550501
0.00196, 0.5444306872279319, 40.472665408940415, -18.515960297761488, 49.5381103772324, 3.338689409023602, 52.876799786256, 68.05407067499377, -72.96846476913018, 54.45250447136869, -0.004241862511411786, -3.917537300386324E-4, 1.5044125451635477, -0.004505393593845441, 6.552848124722876E-4, 7.024245936213995, 0.67381359230198, 0.0, 0.005285274406010679, 1.1651880290076024, 0.005714370392218373
0.00197, 0.5384816993704757, -4.277748515680094, -30.564256325657343, 4.588031458463157, 4.008580987100041, 8.5966124455632, 35.1522877841205, -49.09393490849915, 18.529678582841807, -0.004169601649923855, -6.412859742663676E-4, 1.5043868233233895, -0.004303056865303865, 7.747411896463763E-4, 7.024571779835391, 0.6772514167525003, 0.0, 0.007295660974163422, 0.9934229306670493, 0.005714374996732605
0.00198, 0.5351572394649026, -15.632069039950022, 24.816429648941597, -6.614984641886445, 3.7815203311959142, -2.833464310690531, -31.43141429082803, 28.96817066197662, -4.151741013035025, -0.004262287256059021, -6.326705200394567E-4, 1.504465275173181, -0.0043812396394910386, 7.516229034714747E-4, 7.020386224279827, 0.6806892412030207, 0.0, 0.006733167981041348, 1.0358330548064563, 0.005714450912107985
0.00199, 0.5578549977371146, 7.369286011832614, 19.379750328048516, 16.303068891159853, 3.725115632409466, 20.02818452356932, -3.0766814368887583, 14.580210325567705, 4.7995400024808115, -0.00424423928167771, -5.093637589844014E-4, 1.5044462383019932, -0.004497385759739945, 7.625102370466359E-4, 7.027469495884782, 0.684127065653541, 0.0, 0.005893481260308052, 1.1090288207958272, 0.005714286605228269
0.002, 0.5436192010679436, -36.651505951235286, 24.38241004190609, -27.798285257270678, 3.8262454196237106, -23.972039837646967, -52.18069529917665, 79.79294048791664, -55.41053044601055, -0.004227101507183788, -5.681743774590861E-4, 1.5044372973698694, -0.004441129568142845, 7.822024384181433E-4, 7.022933940329217, 0.6875648901040613, 0.0, 0.006586015655992473, 1.0508556082218699, 0.005714322572720163
0.00201, 0.5688688375058963, -31.46003020255344, 25.15444463992681, -22.25044908370473, 2.548698054887468, -19.701751028817263, -47.40489372363147, 56.72819099491667, -31.573746354989865, -0.004419237331994744, -1.3406227568431116E-4, 1.5045347041155825, -0.004790941523146453, 5.05766466836021E-4, 7.030845102880652, 0.6910027145545816, 0.0, 0.0041599988819115055, 1.3244325306732068, 0.0057144871565498806
0.00202, 0.5372545862893336, -33.96461091515017, -38.91907203694842, -24.887560424070823, 3.1354697193772014, -21.75209070469362, 14.031511612877548, -46.34888939242451, 7.429817355476087, -0.004377312086680489, -2.986511701659057E-4, 1.5045367090311, -0.004715142322960508, 6.364814064459251E-4, 7.019640823045267, 0.6944405390051019, 0.0, 0.004780332488506889, 1.2375587680342783, 0.005714306479022291
0.00203, 0.5755822246980934, 18.859596788986092, 6.876578998589363, 28.31306982701019, 2.78947135756633, 31.10254118457652, 21.43649082842078, -23.134174246412645, 30.010753245002007, -0.0045814064035149165, -3.5831886357189774E-4, 1.5047143819129034, -0.004770630567634284, 5.475430276912651E-4, 7.030952777777768, 0.6978783634556223, 0.0, 0.004571517225110765, 1.2675923013806705, 0.005714442048304899
0.00204, 0.5768028561803437, 55.77891870571518, 60.012313851543325, 64.58208049797038, 3.654076476961738, 68.23615697493211, 4.569766646426953, 25.2392052287554, 34.77310862278793, -0.0042872641450698735, -4.1263895084496234E-4, 1.504489533000805, -0.0046597919050045235, 7.851667107796127E-4, 7.03150442386832, 0.7013161879061426, 0.0, 0.005503742574831793, 1.1571564843525113, 0.005714312341625868
0.00205, 0.6065381610395818, 9.948717026293643, -136.4558540617557, 18.765776486330044, 3.370689768721709, 22.13646625505175, 155.2216305480857, -271.4830653980385, 135.0272113362828, -0.00431508168454485, -2.4185601532612547E-4, 1.5044947312699202, -0.004794495773480414, 7.212701042616889E-4, 7.04066910493828, 0.7047540123566629, 0.0, 0.004718989862528858, 1.2517123156999033, 0.005714313037259332
0.00206, 0.5799057552832949, -776.1102707285336, -1137.7075864589842, -767.4891660121867, 6.379996675898873, -761.1091693362879, 370.21842044679755, -1365.0289156938145, 227.3213292348304, -0.004239762520305159, -0.0017112346764413364, 1.5046477971164942, -0.00396543878023093, 0.0014369109363671071, 7.031687037037041, 0.7081918368071832, 0.0, 0.01514899969452399, 0.6997477685279215, 0.005715309509744302
0.00207, 0.6411622569312196, 56.77175242089401, 122.53593370545691, 73.00227285936998, 7.995860377687517, 80.9981332370575, -49.533660846086924, 139.5745746134478, -17.038640907990878, -0.008020735263669908, -0.006776002926104834, 1.5085494162114925, -0.0030653324299802797, 0.0018206000924152067, 7.051974763374476, 0.7116296612577035, 0.0, 0.05297127586251466, 0.37481272386843445, 0.005714461611016756
0.00208, 0.7077174372877754, 739.6381973437603, 924.8241090648079, 747.6305245876339, 5.873417851509746, 753.5039424391437, -177.1935844771744, 999.031593474931, -74.20748441012317, -0.003968697369531923, -0.0011102837993563334, 1.5043466664904452, -0.004231561327877612, 0.001373147757702023, 7.0742998148148155, 0.7150674857082239, 0.0, 0.011127508701308922, 0.8190930372315934, 0.005714348801811107
0.00209, 0.6295345829513515, -28.76636155382151, -26.4428160519354, -19.76903458694588, 6.511282604759431, -13.25775198218645, 6.67378146498951, -31.457260327824354, 5.014444275888955, -0.00448922300746476, -0.002016654239672629, 1.5049090991704777, -0.00395205756528282, 0.0014794887974906887, 7.047240051440334, 0.7185053101587441, 0.0, 0.016672697772082874, 0.6702295684565128, 0.005714371603287742
0.0021, 0.6330916369050145, -3925.2321165743624, -4367.182006176468, -3917.0419413846794, 6.086496322967938, -3910.9554450617115, 450.14006479178846, -4497.810255804429, 130.62824962796128, -0.004106046628613703, -0.0012797792803708199, 1.5044974170137504, -0.0042375151012817, 0.0014112477530388167, 7.047207047325099, 0.7219431346092644, 0.0, 0.011657866243569473, 0.8028011599625572, 0.0057142935241115776
0.00211, 0.6238011196481399, 10.529816222830402, 173.35648746350256, 56.64785209593812, 9.148799681508038, 65.79665177744616, -116.70863536756441, 268.67776883080927, -95.32128136730671, -0.02323082583154094, -0.02350430467279232, 1.5238430372680423, -0.0018431543601021175, 0.002116633201353497, 7.0453968004115195, 0.7253809590597847, 6.015329241993492E-5, 0.2933578061165069, 0.16028999709838432, 0.005714561396370746
0.00212, 0.727872825274653, 3977.2967417307927, 4480.382260007008, 3985.310313227904, 4.085715305959901, 3989.396028533864, -495.07194677910456, 4607.830793365032, -127.4485333580238, -0.004055770459562322, -2.1972704787265993E-4, 1.5043018028882338, -0.00481222844533115, 9.76185033641488E-4, 7.077344012345684, 0.728818783510305, 0.0, 0.005728617680709682, 1.1488538780973152, 0.005714809086252392
0.00213, 0.6007635480123961, -3203.356646603508, -3823.6331893365273, -3195.0171532431123, 6.340625334810518, -3188.6765279083015, 628.6160360934147, -4112.056800672261, 288.4236113357333, -0.004240632733848585, -0.001505606138617517, 1.5046569652611141, -0.004252347167142513, 0.0015173205719114455, 7.0364331172839565, 0.7322566079608254, 5.807201056864783E-5, 0.012383595212446434, 0.7826139553019087, 0.005715120401493039
0.00214, 0.7302662545537285, -4333.698471209526, -4813.886076967616, -4295.8218803188975, 9.629219645215572, -4286.1926606736815, 518.0641966487203, -4980.436485453487, 166.55040848587117, -0.019350671803359105, -0.019867489177763188, 1.5200125034111585, -0.001850736104212626, 0.002367553478616711, 7.080571141975305, 0.7356944324113457, 9.648333907939208E-4, 0.3006164933741251, 0.1590899026164956, 0.005714696326024654
0.00215, 0.7380470783399165, 12.667283200294047, 44.54948546598965, 61.24267402905307, 9.59089055686769, 70.83356458592075, 16.693188563062918, 43.4595495728483, 1.0899358931413468, -0.024932518740732167, -0.025471116170023053, 1.5255879576657843, -0.001796069434180036, 0.0023346668634709232, 7.0788562962962995, 0.739132256861866, 0.0014730002275538353, 0.32662459749345607, 0.15286197625992287, 0.005716914801503582
0.00216, 0.7415277569680678, 262.5604194746593, 283.31841045382305, 299.9690115311134, 9.721205694815742, 309.69021722592913, 16.65060107728986, 267.1552432915251, 16.16316716229797, -0.019290189981252953, -0.019896925729126304, 1.5199569121251664, -0.0017877396225828644, 0.0023944753704562144, 7.078833991769543, 0.7425700813123863, 0.0022172511782417134, 0.33380378729029475, 0.15144329412269578, 0.005714487389526622
0.00217, 0.7449889138253967, 544.2861013776615, 576.4235205778965, 589.9938810515503, 9.807457462561892, 599.8013385141121, 13.57036047365364, 556.0575088594867, 20.366011718409776, -0.02367888508214196, -0.024379774637528336, 1.5243532818497785, -0.0017331218148265235, 0.002434011370212898, 7.079261687242802, 0.7460079057629067, 0.0031291173840643166, 0.3622079310581702, 0.14560804157002963, 0.005714638573172821
0.00218, 0.748380236322907, 717.8626106753586, 753.2954774581896, 749.9345541681971, 9.967445671846804, 759.9019998400439, -3.360923289992797, 713.6553326932772, 39.640144764912456, -0.016691415276538814, -0.017466645077531744, 1.517383230695401, -0.0017389193970629487, 0.002514149198055877, 7.082060051440324, 0.749445730213427, 0.004286754254158882, 0.3632241936859849, 0.14562721391678446, 0.005714536134989654
0.00219, 0.7517720678415734, -110.12812394184222, -74.79164023168708, -71.39358984191915, 10.187564081318692, -61.20602576060046, 3.398050389768778, -105.81680843323713, 31.02516820155004, -0.020251343593646876, -0.021132565871920136, 1.5209661693859011, -0.0017651224304390547, 0.0026463447087123116, 7.082035648148151, 0.7528835546639473, 0.0057655747904970705, 0.35479269163968247, 0.14757239743623038, 0.005714427917837592
0.0022, 0.755232486227458, 66.97899402645719, 72.31172470957698, 99.76053915974107, 10.31283471568992, 110.07337387543099, 27.448814450164793, 78.82160082282626, -6.509876113249283, -0.017217238335502247, -0.018164874590412435, 1.5179423247889616, -0.001738814741118126, 0.002686450996028316, 7.082831460905351, 0.7563213791144676, 0.007297809037246837, 0.370753275535205, 0.14458042236043267, 0.00571483370391486
0.00221, 0.7586015652359316, 295.5240553868991, 316.99063296006176, 333.3019059743663, 10.2438843607132, 343.5457903350795, 16.31127301430463, 301.3060855984572, 15.684547361604587, -0.01993154245416788, -0.02092135567366827, 1.5206452088035616, -0.001649871402123813, 0.002639684621624203, 7.0831752469135765, 0.7597592035649879, 0.008769334105389387, 0.4194846319238121, 0.13612894883204393, 0.00571443384081786
0.00222, 0.7620364527997244, 1022.3254823287524, 1042.7367905304086, 1052.1493193492418, 10.513685654112178, 1062.6630050033539, 9.412528818833648, 1005.2136380691219, 37.5231524612866, -0.015806214908980605, -0.01691557753872082, 1.5165500532348186, -0.001675865112182833, 0.0027852277419230494, 7.084035360082308, 0.7631970280155081, 0.011032223657529339, 0.4097201552316639, 0.13794895692958176, 0.0057149586862557025
0.00223, 0.7654486558450194, 403.8229685102989, 415.28706809315383, 432.0931658877551, 10.583236510664383, 442.6764023984195, 16.806097794601197, 396.2683857833364, 19.018682309817425, -0.015050297835325068, -0.01627420668324455, 1.5158013038066607, -0.0016200277713619832, 0.002843936619281467, 7.086292026748979, 0.7666348524660285, 0.013188065363898695, 0.44388429976743166, 0.13273266759141694, 0.005715160304779046
0.00224, 0.7689036489969258, 1049.8044018632686, 1066.251547590271, 1075.756392405805, 10.740254713003852, 1086.4966471188088, 9.504844815533591, 1033.4704064311152, 32.78114115915585, -0.013878102261806899, -0.015169492377678954, 1.5146413692512535, -0.0016101513030925094, 0.002901541418964566, 7.086400318930039, 0.7700726769165488, 0.015642907016406707, 0.4535497878675954, 0.13150672100587207, 0.005714569718125304
0.00225, 0.7722333713356141, 744.5931057664271, 752.5306701289669, 763.2804178172993, 10.954745446768007, 774.2351632640673, 10.749747688331798, 715.8522326661778, 36.67843746278915, -0.010037851040239975, -0.011475190867792764, 1.510824150561272, -0.0015890218312110457, 0.0030263616587638356, 7.087748106995887, 0.7735105013670691, 0.01856667869072705, 0.4699148202703478, 0.12938850516740258, 0.0057143650443641485
0.00226, 0.7756504047587628, 627.0052159211034, 624.7276061505099, 646.1382233104625, 11.0841188193725, 657.222342129835, 21.410617159952476, 617.2025410045541, 7.5250651459558755, -0.010322932060560699, -0.011853551433715803, 1.5111216997042347, -0.0015729496771445027, 0.0031035690502996065, 7.089204516460902, 0.7769483258175894, 0.021564570601439292, 0.4836573255098424, 0.12772571872872035, 0.005715277939966775
0.00227, 0.7791110276673863, 89.52042120164785, 81.81392541317025, 102.51881230122491, 11.116353058005517, 113.63516535923043, 20.70488688805476, 71.03548898436935, 10.7784364288009, -0.0070441216564926315, -0.008633164494354296, 1.507841485263906, -0.0015007135731887043, 0.0030897564110503677, 7.091254197530862, 0.7803861502681098, 0.024434525017170344, 0.5336209250655846, 0.12177831311049654, 0.00571526711709367
0.00228, 0.7825680750057941, -270.3053167938641, -260.2275687454875, -252.12540965530312, 11.260885625204864, -240.86452403009827, 8.102159090184456, -294.78155463861117, 34.55398589312368, -0.009895503534303376, -0.011590445080809711, 1.5107076216647946, -0.0014873132703320119, 0.0031822548168383468, 7.091833775720158, 0.7838239747186301, 0.027983230095424274, 0.5469717563432047, 0.12045927881286138, 0.005714619438896575
0.00229, 0.7859514051876848, -254.4481420977147, -251.88123803379148, -239.2025289396722, 11.463931525789473, -227.73859741388273, 12.678709094119288, -279.4440795440046, 27.562841510213108, -0.008334734475845557, -0.01014231331183005, 1.5091654091157936, -0.001475075220755602, 0.003282654056740094, 7.092053384773669, 0.7872617991691504, 0.03183869393838801, 0.5597342611312547, 0.11925190054878222, 0.005714673609528191
0.0023, 0.7893557014590523, 156.25454018603307, 165.95577532757576, 176.48895371554323, 11.592538605782579, 188.0814923213258, 10.533178387967688, 125.97135781370501, 39.98441751387075, -0.011110403921565384, -0.01301327143368734, 1.5119520910148612, -0.001439659646621114, 0.0033425271587430687, 7.095138446502054, 0.7906996236196707, 0.03576328196600311, 0.5891791108179429, 0.11640278437253333, 0.005714925237419431
0.00231, 0.7927538596521002, 757.0067527776953, 759.4600800213786, 770.767516123235, 11.836865830332643, 782.6043819535677, 11.307436101856672, 716.8051911457908, 42.654888875587886, -0.007588674002310806, -0.009654003265340643, 1.5084567389709045, -0.0014373017780840243, 0.003502631041113862, 7.095386296296298, 0.794137448070191, 0.04049002678950026, 0.5953907074383058, 0.11596156317413359, 0.005714620337076063
0.00232, 0.79608963823807, 981.441484792915, 987.7688761666153, 994.9755434404666, 11.965440600984627, 1006.9409840414512, 7.206667273851166, 937.9747006720432, 49.79417549457211, -0.007495962921809946, -0.009674363195399598, 1.5083736682678508, -0.0013981147873807494, 0.0035765150609704016, 7.095786234567909, 0.7975752725207114, 0.04500278927298821, 0.6291436025063183, 0.11297062454536531, 0.005714670085142483
0.00233, 0.7994569116023007, 193.83508409002943, 192.3494419059973, 199.053338867857, 12.249426577085735, 211.30276544494274, 6.7038969618596775, 126.86127788037108, 65.48816402562623, -0.002902636092503556, -0.005258903644846707, 1.5038111681670983, -0.0014149451901727809, 0.003771212742515932, 7.097176882716053, 0.8010130969712317, 0.05056521063172096, 0.6209577032898326, 0.11387596176959866, 0.005715005197563831
0.00234, 0.8029203325704043, -1106.378016894013, -1107.569142892752, -1094.6163440818254, 12.470668973509135, -1082.1456751083163, 12.952798810926733, -1154.2383491880933, 46.66920629534117, -0.006570468568483105, -0.009113786015369557, 1.507505122916572, -0.0013782514894731493, 0.003921568936359602, 7.100651656378602, 0.804450921421752, 0.05610104705400077, 0.6537664558017188, 0.11114034216879023, 0.0057148631974720775
0.00235, 0.8063461543430714, 1240.8851756765298, 1240.5312508908726, 1255.475002897899, 12.636580631171805, 1268.111583529071, 14.943752007026285, 1208.1835888107282, 32.34766208014441, -0.008185202002010276, -0.010847881415201105, 1.5091351452855124, -0.0013648800587042207, 0.004027559471895049, 7.10165288065844, 0.8078887458722723, 0.061623041992962105, 0.6690280729638358, 0.11002166436199137, 0.005714476600103238
0.00236, 0.8096623801323418, 1587.4444668077344, 1571.7331658125597, 1588.5904883615426, 12.804262767452142, 1601.3947511289948, 16.85732254898309, 1531.3191344071558, 40.414031405403776, -6.456782829318648E-4, -0.003437456700740543, 1.5016074335272662, -0.0013185163299650297, 0.004110294747773708, 7.103842993827164, 0.8113265703227925, 0.0673340668056394, 0.712022824234729, 0.1067992338325909, 0.005714522170381987
0.00237, 0.8130906700477992, 188.50799701223502, 183.41480706697746, 189.57854749074303, 13.01303095411257, 202.5915784448556, 6.163740423765631, 109.80463314493284, 73.61017392204461, -6.057129887204029E-4, -0.0035655021134273902, 1.5015897907928324, -0.0012955661395783603, 0.004255355264285348, 7.105893755144032, 0.8147643947733129, 0.07368674196816957, 0.736583522257274, 0.10515167849059488, 0.0057148973608247425
0.00238, 0.8164718332404234, 130.31047098539685, 122.94938538554604, 129.86276129075134, 13.334932589738441, 143.19769388048977, 6.913375905205202, 49.22732968669603, 73.72205569885, 2.5438110317361866E-4, -0.002943266821988063, 1.500766171301502, -0.0013000196848650793, 0.004497667610026761, 7.107284002057612, 0.8182022192238332, 0.08113350480719088, 0.7374483608737707, 0.10523760088065076, 0.005714299859890862
0.00239, 0.8197817194830928, 122.34384440194277, 108.28108146552137, 122.31497210669421, 13.562591979565148, 135.87756408625935, 14.033890641172794, 54.436751907381186, 53.84432955814019, 1.6473679098364703E-5, -0.003355192262420383, 1.5010262480112064, -0.0012734817362823193, 0.004645147677801067, 7.109016111111102, 0.8216400436743535, 0.08812313846985989, 0.7657908665503236, 0.1034162144358937, 0.0057157798999826325
0.0024, 0.8231778124440072, 340.02832620377825, 318.2331277695904, 338.56481538657187, 13.76232508458381, 352.3271404711557, 20.3316876169816, 273.5500272870365, 44.68310048255384, 8.385299309766657E-4, -0.002711427400128335, 1.5002241330049018, -0.0012436695438056999, 0.004793626874910701, 7.111131028806585, 0.8250778681248738, 0.09542038288172076, 0.7980355417056845, 0.10144649753818635, 0.005714301748510433
0.00241, 0.8266258008646221, 10.442345747883694, -8.284442299887388, 7.591901221029097, 13.953488985665512, 21.54539020669461, 15.876343520916443, -72.68296531911717, 64.39852301922978, 0.0016399893462962075, -0.0020716823199851443, 1.4994378571911016, -0.0011867689915780798, 0.004898440657859431, 7.1133628292181035, 0.8285156925753941, 0.10269919286433532, 0.8581132431582311, 0.09796654811183597, 0.005714406170682669
0.00242, 0.8299633769960161, 91.19153071272648, 82.60229955741063, 89.65381464815916, 14.242464786075265, 103.89627943423442, 7.051515090748568, -9.953875357266758, 92.55617491467738, 8.883884592741755E-4, -0.003075655380799981, 1.500218869597579, -0.0011777142926426341, 0.00514175813271679, 7.114804146090525, 0.8319535170259145, 0.11127975935040281, 0.8721766411685599, 0.09730772600126976, 0.005715102121594291
0.00243, 0.8333194089228458, 345.9487815039065, 335.7933207651175, 342.37124984795014, 14.560620252198548, 356.93187010014867, 6.577929082832669, 238.01162754648607, 97.78169321863143, 0.002075396832727612, -0.0021446272134767763, 1.4990692059042365, -0.001162833663060941, 0.005382857709265329, 7.118314783950615, 0.8353913414764348, 0.12033693249119527, 0.892361779143592, 0.09633321132749942, 0.005714740329752297
0.00244, 0.836733192582186, 121.52070903549897, 103.88283953600771, 117.15995145093709, 14.865336555222475, 132.02528800615957, 13.277111914929359, 17.54431959997713, 86.33851993603058, 0.002540172218263119, -0.0019568848224646865, 1.498638889661041, -0.0011558776422100118, 0.0056529346829378175, 7.120542798353903, 0.8388291659269551, 0.12980749979931924, 0.9045244571657672, 0.09581442085470306, 0.005714779487841405
0.00245, 0.8400246885066123, 231.05320868887065, 210.7583319676017, 226.51287558491802, 15.104097682261138, 241.61697326717916, 15.75454361731637, 126.58964578971784, 84.16868617788387, 0.0026556154786585603, -0.002076899297379564, 1.4985455231630367, -0.0011089145302269426, 0.005841429306265067, 7.12307638888889, 0.8422669903774754, 0.13890168648628523, 0.9599324982931984, 0.09313496903425104, 0.0057143687426905905
0.00246, 0.8434246450458989, 181.2626785204365, 160.8406340606811, 175.05889287811598, 15.436863434536972, 190.49575631265296, 14.218258817434876, 78.6972261569694, 82.1434079037117, 0.0036433700266654302, -0.0013694180662927233, 1.4975955321398946, -0.0010897076009364853, 0.006102495693894639, 7.126220833333335, 0.8457048148279958, 0.14904554034064318, 0.9863690496777043, 0.0920032307089194, 0.005714755705055101
0.00247, 0.8467842229813293, -4.454250806315042, -21.18012312158031, -10.425534075583387, 15.680894918614593, 5.255360843031205, 10.754589045996864, -128.91914244681487, 107.73901932523457, 0.003521081017196698, -0.0017122812010782512, 1.4977397004195971, -0.0010498867564280295, 0.006283248974702979, 7.128664845679009, 0.8491426392785161, 0.15870490776418608, 1.0374297503181285, 0.08983192974943544, 0.00571513978656329
0.00248, 0.8500946952122589, 223.19606016149262, 208.8817003677284, 217.07822642601593, 16.063423808951622, 233.14165023496756, 8.196526058287526, 83.21768841733831, 125.66401195039009, 0.0036221025456575472, -0.001998826254790032, 1.497686991348804, -0.001046859328048213, 0.006667788128495792, 7.1312488065843604, 0.8525804637290364, 0.17046568654244978, 1.04602035121667, 0.0895828593454574, 0.005715264221647737
0.00249, 0.8534356308456956, 338.83752033080447, 316.9719255942303, 331.12145973710057, 16.378425459716887, 347.49988519681744, 14.149534142870236, 205.91218000313182, 111.05974559109849, 0.004586763704796827, -0.0013310655737201217, 1.4967547977056652, -0.0010191936412131625, 0.006937022919730111, 7.135046193415633, 0.8560182881795566, 0.18161869278519224, 1.0844392259219733, 0.08809980226925589, 0.0057142889214020515
0.0025, 0.8566992123693102, 366.95046793243426, 347.2606804225624, 358.170876704195, 16.71932087905374, 374.8901975832487, 10.910196281632615, 205.4781825133333, 141.7824979092291, 0.005239932533626991, -0.001026359305828991, 1.4961405449807732, -9.874865733165857E-4, 0.007253778412772568, 7.138329465020576, 0.8594561126300769, 0.19351816899679763, 1.129077574846321, 0.08645614612624583, 0.005714653242683812
0.00251, 0.8600634398224636, 108.06067931291966, 91.69313498836242, 97.48219316273187, 17.106209033811403, 114.58840219654329, 5.789058174369403, -71.5149228648191, 163.20805785318151, 0.006338823130036755, -3.5819039483068435E-4, 1.4950890273253388, -9.750011837499558E-4, 0.007672014708617395, 7.140604372427986, 0.8628939370805973, 0.20658936840767497, 1.1500809340782325, 0.08577712102520169, 0.005714747341450008
0.00252, 0.8634375720919324, 62.10665830949848, 44.190286110355544, 52.53912193772998, 17.498882813156346, 70.03800475088633, 8.348835827374398, -135.78495136079914, 179.97523747115468, 0.005755884271622569, -0.0013706720169238567, 1.495721987537728, -9.676147903227221E-4, 0.008094171078869148, 7.14438941358025, 0.8663317615311176, 0.22002544784772493, 1.1646423268225803, 0.08535225295489755, 0.005714742839406296
0.00253, 0.866763698633699, 481.8710327459047, 458.8174894992195, 470.88520926639427, 17.92733195940143, 488.8125412257957, 12.067719767174722, 296.01243054067714, 162.80505895854236, 0.006635360580103036, -0.0010173941303682629, 1.4948935490416375, -9.42817911483154E-4, 0.008595572621954452, 7.147619722222221, 0.8697695859816379, 0.2344870345697156, 1.2023679043184516, 0.08411354046723306, 0.0057151870228126355
0.00254, 0.8700850103745636, 427.2392052633124, 401.7203632456369, 413.95274372324377, 18.282534360323066, 432.2352780835668, 12.232380477606787, 244.43293966403994, 157.287423581597, 0.008056648975451788, 3.46405878452114E-5, 1.4935119641309533, -9.174487787585427E-4, 0.00893945716636512, 7.1524629938271636, 0.8732074104321582, 0.2479279405902321, 1.2417921564892607, 0.08287646335141874, 0.005714358312547368
0.00255, 0.8733004866667985, 302.3468486771893, 277.8153498699949, 288.0962927915315, 18.690602554804926, 306.7868953463364, 10.280942921536692, 83.95514453263974, 193.86020533735518, 0.008675277522112309, 1.4995994822640036E-4, 1.4929449764321612, -8.916366030513534E-4, 0.009416954176937262, 7.155724866255136, 0.8766452348826785, 0.26291636031129284, 1.282812532466263, 0.08164749977525725, 0.005714982921398179
0.00256, 0.8766204292656878, 303.5005396390411, 276.4886150007335, 287.9557938244635, 19.127461144496095, 307.08325496895964, 11.467178823729988, 72.92865465373859, 203.55996034699487, 0.009500248840308747, 4.366730318128128E-4, 1.4921744217590103, -8.753541204495231E-4, 0.009938929928945458, 7.159586152263379, 0.8800830593331989, 0.2785344108069597, 1.3110231486505532, 0.08086971307118641, 0.005715777693802156
0.00257, 0.8799330942334765, 302.4739018146537, 272.6028936986923, 285.9723732927827, 19.565282475112237, 305.53765576789493, 13.369479594090368, 48.312311330963716, 224.2905823677286, 0.010124385855550642, 5.015801327229656E-4, 1.4916042933532778, -8.437235613239053E-4, 0.010466529284151581, 7.164939351851854, 0.8835208837837192, 0.29468710441810136, 1.362367856777743, 0.07943433681148708, 0.00571445119778815
0.00258, 0.8831685888848267, 320.5240581611348, 296.97490153806405, 302.7550553233008, 20.04109658079388, 322.79615190409464, 5.780153785237074, 38.92425350222314, 258.05064803584094, 0.01094445533921159, 6.712506739647022E-4, 1.4908491651572389, -8.18085499642022E-4, 0.01109129016488891, 7.168656502057614, 0.8869587082342395, 0.3121640994693881, 1.4060663892909646, 0.07829152435959463, 0.005714483381865498
0.00259, 0.886423421815904, 376.47724377921037, 347.770935995468, 357.62805093580073, 20.532074744881612, 378.1601256806823, 9.857114940332597, 90.51654468172354, 257.25439131374446, 0.011654775502637205, 6.926332468508162E-4, 1.490206581803204, -8.224671079805915E-4, 0.011784609363766982, 7.173596841563787, 0.8903965326847598, 0.33039369385676326, 1.4041811192443419, 0.07844515351729175, 0.005714992959914579
0.0026, 0.8896735011481016, 422.20681321821655, 392.65000230192635, 401.67851621929515, 20.993000891006954, 422.6715171103021, 9.028513917368471, 87.70920348719625, 304.9407988147301, 0.012742001768483805, 0.001108783858776245, 1.4891777657463512, -7.773723399795783E-4, 0.012410590249687138, 7.178820534979425, 0.8938343571352801, 0.34839744232679704, 1.4795818199512563, 0.0765184298821293, 0.005714287846780639
0.00261, 0.8928859217016116, 248.49421744096063, 221.04502422011865, 226.55416160617312, 21.562774189547653, 248.1169357957208, 5.509137386054617, -100.74015257017676, 321.7851767902954, 0.013670664542559878, 0.001119942952145993, 1.4883382007089638, -7.853389166495087E-4, 0.013336060507063393, 7.183423425925937, 0.8972721815858005, 0.36957823755790675, 1.4716159633264896, 0.07682348736002872, 0.005715377796409641
0.00262, 0.8961320685286546, 374.0855033539668, 344.2008773983973, 351.8170084890757, 22.050306891235984, 373.8673153803117, 7.616131090678574, 29.96435097943724, 314.23652641896007, 0.01392847425954824, 6.363669996256055E-4, 1.4881469522291517, -7.57086069297636E-4, 0.01404919332922027, 7.18914528806585, 0.9007100060363208, 0.38918842701781053, 1.5219144785618102, 0.07563968877761403, 0.005714640207076355
0.00263, 0.8993272153804015, 468.21331010139676, 438.73707338102287, 443.59534211817436, 22.599960990960703, 466.19530310913507, 4.858268737151233, 69.414972079557, 369.32210130146586, 0.015456791252493987, 0.001267869952749451, 1.4866996412261566, -7.547538523117255E-4, 0.014943675152056262, 7.194938364197533, 0.904147830486841, 0.41056313922071525, 1.530419231854383, 0.07552506992329969, 0.005714417728931982
0.00264, 0.9025321035291596, 480.7339021021383, 441.8871264318223, 455.0870374248494, 23.171207903403243, 478.25824532825266, 13.199910993027176, 69.421327994419, 372.4657984374033, 0.016164028141269913, 9.774406741558826E-4, 1.4860802592469484, -7.396291177874248E-4, 0.015926216584901454, 7.20135384773662, 0.9075856549373613, 0.43331563893996833, 1.560069091376983, 0.07489862067169475, 0.0057143225187140205
0.00265, 0.9056789662936245, 569.4999897741762, 522.8601689862156, 541.4396373825092, 23.71212863025758, 565.1517660127668, 18.579468396293716, 154.6527534545419, 368.2074155316737, 0.017752126557436305, 0.0016067372315310077, 1.4845660050477225, -6.973321707166547E-4, 0.016842721496621953, 7.206342397119347, 0.9110234793878816, 0.45572779224689336, 1.6366882577295507, 0.07321668615602664, 0.0057143126714324245
0.00266, 0.9087989199785753, 510.21015663249193, 471.03957253318845, 480.47417071387315, 24.270734263196726, 504.7449049770699, 9.434598180684208, 33.84018551612497, 437.1993870170635, 0.018883190295170233, 0.0017279794981362947, 1.4835161112468032, -6.561815750360264E-4, 0.017811392372069964, 7.213464629629629, 0.914461303838402, 0.4787818708979749, 1.7143676461504955, 0.07162857726784597, 0.005714329930096761
0.00267, 0.9119756209746792, 576.764963942782, 544.5853798585291, 545.0930025305845, 24.90132431605585, 569.9943268466403, 0.5076226720557104, 60.68910125977736, 483.89627859875173, 0.020188200610748844, 0.0017813045425858055, 1.4823175442718342, -6.572189786733063E-4, 0.019064115046836343, 7.220119053497942, 0.9178991282889223, 0.505077007097268, 1.716916463720535, 0.07166497136814856, 0.005714747947654256
0.00268, 0.915094448040915, 598.4018750359577, 558.0753006350537, 564.5835833111881, 25.505215463638987, 590.0887987748271, 6.508282676134372, 67.61644131379438, 490.4588593212594, 0.02163704014558161, 0.0020310917170431476, 1.4809685863048514, -6.586808439158254E-4, 0.020264629272454288, 7.227571543209882, 0.9213369527394426, 0.5311746796325423, 1.7186824369161309, 0.07171745545571295, 0.005714303795660443
0.00269, 0.918088533382542, 669.6666222223549, 628.432768313125, 633.7810555044045, 26.13165903201868, 659.9127145364232, 5.348287191279683, 55.54540611791046, 572.8873621952146, 0.023045359101771783, 0.002119306669540465, 1.4796614454759722, -6.310597465908613E-4, 0.02155711217882218, 7.23427907407408, 0.9247747771899629, 0.5581289040714591, 1.773671835915989, 0.07068466740725816, 0.005714651017245805
0.0027, 0.9211283618846982, 735.7204689693099, 693.595464473961, 697.1921896112249, 26.820046820893843, 724.0122364321187, 3.5967251372637596, 66.29817807120627, 627.2972864027547, 0.02483446274009183, 0.002312058422445597, 1.4779971885558347, -6.378365476355063E-4, 0.02316024086528174, 7.242201265432111, 0.9282126016404832, 0.5884726004127718, 1.7654458024477837, 0.07093683708870702, 0.0057179277881605674
0.00271, 0.924185939280819, 747.6142931909575, 700.4782795475528, 706.5638932460598, 27.495144268431936, 734.0590375144917, 6.08561369850672, 62.12916375775607, 638.3491157897968, 0.026558165582882376, 0.0024529835109658223, 1.4763898931803543, -6.186113642223796E-4, 0.02472379343613893, 7.249725997942388, 0.9316504260910036, 0.6186664870655479, 1.8054918374803597, 0.07023222479792329, 0.0057143007986419974
0.00272, 0.9271097794902259, 763.5370075765089, 711.1388339423131, 719.7948604696531, 28.174531742567893, 747.969392212221, 8.656026527340227, 58.00378823490396, 653.1350457074092, 0.028404058048716662, 0.0026268065274548994, 1.4746685720115862, -6.133452801014898E-4, 0.026390596801363252, 7.257415113168714, 0.9350882505415239, 0.6500857978465874, 1.8196289167276034, 0.07004481301094327, 0.005714401431225699
0.00273, 0.9300891973376578, 879.3991574717335, 830.106314075905, 833.0558153463846, 28.854446194310437, 861.910261540695, 2.949501270479302, 67.50822364804581, 762.5980904278591, 0.030203786252564237, 0.0027492459533133818, 1.4729875045869427, -5.817917737070086E-4, 0.028036332072957863, 7.266317870370373, 0.9385260749920442, 0.6815785190192066, 1.8842233402230995, 0.06891796627941715, 0.0057152433461217685
0.00274, 0.9329789309127156, 881.0475997082066, 822.2723109491592, 831.2057663943078, 29.61606834907864, 860.8218347433865, 8.933455445148592, 63.26199157822352, 759.0103193709357, 0.032602879734590896, 0.0029692755482380595, 1.4707433933485352, -6.035246596923E-4, 0.030237128846045135, 7.2749544238683095, 0.9419638994425645, 0.7182877625080516, 1.846567802545209, 0.06970201267349853, 0.0057150004128623125
0.00275, 0.9358305830841059, 879.2556870676855, 815.2385428838131, 826.8417685235522, 30.292110973880646, 857.1338794974329, 11.603225639739556, 59.193637780210885, 756.0449051036022, 0.034410478670348556, 0.0030729732575464686, 1.4690511218547113, -5.435429554042155E-4, 0.0318810483682063, 7.2838305041152305, 0.9454017238930849, 0.7502591701263355, 1.9680478487696922, 0.06759856839309633, 0.005714633301965984
0.00276, 0.9386217756134299, 1012.5115288347708, 956.2205373443568, 956.6594502038157, 31.038584193332696, 987.6980343971484, 0.4389128594591781, 79.61881473439465, 876.6017226099622, 0.03680101639974538, 0.003274253246225931, 1.4668136212314364, -5.520763778767119E-4, 0.03407883953139616, 7.293819948559671, 0.9488395483436051, 0.7873255444634689, 1.954869263858633, 0.06790815459697688, 0.0057144548840794
0.00277, 0.9413296818282094, 1049.2946378067998, 989.4628014530251, 989.9486065529868, 31.78378181676459, 1021.7323883697514, 0.48580509996094207, 74.81389201128766, 914.6489094417375, 0.039244865112896134, 0.0034768515681881094, 1.4645215421705924, -5.454478543320045E-4, 0.03631346139904003, 7.303087376543213, 0.9522773727941254, 0.8251351414323242, 1.9720646843332892, 0.0676930016812318, 0.005714608021487831
0.00278, 0.9439810601853129, 1110.988607870049, 1043.837453491559, 1047.9894604680446, 32.54386068498687, 1080.5333211530315, 4.15200697648577, 84.44990556769496, 959.3875479238641, 0.041811029250748546, 0.003656566889423083, 1.4621179332848868, -5.536950810413975E-4, 0.03870815744236686, 7.3129337654321, 0.9557151972446457, 0.8644295114406462, 1.9595077155045069, 0.06799117348191333, 0.005714292548495121
0.00279, 0.9465334703282016, 1164.5660966666953, 1090.2818098716107, 1097.6814089496836, 33.314230597623016, 1130.9956395473066, 7.399599078072713, 88.26902944090521, 1002.0127804307056, 0.044549444972735185, 0.003906376402244937, 1.4595400470559408, -5.296068991594308E-4, 0.04117267546964968, 7.322275298353909, 0.959153021695166, 0.9045734009560005, 2.0117769230282523, 0.06718246231662857, 0.005714998742425395
0.0028, 0.9490684150495113, 1204.7917139660044, 1128.0805184336773, 1133.9242312121096, 34.095938029975265, 1168.0201692420849, 5.843712778431939, 70.91738286141225, 1057.163135572265, 0.047371422776000705, 0.004106023158370384, 1.4568883534409711, -5.221610631631418E-4, 0.04378756068079346, 7.332964485596711, 0.9625908461456864, 0.9463838962425558, 2.030744155796539, 0.06694777762449211, 0.005714302115178502
0.00281, 0.9513748117838758, 1311.0975405440913, 1236.5518090285043, 1236.1138704338484, 34.88332625774702, 1270.9971966915955, -0.43793859465602614, 82.45262349606256, 1154.0991855324417, 0.05030190167295058, 0.004274310700096466, 1.4541345909169536, -5.05434947798266E-4, 0.04653302592065238, 7.342013467078192, 0.9660286705962067, 0.9892327851670222, 2.0689228994317, 0.06640606005828573, 0.005714385069964247
0.00282, 0.9536753926781122, 757.1653892004477, 681.84074256696, 677.5019485898845, 35.69647292554053, 713.198421515425, -4.338793977075709, -506.98870850308776, 1188.8294510700478, 0.05363145240959727, 0.004530127576593393, 1.45100095953087, -5.278494676901372E-4, 0.04962917430069401, 7.351885257201641, 0.969466495046727, 1.035264810284542, 2.0266825242655773, 0.06717400907220575, 0.0057144043765290755
0.00283, 0.9558835517877208, 654.5050241916928, 591.4955270643705, 574.7002818617309, 36.47968047761251, 611.1799623393434, -16.79524520263919, -589.2101304908598, 1180.7056575552303, 0.05391710010583108, 0.0018857464929681943, 1.4509017723675843, -5.298947762995636E-4, 0.05256124838916245, 7.362660421810701, 0.9729043194972473, 1.0801141392220375, 2.026287644167809, 0.06725987009987208, 0.0057158577105711145
0.00284, 0.9580039301919772, 1162.8127118205837, 1095.4859260593464, 1079.1010910439559, 37.22927197498246, 1116.3303630189384, -16.384835015390145, -75.94910895124718, 1171.4350350105935, 0.05675648370595492, 0.0017301832633091594, 1.448266280405921, -6.117856959318288E-4, 0.05563808613857759, 7.373740915637855, 0.9763421439477676, 1.1263315195943044, 1.8715503316086841, 0.07006747248009586, 0.005714373826005392
0.00285, 0.9598856608447836, -586.5048159025324, -674.2297110611121, -673.9096141587443, 37.98866074703232, -635.9209534117119, 0.32009690236880073, -1781.2004077003219, 1106.9706966392098, 0.05946912183512121, 0.0015353005987559505, 1.4457458360615691, -6.124349508042499E-4, 0.05854625618716951, 7.382674300411524, 0.979779968398288, 1.1713227474872265, 1.8742968854440483, 0.07009819825938654, 0.005714327514967876
0.00286, 0.9617464006726932, -3242.4267897928707, -3313.158811665771, -3321.451582340972, 38.71868828489475, -3282.7328940560774, -8.292770675201638, -4497.153124574154, 1183.9943129083836, 0.05395612948801222, -0.006763648183085493, 1.4514445162432514, -6.145551349318677E-4, 0.06133433280602958, 7.393239269547331, 0.9832177928488083, 1.21533245336352, 1.8743090156468902, 0.07017986165532891, 0.005714286590663089
0.00287, 0.9634240280624273, -10296.57949868512, -10310.329368832634, -10360.779895630885, 39.47425301516062, -10321.305642615725, -50.45052679825134, -11647.844597866815, 1337.515229034181, 0.04398767429884757, -0.019984322128800774, 1.4616284287738952, -6.563276025069925E-4, 0.06462832403015534, 7.402554876543217, 0.9866556172993286, 1.2638515595260336, 1.8027331588737283, 0.07164281950609386, 0.0057153939561449905
0.00288, 0.964951237228835, -12666.06216700779, -12606.106324387358, -12673.034151977881, 40.144933060013, -12632.889218917868, -66.92782759052425, -13956.118717105293, 1350.0123927179359, 0.004793583763380016, -0.06251727307542933, 1.5010660718125899, -8.600123680935509E-4, 0.06817086920690289, 7.41105549382716, 0.9900934417498489, 1.3143155103429225, 1.480198623744899, 0.07915565100267069, 0.005714768776552738
