rho, F_total_perV, F_total_perN, F_pair_perV, F_reference_perV, Z_virial_measured, springConstant, lindemannParameter, Tstar
1.75, 11.670544292523056, 6.668882452870318, 3.6934959183874003, 7.977048374135656, 15.149859825715493, 70.26527317025578, 0.1568614686881613, 0.007692307692307693
1.77, 12.099766336190505, 6.836026178638703, 3.835989067008589, 8.263777269181917, 15.59824051284115, 75.68299731420863, 0.15171640991024749, 0.007692307692307693
1.79, 12.575931447320908, 7.025660026436261, 4.1146645205205905, 8.461266926800318, 16.13650538221612, 78.69833085217893, 0.1493397935401757, 0.007692307692307693
1.81, 13.034863630256577, 7.201582116163855, 4.34697118874842, 8.687892441508156, 16.639727909966936, 82.6535633086459, 0.14626352343233934, 0.007692307692307693
1.83, 13.522480910986573, 7.3893338311402035, 4.732415086232394, 8.79006582475418, 17.23026134909099, 82.83576225671656, 0.14663874114507391, 0.007692307692307693
1.85, 14.00232999507431, 7.5688270243644915, 4.850548378002188, 9.151781617072123, 17.7661166249319, 91.23297261500859, 0.14023463665757943, 0.007692307692307693
1.87, 14.55374180041525, 7.782749625890507, 5.251188808230348, 9.3025529921849, 18.32488587363809, 92.94435076216084, 0.139436455170349, 0.007692307692307693
1.8900000000000001, 15.077798485083544, 7.977671156128859, 5.626320455953009, 9.451478029130534, 18.944512240376927, 94.58833078751924, 0.1387104298489484, 0.007692307692307693
1.9100000000000001, 15.606338076110735, 8.170857631471588, 5.95761037285142, 9.648727703259315, 19.53820875038574, 97.87824357998537, 0.1368386147245205, 0.007692307692307693
1.9300000000000002, 16.179126819469907, 8.382967263974045, 6.35367974558806, 9.825447073881847, 20.128134774228183, 100.4888998857313, 0.13551915572580212, 0.007692307692307693
1.9500000000000002, 16.76529542101023, 8.59758739538986, 6.742353686493675, 10.022941734516555, 20.745853133256745, 103.8553093028406, 0.13376355907914764, 0.007692307692307693
1.9700000000000002, 17.350811679410782, 8.807518618990244, 7.199832347234254, 10.15097933217653, 21.347181783272962, 104.74782153155212, 0.1336462792891204, 0.007692307692307693
1.9900000000000002, 17.98070374860849, 9.035529521913814, 7.661361978828826, 10.319341769779664, 21.995971434055043, 107.0799364525588, 0.13262872765356584, 0.007692307692307693
2.0100000000000002, 18.59543342507584, 9.251459415460616, 8.167644594542285, 10.427788830533553, 22.635982719566933, 107.24313061449647, 0.1329702772861901, 0.007692307692307693
2.0300000000000002, 19.238228240367597, 9.476959724319013, 8.704987501076557, 10.533240739291042, 23.267188174552214, 107.29670546874462, 0.13337654071944954, 0.007692307692307693
2.0500000000000003, 19.903336476763535, 9.70894462281148, 9.207608953469965, 10.69572752329357, 23.880150999252933, 109.37784031212516, 0.13253398161169802, 0.007692307692307693
2.0700000000000003, 20.5709138841751, 9.93763955757251, 9.81621722738599, 10.75469665678911, 24.522368099946167, 107.76967176990043, 0.1339519783091437, 0.007692307692307693
2.0900000000000003, 21.261590267318205, 10.173009697281437, 10.322324147288267, 10.939266120029936, 25.17179637488491, 110.59838499920795, 0.13265236573866662, 0.007692307692307693
