This fits B3 to B4 into the virial expansion since maxPower is set to 2.
Number of particles: 108
dryVolFracMax: 0.007
dryVolFracIncrement: 1.0E-4
Initial configuration: FCC
Dry microgel radius [nm]: 50.0
Box length [units of dry radius]: 48.3597586204941
Number of monomers: 2916666.666666667
Number of chains: 116.66666666666669
Flory interaction parameter (chi): 0.0
Young's calibration factor: 1.0
x-link fraction: 4.0E-5
MC steps: 100000
Equilibration steps: 10000.0
Snapshot interval: 100
Displacement tolerance: 0.1
Particle radius change tolerance: 0.0
Particle radius bin width: 0.001
g(r) bin width: 0.005
phi0, phi, rho, mu/kT, Z_measured, Z_virial_Fit, <F_total>/V, QMelting, <F_id>/V, <F_ex>/V, <F_FR>/V, <alpha>, Zeta, B2_rho, B2_phi0, B2_HS, B2*
2.0E-4, 0.05789943198848988, 4.774648292756861E-5, -9.669984530782072, 1.0442714612649544, 1.1103676498728652, -5.14723901346818E-4, 1.5005149060959266, -5.213638970822166E-4, 6.6399957353986944E-6, 0.0, 6.615, 0.05791228380962948, 3560.1490569605394, 849.9229808388293, 4849.959881888879, 0.7340574239088332
3.0E-4, 0.08683808352700594, 7.161972439135293E-5, -9.197726674881766, 1.070331691664966, 1.1283203134764281, -7.395486393583736E-4, 1.5007400271066813, -7.530065463303081E-4, 1.3457906971934498E-5, 0.0, 6.615, 0.08686842571444423, 3560.1490569605394, 849.9229808388293, 4849.959881888879, 0.7340574239088332
4.0E-4, 0.11577163815803204, 9.549296585513724E-5, -8.873001467582407, 1.4296333564521777, 1.1281024680921279, -9.550350766430467E-4, 1.5009589124137963, -9.765371141186377E-4, 2.1502037475591E-5, 0.0, 6.615, 0.11582456761925897, 3560.1490569605394, 849.9229808388293, 4849.959881888879, 0.7340574239088332
5.0E-4, 0.14469428390700315, 1.1936620731892148E-4, -8.635914129131134, 1.197774316284259, 1.1147018126455013, -0.0011638940439932907, 1.5011661065094482, -0.0011940355932402447, 3.014154924695382E-5, 0.0, 6.615, 0.1447807095240737, 3560.1490569605394, 849.9229808388293, 4849.959881888879, 0.7340574239088332
6.0E-4, 0.17359030331528952, 1.4323944878270585E-4, -8.45609786767658, 1.2882443982507192, 1.0931060460620858, -0.0013678227049175836, 1.5013717454277384, -0.001406727072591923, 3.890436767433936E-5, 0.0, 6.615, 0.17373685142888845, 3560.1490569605394, 849.9229808388293, 4849.959881888879, 0.7340574239088332
7.0E-4, 0.20247532039938387, 1.6711269024649017E-4, -8.314251300431138, 1.2628594768804504, 1.0683028672674189, -0.001567943868347524, 1.5015721898085943, -0.0016154210498813184, 4.747718153379454E-5, 0.0, 6.615, 0.20269299333370322, 3560.1490569605394, 849.9229808388293, 4849.959881888879, 0.7340574239088332
8.0E-4, 0.2313580846771419, 1.9098593171027449E-4, -8.196172572396796, 1.4336622387433735, 1.0452799751870379, -0.0017649874251565876, 1.5017732926273635, -0.0018206928681456847, 5.570544298909709E-5, 0.0, 6.615, 0.23164913523851796, 3560.1490569605394, 849.9229808388293, 4849.959881888879, 0.7340574239088332
9.0E-4, 0.2601988344463059, 2.148591731740588E-4, -8.090340488104907, 1.6715090577853795, 1.029025068746479, -0.001959379343417079, 1.5019737238893405, -0.0020229727110088343, 6.359336759175532E-5, 0.0, 6.615, 0.2606052771433327, 3560.1490569605394, 849.9229808388293, 4849.959881888879, 0.7340574239088332
0.001, 0.2890447353264298, 2.38732414637843E-4, -7.986778945351842, 1.4659580402867631, 1.0245258468712808, -0.002151290552084993, 1.502162171640315, -0.0022225944863660013, 7.130393428100828E-5, 0.0, 6.615, 0.2895614190481475, 3560.1490569605394, 849.9229808388293, 4849.959881888879, 0.7340574239088332
0.0011, 0.3178290546264241, 2.626056561016274E-4, -7.876465494758495, 1.309973139495022, 1.03677000848698, -0.002340666057318097, 1.5023485888746348, -0.0024198249427019227, 7.915888538382577E-5, 0.0, 6.615, 0.31851756095296224, 3560.1490569605394, 849.9229808388293, 4849.959881888879, 0.7340574239088332
0.0012, 0.34661101277803136, 2.864788975654117E-4, -7.750998338052008, 1.9969833417962988, 1.0707452525191141, -0.002527243378431552, 1.50255400879796, -0.00261488210504646, 8.763872661490815E-5, 0.0, 6.615, 0.34747370285777696, 3560.1490569605394, 849.9229808388293, 4849.959881888879, 0.7340574239088332
0.0013, 0.37532955062017753, 3.10352139029196E-4, -7.602397076499733, 1.6494677839121274, 1.1314392778932196, -0.0027105647945168078, 1.5027293932353543, -0.002807947521593494, 9.738272707668643E-5, 0.0, 6.615, 0.3764298447625917, 3560.1490569605394, 849.9229808388293, 4849.959881888879, 0.7340574239088332
0.0014, 0.40405721540711953, 3.342253804929803E-4, -7.422977511071339, 1.945107107230485, 1.2238397835348351, -0.0028899858003430304, 1.5029192648798078, -0.002999174719602353, 1.0918891925932233E-4, 0.0, 6.615, 0.4053859866674065, 3560.1490569605394, 849.9229808388293, 4849.959881888879, 0.7340574239088332
0.0015, 0.4326872229467037, 3.580986219567647E-4, -7.20526974167973, 2.1805503170049065, 1.3529344683694977, -0.0030646811340432098, 1.5031032687784582, -0.003188695233083918, 1.2401409904070845E-4, 0.0, 6.615, 0.4343421285722212, 3560.1490569605394, 849.9229808388293, 4849.959881888879, 0.7340574239088332
0.0016, 0.4612859712602476, 3.8197186342054886E-4, -6.941962752773472, 1.8697655680685799, 1.5237110313227413, -0.00323364919042172, 1.5032649344007287, -0.0033766230161081877, 1.4297382568646756E-4, 0.0, 6.615, 0.463298270477036, 3560.1490569605394, 849.9229808388293, 4849.959881888879, 0.7340574239088332
0.0017, 0.48987209812819243, 4.0584510488433315E-4, -6.625865828090267, 2.283109075739154, 1.7411571713201082, -0.003395715326765332, 1.5034442806699166, -0.0035630577486152858, 1.6734242184995385E-4, 0.0, 6.615, 0.49225441238185075, 3560.1490569605394, 849.9229808388293, 4849.959881888879, 0.7340574239088332
0.0018, 0.5183028588407643, 4.297183463481176E-4, -6.249881011051414, 2.5303340866871746, 2.0102605872871346, -0.0035495343882393374, 1.503613299396781, -0.003748087361811589, 1.9855297357225152E-4, 0.0, 6.615, 0.5212105542866655, 3560.1490569605394, 849.9229808388293, 4849.959881888879, 0.7340574239088332
0.0019, 0.5467502660365324, 4.535915878119019E-4, -5.8069830210160545, 2.338912798213662, 2.336008978149355, -0.00369359267044105, 1.5037507442075064, -0.003931790000723226, 2.3819733028217595E-4, 0.0, 6.615, 0.5501666961914803, 3560.1490569605394, 849.9229808388293, 4849.959881888879, 0.7340574239088332
0.002, 0.5752005795975353, 4.7746482927568624E-4, -5.290204327063187, 2.984914880208077, 2.7233900428323095, -0.003826209467706752, 1.5039128562167383, -0.004114235572503025, 2.8802610479627293E-4, 0.0, 6.615, 0.579122838096295, 3560.1490569605394, 849.9229808388293, 4849.959881888879, 0.7340574239088332
0.0021, 0.6034591156394385, 5.013380707394704E-4, -4.692623867294161, 3.2202171131871533, 3.177391480261531, -0.003945538311033593, 1.5040472273869865, -0.0042954869843524115, 3.49948673318818E-4, 0.0, 6.615, 0.6080789800011096, 3560.1490569605394, 849.9229808388293, 4849.959881888879, 0.7340574239088332
0.0022, 0.6324525405537739, 5.252113122032547E-4, -4.007358394791343, 3.2192392035797366, 3.70300098936256, -0.004049567969710149, 1.5041548848262025, -0.0044756011451519695, 4.2603317544181985E-4, 0.0, 6.615, 0.6370351219059244, 3560.1490569605394, 849.9229808388293, 4849.959881888879, 0.7340574239088332
0.0023, 0.6609753305064048, 5.490845536670391E-4, -3.2275557488502002, 3.354210539612224, 4.305206269060937, -0.00413612327048476, 1.504248890003264, -0.004654629784629776, 5.18506514145016E-4, 0.0, 6.615, 0.665991263810739, 3560.1490569605394, 849.9229808388293, 4849.959881888879, 0.7340574239088332
0.0024, 0.689196164111427, 5.729577951308231E-4, -2.346389559324681, 3.5745355740651386, 4.988995018282183, -0.004202865774022273, 1.504326900019295, -0.004832620129818146, 6.297543557958723E-4, 0.0, 6.615, 0.6949474057155537, 3560.1490569605394, 849.9229808388293, 4849.959881888879, 0.7340574239088332
0.0025, 0.7170864280214154, 5.968310365946075E-4, -1.3570550327272057, 3.8606154116352203, 5.759354935951864, -0.004247294338438925, 1.504388655460181, -0.005009615468588517, 7.623211301495928E-4, 0.0, 6.615, 0.7239035476203683, 3560.1490569605394, 849.9229808388293, 4849.959881888879, 0.7340574239088332
0.0026, 0.7447570003582029, 6.207042780583919E-4, -0.2527655652921741, 4.351271241261363, 6.621273720995498, -0.00426674559254021, 1.504436608502822, -0.005185655622889315, 9.189100303491041E-4, 0.0, 6.615, 0.7528596895251831, 3560.1490569605394, 849.9229808388293, 4849.959881888879, 0.7340574239088332
0.0027, 0.7717937625476253, 6.445775195221761E-4, 0.9732500044109882, 5.0154571550327605, 7.579739072338617, -0.004258394336155161, 1.5044673694217685, -0.005360777349080229, 0.001102383012925067, 0.0, 6.615, 0.7818158314299978, 3560.1490569605394, 849.9229808388293, 4849.959881888879, 0.7340574239088332
0.0028, 0.7977900853740963, 6.684507609859605E-4, 2.327749642974818, 5.979086662180316, 8.639738688906778, -0.00421925388108826, 1.5044794575737275, -0.005535014678884134, 0.0013157607977958745, 0.0, 6.615, 0.8107719733348124, 3560.1490569605394, 849.9229808388293, 4849.959881888879, 0.7340574239088332
0.0029, 0.8220797448111707, 6.923240024497446E-4, 3.8174799750857185, 7.437559503654607, 9.806260269625497, -0.004146176343307939, 1.5045041453623678, -0.005708399211575585, 0.0015622228682676455, 0.0, 6.615, 0.8397281152396272, 3560.1490569605394, 849.9229808388293, 4849.959881888879, 0.7340574239088332
0.003, 0.8441396026293415, 7.161972439135289E-4, 5.449177822201755, 9.281748153927476, 11.084291513420329, -0.004035852894790132, 1.5045447735364463, -0.005880960365824366, 0.001845107471034234, 0.0, 6.615, 0.8686842571444419, 3560.1490569605394, 849.9229808388293, 4849.959881888879, 0.7340574239088332
0.0031, 0.8639492583854518, 7.400704853773128E-4, 7.229571488839852, 11.463426852349459, 12.478820119216772, -0.003884813981749247, 1.5046137447670203, -0.0060527255979264645, 0.0021679116161772176, 0.0, 6.615, 0.8976403990492565, 3560.1490569605394, 849.9229808388293, 4849.959881888879, 0.7340574239088332
0.0032, 0.8817668675258598, 7.639437268410973E-4, 9.165381844578409, 13.706044284789183, 13.994833785940436, -0.0036894295146840785, 1.5046974342090276, -0.006223720591850007, 0.0025342910771659283, 0.0, 6.615, 0.9265965409540712, 3560.1490569605394, 849.9229808388293, 4849.959881888879, 0.7340574239088332
0.0033, 0.8977172909663269, 7.878169683048817E-4, 11.263323239512008, 16.138655517337348, 15.63732021251681, -0.003445909034647373, 1.5048183305577576, -0.006393969425504765, 0.002948060390857392, 0.0, 6.615, 0.955552682858886, 3560.1490569605394, 849.9229808388293, 4849.959881888879, 0.7340574239088332
0.0034, 0.9119396948942367, 8.116902097686655E-4, 13.530104283005407, 18.634253282997832, 17.411267097871395, -0.003150301859344921, 1.504973259537337, -0.006563494716841305, 0.0034131928574963836, 0.0, 6.615, 0.9845088247637006, 3560.1490569605394, 849.9229808388293, 4849.959881888879, 0.7340574239088332
0.0035, 0.9245512284010141, 8.355634512324502E-4, 15.972428509533442, 20.968332136285003, 19.32166214092983, -0.002798497212033367, 1.5051184138121778, -0.006732317752748799, 0.003933820540715432, 0.0, 6.615, 1.0134649666685154, 3560.1490569605394, 849.9229808388293, 4849.959881888879, 0.7340574239088332
0.0036, 0.9356186549373987, 8.594366926962345E-4, 18.59699495069989, 23.25680588947217, 21.373493040617575, -0.0023862243356762613, 1.5052695534950469, -0.006900458603211013, 0.004514234267534752, 0.0, 6.615, 1.04242110857333, 3560.1490569605394, 849.9229808388293, 4849.959881888879, 0.7340574239088332
0.0037, 0.9452223688877985, 8.833099341600185E-4, 21.41049862886682, 25.590109926815327, 23.571747495860166, -0.0019090525944073, 1.5054479505097804, -0.007067936222769608, 0.005158883628362308, 0.0, 6.615, 1.0713772504781447, 3560.1490569605394, 849.9229808388293, 4849.959881888879, 0.7340574239088332
0.0038, 0.9534184841345, 9.071831756238029E-4, 24.419630984940973, 27.750022186558287, 25.921413205583185, -0.0013623915640175732, 1.5055948374882517, -0.007234768541011389, 0.005872376976993816, 0.0, 6.615, 1.1003333923829595, 3560.1490569605394, 849.9229808388293, 4849.959881888879, 0.7340574239088332
