This fits B3 to B11 into the virial expansion since maxPower is set to 9.
Number of particles: 108
dryVolFracMax: 0.007
dryVolFracIncrement: 1.0E-4
Initial configuration: FCC
Dry microgel radius [nm]: 50.0
Box length [units of dry radius]: 48.3597586204941
Number of monomers: 2916666.666666667
Number of chains: 116.66666666666669
Flory interaction parameter (chi): 0.0
Young's calibration factor: 1.0
x-link fraction: 4.0E-5
MC steps: 100000
Equilibration steps: 10000.0
Snapshot interval: 100
Displacement tolerance: 0.1
Particle radius change tolerance: 0.0
Particle radius bin width: 0.001
g(r) bin width: 0.005
phi0, phi, rho, mu/kT, Z_measured, Z_virial_Fit, <F_total>/V, QMelting, <F_id>/V, <F_ex>/V, <F_FR>/V, <alpha>, Zeta, B2_rho, B2_phi0, B2_HS, B2*
2.0E-4, 0.05789943198848988, 4.774648292756861E-5, -9.807071136750723, 1.0442714612649544, 1.0394653008886388, -5.178839668429986E-4, 1.5005180661614228, -5.213638970822166E-4, 3.4799302392180454E-6, 0.0, 6.615, 0.05791228380962948, 3560.1490569605394, 849.9229808388293, 4849.959881888879, 0.7340574239088332
3.0E-4, 0.08683808352700594, 7.161972439135293E-5, -9.324367989853096, 1.070331691664966, 1.0923067149179768, -7.460393714300818E-4, 1.5007465178387531, -7.530065463303081E-4, 6.967174900226379E-6, 0.0, 6.615, 0.08686842571444423, 3560.1490569605394, 849.9229808388293, 4849.959881888879, 0.7340574239088332
4.0E-4, 0.11577163815803204, 9.549296585513724E-5, -8.906750179877031, 1.4296333564521777, 1.183807425381134, -9.63577272858213E-4, 1.5009674546100114, -9.765371141186377E-4, 1.2959841260424745E-5, 0.0, 6.615, 0.11582456761925897, 3560.1490569605394, 849.9229808388293, 4849.959881888879, 0.7340574239088332
5.0E-4, 0.14469428390700315, 1.1936620731892148E-4, -8.5273743543339, 1.197774316284259, 1.2878180118444602, -0.0011716022868563417, 1.501173814752311, -0.0011940355932402447, 2.2433306383902908E-5, 0.0, 6.615, 0.1447807095240737, 3560.1490569605394, 849.9229808388293, 4849.959881888879, 0.7340574239088332
6.0E-4, 0.17359030331528952, 1.4323944878270585E-4, -8.193640503627272, 1.2882443982507192, 1.3783941558301418, -0.0013710929683496353, 1.5013750156911705, -0.001406727072591923, 3.563410424228766E-5, 0.0, 6.615, 0.17373685142888845, 3560.1490569605394, 849.9229808388293, 4849.959881888879, 0.7340574239088332
7.0E-4, 0.20247532039938387, 1.6711269024649017E-4, -7.913868696402736, 1.2628594768804504, 1.440610227807751, -0.0015632521388789066, 1.5015674980791258, -0.0016154210498813184, 5.216891100241169E-5, 0.0, 6.615, 0.20269299333370322, 3560.1490569605394, 849.9229808388293, 4849.959881888879, 0.7340574239088332
8.0E-4, 0.2313580846771419, 1.9098593171027449E-4, -7.686440943936317, 1.4336622387433735, 1.4732492760893854, -0.0017493719708490964, 1.501757677173056, -0.0018206928681456847, 7.132089729658838E-5, 0.0, 6.615, 0.23164913523851796, 3560.1490569605394, 849.9229808388293, 4849.959881888879, 0.7340574239088332
9.0E-4, 0.2601988344463059, 2.148591731740588E-4, -7.498696082277926, 1.6715090577853795, 1.486587031231851, -0.0019305705005035426, 1.5019449150464268, -0.0020229727110088343, 9.240221050529179E-5, 0.0, 6.615, 0.2606052771433327, 3560.1490569605394, 849.9229808388293, 4849.959881888879, 0.7340574239088332
0.001, 0.2890447353264298, 2.38732414637843E-4, -7.330413951738331, 1.4659580402867631, 1.4977288108845104, -0.002107563838488548, 1.5021184449267186, -0.0022225944863660013, 1.150306478774533E-4, 0.0, 6.615, 0.2895614190481475, 3560.1490569605394, 849.9229808388293, 4849.959881888879, 0.7340574239088332
0.0011, 0.3178290546264241, 2.626056561016274E-4, -7.15900002506393, 1.309973139495022, 1.5252999853839564, -0.0022805463020270267, 1.5022884691193437, -0.0024198249427019227, 1.3927864067489614E-4, 0.0, 6.615, 0.31851756095296224, 3560.1490569605394, 849.9229808388293, 4849.959881888879, 0.7340574239088332
0.0012, 0.34661101277803136, 2.864788975654117E-4, -6.964579614988525, 1.9969833417962988, 1.5847272766990896, -0.0024491960132790457, 1.5024759614328076, -0.00261488210504646, 1.6568609176741424E-4, 0.0, 6.615, 0.34747370285777696, 3560.1490569605394, 849.9229808388293, 4849.959881888879, 0.7340574239088332
0.0013, 0.37532955062017753, 3.10352139029196E-4, -6.733916667814671, 1.6494677839121274, 1.68487394548988, -0.002612789674877984, 1.5026316181157153, -0.002807947521593494, 1.9515784671550967E-4, 0.0, 6.615, 0.3764298447625917, 3560.1490569605394, 849.9229808388293, 4849.959881888879, 0.7340574239088332
0.0014, 0.40405721540711953, 3.342253804929803E-4, -6.462588638209242, 1.945107107230485, 1.8264012059680903, -0.0027703907845725993, 1.5027996698640373, -0.002999174719602353, 2.2878393502975342E-4, 0.0, 6.615, 0.4053859866674065, 3560.1490569605394, 849.9229808388293, 4849.959881888879, 0.7340574239088332
0.0015, 0.4326872229467037, 3.580986219567647E-4, -6.155242239304229, 2.1805503170049065, 2.001915328862174, -0.0029210668842445443, 1.5029596545286594, -0.003188695233083918, 2.676283488393737E-4, 0.0, 6.615, 0.4343421285722212, 3560.1490569605394, 849.9229808388293, 4849.959881888879, 0.7340574239088332
0.0016, 0.4612859712602476, 3.8197186342054886E-4, -5.82405224379276, 1.8697655680685799, 2.1977191819930555, -0.003064090979441083, 1.503095376189748, -0.0033766230161081877, 3.125320366671044E-4, 0.0, 6.615, 0.463298270477036, 3560.1490569605394, 849.9229808388293, 4849.959881888879, 0.7340574239088332
0.0017, 0.48987209812819243, 4.0584510488433315E-4, -5.485721431252938, 2.283109075739154, 2.396812748693713, -0.003199087911014596, 1.5032476532541659, -0.0035630577486152858, 3.639698376006896E-4, 0.0, 6.615, 0.49225441238185075, 3560.1490569605394, 849.9229808388293, 4849.959881888879, 0.7340574239088332
0.0018, 0.5183028588407643, 4.297183463481176E-4, -5.1575039707471575, 2.5303340866871746, 2.582673789443918, -0.003326096387549766, 1.5033898613960914, -0.003748087361811589, 4.219909742618234E-4, 0.0, 6.615, 0.5212105542866655, 3560.1490569605394, 849.9229808388293, 4849.959881888879, 0.7340574239088332
0.0019, 0.5467502660365324, 4.535915878119019E-4, -4.852814831559181, 2.338912798213662, 2.743291604579275, -0.0034455299795561733, 1.5035026815166217, -0.003931790000723226, 4.862600211670531E-4, 0.0, 6.615, 0.5501666961914803, 3560.1490569605394, 849.9229808388293, 4849.959881888879, 0.7340574239088332
0.002, 0.5752005795975353, 4.7746482927568624E-4, -4.577011240131777, 2.984914880208077, 2.8749181486885416, -0.003558034193407219, 1.5036446809424389, -0.004114235572503025, 5.562013790958059E-4, 0.0, 6.615, 0.579122838096295, 3560.1490569605394, 849.9229808388293, 4849.959881888879, 0.7340574239088332
0.0021, 0.6034591156394385, 5.013380707394704E-4, -4.323905378953516, 3.2202171131871533, 2.985035873182049, -0.003664250506492998, 1.5037659395824459, -0.0042954869843524115, 6.312364778594134E-4, 0.0, 6.615, 0.6080789800011096, 3560.1490569605394, 849.9229808388293, 4849.959881888879, 0.7340574239088332
0.0022, 0.6324525405537739, 5.252113122032547E-4, -4.073496898813882, 3.2192392035797366, 3.09411496556919, -0.003764510832656242, 1.5038698276891487, -0.0044756011451519695, 7.110903124957274E-4, 0.0, 6.615, 0.6370351219059244, 3560.1490569605394, 849.9229808388293, 4849.959881888879, 0.7340574239088332
0.0023, 0.6609753305064048, 5.490845536670391E-4, -3.791305741140171, 3.354210539612224, 3.235838444888003, -0.003858496328938835, 1.503971263061718, -0.004654629784629776, 7.961334556909408E-4, 0.0, 6.615, 0.665991263810739, 3560.1490569605394, 849.9229808388293, 4849.959881888879, 0.7340574239088332
0.0024, 0.689196164111427, 5.729577951308231E-4, -3.4295465428231218, 3.5745355740651386, 3.455606195716939, -0.003944901932213274, 1.5040689361774857, -0.004832620129818146, 8.877181976048717E-4, 0.0, 6.615, 0.6949474057155537, 3560.1490569605394, 849.9229808388293, 4849.959881888879, 0.7340574239088332
0.0025, 0.7170864280214154, 5.968310365946075E-4, -2.930221796211703, 3.8606154116352203, 3.8072828108460897, -0.004021151858689094, 1.5041625129804312, -0.005009615468588517, 9.884636098994228E-4, 0.0, 6.615, 0.7239035476203683, 3560.1490569605394, 849.9229808388293, 4849.959881888879, 0.7340574239088332
0.0026, 0.7447570003582029, 6.207042780583919E-4, -2.2300282191313503, 4.351271241261363, 4.34832339817433, -0.004083210991433428, 1.5042530739017153, -0.005185655622889315, 0.0011024446314558869, 0.0, 6.615, 0.7528596895251831, 3560.1490569605394, 849.9229808388293, 4849.959881888879, 0.7340574239088332
0.0027, 0.7717937625476253, 6.445775195221761E-4, -1.2667757033879008, 5.0154571550327605, 5.133590623576595, -0.004125532251065435, 1.5043345073366787, -0.005360777349080229, 0.0012352450980147936, 0.0, 6.615, 0.7818158314299978, 3560.1490569605394, 849.9229808388293, 4849.959881888879, 0.7340574239088332
0.0028, 0.7977900853740963, 6.684507609859605E-4, 0.013183002024917734, 5.979086662180316, 6.208359541003517, -0.004141170471915, 1.504401374164554, -0.005535014678884134, 0.0013938442069691345, 0.0, 6.615, 0.8107719733348124, 3560.1490569605394, 849.9229808388293, 4849.959881888879, 0.7340574239088332
0.0029, 0.8220797448111707, 6.923240024497446E-4, 1.6472148143572687, 7.437559503654607, 7.601188537446319, -0.004122078918445722, 1.5044800479375056, -0.005708399211575585, 0.0015863202931298628, 0.0, 6.615, 0.8397281152396272, 3560.1490569605394, 849.9229808388293, 4849.959881888879, 0.7340574239088332
0.003, 0.8441396026293415, 7.161972439135289E-4, 3.6492587338402815, 9.281748153927476, 9.317509325846459, -0.0040595854518026735, 1.5045685060934588, -0.005880960365824366, 0.0018213749140216923, 0.0, 6.615, 0.8686842571444419, 3560.1490569605394, 849.9229808388293, 4849.959881888879, 0.7340574239088332
0.0031, 0.8639492583854518, 7.400704853773128E-4, 6.0043479968659135, 11.463426852349459, 11.334950686799857, -0.003945021720085301, 1.5046739525053563, -0.0060527255979264645, 0.0021077038778411633, 0.0, 6.615, 0.8976403990492565, 3560.1490569605394, 849.9229808388293, 4849.959881888879, 0.7340574239088332
0.0032, 0.8817668675258598, 7.639437268410973E-4, 8.666045140580525, 13.706044284789183, 13.601553923273741, -0.003770450973300121, 1.5047784556676438, -0.006223720591850007, 0.002453269618549886, 0.0, 6.615, 0.9265965409540712, 3560.1490569605394, 849.9229808388293, 4849.959881888879, 0.7340574239088332
0.0033, 0.8977172909663269, 7.878169683048817E-4, 11.558171425963373, 16.138655517337348, 16.038157083520673, -0.0035294087187651936, 1.5049018302418755, -0.006393969425504765, 0.0028645607067395717, 0.0, 6.615, 0.955552682858886, 3560.1490569605394, 849.9229808388293, 4849.959881888879, 0.7340574239088332
0.0034, 0.9119396948942367, 8.116902097686655E-4, 14.582319044565047, 18.634253282997832, 18.546314259760038, -0.0032175361077233997, 1.5050404937857156, -0.006563494716841305, 0.003345958609117905, 0.0, 6.615, 0.9845088247637006, 3560.1490569605394, 849.9229808388293, 4849.959881888879, 0.7340574239088332
0.0035, 0.9245512284010141, 8.355634512324502E-4, 17.63270398258547, 20.968332136285003, 21.02317001645315, -0.0028329495005353124, 1.5051528661006799, -0.006732317752748799, 0.0038993682522134865, 0.0, 6.615, 1.0134649666685154, 3560.1490569605394, 849.9229808388293, 4849.959881888879, 0.7340574239088332
0.0036, 0.9356186549373987, 8.594366926962345E-4, 20.61994310281574, 23.25680588947217, 23.38472157531396, -0.0023761520664285834, 1.5052594812257991, -0.006900458603211013, 0.00452430653678243, 0.0, 6.615, 1.04242110857333, 3560.1490569605394, 849.9229808388293, 4849.959881888879, 0.7340574239088332
0.0037, 0.9452223688877985, 8.833099341600185E-4, 23.50531469256512, 25.590109926815327, 25.598867116393194, -0.0018492556536338382, 1.505388153569007, -0.007067936222769608, 0.00521868056913577, 0.0, 6.615, 1.0713772504781447, 3560.1490569605394, 849.9229808388293, 4849.959881888879, 0.7340574239088332
0.0038, 0.9534184841345, 9.071831756238029E-4, 26.34698118442306, 27.750022186558287, 27.729551781476403, -0.001254244784711851, 1.5054866907089461, -0.007234768541011389, 0.005980523756299538, 0.0, 6.615, 1.1003333923829595, 3560.1490569605394, 849.9229808388293, 4849.959881888879, 0.7340574239088332
