This fits B3 to B5 into the virial expansion since maxPower is set to 3.
Number of particles: 108
dryVolFracMax: 0.007
dryVolFracIncrement: 1.0E-4
Initial configuration: FCC
Dry microgel radius [nm]: 50.0
Box length [units of dry radius]: 48.3597586204941
Number of monomers: 2916666.666666667
Number of chains: 116.66666666666669
Flory interaction parameter (chi): 0.0
Young's calibration factor: 1.0
x-link fraction: 4.0E-5
MC steps: 100000
Equilibration steps: 10000.0
Snapshot interval: 100
Displacement tolerance: 0.1
Particle radius change tolerance: 0.0
Particle radius bin width: 0.001
g(r) bin width: 0.005
phi0, phi, rho, mu/kT, Z_measured, Z_virial_Fit, <F_total>/V, QMelting, <F_id>/V, <F_ex>/V, <F_FR>/V, <alpha>, Zeta, B2_rho, B2_phi0, B2_HS, B2*
2.0E-4, 0.05789943198848988, 4.774648292756861E-5, -9.589818970348606, 1.0442714612649544, 1.1627057538619043, -5.133952381727765E-4, 1.5005135774327525, -5.213638970822166E-4, 7.968658909440208E-6, 0.0, 6.615, 0.05791228380962948, 3560.1490569605394, 849.9229808388293, 4849.959881888879, 0.7340574239088332
3.0E-4, 0.08683808352700594, 7.161972439135293E-5, -9.031772452981494, 1.070331691664966, 1.2353377960585696, -7.353276063318841E-4, 1.5007358060736549, -7.530065463303081E-4, 1.767893999842393E-5, 0.0, 6.615, 0.08686842571444423, 3560.1490569605394, 849.9229808388293, 4849.959881888879, 0.7340574239088332
4.0E-4, 0.11577163815803204, 9.549296585513724E-5, -8.602602078907132, 1.4296333564521777, 1.300058396683462, -9.456344186705893E-4, 1.5009495117558238, -9.765371141186377E-4, 3.090269544804839E-5, 0.0, 6.615, 0.11582456761925897, 3560.1490569605394, 849.9229808388293, 4849.959881888879, 0.7340574239088332
5.0E-4, 0.14469428390700315, 1.1936620731892148E-4, -8.250334091175535, 1.197774316284259, 1.3560460229976965, -0.001146677160292767, 1.5011488896257474, -0.0011940355932402447, 4.735843294747779E-5, 0.0, 6.615, 0.1447807095240737, 3560.1490569605394, 849.9229808388293, 4849.959881888879, 0.7340574239088332
6.0E-4, 0.17359030331528952, 1.4323944878270585E-4, -7.951771089665423, 1.2882443982507192, 1.4030804471206302, -0.0013399837775732826, 1.5013439065003942, -0.001406727072591923, 6.674329501864026E-5, 0.0, 6.615, 0.17373685142888845, 3560.1490569605394, 849.9229808388293, 4849.959881888879, 0.7340574239088332
7.0E-4, 0.20247532039938387, 1.6711269024649017E-4, -7.694029452246466, 1.2628594768804504, 1.4415427460298602, -0.0015266700469949985, 1.5015309159872419, -0.0016154210498813184, 8.875100288631989E-5, 0.0, 6.615, 0.20269299333370322, 3560.1490569605394, 849.9229808388293, 4849.959881888879, 0.7340574239088332
8.0E-4, 0.2313580846771419, 1.9098593171027449E-4, -7.4685734535051305, 1.4336622387433735, 1.472415301561226, -0.0017076030677974348, 1.5017159082700045, -0.0018206928681456847, 1.1308980034825002E-4, 0.0, 6.615, 0.23164913523851796, 3560.1490569605394, 849.9229808388293, 4849.959881888879, 0.7340574239088332
9.0E-4, 0.2601988344463059, 2.148591731740588E-4, -7.268796396484449, 1.6715090577853795, 1.4972818004088073, -0.0018834723133636288, 1.501897816859287, -0.0020229727110088343, 1.3950039764520553E-4, 0.0, 6.615, 0.2606052771433327, 3560.1490569605394, 849.9229808388293, 4849.959881888879, 0.7340574239088332
0.001, 0.2890447353264298, 2.38732414637843E-4, -7.088885046419664, 1.4659580402867631, 1.518327234124925, -0.0020548205710349057, 1.5020657016592651, -0.0022225944863660013, 1.6777391533109555E-4, 0.0, 6.615, 0.2895614190481475, 3560.1490569605394, 849.9229808388293, 4849.959881888879, 0.7340574239088332
0.0011, 0.3178290546264241, 2.626056561016274E-4, -6.923228190297746, 1.309973139495022, 1.5383378991201424, -0.002222055114558866, 1.5022299779318755, -0.0024198249427019227, 1.9776982814305677E-4, 0.0, 6.615, 0.31851756095296224, 3560.1490569605394, 849.9229808388293, 4849.959881888879, 0.7340574239088332
0.0012, 0.34661101277803136, 2.864788975654117E-4, -6.766083635139109, 1.9969833417962988, 1.5607013966632621, -0.0023854481961749154, 1.5024122136157034, -0.00261488210504646, 2.2943390887154478E-4, 0.0, 6.615, 0.34747370285777696, 3560.1490569605394, 849.9229808388293, 4849.959881888879, 0.7340574239088332
0.0013, 0.37532955062017753, 3.10352139029196E-4, -6.611378956431576, 1.6494677839121274, 1.5894066328813305, -0.002545131349363066, 1.5025639597902005, -0.002807947521593494, 2.6281617223042797E-4, 0.0, 6.615, 0.3764298447625917, 3560.1490569605394, 849.9229808388293, 4849.959881888879, 0.7340574239088332
0.0014, 0.40405721540711953, 3.342253804929803E-4, -6.452586298292488, 1.945107107230485, 1.6290438187596321, -0.002701085900875273, 1.50273036498034, -0.002999174719602353, 2.980888187270798E-4, 0.0, 6.615, 0.4053859866674065, 3560.1490569605394, 849.9229808388293, 4849.959881888879, 0.7340574239088332
0.0015, 0.4326872229467037, 3.580986219567647E-4, -6.2826404727096135, 2.1805503170049065, 1.6848044701416944, -0.0028531310545514468, 1.5028917186989663, -0.003188695233083918, 3.3556417853247136E-4, 0.0, 6.615, 0.4343421285722212, 3560.1490569605394, 849.9229808388293, 4849.959881888879, 0.7340574239088332
0.0016, 0.4612859712602476, 3.8197186342054886E-4, -6.093883545133586, 1.8697655680685799, 1.7624814077292856, -0.0030009103607569238, 1.503032195571064, -0.0033766230161081877, 3.7571265535126387E-4, 0.0, 6.615, 0.463298270477036, 3560.1490569605394, 849.9229808388293, 4849.959881888879, 0.7340574239088332
0.0017, 0.48987209812819243, 4.0584510488433315E-4, -5.8780262492313735, 2.283109075739154, 1.8684687570824159, -0.003143877078323384, 1.5031924424214747, -0.0035630577486152858, 4.1918067029190185E-4, 0.0, 6.615, 0.49225441238185075, 3560.1490569605394, 849.9229808388293, 4849.959881888879, 0.7340574239088332
0.0018, 0.5183028588407643, 4.297183463481176E-4, -5.626120447280741, 2.5303340866871746, 2.009761948619337, -0.003281278756074883, 1.5033450437646165, -0.003748087361811589, 4.6680860573670616E-4, 0.0, 6.615, 0.5212105542866655, 3560.1490569605394, 849.9229808388293, 4849.959881888879, 0.7340574239088332
0.0019, 0.5467502660365324, 4.535915878119019E-4, -5.3285390464244875, 2.338912798213662, 2.1939577176165383, -0.0034121412515112615, 1.5034692927885767, -0.003931790000723226, 5.196487492119647E-4, 0.0, 6.615, 0.5501666961914803, 3560.1490569605394, 849.9229808388293, 4849.959881888879, 0.7340574239088332
0.002, 0.5752005795975353, 4.7746482927568624E-4, -4.974961072452475, 2.984914880208077, 2.4292541042087548, -0.0035352523352449976, 1.5036218990842767, -0.004114235572503025, 5.789832372580274E-4, 0.0, 6.615, 0.579122838096295, 3560.1490569605394, 849.9229808388293, 4849.959881888879, 0.7340574239088332
0.0021, 0.6034591156394385, 5.013380707394704E-4, -4.554360389104111, 3.2202171131871533, 2.7244504533889584, -0.0036491449850530144, 1.503750834061006, -0.0042954869843524115, 6.46341999299397E-4, 0.0, 6.615, 0.6080789800011096, 3560.1490569605394, 849.9229808388293, 4849.959881888879, 0.7340574239088332
0.0022, 0.6324525405537739, 5.252113122032547E-4, -4.054997044027019, 3.2192392035797366, 3.0889474150083664, -0.003752080443637145, 1.5038573973001295, -0.0044756011451519695, 7.235207015148247E-4, 0.0, 6.615, 0.6370351219059244, 3560.1490569605394, 849.9229808388293, 4849.959881888879, 0.7340574239088332
0.0023, 0.6609753305064048, 5.490845536670391E-4, -3.4644105400091236, 3.354210539612224, 3.53274694377644, -0.003842031093922377, 1.5039547978267016, -0.004654629784629776, 8.125986907073988E-4, 0.0, 6.615, 0.665991263810739, 3560.1490569605394, 849.9229808388293, 4849.959881888879, 0.7340574239088332
0.0024, 0.689196164111427, 5.729577951308231E-4, -2.7694145393240284, 3.5745355740651386, 4.06645229926086, -0.003916663191643507, 1.504040697436916, -0.004832620129818146, 9.159569381746381E-4, 0.0, 6.615, 0.6949474057155537, 3560.1490569605394, 849.9229808388293, 4849.959881888879, 0.7340574239088332
0.0025, 0.7170864280214154, 5.968310365946075E-4, -1.9560926498310085, 3.8606154116352203, 4.7012680458875895, -0.003973319485009926, 1.504114680606752, -0.005009615468588517, 0.0010362959835785916, 0.0, 6.615, 0.7239035476203683, 3560.1490569605394, 849.9229808388293, 4849.959881888879, 0.7340574239088332
0.0026, 0.7447570003582029, 6.207042780583919E-4, -1.0097950380385114, 4.351271241261363, 5.449000052940797, -0.004009001744073395, 1.5041788646543552, -0.005185655622889315, 0.00117665387881592, 0.0, 6.615, 0.7528596895251831, 3560.1490569605394, 849.9229808388293, 4849.959881888879, 0.7340574239088332
0.0027, 0.7717937625476253, 6.445775195221761E-4, 0.08486431828278551, 5.0154571550327605, 6.322055494562896, -0.004020353217192236, 1.5042293283028054, -0.005360777349080229, 0.0013404241318879927, 0.0, 6.615, 0.7818158314299978, 3560.1490569605394, 849.9229808388293, 4849.959881888879, 0.7340574239088332
0.0028, 0.7977900853740963, 6.684507609859605E-4, 1.3440098775969718, 5.979086662180316, 7.333442849754567, -0.004003641028113146, 1.5042638447207524, -0.005535014678884134, 0.0015313736507709887, 0.0, 6.615, 0.8107719733348124, 3560.1490569605394, 849.9229808388293, 4849.959881888879, 0.7340574239088332
0.0029, 0.8220797448111707, 6.923240024497446E-4, 2.784506387534786, 7.437559503654607, 8.496771902374691, -0.003954738524289611, 1.5043127075433496, -0.005708399211575585, 0.0017536606872859733, 0.0, 6.615, 0.8397281152396272, 3560.1490569605394, 849.9229808388293, 4849.959881888879, 0.7340574239088332
0.003, 0.8441396026293415, 7.161972439135289E-4, 4.423960423571473, 9.281748153927476, 9.826253741140432, -0.0038691075848553596, 1.5043780282265116, -0.005880960365824366, 0.002011852780969006, 0.0, 6.615, 0.8686842571444419, 3560.1490569605394, 849.9229808388293, 4849.959881888879, 0.7340574239088332
0.0031, 0.8639492583854518, 7.400704853773128E-4, 6.2807216753138935, 11.463426852349459, 11.336700759627139, -0.003741780894985245, 1.5044707116802563, -0.0060527255979264645, 0.0023109447029412197, 0.0, 6.615, 0.8976403990492565, 3560.1490569605394, 849.9229808388293, 4849.959881888879, 0.7340574239088332
0.0032, 0.8817668675258598, 7.639437268410973E-4, 8.373884028503227, 13.706044284789183, 13.043526656268515, -0.003567344192071069, 1.5045753488864146, -0.006223720591850007, 0.0026563763997789376, 0.0, 6.615, 0.9265965409540712, 3560.1490569605394, 849.9229808388293, 4849.959881888879, 0.7340574239088332
0.0033, 0.8977172909663269, 7.878169683048817E-4, 10.723286480469586, 16.138655517337348, 14.96274643435637, -0.0033399184881210357, 1.5047123400112312, -0.006393969425504765, 0.0030540509373837297, 0.0, 6.615, 0.955552682858886, 3560.1490569605394, 849.9229808388293, 4849.959881888879, 0.7340574239088332
0.0034, 0.9119396948942367, 8.116902097686655E-4, 13.34951391888611, 18.634253282997832, 17.110976402040784, -0.0030531422719887857, 1.504876099949981, -0.006563494716841305, 0.003510352444852519, 0.0, 6.615, 0.9845088247637006, 3560.1490569605394, 849.9229808388293, 4849.959881888879, 0.7340574239088332
0.0035, 0.9245512284010141, 8.355634512324502E-4, 16.27389778760878, 20.968332136285003, 19.505434172330226, -0.0027001536944010803, 1.5050200702945455, -0.006732317752748799, 0.0040321640583477186, 0.0, 6.615, 1.0134649666685154, 3560.1490569605394, 849.9229808388293, 4849.959881888879, 0.7340574239088332
0.0036, 0.9356186549373987, 8.594366926962345E-4, 19.518516658695376, 23.25680588947217, 22.163938663091184, -0.002273572738243774, 1.5051569018976143, -0.006900458603211013, 0.004626885864967239, 0.0, 6.615, 1.04242110857333, 3560.1490569605394, 849.9229808388293, 4849.959881888879, 0.7340574239088332
0.0037, 0.9452223688877985, 8.833099341600185E-4, 23.106196726034657, 25.590109926815327, 25.104910097048485, -0.001765483376154964, 1.505304381291528, -0.007067936222769608, 0.005302452846614644, 0.0, 6.615, 1.0713772504781447, 3560.1490569605394, 849.9229808388293, 4849.959881888879, 0.7340574239088332
0.0038, 0.9534184841345, 9.071831756238029E-4, 27.060512233132986, 27.750022186558287, 28.34737000178528, -0.0011674157171421432, 1.5053998616413764, -0.007234768541011389, 0.006067352823869246, 0.0, 6.615, 1.1003333923829595, 3560.1490569605394, 849.9229808388293, 4849.959881888879, 0.7340574239088332
