This fits B3 to B9 into the virial expansion since maxPower is set to 7.
Number of particles: 108
dryVolFracMax: 0.007
dryVolFracIncrement: 1.0E-4
Initial configuration: FCC
Dry microgel radius [nm]: 50.0
Box length [units of dry radius]: 48.3597586204941
Number of monomers: 2916666.666666667
Number of chains: 116.66666666666669
Flory interaction parameter (chi): 0.0
Young's calibration factor: 1.0
x-link fraction: 4.0E-5
MC steps: 100000
Equilibration steps: 10000.0
Snapshot interval: 100
Displacement tolerance: 0.1
Particle radius change tolerance: 0.0
Particle radius bin width: 0.001
g(r) bin width: 0.005
phi0, phi, rho, mu/kT, Z_measured, Z_virial_Fit, <F_total>/V, QMelting, <F_id>/V, <F_ex>/V, <F_FR>/V, <alpha>, Zeta, B2_rho, B2_phi0, B2_HS, B2*
2.0E-4, 0.05789943198848988, 4.774648292756861E-5, -9.712266226771098, 1.0442714612649544, 1.0871278249741223, -5.156330837197391E-4, 1.5005158152782994, -5.213638970822166E-4, 5.730813362477535E-6, 0.0, 6.615, 0.05791228380962948, 3560.1490569605394, 849.9229808388293, 4849.959881888879, 0.7340574239088332
3.0E-4, 0.08683808352700594, 7.161972439135293E-5, -9.240680330769543, 1.070331691664966, 1.1131657635385346, -7.415396036648303E-4, 1.5007420180709878, -7.530065463303081E-4, 1.1466942665477839E-5, 0.0, 6.615, 0.08686842571444423, 3560.1490569605394, 849.9229808388293, 4849.959881888879, 0.7340574239088332
4.0E-4, 0.11577163815803204, 9.549296585513724E-5, -8.880221339238464, 1.4296333564521777, 1.1488168757288393, -9.577026038217388E-4, 1.500961579940975, -9.765371141186377E-4, 1.883451029689895E-5, 0.0, 6.615, 0.11582456761925897, 3560.1490569605394, 849.9229808388293, 4849.959881888879, 0.7340574239088332
5.0E-4, 0.14469428390700315, 1.1936620731892148E-4, -8.568857711200737, 1.197774316284259, 1.198741518063179, -0.0011659212746084546, 1.5011681337400633, -0.0011940355932402447, 2.8114318631790114E-5, 0.0, 6.615, 0.1447807095240737, 3560.1490569605394, 849.9229808388293, 4849.959881888879, 0.7340574239088332
6.0E-4, 0.17359030331528952, 1.4323944878270585E-4, -8.280802419539057, 1.2882443982507192, 1.26277868648587, -0.0013670172970400565, 1.501370940019861, -0.001406727072591923, 3.9709775551866375E-5, 0.0, 6.615, 0.17373685142888845, 3560.1490569605394, 849.9229808388293, 4849.959881888879, 0.7340574239088332
7.0E-4, 0.20247532039938387, 1.6711269024649017E-4, -8.00506307050192, 1.2628594768804504, 1.33831348492776, -0.001561396792163838, 1.5015656427324107, -0.0016154210498813184, 5.402425771748044E-5, 0.0, 6.615, 0.20269299333370322, 3560.1490569605394, 849.9229808388293, 4849.959881888879, 0.7340574239088332
8.0E-4, 0.2313580846771419, 1.9098593171027449E-4, -7.737415382583162, 1.4336622387433735, 1.4218694478639289, -0.0017492945471427206, 1.5017575997493497, -0.0018206928681456847, 7.139832100296412E-5, 0.0, 6.615, 0.23164913523851796, 3560.1490569605394, 849.9229808388293, 4849.959881888879, 0.7340574239088332
9.0E-4, 0.2601988344463059, 2.148591731740588E-4, -7.476654943616152, 1.6715090577853795, 1.5100951936654385, -0.0019308857040181814, 1.5019452302499414, -0.0020229727110088343, 9.208700699065285E-5, 0.0, 6.615, 0.2606052771433327, 3560.1490569605394, 849.9229808388293, 4849.959881888879, 0.7340574239088332
0.001, 0.2890447353264298, 2.38732414637843E-4, -7.222687712458681, 1.4659580402867631, 1.6002974864277721, -0.0021063325608441127, 1.5021172136490744, -0.0022225944863660013, 1.1626192552188868E-4, 0.0, 6.615, 0.2895614190481475, 3560.1490569605394, 849.9229808388293, 4849.959881888879, 0.7340574239088332
0.0011, 0.3178290546264241, 2.626056561016274E-4, -6.975563840494014, 1.309973139495022, 1.6906553848445043, -0.002275798185590558, 1.5022837210029072, -0.0024198249427019227, 1.4402675711136482E-4, 0.0, 6.615, 0.31851756095296224, 3560.1490569605394, 849.9229808388293, 4849.959881888879, 0.7340574239088332
0.0012, 0.34661101277803136, 2.864788975654117E-4, -6.735032451247269, 1.9969833417962988, 1.7802327575806194, -0.0024394437895021177, 1.5024662092090306, -0.00261488210504646, 1.7543831554434248E-4, 0.0, 6.615, 0.34747370285777696, 3560.1490569605394, 849.9229808388293, 4849.959881888879, 0.7340574239088332
0.0013, 0.37532955062017753, 3.10352139029196E-4, -6.50037558895122, 1.6494677839121274, 1.8688890454859477, -0.002597419181398975, 1.5026162476222364, -0.002807947521593494, 2.105283401945189E-4, 0.0, 6.615, 0.3764298447625917, 3560.1490569605394, 849.9229808388293, 4849.959881888879, 0.7340574239088332
0.0014, 0.40405721540711953, 3.342253804929803E-4, -6.270364111045048, 1.945107107230485, 1.9571707518749017, -0.002749850970078675, 1.5027791300495434, -0.002999174719602353, 2.493237495236782E-4, 0.0, 6.615, 0.4053859866674065, 3560.1490569605394, 849.9229808388293, 4849.959881888879, 0.7340574239088332
0.0015, 0.4326872229467037, 3.580986219567647E-4, -6.043226819367416, 2.1805503170049065, 2.046248742984746, -0.002896830051231232, 1.5029354176956462, -0.003188695233083918, 2.918651818526862E-4, 0.0, 6.615, 0.4343421285722212, 3560.1490569605394, 849.9229808388293, 4849.959881888879, 0.7340574239088332
0.0016, 0.4612859712602476, 3.8197186342054886E-4, -5.816557638730982, 1.8697655680685799, 2.137949041610545, -0.0030383977392812525, 1.5030696829495884, -0.0033766230161081877, 3.3822527682693523E-4, 0.0, 6.615, 0.463298270477036, 3560.1490569605394, 849.9229808388293, 4849.959881888879, 0.7340574239088332
0.0017, 0.48987209812819243, 4.0584510488433315E-4, -5.587112381104977, 2.283109075739154, 2.23490739780084, -0.003174528437577339, 1.5032230937807287, -0.0035630577486152858, 3.8852931103794673E-4, 0.0, 6.615, 0.49225441238185075, 3560.1490569605394, 849.9229808388293, 4849.959881888879, 0.7340574239088332
0.0018, 0.5183028588407643, 4.297183463481176E-4, -5.3504700813071535, 2.5303340866871746, 2.3408605213838483, -0.0033051058678050397, 1.5033688708763469, -0.003748087361811589, 4.429814940065494E-4, 0.0, 6.615, 0.5212105542866655, 3560.1490569605394, 849.9229808388293, 4849.959881888879, 0.7340574239088332
0.0019, 0.5467502660365324, 4.535915878119019E-4, -5.100555657848179, 2.338912798213662, 2.4610694619802107, -0.0034298895445413055, 1.5034870410816068, -0.003931790000723226, 5.019004561819208E-4, 0.0, 6.615, 0.5501666961914803, 3560.1490569605394, 849.9229808388293, 4849.959881888879, 0.7340574239088332
0.002, 0.5752005795975353, 4.7746482927568624E-4, -4.82904151802309, 2.984914880208077, 2.602853223044093, -0.003548468353738502, 1.5036351151027703, -0.004114235572503025, 5.657672187645232E-4, 0.0, 6.615, 0.579122838096295, 3560.1490569605394, 849.9229808388293, 4849.959881888879, 0.7340574239088332
0.0021, 0.6034591156394385, 5.013380707394704E-4, -4.524666086675033, 3.2202171131871533, 2.7761932973599777, -0.00366019875833222, 1.503761887834285, -0.0042954869843524115, 6.352882260201916E-4, 0.0, 6.615, 0.6080789800011096, 3560.1490569605394, 849.9229808388293, 4849.959881888879, 0.7340574239088332
0.0022, 0.6324525405537739, 5.252113122032547E-4, -4.172527305199186, 3.2192392035797366, 2.994352412309432, -0.0037641263008355696, 1.5038694431573278, -0.0044756011451519695, 7.114748443163997E-4, 0.0, 6.615, 0.6370351219059244, 3560.1490569605394, 849.9229808388293, 4849.959881888879, 0.7340574239088332
0.0023, 0.6609753305064048, 5.490845536670391E-4, -3.7534290388446863, 3.354210539612224, 3.2744333741063087, -0.003858890696248489, 1.5039716574290276, -0.004654629784629776, 7.957390883812868E-4, 0.0, 6.615, 0.665991263810739, 3560.1490569605394, 849.9229808388293, 4849.959881888879, 0.7340574239088332
0.0024, 0.689196164111427, 5.729577951308231E-4, -3.2433781135913655, 3.5745355740651386, 3.6377865010869854, -0.00394261690555831, 1.504066651150831, -0.004832620129818146, 8.900032242598363E-4, 0.0, 6.615, 0.6949474057155537, 3560.1490569605394, 849.9229808388293, 4849.959881888879, 0.7340574239088332
0.0025, 0.7170864280214154, 5.968310365946075E-4, -2.6133494186910218, 3.8606154116352203, 4.110156737026486, -0.00401279714846707, 1.5041541582702092, -0.005009615468588517, 9.968183201214476E-4, 0.0, 6.615, 0.7239035476203683, 3560.1490569605394, 849.9229808388293, 4849.959881888879, 0.7340574239088332
0.0026, 0.7447570003582029, 6.207042780583919E-4, -1.829456181527144, 4.351271241261363, 4.72144413633724, -0.004066171852432287, 1.5042360347627142, -0.005185655622889315, 0.0011194837704570281, 0.0, 6.615, 0.7528596895251831, 3560.1490569605394, 849.9229808388293, 4849.959881888879, 0.7340574239088332
0.0027, 0.7717937625476253, 6.445775195221761E-4, -0.8536821628304887, 5.0154571550327605, 5.504934013893646, -0.00409862104278624, 1.5043075961283994, -0.005360777349080229, 0.0012621563062939888, 0.0, 6.615, 0.7818158314299978, 3560.1490569605394, 849.9229808388293, 4849.959881888879, 0.7340574239088332
0.0028, 0.7977900853740963, 6.684507609859605E-4, 0.35464785795353837, 5.979086662180316, 6.495835653114483, -0.004105081655032877, 1.504365285347672, -0.005535014678884134, 0.0014299330238512573, 0.0, 6.615, 0.8107719733348124, 3560.1490569605394, 849.9229808388293, 4849.959881888879, 0.7340574239088332
0.0029, 0.8220797448111707, 6.923240024497446E-4, 1.8364633290133687, 7.437559503654607, 7.728951066811817, -0.004079510695018348, 1.5044374797140783, -0.005708399211575585, 0.0016288885165572364, 0.0, 6.615, 0.8397281152396272, 3560.1490569605394, 849.9229808388293, 4849.959881888879, 0.7340574239088332
0.003, 0.8441396026293415, 7.161972439135289E-4, 3.6293933270880077, 9.281748153927476, 9.235277906214662, -0.00401491908526731, 1.5045238397269236, -0.005880960365824366, 0.0018660412805570556, 0.0, 6.615, 0.8686842571444419, 3560.1490569605394, 849.9229808388293, 4849.959881888879, 0.7340574239088332
0.0031, 0.8639492583854518, 7.400704853773128E-4, 5.762826943346038, 11.463426852349459, 11.037333214448154, -0.003903506416179638, 1.5046324372014506, -0.0060527255979264645, 0.0021492191817468267, 0.0, 6.615, 0.8976403990492565, 3560.1490569605394, 849.9229808388293, 4849.959881888879, 0.7340574239088332
0.0032, 0.8817668675258598, 7.639437268410973E-4, 8.251333896870154, 13.706044284789183, 13.142967321645585, -0.00373693266886292, 1.5047449373632065, -0.006223720591850007, 0.002486787922987087, 0.0, 6.615, 0.9265965409540712, 3560.1490569605394, 849.9229808388293, 4849.959881888879, 0.7340574239088332
0.0033, 0.8977172909663269, 7.878169683048817E-4, 11.086171034010057, 16.138655517337348, 15.537419779749257, -0.003506769292038396, 1.5048791908151486, -0.006393969425504765, 0.0028872001334663694, 0.0, 6.615, 0.955552682858886, 3560.1490569605394, 849.9229808388293, 4849.959881888879, 0.7340574239088332
0.0034, 0.9119396948942367, 8.116902097686655E-4, 14.224580789978909, 18.634253282997832, 18.17335183594446, -0.0032051787986276045, 1.5050281364766198, -0.006563494716841305, 0.0033583159182137, 0.0, 6.615, 0.9845088247637006, 3560.1490569605394, 849.9229808388293, 4849.959881888879, 0.7340574239088332
0.0035, 0.9245512284010141, 8.355634512324502E-4, 17.576568108993257, 20.968332136285003, 20.958572544557114, -0.0028258792982620608, 1.5051457958984065, -0.006732317752748799, 0.003906438454486738, 0.0, 6.615, 1.0134649666685154, 3560.1490569605394, 849.9229808388293, 4849.959881888879, 0.7340574239088332
0.0036, 0.9356186549373987, 8.594366926962345E-4, 20.9888227405915, 23.25680588947217, 23.741158218138708, -0.0023654581000127134, 1.5052487872593834, -0.006900458603211013, 0.0045350005031983, 0.0, 6.615, 1.04242110857333, 3560.1490569605394, 849.9229808388293, 4849.959881888879, 0.7340574239088332
0.0037, 0.9452223688877985, 8.833099341600185E-4, 24.225434252042216, 25.590109926815327, 26.29164751932626, -0.0018251067050835705, 1.5053640046204566, -0.007067936222769608, 0.005242829517686037, 0.0, 6.615, 1.0713772504781447, 3560.1490569605394, 849.9229808388293, 4849.959881888879, 0.7340574239088332
0.0038, 0.9534184841345, 9.071831756238029E-4, 26.94502751993527, 27.750022186558287, 28.281977095976117, -0.0012128581620394884, 1.5054453040862736, -0.007234768541011389, 0.006021910378971901, 0.0, 6.615, 1.1003333923829595, 3560.1490569605394, 849.9229808388293, 4849.959881888879, 0.7340574239088332
