This fits B3 to B3 into the virial expansion since maxPower is set to 1.
Number of particles: 108
dryVolFracMax: 0.007
dryVolFracIncrement: 1.0E-4
Initial configuration: FCC
Dry microgel radius [nm]: 50.0
Box length [units of dry radius]: 48.3597586204941
Number of monomers: 2916666.666666667
Number of chains: 116.66666666666669
Flory interaction parameter (chi): 0.0
Young's calibration factor: 1.0
x-link fraction: 4.0E-5
MC steps: 100000
Equilibration steps: 10000.0
Snapshot interval: 100
Displacement tolerance: 0.1
Particle radius change tolerance: 0.0
Particle radius bin width: 0.001
g(r) bin width: 0.005
phi0, phi, rho, mu/kT, Z_measured, Z_virial_Fit, <F_total>/V, QMelting, <F_id>/V, <F_ex>/V, <F_FR>/V, <alpha>, Zeta, B2_rho, B2_phi0, B2_HS, B2*
2.0E-4, 0.05789943198848988, 4.774648292756861E-5, -9.531114646211137, 1.0442714612649544, 1.202208654560817, -5.124784377363823E-4, 1.500512660632316, -5.213638970822166E-4, 8.885459345834275E-6, 0.0, 6.615, 0.05791228380962948, 3560.1490569605394, 849.9229808388293, 4849.959881888879, 0.7340574239088332
3.0E-4, 0.08683808352700594, 7.161972439135293E-5, -8.895244832448233, 1.070331691664966, 1.3274810256360141, -7.321488084843505E-4, 1.5007326272758073, -7.530065463303081E-4, 2.085773784595757E-5, 0.0, 6.615, 0.08686842571444423, 3560.1490569605394, 849.9229808388293, 4849.959881888879, 0.7340574239088332
4.0E-4, 0.11577163815803204, 9.549296585513724E-5, -8.352990010546929, 1.4296333564521777, 1.4688654259077367, -9.37918105827459E-4, 1.5009417954429807, -9.765371141186377E-4, 3.861900829117871E-5, 0.0, 6.615, 0.11582456761925897, 3560.1490569605394, 849.9229808388293, 4849.959881888879, 0.7340574239088332
5.0E-4, 0.14469428390700315, 1.1936620731892148E-4, -7.851105665988404, 1.197774316284259, 1.6263618553759844, -0.0011312893530135268, 1.5011335018184684, -0.0011940355932402447, 6.274624022671788E-5, 0.0, 6.615, 0.1447807095240737, 3560.1490569605394, 849.9229808388293, 4849.959881888879, 0.7340574239088332
6.0E-4, 0.17359030331528952, 1.4323944878270585E-4, -7.365875272155347, 1.2882443982507192, 1.7999703140407586, -0.0013129106693941272, 1.5013168333922149, -0.001406727072591923, 9.381640319779565E-5, 0.0, 6.615, 0.17373685142888845, 3560.1490569605394, 849.9229808388293, 4849.959881888879, 0.7340574239088332
7.0E-4, 0.20247532039938387, 1.6711269024649017E-4, -6.884647711494199, 1.2628594768804504, 1.989690801902058, -0.0014830145831316863, 1.5014872605233784, -0.0016154210498813184, 1.3240646674963206E-4, 0.0, 6.615, 0.20269299333370322, 3560.1490569605394, 849.9229808388293, 4849.959881888879, 0.7340574239088332
8.0E-4, 0.2313580846771419, 1.9098593171027449E-4, -6.399871394240997, 1.4336622387433735, 2.195523318959883, -0.001641599467718237, 1.5016499046699252, -0.0018206928681456847, 1.7909340042744756E-4, 0.0, 6.615, 0.23164913523851796, 3560.1490569605394, 849.9229808388293, 4849.959881888879, 0.7340574239088332
9.0E-4, 0.2601988344463059, 2.148591731740588E-4, -5.906675390161146, 1.6715090577853795, 2.417467865214234, -0.001788518537232372, 1.5018028630831557, -0.0020229727110088343, 2.3445417377646234E-4, 0.0, 6.615, 0.2606052771433327, 3560.1490569605394, 849.9229808388293, 4849.959881888879, 0.7340574239088332
0.001, 0.2890447353264298, 2.38732414637843E-4, -5.401733862285065, 1.4659580402867631, 2.6555244406651086, -0.0019235287300241048, 1.5019344098182543, -0.0022225944863660013, 2.990657563418964E-4, 0.0, 6.615, 0.2895614190481475, 3560.1490569605394, 849.9229808388293, 4849.959881888879, 0.7340574239088332
0.0011, 0.3178290546264241, 2.626056561016274E-4, -4.882674626467695, 1.309973139495022, 2.909693045312512, -0.0020463198250329517, 1.5020542426423495, -0.0024198249427019227, 3.73505117668971E-4, 0.0, 6.615, 0.31851756095296224, 3560.1490569605394, 849.9229808388293, 4849.959881888879, 0.7340574239088332
0.0012, 0.34661101277803136, 2.864788975654117E-4, -4.3477461496702325, 1.9969833417962988, 3.179973679156439, -0.0021565328777435546, 1.502183298297272, -0.00261488210504646, 4.583492273029055E-4, 0.0, 6.615, 0.34747370285777696, 3560.1490569605394, 849.9229808388293, 4849.959881888879, 0.7340574239088332
0.0013, 0.37532955062017753, 3.10352139029196E-4, -3.795618298394075, 1.6494677839121274, 3.466366342196892, -0.0022537724668045735, 1.502272600907642, -0.002807947521593494, 5.541750547889203E-4, 0.0, 6.615, 0.3764298447625917, 3560.1490569605394, 849.9229808388293, 4849.959881888879, 0.7340574239088332
0.0014, 0.40405721540711953, 3.342253804929803E-4, -3.225257138842946, 1.945107107230485, 3.7688710344338707, -0.0023376151499301164, 1.5023668942293948, -0.002999174719602353, 6.615595696722362E-4, 0.0, 6.615, 0.4053859866674065, 3560.1490569605394, 849.9229808388293, 4849.959881888879, 0.7340574239088332
0.0015, 0.4326872229467037, 3.580986219567647E-4, -2.635843036163794, 2.1805503170049065, 4.087487755867375, -0.0024076154915858446, 1.5024462031360009, -0.003188695233083918, 7.810797414980735E-4, 0.0, 6.615, 0.4343421285722212, 3560.1490569605394, 849.9229808388293, 4849.959881888879, 0.7340574239088332
0.0016, 0.4612859712602476, 3.8197186342054886E-4, -2.0267152400392403, 1.8697655680685799, 4.422216506497403, -0.0024633104762965367, 1.5024945956866036, -0.0033766230161081877, 9.133125398116512E-4, 0.0, 6.615, 0.463298270477036, 3560.1490569605394, 849.9229808388293, 4849.959881888879, 0.7340574239088332
0.0017, 0.48987209812819243, 4.0584510488433315E-4, -1.3973332994410317, 2.283109075739154, 4.773057286323958, -0.002504222814457095, 1.5025527881576084, -0.0035630577486152858, 0.001058834934158191, 0.0, 6.615, 0.49225441238185075, 3560.1490569605394, 849.9229808388293, 4849.959881888879, 0.7340574239088332
0.0018, 0.5183028588407643, 4.297183463481176E-4, -0.7472495230245162, 2.5303340866871746, 5.1400100953470425, -0.002529863467728675, 1.5025936284762704, -0.003748087361811589, 0.001218223894082914, 0.0, 6.615, 0.5212105542866655, 3560.1490569605394, 849.9229808388293, 4849.959881888879, 0.7340574239088332
0.0019, 0.5467502660365324, 4.535915878119019E-4, -0.07608889538288999, 2.338912798213662, 5.523074933566649, -0.002539733611592188, 1.5025968851486577, -0.003931790000723226, 0.0013920563891310382, 0.0, 6.615, 0.5501666961914803, 3560.1490569605394, 849.9229808388293, 4849.959881888879, 0.7340574239088332
0.002, 0.5752005795975353, 4.7746482927568624E-4, 0.6164658491708019, 2.984914880208077, 5.922251800982781, -0.0025333261836552393, 1.5026199729326868, -0.004114235572503025, 0.0015809093888477857, 0.0, 6.615, 0.579122838096295, 3560.1490569605394, 849.9229808388293, 4849.959881888879, 0.7340574239088332
0.0021, 0.6034591156394385, 5.013380707394704E-4, 1.3306855073011583, 3.2202171131871533, 6.337540697595436, -0.0025101271215740373, 1.5026118161975268, -0.0042954869843524115, 0.0017853598627783742, 0.0, 6.615, 0.6080789800011096, 3560.1490569605394, 849.9229808388293, 4849.959881888879, 0.7340574239088332
0.0022, 0.6324525405537739, 5.252113122032547E-4, 2.0668030606917664, 3.2192392035797366, 6.768941623404619, -0.0024696163646839428, 1.5025749332211764, -0.0044756011451519695, 0.0020059847804680267, 0.0, 6.615, 0.6370351219059244, 3560.1490569605394, 849.9229808388293, 4849.959881888879, 0.7340574239088332
0.0023, 0.6609753305064048, 5.490845536670391E-4, 2.8250204048131096, 3.354210539612224, 7.21645457841033, -0.0024112686731678113, 1.502524035405947, -0.004654629784629776, 0.0022433611114619644, 0.0, 6.615, 0.665991263810739, 3560.1490569605394, 849.9229808388293, 4849.959881888879, 0.7340574239088332
0.0024, 0.689196164111427, 5.729577951308231E-4, 3.6055136445771865, 3.5745355740651386, 7.680079562612558, -0.002334554304512745, 1.5024585885497852, -0.004832620129818146, 0.002498065825305401, 0.0, 6.615, 0.6949474057155537, 3560.1490569605394, 849.9229808388293, 4849.959881888879, 0.7340574239088332
0.0025, 0.7170864280214154, 5.968310365946075E-4, 4.4084373082375246, 3.8606154116352203, 8.15981657601132, -0.002238939577044951, 1.502380300698787, -0.005009615468588517, 0.002770675891543566, 0.0, 6.615, 0.7239035476203683, 3560.1490569605394, 849.9229808388293, 4849.959881888879, 0.7340574239088332
0.0026, 0.7447570003582029, 6.207042780583919E-4, 5.233927734325681, 4.351271241261363, 8.655665618606609, -0.002123887343167639, 1.5022937502534495, -0.005185655622889315, 0.003061768279721676, 0.0, 6.615, 0.7528596895251831, 3560.1490569605394, 849.9229808388293, 4849.959881888879, 0.7340574239088332
0.0027, 0.7717937625476253, 6.445775195221761E-4, 6.0821058190381825, 5.0154571550327605, 9.167626690398416, -0.0019888573896952814, 1.5021978324753085, -0.005360777349080229, 0.0033719199593849475, 0.0, 6.615, 0.7818158314299978, 3560.1490569605394, 849.9229808388293, 4849.959881888879, 0.7340574239088332
0.0028, 0.7977900853740963, 6.684507609859605E-4, 6.953079263733508, 5.979086662180316, 9.695699791386755, -0.0018333067788055277, 1.5020935104714446, -0.005535014678884134, 0.0037017079000786065, 0.0, 6.615, 0.8107719733348124, 3560.1490569605394, 849.9229808388293, 4849.959881888879, 0.7340574239088332
0.0029, 0.8220797448111707, 6.923240024497446E-4, 7.846944427864009, 7.437559503654607, 10.239884921571615, -0.0016566901402277163, 1.5020146591592876, -0.005708399211575585, 0.004051709071347868, 0.0, 6.615, 0.8397281152396272, 3560.1490569605394, 849.9229808388293, 4849.959881888879, 0.7340574239088332
0.003, 0.8441396026293415, 7.161972439135289E-4, 8.763787867653711, 9.281748153927476, 10.800182080953002, -0.001458459923086409, 1.5019673805647427, -0.005880960365824366, 0.004422500442737957, 0.0, 6.615, 0.8686842571444419, 3560.1490569605394, 849.9229808388293, 4849.959881888879, 0.7340574239088332
0.0031, 0.8639492583854518, 7.400704853773128E-4, 9.703687622385495, 11.463426852349459, 11.376591269530905, -0.0012380666141323798, 1.5019669973994032, -0.0060527255979264645, 0.004814658983794085, 0.0, 6.615, 0.8976403990492565, 3560.1490569605394, 849.9229808388293, 4849.959881888879, 0.7340574239088332
0.0032, 0.8817668675258598, 7.639437268410973E-4, 10.666714296403686, 13.706044284789183, 11.969112487305349, -9.949589277885177E-4, 1.5020029636221321, -0.006223720591850007, 0.005228761664061489, 0.0, 6.615, 0.9265965409540712, 3560.1490569605394, 849.9229808388293, 4849.959881888879, 0.7340574239088332
0.0033, 0.8977172909663269, 7.878169683048817E-4, 11.65293197456883, 16.138655517337348, 12.577745734276316, -7.285839724193877E-4, 1.5021010054955297, -0.006393969425504765, 0.005665385453085378, 0.0, 6.615, 0.955552682858886, 3560.1490569605394, 849.9229808388293, 4849.959881888879, 0.7340574239088332
0.0034, 0.9119396948942367, 8.116902097686655E-4, 12.662399001011671, 18.634253282997832, 13.202491010443795, -4.3838739643034183E-4, 1.5022613450744224, -0.006563494716841305, 0.006125107320410963, 0.0, 6.615, 0.9845088247637006, 3560.1490569605394, 849.9229808388293, 4849.959881888879, 0.7340574239088332
0.0035, 0.9245512284010141, 8.355634512324502E-4, 13.6951686449729, 20.968332136285003, 13.843348315807818, -1.2381351716530924E-4, 1.5024437301173097, -0.006732317752748799, 0.00660850423558349, 0.0, 6.615, 1.0134649666685154, 3560.1490569605394, 849.9229808388293, 4849.959881888879, 0.7340574239088332
0.0036, 0.9356186549373987, 8.594366926962345E-4, 14.751289672822349, 23.25680588947217, 14.500317650368359, 2.1569456493714372E-4, 1.5026676345944334, -0.006900458603211013, 0.007116153168148157, 0.0, 6.615, 1.04242110857333, 3560.1490569605394, 849.9229808388293, 4849.959881888879, 0.7340574239088332
0.0037, 0.9452223688877985, 8.833099341600185E-4, 15.830806841687995, 25.590109926815327, 15.17339901412542, 5.806948648805809E-4, 1.5029582030504924, -0.007067936222769608, 0.007648631087650189, 0.0, 6.615, 1.0713772504781447, 3560.1490569605394, 849.9229808388293, 4849.959881888879, 0.7340574239088332
0.0038, 0.9534184841345, 9.071831756238029E-4, 16.93376132724249, 27.750022186558287, 15.862592407079015, 9.717464226234249E-4, 1.503260699501611, -0.007234768541011389, 0.008206514963634814, 0.0, 6.615, 1.1003333923829595, 3560.1490569605394, 849.9229808388293, 4849.959881888879, 0.7340574239088332
