This fits B3 to B12 into the virial expansion since maxPower is set to 10.
Number of particles: 108
dryVolFracMax: 0.007
dryVolFracIncrement: 1.0E-4
Initial configuration: FCC
Dry microgel radius [nm]: 50.0
Box length [units of dry radius]: 48.3597586204941
Number of monomers: 2916666.666666667
Number of chains: 116.66666666666669
Flory interaction parameter (chi): 0.0
Young's calibration factor: 1.0
x-link fraction: 4.0E-5
MC steps: 100000
Equilibration steps: 10000.0
Snapshot interval: 100
Displacement tolerance: 0.1
Particle radius change tolerance: 0.0
Particle radius bin width: 0.001
g(r) bin width: 0.005
phi0, phi, rho, mu/kT, Z_measured, Z_virial_Fit, <F_total>/V, QMelting, <F_id>/V, <F_ex>/V, <F_FR>/V, <alpha>, Zeta, B2_rho, B2_phi0, B2_HS, B2*
2.0E-4, 0.05789943198848988, 4.774648292756861E-5, -9.828005120083008, 1.0442714612649544, 1.033647853395177, -5.186057282633509E-4, 1.500518787922843, -5.213638970822166E-4, 2.758168818865759E-6, 0.0, 6.615, 0.05791228380962948, 3560.1490569605394, 849.9229808388293, 4849.959881888879, 0.7340574239088332
3.0E-4, 0.08683808352700594, 7.161972439135293E-5, -9.324268007839402, 1.070331691664966, 1.106295436631002, -7.47034079139491E-4, 1.5007475125464624, -7.530065463303081E-4, 5.9724671908171045E-6, 0.0, 6.615, 0.08686842571444423, 3560.1490569605394, 849.9229808388293, 4849.959881888879, 0.7340574239088332
4.0E-4, 0.11577163815803204, 9.549296585513724E-5, -8.886661314504396, 1.4296333564521777, 1.211518971601995, -9.643051852601771E-4, 1.5009681825224135, -9.765371141186377E-4, 1.2231928858460605E-5, 0.0, 6.615, 0.11582456761925897, 3560.1490569605394, 849.9229808388293, 4849.959881888879, 0.7340574239088332
5.0E-4, 0.14469428390700315, 1.1936620731892148E-4, -8.506450998148228, 1.197774316284259, 1.3103562301305773, -0.0011717950468206149, 1.5011740075122755, -0.0011940355932402447, 2.2240546419629887E-5, 0.0, 6.615, 0.1447807095240737, 3560.1490569605394, 849.9229808388293, 4849.959881888879, 0.7340574239088332
6.0E-4, 0.17359030331528952, 1.4323944878270585E-4, -8.192612988367497, 1.2882443982507192, 1.3787048943628242, -0.0013709902976463456, 1.5013749130204672, -0.001406727072591923, 3.5736774945577264E-5, 0.0, 6.615, 0.17373685142888845, 3560.1490569605394, 849.9229808388293, 4849.959881888879, 0.7340574239088332
7.0E-4, 0.20247532039938387, 1.6711269024649017E-4, -7.942434896049768, 1.2628594768804504, 1.4133721313992131, -0.0015634740817840151, 1.5015677200220308, -0.0016154210498813184, 5.194696809730316E-5, 0.0, 6.615, 0.20269299333370322, 3560.1490569605394, 849.9229808388293, 4849.959881888879, 0.7340574239088332
8.0E-4, 0.2313580846771419, 1.9098593171027449E-4, -7.739081698380161, 1.4336622387433735, 1.4269772005498391, -0.0017505882989233951, 1.5017588935011303, -0.0018206928681456847, 7.01045692222897E-5, 0.0, 6.615, 0.23164913523851796, 3560.1490569605394, 849.9229808388293, 4849.959881888879, 0.7340574239088332
9.0E-4, 0.2601988344463059, 2.148591731740588E-4, -7.558089292811035, 1.6715090577853795, 1.439272994964565, -0.0019331658218989269, 1.5019475103678221, -0.0020229727110088343, 8.980688910990735E-5, 0.0, 6.615, 0.2606052771433327, 3560.1490569605394, 849.9229808388293, 4849.959881888879, 0.7340574239088332
0.001, 0.2890447353264298, 2.38732414637843E-4, -7.375223083122409, 1.4659580402867631, 1.469172213564033, -0.002111443845189529, 1.5021223249334197, -0.0022225944863660013, 1.1115064117647223E-4, 0.0, 6.615, 0.2895614190481475, 3560.1490569605394, 849.9229808388293, 4849.959881888879, 0.7340574239088332
0.0011, 0.3178290546264241, 2.626056561016274E-4, -7.172361978272212, 1.309973139495022, 1.529450610514229, -0.002285145204151671, 1.5022930680214683, -0.0024198249427019227, 1.3467973855025195E-4, 0.0, 6.615, 0.31851756095296224, 3560.1490569605394, 849.9229808388293, 4849.959881888879, 0.7340574239088332
0.0012, 0.34661101277803136, 2.864788975654117E-4, -6.940331550997628, 1.9969833417962988, 1.6245727819438927, -0.002453664351054283, 1.5024804297705827, -0.00261488210504646, 1.6121775399217724E-4, 0.0, 6.615, 0.34747370285777696, 3560.1490569605394, 849.9229808388293, 4849.959881888879, 0.7340574239088332
0.0013, 0.37532955062017753, 3.10352139029196E-4, -6.678874117904943, 1.6494677839121274, 1.751180901626514, -0.0026162856074454298, 1.5026351140482828, -0.002807947521593494, 1.9166191414806414E-4, 0.0, 6.615, 0.3764298447625917, 3560.1490569605394, 849.9229808388293, 4849.959881888879, 0.7340574239088332
0.0014, 0.40405721540711953, 3.342253804929803E-4, -6.394568729826201, 1.945107107230485, 1.9003557618024904, -0.0027723742943751017, 1.5028016533738398, -0.002999174719602353, 2.2680042522725086E-4, 0.0, 6.615, 0.4053859866674065, 3560.1490569605394, 849.9229808388293, 4849.959881888879, 0.7340574239088332
0.0015, 0.4326872229467037, 3.580986219567647E-4, -6.097706683073913, 2.1805503170049065, 2.060670839488421, -0.0029215037482325417, 1.5029600913926475, -0.003188695233083918, 2.6719148485137634E-4, 0.0, 6.615, 0.4343421285722212, 3560.1490569605394, 849.9229808388293, 4849.959881888879, 0.7340574239088332
0.0016, 0.4612859712602476, 3.8197186342054886E-4, -5.799037572995859, 1.8697655680685799, 2.2211986942440998, -0.0030635045920707218, 1.5030947898023779, -0.0033766230161081877, 3.13118424037466E-4, 0.0, 6.615, 0.463298270477036, 3560.1490569605394, 849.9229808388293, 4849.959881888879, 0.7340574239088332
0.0017, 0.48987209812819243, 4.0584510488433315E-4, -5.5070458248773155, 2.283109075739154, 2.3738959865823173, -0.0031984416560589595, 1.5032470069992103, -0.0035630577486152858, 3.646160925563263E-4, 0.0, 6.615, 0.49225441238185075, 3560.1490569605394, 849.9229808388293, 4849.959881888879, 0.7340574239088332
0.0018, 0.5183028588407643, 4.297183463481176E-4, -5.226094185809669, 2.5303340866871746, 2.515106337620363, -0.003326535887677628, 1.5033903008962193, -0.003748087361811589, 4.215514741339615E-4, 0.0, 6.615, 0.5212105542866655, 3560.1490569605394, 849.9229808388293, 4849.959881888879, 0.7340574239088332
0.0019, 0.5467502660365324, 4.535915878119019E-4, -4.955455213116901, 2.338912798213662, 2.6462130551745346, -0.0034480527798339657, 1.5035052043168995, -0.003931790000723226, 4.837372208892606E-4, 0.0, 6.615, 0.5501666961914803, 3560.1490569605394, 849.9229808388293, 4849.959881888879, 0.7340574239088332
0.002, 0.5752005795975353, 4.7746482927568624E-4, -4.689002031266745, 2.984914880208077, 2.773696728823083, -0.0035631761894222196, 1.5036498229384538, -0.004114235572503025, 5.510593830808054E-4, 0.0, 6.615, 0.579122838096295, 3560.1490569605394, 849.9229808388293, 4849.959881888879, 0.7340574239088332
0.0021, 0.6034591156394385, 5.013380707394704E-4, -4.415184987854481, 3.2202171131871533, 2.908972520167339, -0.0036718789948639464, 1.5037735680708169, -0.0042954869843524115, 6.236079894884651E-4, 0.0, 6.615, 0.6080789800011096, 3560.1490569605394, 849.9229808388293, 4849.959881888879, 0.7340574239088332
0.0022, 0.6324525405537739, 5.252113122032547E-4, -4.11690270911927, 3.2192392035797366, 3.0683816933700996, -0.0037737926495871182, 1.5038791095060795, -0.0044756011451519695, 7.018084955648513E-4, 0.0, 6.615, 0.6370351219059244, 3560.1490569605394, 849.9229808388293, 4849.959881888879, 0.7340574239088332
0.0023, 0.6609753305064048, 5.490845536670391E-4, -3.7709878691152383, 3.354210539612224, 3.2735909671092145, -0.0038680694260565156, 1.5039808361588356, -0.004654629784629776, 7.8656035857326E-4, 0.0, 6.615, 0.665991263810739, 3560.1490569605394, 849.9229808388293, 4849.959881888879, 0.7340574239088332
0.0024, 0.689196164111427, 5.729577951308231E-4, -3.3472552621837544, 3.5745355740651386, 3.552427420315553, -0.003953226976866468, 1.504077261222139, -0.004832620129818146, 8.793931529516782E-4, 0.0, 6.615, 0.6949474057155537, 3560.1490569605394, 849.9229808388293, 4849.959881888879, 0.7340574239088332
0.0025, 0.7170864280214154, 5.968310365946075E-4, -2.807370135008944, 3.8606154116352203, 3.939878121435413, -0.004026967171056668, 1.504168328292799, -0.005009615468588517, 9.82648297531849E-4, 0.0, 6.615, 0.7239035476203683, 3560.1490569605394, 849.9229808388293, 4849.959881888879, 0.7340574239088332
0.0026, 0.7447570003582029, 6.207042780583919E-4, -2.1041379403922864, 4.351271241261363, 4.478660920763787, -0.00408597141473225, 1.504255834325014, -0.005185655622889315, 0.0010996842081570646, 0.0, 6.615, 0.7528596895251831, 3560.1490569605394, 849.9229808388293, 4849.959881888879, 0.7340574239088332
0.0027, 0.7717937625476253, 6.445775195221761E-4, -1.1821245992409724, 5.0154571550327605, 5.218490868330264, -0.00412569284150178, 1.504334667927115, -0.005360777349080229, 0.001235084507578449, 0.0, 6.615, 0.7818158314299978, 3560.1490569605394, 849.9229808388293, 4849.959881888879, 0.7340574239088332
0.0028, 0.7977900853740963, 6.684507609859605E-4, 0.019296992924595635, 5.979086662180316, 6.213006789967494, -0.004140190027179511, 1.5044003937198187, -0.005535014678884134, 0.0013948246517046237, 0.0, 6.615, 0.8107719733348124, 3560.1490569605394, 849.9229808388293, 4849.959881888879, 0.7340574239088332
0.0029, 0.8220797448111707, 6.923240024497446E-4, 1.5594169589232498, 7.437559503654607, 7.513382342826844, -0.004122073144996482, 1.5044800421640563, -0.005708399211575585, 0.0015863260665791024, 0.0, 6.615, 0.8397281152396272, 3560.1490569605394, 849.9229808388293, 4849.959881888879, 0.7340574239088332
0.003, 0.8441396026293415, 7.161972439135289E-4, 3.4855030120181825, 9.281748153927476, 9.158039418992303, -0.004062654940634018, 1.5045715755822902, -0.005880960365824366, 0.0018183054251903474, 0.0, 6.615, 0.8686842571444419, 3560.1490569605394, 849.9229808388293, 4849.959881888879, 0.7340574239088332
0.0031, 0.8639492583854518, 7.400704853773128E-4, 5.818159459064059, 11.463426852349459, 11.158739494367182, -0.00395240565888266, 1.5046813364441536, -0.0060527255979264645, 0.0021003199390438043, 0.0, 6.615, 0.8976403990492565, 3560.1490569605394, 849.9229808388293, 4849.959881888879, 0.7340574239088332
0.0032, 0.8817668675258598, 7.639437268410973E-4, 8.53444615737634, 13.706044284789183, 13.484797219851316, -0.0037817896398170733, 1.5047897943341606, -0.006223720591850007, 0.0024419309520329335, 0.0, 6.615, 0.9265965409540712, 3560.1490569605394, 849.9229808388293, 4849.959881888879, 0.7340574239088332
0.0033, 0.8977172909663269, 7.878169683048817E-4, 11.552807815447103, 16.138655517337348, 16.049403388424253, -0.0035424942919423342, 1.5049149158150525, -0.006393969425504765, 0.002851475133562431, 0.0, 6.615, 0.955552682858886, 3560.1490569605394, 849.9229808388293, 4849.959881888879, 0.7340574239088332
0.0034, 0.9119396948942367, 8.116902097686655E-4, 14.727211288551352, 18.634253282997832, 18.705240932940796, -0.003228927716486467, 1.5050518853944788, -0.006563494716841305, 0.0033345670003548378, 0.0, 6.615, 0.9845088247637006, 3560.1490569605394, 849.9229808388293, 4849.959881888879, 0.7340574239088332
0.0035, 0.9245512284010141, 8.355634512324502E-4, 17.86245919575677, 20.968332136285003, 21.260923721471045, -0.0028396327478759677, 1.5051595493480205, -0.006732317752748799, 0.003892685004872831, 0.0, 6.615, 1.0134649666685154, 3560.1490569605394, 849.9229808388293, 4849.959881888879, 0.7340574239088332
0.0036, 0.9356186549373987, 8.594366926962345E-4, 20.76867119972161, 23.25680588947217, 23.535495919248206, -0.0023779106863376703, 1.5052612398457084, -0.006900458603211013, 0.004522547916873343, 0.0, 6.615, 1.04242110857333, 3560.1490569605394, 849.9229808388293, 4849.959881888879, 0.7340574239088332
0.0037, 0.9452223688877985, 8.833099341600185E-4, 23.3806463936593, 25.590109926815327, 25.47552824257582, -0.0018504299479777135, 1.5053893278633508, -0.007067936222769608, 0.005217506274791894, 0.0, 6.615, 1.0713772504781447, 3560.1490569605394, 849.9229808388293, 4849.959881888879, 0.7340574239088332
0.0038, 0.9534184841345, 9.071831756238029E-4, 25.977506077770744, 27.750022186558287, 27.368481565310503, -0.0012618695599299467, 1.5054943154841642, -0.007234768541011389, 0.005972898981081443, 0.0, 6.615, 1.1003333923829595, 3560.1490569605394, 849.9229808388293, 4849.959881888879, 0.7340574239088332
