This fits B3 to B10 into the virial expansion since maxPower is set to 8.
Number of particles: 108
dryVolFracMax: 0.007
dryVolFracIncrement: 1.0E-4
Initial configuration: FCC
Dry microgel radius [nm]: 50.0
Box length [units of dry radius]: 48.3597586204941
Number of monomers: 2916666.666666667
Number of chains: 116.66666666666669
Flory interaction parameter (chi): 0.0
Young's calibration factor: 1.0
x-link fraction: 4.0E-5
MC steps: 100000
Equilibration steps: 10000.0
Snapshot interval: 100
Displacement tolerance: 0.1
Particle radius change tolerance: 0.0
Particle radius bin width: 0.001
g(r) bin width: 0.005
phi0, phi, rho, mu/kT, Z_measured, Z_virial_Fit, <F_total>/V, QMelting, <F_id>/V, <F_ex>/V, <F_FR>/V, <alpha>, Zeta, B2_rho, B2_phi0, B2_HS, B2*
2.0E-4, 0.05789943198848988, 4.774648292756861E-5, -9.796385495260079, 1.0442714612649544, 1.0440473029901538, -5.175925395291094E-4, 1.5005177747341087, -5.213638970822166E-4, 3.771357553107185E-6, 0.0, 6.615, 0.05791228380962948, 3560.1490569605394, 849.9229808388293, 4849.959881888879, 0.7340574239088332
3.0E-4, 0.08683808352700594, 7.161972439135293E-5, -9.318732426672646, 1.070331691664966, 1.0909456223435103, -7.455382728732535E-4, 1.5007460167401963, -7.530065463303081E-4, 7.468273457054623E-6, 0.0, 6.615, 0.08686842571444423, 3560.1490569605394, 849.9229808388293, 4849.959881888879, 0.7340574239088332
4.0E-4, 0.11577163815803204, 9.549296585513724E-5, -8.910193982450734, 1.4296333564521777, 1.1748326380062877, -9.630491027154519E-4, 1.5009669264398686, -9.765371141186377E-4, 1.3488011403185742E-5, 0.0, 6.615, 0.11582456761925897, 3560.1490569605394, 849.9229808388293, 4849.959881888879, 0.7340574239088332
5.0E-4, 0.14469428390700315, 1.1936620731892148E-4, -8.537289798316465, 1.197774316284259, 1.274901432717335, -0.001171244052736484, 1.5011734565181913, -0.0011940355932402447, 2.2791540503760678E-5, 0.0, 6.615, 0.1447807095240737, 3560.1490569605394, 849.9229808388293, 4849.959881888879, 0.7340574239088332
6.0E-4, 0.17359030331528952, 1.4323944878270585E-4, -8.20346609156259, 1.2882443982507192, 1.3678146069657684, -0.0013709849714017533, 1.5013749076942227, -0.001406727072591923, 3.5742101190169685E-5, 0.0, 6.615, 0.17373685142888845, 3560.1490569605394, 849.9229808388293, 4849.959881888879, 0.7340574239088332
7.0E-4, 0.20247532039938387, 1.6711269024649017E-4, -7.916801350927006, 1.2628594768804504, 1.4380124708750917, -0.0015633081045163982, 1.5015675540447633, -0.0016154210498813184, 5.21129453649203E-5, 0.0, 6.615, 0.20269299333370322, 3560.1490569605394, 849.9229808388293, 4849.959881888879, 0.7340574239088332
8.0E-4, 0.2313580846771419, 1.9098593171027449E-4, -7.6783707624707125, 1.4336622387433735, 1.481313945858817, -0.001749370918192667, 1.5017576761203997, -0.0018206928681456847, 7.132194995301767E-5, 0.0, 6.615, 0.23164913523851796, 3560.1490569605394, 849.9229808388293, 4849.959881888879, 0.7340574239088332
9.0E-4, 0.2601988344463059, 2.148591731740588E-4, -7.479616518243435, 1.6715090577853795, 1.5041337107476969, -0.001930241146203296, 1.5019445856921265, -0.0020229727110088343, 9.273156480553831E-5, 0.0, 6.615, 0.2606052771433327, 3560.1490569605394, 849.9229808388293, 4849.959881888879, 0.7340574239088332
0.001, 0.2890447353264298, 2.38732414637843E-4, -7.304262945034292, 1.4659580402867631, 1.5201923454437036, -0.002106683519359499, 1.5021175646075897, -0.0022225944863660013, 1.1591096700650274E-4, 0.0, 6.615, 0.2895614190481475, 3560.1490569605394, 849.9229808388293, 4849.959881888879, 0.7340574239088332
0.0011, 0.3178290546264241, 2.626056561016274E-4, -7.132303240588021, 1.309973139495022, 1.5461876950805138, -0.0022790208061332596, 1.50228694362345, -0.0024198249427019227, 1.40804136568663E-4, 0.0, 6.615, 0.31851756095296224, 3560.1490569605394, 849.9229808388293, 4849.959881888879, 0.7340574239088332
0.0012, 0.34661101277803136, 2.864788975654117E-4, -6.944458907231368, 1.9969833417962988, 1.597525399164684, -0.002447098247117379, 1.502473863666646, -0.00261488210504646, 1.6778385792908088E-4, 0.0, 6.615, 0.34747370285777696, 3560.1490569605394, 849.9229808388293, 4849.959881888879, 0.7340574239088332
0.0013, 0.37532955062017753, 3.10352139029196E-4, -6.726052283133506, 1.6494677839121274, 1.6848745032365158, -0.0026103491193678885, 1.5026291775602054, -0.002807947521593494, 1.975984022256055E-4, 0.0, 6.615, 0.3764298447625917, 3560.1490569605394, 849.9229808388293, 4849.959881888879, 0.7340574239088332
0.0014, 0.40405721540711953, 3.342253804929803E-4, -6.469633371578039, 1.945107107230485, 1.8120202952216622, -0.002767938847897207, 1.5027972179273619, -0.002999174719602353, 2.3123587170514567E-4, 0.0, 6.615, 0.4053859866674065, 3560.1490569605394, 849.9229808388293, 4849.959881888879, 0.7340574239088332
0.0015, 0.4326872229467037, 3.580986219567647E-4, -6.176024422655047, 2.1805503170049065, 1.9752309848514358, -0.002918953328645656, 1.5029575409730607, -0.003188695233083918, 2.697419044382619E-4, 0.0, 6.615, 0.4343421285722212, 3560.1490569605394, 849.9229808388293, 4849.959881888879, 0.7340574239088332
0.0016, 0.4612859712602476, 3.8197186342054886E-4, -5.853710468225455, 1.8697655680685799, 2.164137572298878, -0.003062592356661841, 1.5030938775669689, -0.0033766230161081877, 3.1403065944634673E-4, 0.0, 6.615, 0.463298270477036, 3560.1490569605394, 849.9229808388293, 4849.959881888879, 0.7340574239088332
0.0017, 0.48987209812819243, 4.0584510488433315E-4, -5.516719471315798, 2.283109075739154, 2.363947231524703, -0.003198330004572756, 1.503246895347724, -0.0035630577486152858, 3.6472774404252986E-4, 0.0, 6.615, 0.49225441238185075, 3560.1490569605394, 849.9229808388293, 4849.959881888879, 0.7340574239088332
0.0018, 0.5183028588407643, 4.297183463481176E-4, -5.181305427799509, 2.5303340866871746, 2.558669764739058, -0.0033260093405130435, 1.5033897743490547, -0.003748087361811589, 4.220780212985456E-4, 0.0, 6.615, 0.5212105542866655, 3560.1490569605394, 849.9229808388293, 4849.959881888879, 0.7340574239088332
0.0019, 0.5467502660365324, 4.535915878119019E-4, -4.8618732532501046, 2.338912798213662, 2.7349341668614926, -0.0034458479399894293, 1.503502999477055, -0.003931790000723226, 4.8594206073379674E-4, 0.0, 6.615, 0.5501666961914803, 3560.1490569605394, 849.9229808388293, 4849.959881888879, 0.7340574239088332
0.002, 0.5752005795975353, 4.7746482927568624E-4, -4.566666378827619, 2.984914880208077, 2.885908072930569, -0.0035583421882727975, 1.5036449889373045, -0.004114235572503025, 5.558933842302275E-4, 0.0, 6.615, 0.579122838096295, 3560.1490569605394, 849.9229808388293, 4849.959881888879, 0.7340574239088332
0.0021, 0.6034591156394385, 5.013380707394704E-4, -4.293777064204356, 3.2202171131871533, 3.014806847008174, -0.0036640713578843095, 1.5037657604338373, -0.0042954869843524115, 6.31415626468102E-4, 0.0, 6.615, 0.6080789800011096, 3560.1490569605394, 849.9229808388293, 4849.959881888879, 0.7340574239088332
0.0022, 0.6324525405537739, 5.252113122032547E-4, -4.028035724687495, 3.2192392035797366, 3.137491308354967, -0.0037634158556526173, 1.503868732712145, -0.0044756011451519695, 7.121852894993522E-4, 0.0, 6.615, 0.6370351219059244, 3560.1490569605394, 849.9229808388293, 4849.959881888879, 0.7340574239088332
0.0023, 0.6609753305064048, 5.490845536670391E-4, -3.739289181560828, 3.354210539612224, 3.2837035793659766, -0.0038562168455395776, 1.5039689835783188, -0.004654629784629776, 7.98412939090198E-4, 0.0, 6.615, 0.665991263810739, 3560.1490569605394, 849.9229808388293, 4849.959881888879, 0.7340574239088332
0.0024, 0.689196164111427, 5.729577951308231E-4, -3.3824887463345625, 3.5745355740651386, 3.496579280132778, -0.00394141564899913, 1.5040654498942716, -0.004832620129818146, 8.912044808190162E-4, 0.0, 6.615, 0.6949474057155537, 3560.1490569605394, 849.9229808388293, 4849.959881888879, 0.7340574239088332
0.0025, 0.7170864280214154, 5.968310365946075E-4, -2.8998774813651726, 3.8606154116352203, 3.8302012863804293, -0.004016719887315962, 1.504158081009058, -0.005009615468588517, 9.92895581272555E-4, 0.0, 6.615, 0.7239035476203683, 3560.1490569605394, 849.9229808388293, 4849.959881888879, 0.7340574239088332
0.0026, 0.7447570003582029, 6.207042780583919E-4, -2.2253918648100015, 4.351271241261363, 4.345125510972366, -0.004078348244203036, 1.5042482111544848, -0.005185655622889315, 0.0011073073786862786, 0.0, 6.615, 0.7528596895251831, 3560.1490569605394, 849.9229808388293, 4849.959881888879, 0.7340574239088332
0.0027, 0.7717937625476253, 6.445775195221761E-4, -1.2911764426645442, 5.0154571550327605, 5.102012664276117, -0.004120905976386273, 1.5043298810619996, -0.005360777349080229, 0.0012398713726939556, 0.0, 6.615, 0.7818158314299978, 3560.1490569605394, 849.9229808388293, 4849.959881888879, 0.7340574239088332
0.0028, 0.7977900853740963, 6.684507609859605E-4, -0.03585088397635072, 5.979086662180316, 6.153741695236931, -0.004137437869766614, 1.5043976415624059, -0.005535014678884134, 0.0013975768091175206, 0.0, 6.615, 0.8107719733348124, 3560.1490569605394, 849.9229808388293, 4849.959881888879, 0.7340574239088332
0.0029, 0.8220797448111707, 6.923240024497446E-4, 1.5861328265329595, 7.437559503654607, 7.536660613196773, -0.004119693213946693, 1.5044776622330065, -0.005708399211575585, 0.001588705997628892, 0.0, 6.615, 0.8397281152396272, 3560.1490569605394, 849.9229808388293, 4849.959881888879, 0.7340574239088332
0.003, 0.8441396026293415, 7.161972439135289E-4, 3.5950495171052923, 9.281748153927476, 9.261948640301853, -0.004058617533568319, 1.5045675381752246, -0.005880960365824366, 0.0018223428322560464, 0.0, 6.615, 0.8686842571444419, 3560.1490569605394, 849.9229808388293, 4849.959881888879, 0.7340574239088332
0.0031, 0.8639492583854518, 7.400704853773128E-4, 5.97776943857421, 11.463426852349459, 11.30842014556356, -0.0039450572560963655, 1.5046739880413673, -0.0060527255979264645, 0.002107668341830099, 0.0, 6.615, 0.8976403990492565, 3560.1490569605394, 849.9229808388293, 4849.959881888879, 0.7340574239088332
0.0032, 0.8817668675258598, 7.639437268410973E-4, 8.682758722609368, 13.706044284789183, 13.618495564619934, -0.0037706251977873747, 1.504778629892131, -0.006223720591850007, 0.002453095394062632, 0.0, 6.615, 0.9265965409540712, 3560.1490569605394, 849.9229808388293, 4849.959881888879, 0.7340574239088332
0.0033, 0.8977172909663269, 7.878169683048817E-4, 11.620505768617967, 16.138655517337348, 16.09949751358181, -0.003528625697573419, 1.5049010472206836, -0.006393969425504765, 0.0028653437279313465, 0.0, 6.615, 0.955552682858886, 3560.1490569605394, 849.9229808388293, 4849.959881888879, 0.7340574239088332
0.0034, 0.9119396948942367, 8.116902097686655E-4, 14.672181856754996, 18.634253282997832, 18.632901561668405, -0.0032148774081097106, 1.505037835086102, -0.006563494716841305, 0.003348617308731594, 0.0, 6.615, 0.9845088247637006, 3560.1490569605394, 849.9229808388293, 4849.959881888879, 0.7340574239088332
0.0035, 0.9245512284010141, 8.355634512324502E-4, 17.709901004508453, 20.968332136285003, 21.094680634358156, -0.002828198149161524, 1.505148114749306, -0.006732317752748799, 0.003904119603587275, 0.0, 6.615, 1.0134649666685154, 3560.1490569605394, 849.9229808388293, 4849.959881888879, 0.7340574239088332
0.0036, 0.9356186549373987, 8.594366926962345E-4, 20.63254330876265, 23.25680588947217, 23.39042977875215, -0.002370228826591359, 1.505253557985962, -0.006900458603211013, 0.004530229776619654, 0.0, 6.615, 1.04242110857333, 3560.1490569605394, 849.9229808388293, 4849.959881888879, 0.7340574239088332
0.0037, 0.9452223688877985, 8.833099341600185E-4, 23.421747740677713, 25.590109926815327, 25.50954403279502, -0.0018441712053164664, 1.5053830691206895, -0.007067936222769608, 0.005223765017453141, 0.0, 6.615, 1.0713772504781447, 3560.1490569605394, 849.9229808388293, 4849.959881888879, 0.7340574239088332
0.0038, 0.9534184841345, 9.071831756238029E-4, 26.223364590807837, 27.750022186558287, 27.60334640275687, -0.0012518962824873813, 1.5054843422067217, -0.007234768541011389, 0.005982872258524008, 0.0, 6.615, 1.1003333923829595, 3560.1490569605394, 849.9229808388293, 4849.959881888879, 0.7340574239088332
