rho, F_total_perV, F_total_perN, F_pair_perV, F_reference_perV, Z_virial_measured, springConstant, lindemannParameter, Tstar
1.65, 9.920006400582338, 6.012125091262023, 4.296772435074869, 5.623233965507468, 13.558738900575118, 32.41481342925444, 0.22646278741557027, 0.007142857142857143
1.67, 1.9186348176264811, 1.1488831243272342, 4.710007357690697, -2.7913725400642155, 15.08567562282128, 1.0624296144999115, 1.2559221021576428, 0.007142857142857143
1.69, 10.739142257626895, 6.3545220459330745, 5.2068477482686575, 5.5322945093582385, 14.432388299991892, 29.606070202575744, 0.23886131349221257, 0.007142857142857143
1.71, 11.1582790399668, 6.525309380097544, 3.1554261590997443, 8.002852880867056, 14.85288066336487, 76.27346999183254, 0.14940068247574748, 0.007142857142857143
1.73, 11.604078818186423, 6.707560010512383, 3.426915894774645, 8.177162923411778, 15.405011234711449, 78.70016814233627, 0.14765047026063619, 0.007142857142857143
1.75, 12.036661099268414, 6.8780920567248085, 3.6631918967968113, 8.373469202471604, 15.95198751297989, 81.83512339348081, 0.1453505822037639, 0.007142857142857143
1.77, 12.49418480428901, 7.058861471349723, 3.870109241962524, 8.624075562326485, 16.486725258354568, 86.79312185636424, 0.1416736438644295, 0.007142857142857143
1.79, 12.981039597920722, 7.25197742900599, 4.093653939259607, 8.887385658661115, 17.053726675347914, 92.37058596141524, 0.13784513972191817, 0.007142857142857143
1.81, 13.470261727650431, 7.442133551188084, 4.355973774559322, 9.11428795309111, 17.601598205675227, 96.85136306902143, 0.1351182317836866, 0.007142857142857143
1.83, 13.971919882084293, 7.634928897313821, 4.601314987008864, 9.370604895075429, 18.192829304225878, 102.54749542771941, 0.13179384585486226, 0.007142857142857143
1.85, 14.512974483541194, 7.844851072184429, 4.971314885639979, 9.541659597901216, 18.8302802316357, 105.1329768721491, 0.13063565450660306, 0.007142857142857143
1.87, 15.059687764070475, 8.053308964743568, 5.400899422369652, 9.658788341700822, 19.505024358992667, 105.65594115671784, 0.1307798608537649, 0.007142857142857143
1.8900000000000001, 15.608527417657218, 8.258480115162548, 5.777439479163203, 9.831087938494015, 20.143163335477446, 108.2763473669754, 0.12964659048795688, 0.007142857142857143
1.9100000000000001, 16.192242924652774, 8.477614096676845, 6.177053610636929, 10.015189314015846, 20.815110330950702, 111.36682967158438, 0.12828439323144167, 0.007142857142857143
1.9300000000000002, 16.773196179979934, 8.69077522278753, 6.564580460435048, 10.208615719544888, 21.44515079001683, 114.85145021702522, 0.1267627031061689, 0.007142857142857143
1.9500000000000002, 17.39719408914447, 8.92163799443306, 7.065646109518447, 10.331547979626022, 22.136017735188684, 115.5254813672875, 0.12682745390800035, 0.007142857142857143
1.9700000000000002, 18.03454544674068, 9.154591597330294, 7.47672548093439, 10.557819965806289, 22.81638311884087, 120.36408658914351, 0.12467544014210459, 0.007142857142857143
1.9900000000000002, 18.676484600557714, 9.385168140983774, 8.05142786889614, 10.625056731661575, 23.518828149223417, 118.7416193767642, 0.12594767998192913, 0.007142857142857143
