Starting reduced density rho*: 1.65
Maximum reduced density rho*: 2.001
Reduced-density increment: 0.02
Number of particles: 108
Initial configuration: FCC
Dry microgel radius [nm]: 50.0
Box length [units of dry radius]: 3.773484461796549
Number of monomers: 0.0
Flory interaction parameter (chi): 0.0
Young's calibration factor: 1.0
x-link fraction: 5.0E-5
betaEpsilon: 140.0
Tstar: 0.007142857142857143
Reduced-density increment: 0.02
MC steps: 20000
Equilibration steps: 10000.0
Snapshot interval: 100
Displacement tolerance: 0.1
Particle radius change tolerance: 0.0
Particle radius bin width: 0.001
g(r) bin width: 0.005
rho, geometric_volume_fraction, mu_from_dF/kT, Z_from_dF_total, Pstar_from_dF_total, Z_virial_measured, Pstar_virial_measured, Z_einstein_contribution, Z_pair_contribution, Z_FR_contribution, <F_total>/V, <F_pair>/V, <S_solid>/V, <F_reference>/V, <F_FR>/V, radius, zeta, beta_u_Hertz_nn, SpringConstant, LindemannParameter, Tstar
1.67, 0.8027233021088485, 20.478396426113914, 19.32951330178668, 32.280287213983755, 15.08567562282128, 25.193078290111536, -0.6020058408180226, 19.931519142604742, 0.0, 1.9186348176264811, 4.710007357690697, 5.562941004254354, -2.7913725400642155, 0.0, 0.5, 0.0, 0.09446789723723058, 1.0624296144999115, 1.2559221021576428, 0.007142857142857143
1.69, 0.8226797023567145, 230.99110555850777, 224.63658351257473, 379.6358261362513, 14.432388299991892, 24.3907362269863, 266.5820884763241, -41.945504963749315, 0.0, 10.739142257626895, 5.2068477482686575, -3.827302457595156, 5.5322945093582385, 0.0, 0.5, 0.0, 0.11174829015774754, 29.606070202575744, 0.23886131349221257, 0.007142857142857143
1.71, 0.8321934247007619, 21.623414013988178, 15.098104633890634, 25.817758923952983, 14.85288066336487, 25.398425934353927, 61.44167942685477, -46.34357479296415, 0.0, 11.1582790399668, 3.1554261590997443, -4.049316705290952, 8.002852880867056, 0.0, 0.5, 0.0, 0.13048619456248178, 76.27346999183254, 0.14940068247574748, 0.007142857142857143
1.73, 0.8393374044584999, 21.959551482540345, 15.251991472027962, 26.385945246608372, 15.405011234711449, 26.650669436050805, 4.538724269355425, 10.713267202672535, 0.0, 11.604078818186423, 3.426915894774645, -4.210439736257199, 8.177162923411778, 0.0, 0.5, 0.0, 0.15066176012181176, 78.70016814233627, 0.14765047026063619, 0.007142857142857143
1.75, 0.8458777697603022, 22.25264965256464, 15.37455759583983, 26.905475792719702, 15.95198751297989, 27.91597814771481, 6.387976428598178, 8.98658116724164, 0.0, 12.036661099268414, 3.6631918967968113, -4.299388147298294, 8.373469202471604, 0.0, 0.5, 0.0, 0.17225262222520138, 81.83512339348081, 0.1453505822037639, 0.007142857142857143
1.77, 0.8527099823257465, 23.609462466307665, 16.550600994957943, 29.29456376107556, 16.486725258354568, 29.181503707287586, 7.975552329977041, 8.575048664980878, 0.0, 12.49418480428901, 3.870109241962524, -4.461532533454974, 8.624075562326485, 0.0, 0.5, 0.0, 0.1952344047860382, 86.79312185636424, 0.1416736438644295, 0.007142857142857143
1.79, 0.8585743740261509, 24.401923084035527, 17.14994565502954, 30.698402722502877, 17.053726675347914, 30.526170748872765, 7.290289848075856, 9.859655806953683, 0.0, 12.981039597920722, 4.093653939259607, -4.64124266058457, 8.887385658661115, 0.0, 0.5, 0.0, 0.21958113946129423, 92.37058596141524, 0.13784513972191817, 0.007142857142857143
1.81, 0.8653854025673497, 24.772007104089266, 17.329873552901184, 31.367071130751143, 17.601598205675227, 31.858892752272162, 7.044962704230155, 10.284910848671032, 0.0, 13.470261727650431, 4.355973774559322, -4.822143493494945, 9.11428795309111, 0.0, 0.5, 0.0, 0.2452656167702454, 96.85136306902143, 0.1351182317836866, 0.007142857142857143
1.83, 0.8715563042793074, 26.067818897269056, 18.43288999995524, 33.73218869991809, 18.192829304225878, 33.29287762673336, 5.56374199726062, 12.86914800269462, 0.0, 13.971919882084293, 4.601314987008864, -4.975178834397271, 9.370604895075429, 0.0, 0.5, 0.0, 0.2722596812176636, 102.54749542771941, 0.13179384585486226, 0.007142857142857143
1.85, 0.8771585948520834, 27.19419704965451, 19.349345977470083, 35.796290058319656, 18.8302802316357, 34.836018428526046, 2.0469323289314527, 17.30241364853861, 0.0, 14.512974483541194, 4.971314885639979, -5.095288242135845, 9.541659597901216, 0.0, 0.5, 0.0, 0.3005344800136833, 105.1329768721491, 0.13063565450660306, 0.007142857142857143
1.87, 0.8828374069300835, 27.38882335290056, 19.335514388156984, 36.157411905853564, 19.505024358992667, 36.47439555131629, 2.070581059364992, 17.26493332879199, 0.0, 15.059687764070475, 5.400899422369652, -5.178374246000811, 9.658788341700822, 0.0, 0.5, 0.0, 0.33006067308042597, 105.65594115671784, 0.1307798608537649, 0.007142857142857143
1.89, 0.8883967221366607, 28.31387901455746, 20.055398899394913, 37.90470391985639, 20.143163335477446, 38.07057870405237, 3.7083904779845773, 16.34700842141038, 0.0, 15.608527417657218, 5.777439479163203, -5.311264217701486, 9.831087938494015, 0.0, 0.5, 0.0, 0.3608086105738338, 108.2763473669754, 0.12964659048795688, 0.007142857142857143
1.91, 0.8933599291655241, 29.116719058067872, 20.63910496139103, 39.42069047625687, 20.815110330950702, 39.75686073211585, 4.194639911603825, 16.444465049787247, 0.0, 16.192242924652774, 6.177053610636929, -5.413750992463209, 10.015189314015846, 0.0, 0.5, 0.0, 0.3927484830105363, 111.36682967158438, 0.12828439323144167, 0.007142857142857143
1.93, 0.8985967983736088, 30.123779112292375, 21.433003889504842, 41.36569750674435, 21.44515079001683, 41.38914102473248, 2.619528443599011, 18.813475445905766, 0.0, 16.773196179979934, 6.564580460435048, -5.587263000128762, 10.208615719544888, 0.0, 0.5, 0.0, 0.42585044819211, 114.85145021702522, 0.1267627031061689, 0.007142857142857143
1.95, 0.9032724068486524, 31.53373166901862, 22.612093674585555, 44.093582665441836, 22.136017735188684, 43.16523458361794, 3.4318764233934655, 19.18021725119203, 0.0, 17.39719408914447, 7.065646109518447, -5.676462801709878, 10.331547979626022, 0.0, 0.5, 0.0, 0.4600847384040244, 115.5254813672875, 0.12682745390800035, 0.007142857142857143
1.97, 0.9077841530720394, 31.982262785331066, 22.82767118800077, 44.97051224036152, 22.81638311884087, 44.948274744116524, 1.978419325860247, 20.849251862140566, 0.0, 18.03454544674068, 7.47672548093439, -5.786724013248774, 10.557819965806289, 0.0, 0.5, 0.0, 0.4954217507913891, 120.36408658914351, 0.12467544014210459, 0.007142857142857143
