Starting dry volume fraction: 0.0018
Maximum dry volume fraction: 0.003
DryVolFrac increment: 3.42857E-5
Number of particles: 108
Initial configuration: FCC
Dry microgel radius [nm]: 50.0
Box length [units of dry radius]: 53.02556710944485
Number of monomers: 2916666.666666667
Flory interaction parameter (chi): 0.0
Young's calibration factor: 1.0
x-link fraction: 3.0E-5
DryVolFrac increment: 3.42857E-5
MC steps: 70000
Equilibration steps: 7000.0
Snapshot interval: 100
Displacement tolerance: 0.1
Particle radius change tolerance: 0.0
Particle radius bin width: 0.001
g(r) bin width: 0.005
phi0, phi, mu/kT, (PV/NkT)_from_dF_FR+dF_pair, (PV/NkT)_from_dF_total, (PV/NkT)_virial_measured, (PV/NkT)_virial+dF_total, (PV/NkT)_einstein, (PV/NkT)_pair_contribution, (PV/NkT)_FR_contribution, <F_total>/V, <F_pair>/V, EntropySolid, <F_reference>/V, <F_FR>/V, <alpha>, zeta, u_Hertz_nn, SpringConstant, LindemannParameter, kT/E
0.0018343, 0.6007137509274523, 117.17268680145412, -6.575304338480426, 125.99075237730402, 3.5335382577068515, 129.52429063501086, 132.56605671578444, -6.575304338480426, 0.0, -0.0038614613758791833, -2.7514175211824183E-4, 1.5039475318305995, -0.0035863196237609415, 0.0, 7.005, 0.6305952228699752, 0.0, 0.013923356547139552, 0.7022010075607429, 0.005714285714285712
0.0018686, 0.6371038481899657, 118.03160852259565, -2.8307423275560146, 122.4735768228583, 3.8542309093210756, 126.32780773217938, 125.30431915041434, -2.8307423275560146, 0.0, -0.001981511252602996, -3.127367157990323E-4, 1.5021067961313783, -0.0016687745368039635, 0.0, 7.005, 0.6423820446462956, 0.0, 0.27784627822581687, 0.1581656004402074, 0.005714285714285712
0.0019029, 0.6485139269642536, 5.082042278741093, 1.7933904330165276, 9.328950229315724, 4.016000925197828, 13.344951154513552, 7.535559796299195, 1.7933904330165276, 0.0, -0.0019292584616826122, -3.3295818728953155E-4, 1.502060191617433, -0.0015963002743930807, 0.0, 7.005, 0.654168866422616, 0.0, 0.3236503084183399, 0.14743767472120303, 0.005714285714285712
0.0019371, 0.6600177172027438, 8.562938919017459, 0.6435332243388093, 12.667774231966494, 4.1310540887573275, 16.79882832072382, 12.024241007627687, 0.6435332243388093, 0.0, -0.0018983171233018274, -2.953770157292856E-4, 1.5020395500258994, -0.0016029401075725418, 0.0, 7.005, 0.6659556881989364, 0.0, 0.33420056142337023, 0.14595804975286536, 0.005714285714285712
0.0019714, 0.6716430292703529, 9.658614481822255, -1.2674528051413452, 13.459962710787124, 4.185838754337018, 17.645801465124144, 14.727415515928476, -1.2674528051413452, 0.0, -0.0017890813028646386, -3.3287922898762656E-4, 1.501933290080842, -0.0014562020738770121, 0.0, 7.005, 0.6777425099752568, 0.0, 0.4292293427319926, 0.12954681371738241, 0.005714285714285712
0.0020057, 0.6830651249580163, 8.353595164793461, 0.14680549663972842, 11.98788536156534, 4.334203262562131, 16.32208862412747, 11.84107986492561, 0.14680549663972842, 0.0, -0.0017402035189675656, -3.2770389534878886E-4, 1.501893080660041, -0.0014124996236187766, 0.0, 7.005, 0.6895293317515772, 0.0, 0.4729021027114817, 0.12413144786713996, 0.005714285714285712
0.00204, 0.6945133641206014, 10.910391771065594, -0.9793050266294323, 14.30317062439924, 4.472978314026284, 18.776148938425525, 15.282475651028662, -0.9793050266294323, 0.0, -0.0016523311465000208, -3.416795391011274E-4, 1.5018118955959303, -0.0013106516073988935, 0.0, 7.005, 0.7013161535278976, 0.0, 0.5627666679175822, 0.11443449546358389, 0.005714285714285712
0.0020743, 0.7058958353600121, 10.36979971428019, 0.06862490924747205, 13.523274152079736, 4.634369060202506, 18.15764321228224, 13.45464924283227, 0.06862490924747205, 0.0, -0.001561598050153307, -3.552203523657966E-4, 1.5017300852480602, -0.0012063776977875105, 0.0, 7.005, 0.713102975304218, 0.0, 0.6680648032430762, 0.10561476785265453, 0.005714285714285712
0.0021086, 0.7171411633926005, 11.238976160469866, 0.46792471933859237, 14.184191642343754, 4.859291793540242, 19.043483435883996, 13.716266923005172, 0.46792471933859237, 0.0, -0.0014825752863675953, -3.522989518407839E-4, 1.5016611590481606, -0.0011302763345268114, 0.0, 7.005, 0.7248897970805385, 0.0, 0.7595044253894297, 0.09959603209102624, 0.005714285714285712
0.0021429, 0.7284432233423546, 12.178537610437724, -0.1342289719098482, 14.871453790288108, 5.05766408506751, 19.92911787535562, 15.005682762197953, -0.1342289719098482, 0.0, -0.0013776135839440847, -3.590171960941535E-4, 1.5015662660633529, -0.001018596387849931, 0.0, 7.005, 0.7366766188568589, 0.0, 0.9011205996742553, 0.0919286110224396, 0.005714285714285712
0.0021771, 0.7396294229595758, 11.954826005994418, 1.6615434316980884, 14.423702971888565, 5.311811434651885, 19.73551440654045, 12.762159540190478, 1.6615434316980884, 0.0, -0.0012832099963738092, -3.659848553446136E-4, 1.5014838384390223, -9.172251410291956E-4, 0.0, 7.005, 0.7484634406331793, 1.2888703581789918E-4, 1.0493008968856496, 0.08564263816694952, 0.005714285714285712
0.0022114, 0.7507805806625671, 13.544334634009367, 1.9690032341572812, 15.78305741174805, 5.5798007566373435, 21.362858168385394, 13.81405417759077, 1.9690032341572812, 0.0, -0.0011819105012137216, -3.4334444948200585E-4, 1.5013992023180454, -8.385660517317156E-4, 0.0, 7.005, 0.7602502624094997, 0.0012352111882436335, 1.1813927097584376, 0.08113437806539531, 0.005714285714285712
0.0022457, 0.7617809665019203, 15.65926876043189, 0.5464424208737154, 17.639192863670182, 5.907440000495525, 23.54663286416571, 17.09275044279646, 0.5464424208737154, 0.0, -0.0010614863142325423, -3.443981832075203E-4, 1.501292663286721, -7.170881310250219E-4, 0.0, 7.005, 0.7720370841858201, 0.003893735519137509, 1.3984778966622993, 0.07495514450456191, 0.005714285714285712
0.00228, 0.7726426714275302, 16.655100631432084, 1.4535021282372929, 18.355538126443758, 6.2965022256494425, 24.652040352093202, 16.90203599820646, 1.4535021282372929, 0.0, -9.255648908147789E-4, -3.449150406247273E-4, 1.5011745087766522, -5.806498501900515E-4, 0.0, 7.005, 0.7838239059621405, 0.008411435961835665, 1.6778187907268725, 0.0687780992977281, 0.005714285714285712
0.0023143, 0.7833534696849064, 17.05734862949762, 2.665560826267263, 18.485124030645792, 6.734355198867177, 25.21947922951297, 15.819563204378525, 2.665560826267263, 0.0, -7.88838721108116E-4, -3.3097742082953033E-4, 1.5010608617887018, -4.578613002785857E-4, 0.0, 7.005, 0.7956107277384609, 0.014986451070067257, 1.9691130385915807, 0.06380402570207137, 0.005714285714285712
0.0023486, 0.793874425723727, 17.99651108294861, 3.7143972817208235, 19.149276165278835, 7.249173621674134, 26.39844978695297, 15.434878883558016, 3.7143972817208235, 0.0, -6.463324111178445E-4, -3.11085969628726E-4, 1.5009455111364225, -3.352464414891186E-4, 0.0, 7.005, 0.8073975495147813, 0.023750860537989988, 2.2997211654510137, 0.05933005437049059, 0.005714285714285712
0.0023829, 0.8041205667394452, 18.540563791546838, 4.607037704970169, 19.4093670957069, 7.852098942165308, 27.26146603787221, 14.80232939073674, 4.607037704970169, 0.0, -4.942319492857412E-4, -2.7925473453259414E-4, 1.5008266336576426, -2.1497721475314705E-4, 0.0, 7.005, 0.8191843712911017, 0.03479157188204942, 2.6664562334106843, 0.055366004623861306, 0.005714285714285712
0.0024171, 0.8140770941811319, 19.535561398126763, 4.767935132889414, 20.12965065738301, 8.551266620222375, 28.680917277605385, 15.361715524493595, 4.767935132889414, 0.0, -3.4281937899631617E-4, -2.437038726915095E-4, 1.500717334442417, -9.911550630480664E-5, 0.0, 7.005, 0.8309711930674221, 0.04816269996744724, 3.062937450303611, 0.05190503090893919, 0.005714285714285712
0.0024514, 0.8237300351505801, 20.611465564906325, 5.515521517374146, 20.909517583480596, 9.334329566844271, 30.243847150324868, 15.393996066106448, 5.515521517374146, 0.0, -1.744305915274043E-4, -2.0811618991955968E-4, 1.500594690557385, 3.3685598392155366E-5, 0.0, 7.005, 0.8427580148437425, 0.06389370770532758, 3.5736817798449314, 0.04827914310654999, 0.005714285714285712
0.0024857, 0.8329369957238018, 20.24425122710959, 7.090654647973057, 20.253359840133175, 10.226022484581097, 30.479382324714273, 13.162705192160116, 7.090654647973057, 0.0, -5.405237743211179E-6, -1.5923502477183766E-4, 1.5004833573241014, 1.5382978702862648E-4, 0.0, 7.005, 0.8545448366200629, 0.08199511769587241, 4.092723700011648, 0.045323342785720394, 0.005714285714285712
0.00252, 0.8418140210041055, 20.05717602566794, 8.653373764161744, 19.79625397262581, 11.187311481013731, 30.983565453639542, 11.142880208464065, 8.653373764161744, 0.0, 1.5697217173545844E-4, -9.643333149363624E-5, 1.5003901902549848, 2.534055032290947E-4, 0.0, 7.005, 0.8663316583963833, 0.10246269897734009, 4.563672942550091, 0.04311754252422849, 0.005714285714285712
0.0025543, 0.8502714970234764, 20.099945270738974, 10.50060779965386, 19.57036183687008, 12.22122595873752, 31.7915877956076, 9.069754037216219, 10.50060779965386, 0.0, 3.2293506408305874E-4, -2.0201463464387675E-5, 1.5003054923759185, 3.431365275474464E-4, 0.0, 7.005, 0.8781184801727037, 0.12528063309515858, 5.019128216004513, 0.0413003205523471, 0.005714285714285712
0.0025886, 0.8583845194370968, 20.910598886613474, 11.20804926878728, 20.124139946958508, 13.30159655951264, 33.42573650647115, 8.916090678171235, 11.20804926878728, 0.0, 4.8601261533729714E-4, 7.49215642298517E-5, 1.5002360025915522, 4.1109105110744546E-4, 0.0, 7.005, 0.8899053019490242, 0.1504239639342861, 5.377114183237646, 0.04007958018027307, 0.005714285714285712
0.0026229, 0.8661540747548402, 22.18556784505327, 12.120846344320723, 21.123147558247407, 14.419275253920274, 35.54242281216768, 9.002301213926678, 12.120846344320723, 0.0, 6.652460823945256E-4, 1.6526139947407566E-4, 1.5001607099956225, 4.9998468292045E-4, 0.0, 7.005, 0.9016921237253446, 0.17786052654358192, 5.881119471260944, 0.03849218988655473, 0.005714285714285712
0.0026571, 0.8735700998507246, 22.809682115523117, 14.147110176253957, 21.47098826321456, 15.566671482166388, 37.03765974538095, 7.3238780869606055, 14.147110176253957, 0.0, 8.491951507605209E-4, 2.7766299396984586E-4, 1.5000928587848805, 5.71532156790675E-4, 0.0, 7.005, 0.913478945501665, 0.20755248617757469, 6.300499418184866, 0.03735039690299352, 0.005714285714285712
0.0026914, 0.8806985238362851, 23.758956027804228, 14.914454325804263, 22.142465530334114, 16.730590583374408, 38.87305611370852, 7.22801120452985, 14.914454325804263, 0.0, 0.0010386455031698002, 4.0401814197543365E-4, 1.5000319223930303, 6.346273611943665E-4, 0.0, 7.005, 0.9252657672779854, 0.23945757914307197, 6.678563894731817, 0.03643318597494709, 0.005714285714285712
0.0027257, 0.887477819185214, 24.439669671049923, 16.283799580554827, 22.53694422109615, 17.911310974180456, 40.4482551952766, 6.253144640541328, 16.283799580554827, 0.0, 0.0012381343904253196, 5.32109284248768E-4, 1.499971984471496, 7.060251061765516E-4, 0.0, 7.005, 0.9370525890543058, 0.2735301213612583, 7.129888460977937, 0.035410317069711934, 0.005714285714285712
0.00276, 0.8939816858121963, 24.936801711553763, 18.450313280340296, 22.753275860751287, 19.099798939145213, 41.853074799896504, 4.302962580410988, 18.450313280340296, 0.0, 0.0014387281721386306, 6.839738501388349E-4, 1.4999246253047063, 7.547543219997957E-4, 0.0, 7.005, 0.9488394108306262, 0.3097218332920269, 7.425444390666969, 0.034843320992736994, 0.005714285714285712
0.0027943, 0.9001933807721219, 26.411439229991338, 18.935018737002427, 23.94346052656174, 20.29339823835808, 44.236858764919816, 5.0084417895593205, 18.935018737002427, 0.0, 0.0016463552182265624, 8.511380305332043E-4, 1.4998824128669195, 7.952171876933581E-4, 0.0, 7.005, 0.9606262326069466, 0.3479825178911187, 7.661390059042473, 0.03444405089250127, 0.005714285714285712
0.0028286, 0.9060906315112779, 27.109168046144905, 19.815434207857376, 24.33829899643042, 21.491534139713412, 45.82983313614383, 4.522864788573059, 19.815434207857376, 0.0, 0.0018710891344866564, 0.001014831012108193, 1.4998347849368479, 8.562581223784635E-4, 0.0, 7.005, 0.972413054383267, 0.3882606197392956, 8.062476777497336, 0.033713140999463605, 0.005714285714285712
0.0028629, 0.9117285230011609, 27.858765795212964, 21.867499142948144, 24.800579118434555, 22.689413305284006, 47.48999242371856, 2.93307997548641, 21.867499142948144, 0.0, 0.0020901381519326484, 0.001200122924017205, 1.4998055697111707, 8.900152279154434E-4, 0.0, 7.005, 0.9841998761595874, 0.43050368726544025, 8.249583874555256, 0.03346274849385735, 0.005714285714285712
0.0028971, 0.9170954695394642, 29.094487965060658, 22.856893494027425, 25.729822696391153, 23.88718706882125, 49.6170097652124, 2.872929202363727, 22.856893494027425, 0.0, 0.0023271431451809647, 0.0014015521459351205, 1.499771691309389, 9.255909992458444E-4, 0.0, 7.005, 0.9959866979359078, 0.4746587553648103, 8.451383929784697, 0.03319228306682108, 0.005714285714285712
0.0029314, 0.9221924886841073, 29.455355565406453, 24.032439340946887, 25.788132757003567, 25.081713092430928, 50.8698458494345, 1.7556934160566713, 24.032439340946887, 0.0, 0.002566421201336193, 0.0016074680285202046, 1.4997467330948242, 9.589531728159886E-4, 0.0, 7.005, 1.0077735197122282, 0.5206726622205982, 8.63482162035233, 0.03296685294682898, 0.005714285714285712
0.0029657, 0.9270422420199986, 29.982480382866317, 25.743634838973417, 26.014562311915736, 26.272065909027532, 52.28662822094327, 0.2709274729423111, 25.743634838973417, 0.0, 0.0028093336751124375, 0.0018325699481704402, 1.4997323547766939, 9.767637269419973E-4, 0.0, 7.005, 1.0195603414885486, 0.5684923114565583, 8.688482174838372, 0.03299252460569592, 0.005714285714285712
