phi0, phi, F_fitted, mu_kT_from_fit, P_from_fit
1.9029000000e-03, 6.4851392696e-01, -1.9381346276e-03, 6.8754202425e+00, 1.1141771256e+01
1.9082407035e-03, 6.5031036945e-01, -1.9292839695e-03, 7.0079391696e+00, 1.1242921569e+01
1.9135814070e-03, 6.5210681193e-01, -1.9202644886e-03, 7.1402404771e+00, 1.1343659809e+01
1.9189221106e-03, 6.5390325442e-01, -1.9110764623e-03, 7.2723241652e+00, 1.1443988206e+01
1.9242628141e-03, 6.5569969690e-01, -1.9017201683e-03, 7.4041902336e+00, 1.1543908964e+01
1.9296035176e-03, 6.5749613939e-01, -1.8921958839e-03, 7.5358386826e+00, 1.1643424262e+01
1.9349442211e-03, 6.5929258188e-01, -1.8825038865e-03, 7.6672695120e+00, 1.1742536258e+01
1.9402849246e-03, 6.6109718492e-01, -1.8726444537e-03, 7.7984827218e+00, 1.1841247083e+01
1.9456256281e-03, 6.6290731160e-01, -1.8626178629e-03, 7.9294783121e+00, 1.1939558847e+01
1.9509663317e-03, 6.6471743827e-01, -1.8524243916e-03, 8.0602562829e+00, 1.2037473635e+01
1.9563070352e-03, 6.6652756495e-01, -1.8420643173e-03, 8.1908166342e+00, 1.2134993509e+01
1.9616477387e-03, 6.6833769163e-01, -1.8315379173e-03, 8.3211593659e+00, 1.2232120512e+01
1.9669884422e-03, 6.7014781831e-01, -1.8208454692e-03, 8.4512844781e+00, 1.2328856660e+01
1.9723291457e-03, 6.7195244010e-01, -1.8099872505e-03, 8.5811919707e+00, 1.2425203951e+01
1.9776698492e-03, 6.7373092484e-01, -1.7989635386e-03, 8.7108818438e+00, 1.2521164360e+01
1.9830105528e-03, 6.7550940958e-01, -1.7877746109e-03, 8.8403540974e+00, 1.2616739840e+01
1.9883512563e-03, 6.7728789432e-01, -1.7764207449e-03, 8.9696087314e+00, 1.2711932324e+01
1.9936919598e-03, 6.7906637906e-01, -1.7649022182e-03, 9.0986457459e+00, 1.2806743723e+01
1.9990326633e-03, 6.8084486380e-01, -1.7532193081e-03, 9.2274651409e+00, 1.2901175931e+01
2.0043733668e-03, 6.8262334855e-01, -1.7413722922e-03, 9.3560669163e+00, 1.2995230817e+01
2.0097140704e-03, 6.8440489281e-01, -1.7293614478e-03, 9.4844510722e+00, 1.3088910234e+01
2.0150547739e-03, 6.8618744824e-01, -1.7171870525e-03, 9.6126176085e+00, 1.3182216013e+01
2.0203954774e-03, 6.8797000367e-01, -1.7048493837e-03, 9.7405665253e+00, 1.3275149967e+01
2.0257361809e-03, 6.8975255910e-01, -1.6923487189e-03, 9.8682978226e+00, 1.3367713889e+01
2.0310768844e-03, 6.9153511452e-01, -1.6796853356e-03, 9.9958115004e+00, 1.3459909553e+01
2.0364175879e-03, 6.9331766995e-01, -1.6668595112e-03, 1.0123107559e+01, 1.3551738717e+01
2.0417582915e-03, 6.9509685397e-01, -1.6538715231e-03, 1.0250185997e+01, 1.3643203116e+01
2.0470989950e-03, 6.9686916896e-01, -1.6407216489e-03, 1.0377046816e+01, 1.3734304472e+01
2.0524396985e-03, 6.9864148395e-01, -1.6274101660e-03, 1.0503690016e+01, 1.3825044484e+01
2.0577804020e-03, 7.0041379895e-01, -1.6139373519e-03, 1.0630115596e+01, 1.3915424837e+01
2.0631211055e-03, 7.0218611394e-01, -1.6003034840e-03, 1.0756323557e+01, 1.4005447198e+01
2.0684618090e-03, 7.0395842893e-01, -1.5865088398e-03, 1.0882313898e+01, 1.4095113215e+01
2.0738025126e-03, 7.0573074392e-01, -1.5725536968e-03, 1.1008086619e+01, 1.4184424521e+01
2.0791432161e-03, 7.0748369406e-01, -1.5584383324e-03, 1.1133641721e+01, 1.4273382731e+01
2.0844839196e-03, 7.0923465508e-01, -1.5441630241e-03, 1.1258979203e+01, 1.4361989444e+01
2.0898246231e-03, 7.1098561610e-01, -1.5297280494e-03, 1.1384099066e+01, 1.4450246243e+01
2.0951653266e-03, 7.1273657712e-01, -1.5151336857e-03, 1.1509001309e+01, 1.4538154695e+01
2.1005060302e-03, 7.1448753814e-01, -1.5003802105e-03, 1.1633685933e+01, 1.4625716348e+01
2.1058467337e-03, 7.1623849916e-01, -1.4854679012e-03, 1.1758152937e+01, 1.4712932739e+01
2.1111874372e-03, 7.1799373978e-01, -1.4703970354e-03, 1.1882402322e+01, 1.4799805387e+01
2.1165281407e-03, 7.1975353428e-01, -1.4551678905e-03, 1.2006434087e+01, 1.4886335795e+01
2.1218688442e-03, 7.2151332878e-01, -1.4397807439e-03, 1.2130248233e+01, 1.4972525452e+01
2.1272095477e-03, 7.2327312328e-01, -1.4242358731e-03, 1.2253844759e+01, 1.5058375832e+01
2.1325502513e-03, 7.2503291778e-01, -1.4085335556e-03, 1.2377223666e+01, 1.5143888393e+01
2.1378909548e-03, 7.2679271228e-01, -1.3926740688e-03, 1.2500384953e+01, 1.5229064582e+01
2.1432316583e-03, 7.2855170275e-01, -1.3766576903e-03, 1.2623328620e+01, 1.5313905827e+01
2.1485723618e-03, 7.3029854999e-01, -1.3604846974e-03, 1.2746054668e+01, 1.5398413544e+01
2.1539130653e-03, 7.3204539724e-01, -1.3441553677e-03, 1.2868563096e+01, 1.5482589135e+01
2.1592537688e-03, 7.3379224448e-01, -1.3276699785e-03, 1.2990853905e+01, 1.5566433988e+01
2.1645944724e-03, 7.3553909172e-01, -1.3110288075e-03, 1.3112927095e+01, 1.5649949478e+01
2.1699351759e-03, 7.3728593896e-01, -1.2942321319e-03, 1.3234782664e+01, 1.5733136964e+01
2.1752758794e-03, 7.3903278620e-01, -1.2772802294e-03, 1.3356420615e+01, 1.5815997795e+01
2.1806165829e-03, 7.4077268741e-01, -1.2601733773e-03, 1.3477840945e+01, 1.5898533304e+01
2.1859572864e-03, 7.4250898558e-01, -1.2429118532e-03, 1.3599043656e+01, 1.5980744812e+01
2.1912979899e-03, 7.4424528375e-01, -1.2254959344e-03, 1.3720028748e+01, 1.6062633629e+01
2.1966386935e-03, 7.4598158191e-01, -1.2079258985e-03, 1.3840796220e+01, 1.6144201048e+01
2.2019793970e-03, 7.4771788008e-01, -1.1902020229e-03, 1.3961346073e+01, 1.6225448354e+01
2.2073201005e-03, 7.4945417825e-01, -1.1723245851e-03, 1.4081678306e+01, 1.6306376816e+01
2.2126608040e-03, 7.5118493433e-01, -1.1542938626e-03, 1.4201792919e+01, 1.6386987693e+01
2.2180015075e-03, 7.5289775647e-01, -1.1361101328e-03, 1.4321689913e+01, 1.6467282231e+01
2.2233422111e-03, 7.5461057860e-01, -1.1177736731e-03, 1.4441369288e+01, 1.6547261664e+01
2.2286829146e-03, 7.5632340074e-01, -1.0992847611e-03, 1.4560831043e+01, 1.6626927215e+01
2.2340236181e-03, 7.5803622288e-01, -1.0806436742e-03, 1.4680075178e+01, 1.6706280094e+01
2.2393643216e-03, 7.5974904502e-01, -1.0618506899e-03, 1.4799101694e+01, 1.6785321500e+01
2.2447050251e-03, 7.6146186716e-01, -1.0429060856e-03, 1.4917910590e+01, 1.6864052621e+01
2.2500457286e-03, 7.6315711875e-01, -1.0238101388e-03, 1.5036501867e+01, 1.6942474633e+01
2.2553864322e-03, 7.6484834749e-01, -1.0045631270e-03, 1.5154875524e+01, 1.7020588701e+01
2.2607271357e-03, 7.6653957623e-01, -9.8516532761e-04, 1.5273031562e+01, 1.7098395981e+01
2.2660678392e-03, 7.6823080497e-01, -9.6561701812e-04, 1.5390969980e+01, 1.7175897614e+01
2.2714085427e-03, 7.6992203370e-01, -9.4591847600e-04, 1.5508690778e+01, 1.7253094734e+01
2.2767492462e-03, 7.7161326244e-01, -9.2606997870e-04, 1.5626193958e+01, 1.7329988463e+01
2.2820899497e-03, 7.7329529621e-01, -9.0607180369e-04, 1.5743479517e+01, 1.7406579912e+01
2.2874306533e-03, 7.7496302793e-01, -8.8592422844e-04, 1.5860547457e+01, 1.7482870182e+01
2.2927713568e-03, 7.7663075965e-01, -8.6562753040e-04, 1.5977397777e+01, 1.7558860364e+01
2.2981120603e-03, 7.7829849137e-01, -8.4518198706e-04, 1.6094030478e+01, 1.7634551539e+01
2.3034527638e-03, 7.7996622308e-01, -8.2458787586e-04, 1.6210445560e+01, 1.7709944777e+01
2.3087934673e-03, 7.8163395480e-01, -8.0384547428e-04, 1.6326643022e+01, 1.7785041140e+01
2.3141341709e-03, 7.8330168652e-01, -7.8295505977e-04, 1.6442622864e+01, 1.7859841678e+01
2.3194748744e-03, 7.8494077656e-01, -7.6191690981e-04, 1.6558385087e+01, 1.7934347432e+01
2.3248155779e-03, 7.8657894877e-01, -7.4073130186e-04, 1.6673929690e+01, 1.8008559435e+01
2.3301562814e-03, 7.8821712099e-01, -7.1939851339e-04, 1.6789256674e+01, 1.8082478708e+01
2.3354969849e-03, 7.8985529320e-01, -6.9791882185e-04, 1.6904366038e+01, 1.8156106264e+01
2.3408376884e-03, 7.9149346541e-01, -6.7629250471e-04, 1.7019257782e+01, 1.8229443108e+01
2.3461783920e-03, 7.9313163763e-01, -6.5451983944e-04, 1.7133931908e+01, 1.8302490233e+01
2.3515190955e-03, 7.9474642176e-01, -6.3260110350e-04, 1.7248388413e+01, 1.8375248625e+01
2.3568597990e-03, 7.9634180372e-01, -6.1053657437e-04, 1.7362627299e+01, 1.8447719261e+01
2.3622005025e-03, 7.9793718568e-01, -5.8832652949e-04, 1.7476648566e+01, 1.8519903108e+01
2.3675412060e-03, 7.9953256765e-01, -5.6597124634e-04, 1.7590452213e+01, 1.8591801125e+01
2.3728819095e-03, 8.0112794961e-01, -5.4347100237e-04, 1.7704038240e+01, 1.8663414264e+01
2.3782226131e-03, 8.0272333158e-01, -5.2082607507e-04, 1.7817406648e+01, 1.8734743465e+01
2.3835633166e-03, 8.0431367580e-01, -4.9803674188e-04, 1.7930557436e+01, 1.8805789662e+01
2.3889040201e-03, 8.0586849630e-01, -4.7510328028e-04, 1.8043490605e+01, 1.8876553779e+01
2.3942447236e-03, 8.0742331680e-01, -4.5202596773e-04, 1.8156206154e+01, 1.8947036735e+01
2.3995854271e-03, 8.0897813730e-01, -4.2880508170e-04, 1.8268704084e+01, 1.9017239437e+01
2.4049261307e-03, 8.1053295780e-01, -4.0544089964e-04, 1.8380984394e+01, 1.9087162787e+01
2.4102668342e-03, 8.1208777830e-01, -3.8193369903e-04, 1.8493047085e+01, 1.9156807675e+01
2.4156075377e-03, 8.1364259880e-01, -3.5828375733e-04, 1.8604892156e+01, 1.9226174988e+01
2.4209482412e-03, 8.1516009258e-01, -3.3449135200e-04, 1.8716519607e+01, 1.9295265602e+01
2.4262889447e-03, 8.1666310995e-01, -3.1055676050e-04, 1.8827929439e+01, 1.9364080387e+01
2.4316296482e-03, 8.1816612732e-01, -2.8648026031e-04, 1.8939121652e+01, 1.9432620203e+01
2.4369703518e-03, 8.1966914469e-01, -2.6226212889e-04, 1.9050096245e+01, 1.9500885905e+01
2.4423110553e-03, 8.2117216206e-01, -2.3790264370e-04, 1.9160853218e+01, 1.9568878339e+01
2.4476517588e-03, 8.2267517943e-01, -2.1340208221e-04, 1.9271392572e+01, 1.9636598345e+01
2.4529924623e-03, 8.2415749106e-01, -1.8876072188e-04, 1.9381714307e+01, 1.9704046754e+01
2.4583331658e-03, 8.2559106677e-01, -1.6397884017e-04, 1.9491818421e+01, 1.9771224390e+01
2.4636738693e-03, 8.2702464247e-01, -1.3905671456e-04, 1.9601704917e+01, 1.9838132072e+01
2.4690145729e-03, 8.2845821818e-01, -1.1399462250e-04, 1.9711373792e+01, 1.9904770609e+01
2.4743552764e-03, 8.2989179389e-01, -8.8792841459e-05, 1.9820825049e+01, 1.9971140805e+01
2.4796959799e-03, 8.3132536959e-01, -6.3451648905e-05, 1.9930058685e+01, 2.0037243456e+01
2.4850366834e-03, 8.3275894530e-01, -3.7971322302e-05, 2.0039074703e+01, 2.0103079352e+01
2.4903773869e-03, 8.3414752873e-01, -1.2352139112e-05, 2.0147873100e+01, 2.0168649276e+01
2.4957180905e-03, 8.3552973165e-01, 1.3405623198e-05, 2.0256453878e+01, 2.0233954004e+01
2.5010587940e-03, 8.3691193457e-01, 3.9301687165e-05, 2.0364817037e+01, 2.0298994305e+01
2.5063994975e-03, 8.3829413749e-01, 6.5335775323e-05, 2.0472962576e+01, 2.0363770942e+01
2.5117402010e-03, 8.3967634041e-01, 9.1507610208e-05, 2.0580890495e+01, 2.0428284672e+01
2.5170809045e-03, 8.4105854333e-01, 1.1781691435e-04, 2.0688600795e+01, 2.0492536244e+01
2.5224216080e-03, 8.4241112573e-01, 1.4426341030e-04, 2.0796093475e+01, 2.0556526403e+01
2.5277623116e-03, 8.4372800246e-01, 1.7084682058e-04, 2.0903368536e+01, 2.0620255886e+01
2.5331030151e-03, 8.4504487919e-01, 1.9756686772e-04, 2.1010425978e+01, 2.0683725423e+01
2.5384437186e-03, 8.4636175592e-01, 2.2442327427e-04, 2.1117265799e+01, 2.0746935740e+01
2.5437844221e-03, 8.4767863266e-01, 2.5141576275e-04, 2.1223888002e+01, 2.0809887556e+01
2.5491251256e-03, 8.4899550939e-01, 2.7854405572e-04, 2.1330292584e+01, 2.0872581584e+01
2.5544658291e-03, 8.5031072080e-01, 3.0580787569e-04, 2.1436479548e+01, 2.0935018530e+01
2.5598065327e-03, 8.5157396416e-01, 3.3320694520e-04, 2.1542448891e+01, 2.0997199096e+01
2.5651472362e-03, 8.5283720753e-01, 3.6074098679e-04, 2.1648200615e+01, 2.1059123976e+01
2.5704879397e-03, 8.5410045089e-01, 3.8840972300e-04, 2.1753734720e+01, 2.1120793861e+01
2.5758286432e-03, 8.5536369425e-01, 4.1621287636e-04, 2.1859051205e+01, 2.1182209434e+01
2.5811693467e-03, 8.5662693762e-01, 4.4415016941e-04, 2.1964150070e+01, 2.1243371373e+01
2.5865100503e-03, 8.5789018098e-01, 4.7222132467e-04, 2.2069031316e+01, 2.1304280350e+01
2.5918507538e-03, 8.5912087253e-01, 5.0042606469e-04, 2.2173694943e+01, 2.1364937033e+01
2.5971914573e-03, 8.6033063613e-01, 5.2876411201e-04, 2.2278140950e+01, 2.1425342082e+01
2.6025321608e-03, 8.6154039973e-01, 5.5723518915e-04, 2.2382369337e+01, 2.1485496154e+01
2.6078728643e-03, 8.6275016333e-01, 5.8583901865e-04, 2.2486380105e+01, 2.1545399900e+01
2.6132135678e-03, 8.6395992693e-01, 6.1457532305e-04, 2.2590173253e+01, 2.1605053963e+01
2.6185542714e-03, 8.6516969052e-01, 6.4344382488e-04, 2.2693748782e+01, 2.1664458986e+01
2.6238949749e-03, 8.6636982793e-01, 6.7244424668e-04, 2.2797106691e+01, 2.1723615602e+01
2.6292356784e-03, 8.6752792124e-01, 7.0157631099e-04, 2.2900246981e+01, 2.1782524441e+01
2.6345763819e-03, 8.6868601456e-01, 7.3083974033e-04, 2.3003169651e+01, 2.1841186128e+01
2.6399170854e-03, 8.6984410787e-01, 7.6023425725e-04, 2.3105874701e+01, 2.1899601282e+01
2.6452577889e-03, 8.7100220118e-01, 7.8975958427e-04, 2.3208362132e+01, 2.1957770517e+01
2.6505984925e-03, 8.7216029450e-01, 8.1941544394e-04, 2.3310631944e+01, 2.2015694444e+01
2.6559391960e-03, 8.7331838781e-01, 8.4920155879e-04, 2.3412684136e+01, 2.2073373666e+01
2.6612798995e-03, 8.7443879069e-01, 8.7911765136e-04, 2.3514518708e+01, 2.2130808784e+01
2.6666206030e-03, 8.7554872652e-01, 9.0916344417e-04, 2.3616135661e+01, 2.2188000393e+01
2.6719613065e-03, 8.7665866236e-01, 9.3933865978e-04, 2.3717534994e+01, 2.2244949083e+01
2.6773020101e-03, 8.7776859819e-01, 9.6964302070e-04, 2.3818716708e+01, 2.2301655438e+01
2.6826427136e-03, 8.7887853402e-01, 1.0000762495e-03, 2.3919680803e+01, 2.2358120041e+01
2.6879834171e-03, 8.7998846985e-01, 1.0306380686e-03, 2.4020427277e+01, 2.2414343468e+01
2.6933241206e-03, 8.8107882068e-01, 1.0613282007e-03, 2.4120956133e+01, 2.2470326289e+01
2.6986648241e-03, 8.8213439522e-01, 1.0921463683e-03, 2.4221267368e+01, 2.2526069073e+01
2.7040055276e-03, 8.8318996975e-01, 1.1230922939e-03, 2.4321360984e+01, 2.2581572381e+01
2.7093462312e-03, 8.8424554429e-01, 1.1541657000e-03, 2.4421236981e+01, 2.2636836773e+01
2.7146869347e-03, 8.8530111882e-01, 1.1853663091e-03, 2.4520895358e+01, 2.2691862801e+01
2.7200276382e-03, 8.8635669335e-01, 1.2166938439e-03, 2.4620336116e+01, 2.2746651016e+01
2.7253683417e-03, 8.8741226789e-01, 1.2481480268e-03, 2.4719559254e+01, 2.2801201963e+01
2.7307090452e-03, 8.8842761983e-01, 1.2797285803e-03, 2.4818564772e+01, 2.2855516182e+01
2.7360497487e-03, 8.8944030856e-01, 1.3114352271e-03, 2.4917352671e+01, 2.2909594210e+01
2.7413904523e-03, 8.9045299729e-01, 1.3432676897e-03, 2.5015922950e+01, 2.2963436579e+01
2.7467311558e-03, 8.9146568601e-01, 1.3752256905e-03, 2.5114275610e+01, 2.3017043819e+01
2.7520718593e-03, 8.9247837474e-01, 1.4073089521e-03, 2.5212410651e+01, 2.3070416453e+01
2.7574125628e-03, 8.9349106347e-01, 1.4395171971e-03, 2.5310328071e+01, 2.3123555002e+01
2.7627532663e-03, 8.9448029953e-01, 1.4718501479e-03, 2.5408027873e+01, 2.3176459981e+01
2.7680939698e-03, 8.9544749548e-01, 1.5043075272e-03, 2.5505510054e+01, 2.3229131903e+01
2.7734346734e-03, 8.9641469143e-01, 1.5368890574e-03, 2.5602774616e+01, 2.3281571276e+01
2.7787753769e-03, 8.9738188739e-01, 1.5695944612e-03, 2.5699821559e+01, 2.3333778604e+01
2.7841160804e-03, 8.9834908334e-01, 1.6024234609e-03, 2.5796650882e+01, 2.3385754388e+01
2.7894567839e-03, 8.9931627929e-01, 1.6353757792e-03, 2.5893262586e+01, 2.3437499125e+01
2.7947974874e-03, 9.0027891454e-01, 1.6684511387e-03, 2.5989656670e+01, 2.3489013307e+01
2.8001381910e-03, 9.0119714975e-01, 1.7016492617e-03, 2.6085833134e+01, 2.3540297424e+01
2.8054788945e-03, 9.0211538496e-01, 1.7349698709e-03, 2.6181791979e+01, 2.3591351960e+01
2.8108195980e-03, 9.0303362017e-01, 1.7684126888e-03, 2.6277533205e+01, 2.3642177398e+01
2.8161603015e-03, 9.0395185539e-01, 1.8019774380e-03, 2.6373056811e+01, 2.3692774215e+01
2.8215010050e-03, 9.0487009060e-01, 1.8356638409e-03, 2.6468362797e+01, 2.3743142886e+01
2.8268417085e-03, 9.0578832581e-01, 1.8694716202e-03, 2.6563451164e+01, 2.3793283882e+01
2.8321824121e-03, 9.0667947263e-01, 1.9034004983e-03, 2.6658321911e+01, 2.3843197670e+01
2.8375231156e-03, 9.0755732415e-01, 1.9374501977e-03, 2.6752975039e+01, 2.3892884713e+01
2.8428638191e-03, 9.0843517566e-01, 1.9716204411e-03, 2.6847410547e+01, 2.3942345473e+01
2.8482045226e-03, 9.0931302717e-01, 2.0059109509e-03, 2.6941628436e+01, 2.3991580405e+01
2.8535452261e-03, 9.1019087869e-01, 2.0403214498e-03, 2.7035628705e+01, 2.4040589963e+01
2.8588859296e-03, 9.1106873020e-01, 2.0748516601e-03, 2.7129411354e+01, 2.4089374597e+01
2.8642266332e-03, 9.1193670924e-01, 2.1095013045e-03, 2.7222976384e+01, 2.4137934754e+01
2.8695673367e-03, 9.1277481655e-01, 2.1442701055e-03, 2.7316323795e+01, 2.4186270877e+01
2.8749080402e-03, 9.1361292387e-01, 2.1791577856e-03, 2.7409453586e+01, 2.4234383406e+01
2.8802487437e-03, 9.1445103119e-01, 2.2141640674e-03, 2.7502365757e+01, 2.4282272778e+01
2.8855894472e-03, 9.1528913851e-01, 2.2492886733e-03, 2.7595060309e+01, 2.4329939427e+01
2.8909301508e-03, 9.1612724582e-01, 2.2845313261e-03, 2.7687537241e+01, 2.4377383781e+01
2.8962708543e-03, 9.1696535314e-01, 2.3198917480e-03, 2.7779796554e+01, 2.4424606270e+01
2.9016115578e-03, 9.1776589218e-01, 2.3553696618e-03, 2.7871838248e+01, 2.4471607317e+01
2.9069522613e-03, 9.1855952681e-01, 2.3909647899e-03, 2.7963662321e+01, 2.4518387342e+01
2.9122929648e-03, 9.1935316145e-01, 2.4266768549e-03, 2.8055268776e+01, 2.4564946764e+01
2.9176336683e-03, 9.2014679609e-01, 2.4625055793e-03, 2.8146657610e+01, 2.4611285997e+01
2.9229743719e-03, 9.2094043073e-01, 2.4984506857e-03, 2.8237828825e+01, 2.4657405453e+01
2.9283150754e-03, 9.2173406536e-01, 2.5345118965e-03, 2.8328782421e+01, 2.4703305540e+01
2.9336557789e-03, 9.2251143828e-01, 2.5706889343e-03, 2.8419518397e+01, 2.4748986665e+01
2.9389964824e-03, 9.2326657224e-01, 2.6069815217e-03, 2.8510036754e+01, 2.4794449230e+01
2.9443371859e-03, 9.2402170619e-01, 2.6433893812e-03, 2.8600337491e+01, 2.4839693635e+01
2.9496778894e-03, 9.2477684015e-01, 2.6799122353e-03, 2.8690420608e+01, 2.4884720277e+01
2.9550185930e-03, 9.2553197411e-01, 2.7165498066e-03, 2.8780286106e+01, 2.4929529550e+01
2.9603592965e-03, 9.2628710806e-01, 2.7533018175e-03, 2.8869933984e+01, 2.4974121845e+01
2.9657000000e-03, 9.2704224202e-01, 2.7901679907e-03, 2.8959364243e+01, 2.5018497551e+01

