This fits B3 to B3 into the virial expansion since maxPower is set to 1.
Number of particles: 108
dryVolFracMax: 1.346
dryVolFracIncrement: 0.05
Initial configuration: FCC
Dry microgel radius [nm]: 50.0
Box length [units of dry radius]: 4.314202144639655
Number of monomers: 0.0
Number of chains: 0.0
Flory interaction parameter (chi): 0.0
Young's calibration factor: 1.0
x-link fraction: 3.0E-5
MC steps: 200000
Equilibration steps: 50000.0
Snapshot interval: 100
Displacement tolerance: 0.1
Particle radius change tolerance: 0.0
Particle radius bin width: 0.001
g(r) bin width: 0.005
phi0, phi, rho, mu_virialFit/kT, Z_measured, Z_virial_Fit, <F_total_virialFit>/V, QMelting, <F_id>/V, <F_ex_virialFit>/V, <F_FR>/V, <alpha>, Zeta, B2_rho, B2_phi0, B2_HS, B2*, <F_ex_virialFit>/N, <F_ex_measuredTI>/N, mu_measuredTI/kT, P_virialFit*, P_measured*, <F_ex_measuredTI>/V, <F_total_measuredTI>/V
0.045, 0.0, 0.045000000000000005, -2.9100134981642016, 1.0729624015347616, 1.0828188528168345, -0.17967745579414665, 1.680003057762286, -0.18319084045337897, 0.0035133846592323185, 0.0, 0.5, 0.0, 1.6295905884973239, 0.3890360960630697, 2.0943951023931953, 0.7780721921261395, 0.07807521464960707, 0.07314698900857061, -2.924798175087311, 0.04872684837675756, 0.04828330806906428, 0.0032916145053856777, -0.1798992259479933
0.095, 0.0, 0.095, -1.9506467527870741, 1.1756855192268572, 1.19709390537315, -0.2990353625252213, 1.8007619747453987, -0.3157508505610401, 0.016715488035818803, 0.0, 0.5, 0.0, 1.6295905884973239, 0.3890360960630697, 2.0943951023931953, 0.7780721921261395, 0.17595250564019793, 0.15991468790337132, -1.9880929566701933, 0.11372392101044924, 0.11169012432655143, 0.015191895350820276, -0.3005589552102198
0.145, 0.0, 0.14500000000000002, -1.2804994979221527, 1.2725669085499907, 1.3347943315947866, -0.37921760527995624, 1.8832466487616586, -0.4206212653821564, 0.04140366010220015, 0.0, 0.5, 0.0, 1.6295905884973239, 0.3890360960630697, 2.0943951023931953, 0.7780721921261395, 0.2855424834634493, 0.25314201385644464, -1.3751273905739532, 0.19354517808124408, 0.18452220173974868, 0.036705592009184475, -0.3839156733729719
0.195, 0.0, 0.19500000000000006, -0.7018052172361104, 1.3905075390123631, 1.495920131481744, -0.4285564429999819, 1.9363737323784576, -0.5078912468832574, 0.07933480388327548, 0.0, 0.5, 0.0, 1.6295905884973239, 0.3890360960630697, 2.0943951023931953, 0.7780721921261395, 0.4068451481193613, 0.3502013775381784, -0.8638615802866747, 0.29170442563894017, 0.2711489701074109, 0.06828926861994482, -0.43960197826331254
0.245, 0.0, 0.24499999999999997, -0.1559800402142808, 1.5176985962550584, 1.6804713050340223, -0.4499305795858342, 1.962964214900154, -0.5821964019897778, 0.13226582240394363, 0.0, 0.5, 0.0, 1.6295905884973239, 0.3890360960630697, 2.0943951023931953, 0.7780721921261395, 0.5398604996079333, 0.4530928340152925, -0.4055204145858855, 0.4117154697333354, 0.37183615608248927, 0.11100774433374665, -0.4711886576560312
0.295, 0.0, 0.295, 0.38244169111964443, 1.6557726670061093, 1.8884478522516217, -0.4442718175339333, 1.9641229387439938, -0.6462254362230373, 0.201953618689104, 0.0, 0.5, 0.0, 1.6295905884973239, 0.3890360960630697, 2.0943951023931953, 0.7780721921261395, 0.6845885379291661, 0.5614931762192839, 0.02667114416424954, 0.5570921164142284, 0.4884529367668022, 0.16564048698468872, -0.4805849492383486
0.345, 0.0, 0.34500000000000003, 0.9268533978479987, 1.8075288492602226, 2.1198497731345425, -0.41158374947385773, 1.9402382792470836, -0.7017388452375133, 0.29015509576365556, 0.0, 0.5, 0.0, 1.6295905884973239, 0.3890360960630697, 2.0943951023931953, 0.7780721921261395, 0.8410292630830595, 0.6755837143300364, 0.4490869252206553, 0.7313481717314172, 0.6235974529947769, 0.23307638144386258, -0.46866246379365073
0.395, 0.0, 0.39499999999999996, 1.4851754522525549, 1.9920025642668469, 2.374677067682783, -0.3513531380949402, 1.8919599550161066, -0.7499802947474373, 0.39862715665249715, 0.0, 0.5, 0.0, 1.6295905884973239, 0.3890360960630697, 2.0943951023931953, 0.7780721921261395, 1.0091826750696131, 0.7968852700317148, 0.8902035437987201, 0.9379974417346992, 0.7868410128854044, 0.31476968166252733, -0.43521061308491
0.445, 0.0, 0.4449999999999999, 2.0624827365504492, 2.1862202588653825, 2.652929735896345, -0.2627489147089238, 1.8175121775175471, -0.7918756190894517, 0.5291267043805279, 0.0, 0.5, 0.0, 1.6295905884973239, 0.3890360960630697, 2.0943951023931953, 0.7780721921261395, 1.189048773888827, 0.9263118300303739, 1.3330363156610332, 1.1805537324738733, 0.972868015195095, 0.4122087643635163, -0.3796668547259354
0.495, 0.0, 0.49500000000000005, 2.662223044483659, 2.4181557366159447, 2.9546077777752293, -0.14473044297932725, 1.7180683264801897, -0.828141084951975, 0.6834106419726478, 0.0, 0.5, 0.0, 1.6295905884973239, 0.3890360960630697, 2.0943951023931953, 0.7780721921261395, 1.3806275595407025, 1.0645774447088965, 1.8097208884925684, 1.4625308499987386, 1.1969870896248929, 0.5269658351309038, -0.30117524982107124
0.545, 0.0, 0.5449999999999999, 3.2868459646069503, 2.654520996144586, 3.2797111933194323, 0.00388845035169727, 1.590212816021723, -0.8593474221020568, 0.8632358724537541, 0.0, 0.5, 0.0, 1.6295905884973239, 0.3890360960630697, 2.0943951023931953, 0.7780721921261395, 1.5839190320252372, 1.212096930349454, 2.289833665756321, 1.7874426003590904, 1.4467139428987992, 0.6605928270404523, -0.19875459506160453
0.595, 0.0, 0.595, 3.938154524016058, 2.9460317387088395, 3.6282399825289584, 0.18439915218482394, 1.4382713159583653, -0.8859601466639234, 1.0703592988487474, 0.0, 0.5, 0.0, 1.6295905884973239, 0.3890360960630697, 2.0943951023931953, 0.7780721921261395, 1.7989231913424326, 1.3697584283297446, 2.8267815171832504, 2.15880278960473, 1.7528888845317594, 0.815006264856198, -0.07095388180772544
0.645, 0.0, 0.6450000000000001, 4.617514444290904, 3.2520855070938275, 4.000194145403805, 0.3981715927821792, 1.2559284604392993, -0.908366231400348, 1.3065378241825272, 0.0, 0.5, 0.0, 1.6295905884973239, 0.3890360960630697, 2.0943951023931953, 0.7780721921261395, 2.02564003749229, 1.5388146037051622, 3.3825803721937993, 2.580125223785455, 2.097595152075519, 0.9925354193898298, 0.08416918798948181
0.695, 0.0, 0.6949999999999998, 5.325985042582603, 3.5898484804039645, 4.39557368194397, 0.6466358956438503, 1.0448765233518862, -0.9268924558361389, 1.5735283514799892, 0.0, 0.5, 0.0, 1.6295905884973239, 0.3890360960630697, 2.0943951023931953, 0.7780721921261395, 2.264069570474805, 1.7192647569197486, 3.9754550274875418, 3.054923708951059, 2.494944693880755, 1.194889006059225, 0.2679965502230861
0.745, 0.0, 0.7450000000000001, 6.06440454541804, 3.980325605309881, 4.814378592149461, 0.931269335185092, 0.8064901277345886, -0.9418184485809458, 1.8730877837660378, 0.0, 0.5, 0.0, 1.6295905884973239, 0.3890360960630697, 2.0943951023931953, 0.7780721921261395, 2.514211790289983, 1.9124357005531483, 4.628575468841626, 3.586712051151349, 2.965342575955862, 1.4247645969120957, 0.4829461483311499
0.795, 0.0, 0.7950000000000003, 6.8334476322114615, 4.41139819436887, 5.256608876020271, 1.253586811171997, 0.5381672241829001, -0.9533862128935718, 2.2069730240655687, 0.0, 0.5, 0.0, 1.6295905884973239, 0.3890360960630697, 2.0943951023931953, 0.7780721921261395, 2.7760666969378214, 2.1197232996847246, 5.331893553306963, 4.179004056436117, 3.5070615645232524, 1.6851800232493566, 0.7317938103557847
0.845, 0.0, 0.8450000000000002, 7.63366539593093, 4.937704880363443, 5.7222645335564, 1.6151337287064784, 0.2466258874204319, -0.9618072466970021, 2.5769409754034807, 0.0, 0.5, 0.0, 1.6295905884973239, 0.3890360960630697, 2.0943951023931953, 0.7780721921261395, 3.04963429041832, 2.3435001168530705, 6.142971569172724, 4.835313530855159, 4.17236062390711, 1.980257598740845, 1.018450352043843
0.895, 0.0, 0.8950000000000001, 8.46551379836322, 5.480260058510447, 6.211345564757851, 2.017480569076806, -0.07948960972515695, -0.9672679717278666, 2.984748540804673, 0.0, 0.5, 0.0, 1.6295905884973239, 0.3890360960630697, 2.0943951023931953, 0.7780721921261395, 3.3349145707314776, 2.5851471902511927, 6.984660911635531, 5.559154280458277, 4.9048327523668505, 2.3137067352748177, 1.346438763546951
0.945, 0.0, 0.9450000000000005, 9.329374379594706, 6.139845993020166, 6.723851969624626, 2.4622186774217263, -0.4245136944338568, -0.9699339458723233, 3.4321526232940496, 0.0, 0.5, 0.0, 1.6295905884973239, 0.3890360960630697, 2.0943951023931953, 0.7780721921261395, 3.631907537877299, 2.8462688809799763, 7.959729746092923, 6.354040111295275, 5.80215446340406, 2.6897240925260792, 1.719790146653756
0.995, 0.0, 0.9950000000000003, 10.225569621770125, 6.827262608146449, 7.259783748156718, 2.950956944245341, -0.8054935645086627, -0.9699531816511586, 3.9209101258964996, 0.0, 0.5, 0.0, 1.6295905884973239, 0.3890360960630697, 2.0943951023931953, 0.7780721921261395, 3.940613191855777, 3.1286572760705993, 8.981092565974677, 7.223484829415936, 6.7931262951057185, 3.113013989690247, 2.1430608080390883
1.045, 0.0, 1.0450000000000004, 11.154374542018997, 7.647296344637067, 7.819140900354131, 3.4853191555397864, -1.201751494449439, -0.967458796097144, 4.45277795163693, 0.0, 0.5, 0.0, 1.6295905884973239, 0.3890360960630697, 2.0943951023931953, 0.7780721921261395, 4.261031532666918, 3.434097137781713, 10.155595591416729, 8.17100224087007, 7.991424680145738, 3.5886315089818916, 2.6211727128847477
1.095, 0.0, 1.0950000000000006, 12.11602557337723, 8.5572370297205, 8.40192342621687, 4.066941851140595, -1.6242306341017567, -0.9625711523996463, 5.0295130035402416, 0.0, 0.5, 0.0, 1.6295905884973239, 0.3890360960630697, 2.0943951023931953, 0.7780721921261395, 4.59316256031072, 3.7656630243351112, 11.443839640905251, 9.200106151707478, 9.370174547543954, 4.1234010116469495, 3.160829859247303
1.145, 0.0, 1.1450000000000002, 13.110727461119476, 9.564764292946542, 9.008131325744921, 4.697472575003867, -2.0658131478923467, -0.9553996096274534, 5.65287218463132, 0.0, 0.5, 0.0, 1.6295905884973239, 0.3890360960630697, 2.0943951023931953, 0.7780721921261395, 4.937006274787178, 4.125206269730144, 12.855560423264063, 10.314310367977937, 10.951655115423792, 4.723361178841016, 3.767961569213563
1.195, 0.0, 1.1950000000000005, 14.138658683999251, 10.719429223350597, 9.6377645989383, 5.378568431647837, -2.5216630959857858, -0.9460439662872457, 6.324612397935083, 0.0, 0.5, 0.0, 1.6295905884973239, 0.3890360960630697, 2.0943951023931953, 0.7780721921261395, 5.292562676096302, 4.515545196313026, 14.44330582862827, 11.517128695731275, 12.80971792190397, 5.396076509594068, 4.450032543306822
1.245, 0.0, 1.2450000000000003, 15.199975763532924, 12.028783495866763, 10.290823245796997, 6.111894884581232, -2.981239402780007, -0.9345956618951832, 7.046490546476415, 0.0, 0.5, 0.0, 1.6295905884973239, 0.3890360960630697, 2.0943951023931953, 0.7780721921261395, 5.659831764238082, 4.940342051694924, 16.218446301059533, 12.812074941017265, 14.975835452354124, 6.150725854360182, 5.216130192464999
1.295, 0.0, 1.2950000000000008, 16.294816724266227, 13.489214643240173, 10.967307266321022, 6.899124748039044, -3.4504356641560774, -0.9211387852411856, 7.8202635332802295, 0.0, 0.5, 0.0, 1.6295905884973239, 0.3890360960630697, 2.0943951023931953, 0.7780721921261395, 6.038813539212529, 5.40290809746847, 18.180818659441318, 14.202662909885733, 17.468532962996036, 6.996765986221673, 6.075627200980487
1.345, 0.0, 1.3450000000000004, 17.423303898164963, 15.150760311959523, 11.667216660510356, 7.7419373346454465, -3.9087046152249965, -0.9057509267259567, 8.647688261371403, 0.0, 0.5, 0.0, 1.6295905884973239, 0.3890360960630697, 2.0943951023931953, 0.7780721921261395, 6.429508001019629, 5.90703791186966, 20.384377460464158, 15.692406408386432, 20.377772619585564, 7.944965991464695, 7.039215064738738
