This fits B3 to B5 into the virial expansion since maxPower is set to 3.
Number of particles: 108
dryVolFracMax: 0.003
dryVolFracIncrement: 1.0E-4
Initial configuration: FCC
Dry microgel radius [nm]: 50.0
Box length [units of dry radius]: 52.64820356309553
Number of monomers: 2916666.666666667
Number of chains: 87.50000000000001
Flory interaction parameter (chi): 0.0
Young's calibration factor: 1.0
x-link fraction: 3.0E-5
MC steps: 100000
Equilibration steps: 10000.0
Snapshot interval: 100
Displacement tolerance: 0.1
Particle radius change tolerance: 0.0
Particle radius bin width: 0.001
g(r) bin width: 0.005
phi0, phi, rho, mu/kT, Z_measured, Z_virial_Fit, Z_residual, <F_total>/V, QMelting, <F_id>/V, <F_ex>/V, <F_FR>/V, <alpha>, Zeta, B2_rho, B2_phi0, B2_HS, B2*
2.0E-4, 0.06873188405152593, 4.774648292756861E-5, -9.58027556019596, 1.0683231043340542, 1.191800944720152, -0.12347784038609788, -5.120990220079753E-4, 1.5005124515948396, -5.213638970822166E-4, 9.264875074241288E-6, 0.0, 7.005, 0.06875648901040608, 4066.6320421893456, 970.8368868754851, 5759.344002722824, 0.7060929231292277
3.0E-4, 0.10307805124121117, 7.161972439135293E-5, -8.966973718860698, 1.086487459790893, 1.2796015287546716, -0.1931140689637787, -7.323305286713488E-4, 1.500732978079936, -7.530065463303081E-4, 2.0676017658959286E-5, 0.0, 7.005, 0.10313473351560913, 4066.6320421893456, 970.8368868754851, 5759.344002722824, 0.7060929231292277
4.0E-4, 0.137403426317522, 9.549296585513724E-5, -8.5015340451944, 1.3897732821166393, 1.3578424953488224, 0.03193078676781691, -9.402404795875141E-4, 1.5009443321298193, -9.765371141186377E-4, 3.6296634531123655E-5, 0.0, 7.005, 0.13751297802081217, 4066.6320421893456, 970.8368868754851, 5759.344002722824, 0.7060929231292277
5.0E-4, 0.17170822030763305, 1.1936620731892148E-4, -8.120541104934675, 1.2832676239758587, 1.4247752509668536, -0.14150762699099495, -0.0011382488788183665, 1.5011420281901318, -0.0011940355932402447, 5.578671442187816E-5, 0.0, 7.005, 0.1718912225260152, 4066.6320421893456, 970.8368868754851, 5759.344002722824, 0.7060929231292277
6.0E-4, 0.20597041556235388, 1.4323944878270585E-4, -7.798665934825228, 1.401441629408118, 1.4797481423784167, -0.07830651297029867, -0.0013279677568168967, 1.5013342420937725, -0.001406727072591923, 7.875931577502625E-5, 0.0, 7.005, 0.20626946703121826, 4066.6320421893456, 970.8368868754851, 5759.344002722824, 0.7060929231292277
7.0E-4, 0.24021092994850532, 1.6711269024649017E-4, -7.522209337612422, 1.3907144223808343, 1.5232064566585604, -0.13249203427772605, -0.0015106077487333101, 1.5015173868062068, -0.0016154210498813184, 1.0481330114800824E-4, 0.0, 7.005, 0.24064771153642134, 4066.6320421893456, 970.8368868754851, 5759.344002722824, 0.7060929231292277
8.0E-4, 0.274429155633398, 1.9098593171027449E-4, -7.281764850526583, 1.508777396113362, 1.5566924211877335, -0.04791502507437162, -0.0016871267965328054, 1.5016979627490636, -0.0018206928681456847, 1.335660716128794E-4, 0.0, 7.005, 0.2750259560416244, 4066.6320421893456, 970.8368868754851, 5759.344002722824, 0.7060929231292277
9.0E-4, 0.30861720816501703, 2.148591731740588E-4, -7.069442565220871, 1.7893229951828897, 1.582845203651785, 0.20647779153110468, -0.0018582864098515468, 1.5018763532435129, -0.0020229727110088343, 1.6468630115728752E-4, 0.0, 7.005, 0.30940420054682743, 4066.6320421893456, 970.8368868754851, 5759.344002722824, 0.7060929231292277
0.001, 0.34272465103441396, 2.3873241463784312E-4, -6.877615026208238, 1.7728305522400425, 1.6054009120419628, 0.1674296401980797, -0.0020246678152805505, 1.5020439127329988, -0.0022225944863660013, 1.979266710854507E-4, 0.0, 7.005, 0.3437824450520305, 4066.6320421893456, 970.8368868754851, 5759.344002722824, 0.7060929231292277
0.0011, 0.376770384402027, 2.626056561016274E-4, -6.698279535111388, 1.612261198937617, 1.6291925946549135, -0.016931395717296516, -0.0021866683382827878, 1.5022027377282514, -0.0024198249427019227, 2.3315660441913477E-4, 0.0, 7.005, 0.3781606895572336, 4066.6320421893456, 970.8368868754851, 5759.344002722824, 0.7060929231292277
0.0012, 0.41076865896684606, 2.864788975654117E-4, -6.522704832509221, 2.03853062139735, 1.660150240092685, 0.3783803813046651, -0.0023444871047478286, 1.5023749479857265, -0.00261488210504646, 2.703950002986314E-4, 0.0, 7.005, 0.41253893406243664, 4066.6320421893456, 970.8368868754851, 5759.344002722824, 0.7060929231292277
0.0013, 0.44472635400128135, 3.10352139029196E-4, -6.341222076170609, 2.041798475420241, 1.7053007772627242, 0.33649769815751673, -0.0024981045532097585, 1.502531488720168, -0.002807947521593494, 3.0984296838373556E-4, 0.0, 7.005, 0.4469171785676397, 4066.6320421893456, 970.8368868754851, 5759.344002722824, 0.7060929231292277
0.0014, 0.47855543812481194, 3.342253804929803E-4, -6.143094592030643, 2.1453130762245696, 1.7727680753778754, 0.3725450008466942, -0.0026472581563476297, 1.5026855709063316, -0.002999174719602353, 3.519165632547232E-4, 0.0, 7.005, 0.48129542307284273, 4066.6320421893456, 970.8368868754851, 5759.344002722824, 0.7060929231292277
0.0015, 0.5123365092866868, 3.580986219567647E-4, -5.916433206302734, 2.4989764064358297, 1.871772943956385, 0.6272034624794447, -0.0027914157142705886, 1.502846165414096, -0.003188695233083918, 3.972795188133296E-4, 0.0, 7.005, 0.5156736675780458, 4066.6320421893456, 970.8368868754851, 5759.344002722824, 0.7060929231292277
0.0016, 0.5459316209610938, 3.8197186342054886E-4, -5.6481392386598515, 2.0657385177458303, 2.012633132821897, 0.05310538492393313, -0.002929747033424463, 1.5029705125824606, -0.0033766230161081877, 4.4687598268372455E-4, 0.0, 7.005, 0.5500519120832489, 4066.6320421893456, 970.8368868754851, 5759.344002722824, 0.7060929231292277
0.0017, 0.5794805307811992, 4.0584510488433315E-4, -5.323864961909862, 2.3826129210729903, 2.2067633321034568, 0.1758495889695335, -0.0030610944980017916, 1.5031161830036985, -0.0035630577486152858, 5.019632506134943E-4, 0.0, 7.005, 0.5844301565884519, 4066.6320421893456, 970.8368868754851, 5759.344002722824, 0.7060929231292277
0.0018, 0.6130636731409864, 4.297183463481176E-4, -4.92798546887609, 3.010299983926242, 2.46667517223551, 0.5436248116907323, -0.003183942860936973, 1.5032712378642854, -0.003748087361811589, 5.641445008746162E-4, 0.0, 7.005, 0.618808401093655, 4066.6320421893456, 970.8368868754851, 5759.344002722824, 0.7060929231292277
0.0019, 0.6474844127103424, 4.535915878119019E-4, -4.443578208289347, 2.6399906056370206, 2.8059772239578953, -0.1659866183208747, -0.00329638847205879, 1.5033678902413479, -0.003931790000723226, 6.354015286644362E-4, 0.0, 7.005, 0.6531866455988581, 4066.6320421893456, 970.8368868754851, 5759.344002722824, 0.7060929231292277
0.002, 0.6809858529572873, 4.7746482927568624E-4, -3.8524078081392084, 3.0690272509460303, 3.239374998315861, -0.1703477473698305, -0.0033961080919963763, 1.5034845217846395, -0.004114235572503025, 7.181274805066485E-4, 0.0, 7.005, 0.687564890104061, 4066.6320421893456, 970.8368868754851, 5759.344002722824, 0.7060929231292277
0.0021, 0.7140994918791094, 5.013380707394704E-4, -3.1349146261104326, 3.260466052609311, 3.7826709466600423, -0.5222048940507311, -0.0034803273957001407, 1.5035798586272624, -0.0042954869843524115, 8.151595886522708E-4, 0.0, 7.005, 0.721943134609264, 4066.6320421893456, 970.8368868754851, 5759.344002722824, 0.7060929231292277
0.0022, 0.7468281088876784, 5.252113122032547E-4, -2.270205979228969, 3.7108807643070465, 4.452764460646485, -0.7418836963394382, -0.0035457892396713432, 1.5036695943436258, -0.0044756011451519695, 9.298119054806265E-4, 0.0, 7.005, 0.756321379114467, 4066.6320421893456, 970.8368868754851, 5759.344002722824, 0.7060929231292277
0.0023, 0.7787010781034629, 5.490845536670389E-4, -1.2360493334374982, 4.480946575825426, 5.267651872236629, -0.7867052964112027, -0.003588721746729461, 1.5037538212160348, -0.004654629784629776, 0.0010659080379003148, 0.0, 7.005, 0.79069962361967, 4066.6320421893456, 970.8368868754851, 5759.344002722824, 0.7060929231292277
0.0024, 0.8089292458495002, 5.729577951308231E-4, -0.008866949620750044, 5.460296025445343, 6.246426453697314, -0.7861304282519708, -0.0036048062480679493, 1.503822478432941, -0.004832620129818146, 0.0012278138817501969, 0.0, 7.005, 0.8250778681248729, 4066.6320421893456, 970.8368868754851, 5759.344002722824, 0.7060929231292277
0.0025, 0.8364670753930086, 5.968310365946075E-4, 1.436268372600501, 6.839910928323586, 7.409278417600792, -0.569367489277206, -0.0035891451123881476, 1.5038964076581416, -0.005009615468588517, 0.0014204703562003698, 0.0, 7.005, 0.8594561126300759, 4066.6320421893456, 970.8368868754851, 5759.344002722824, 0.7060929231292277
0.0026, 0.8608247556969867, 6.207042780583919E-4, 3.1256367129348823, 8.718705674612156, 8.777494916824693, -0.05878924221253712, -0.0035362294847361728, 1.503995969711796, -0.005185655622889315, 0.001649426138153142, 0.0, 7.005, 0.8938343571352789, 4066.6320421893456, 970.8368868754851, 5759.344002722824, 0.7060929231292277
0.0027, 0.8821938228227584, 6.445775195221761E-4, 5.086873801011345, 10.73089713359583, 10.373460044552044, 0.35743708904378657, -0.0034399069524362206, 1.5041117395318735, -0.005360777349080229, 0.0019208703966440083, 0.0, 7.005, 0.9282126016404819, 4066.6320421893456, 970.8368868754851, 5759.344002722824, 0.7060929231292277
0.0028, 0.9009411290199801, 6.684507609859605E-4, 7.348973281378522, 12.807811200946677, 12.220654834271318, 0.5871563666753588, -0.0032933491516414885, 1.5042368566652344, -0.005535014678884134, 0.0022416655272426457, 0.0, 7.005, 0.9625908461456849, 4066.6320421893456, 970.8368868754851, 5759.344002722824, 0.7060929231292277
0.0029, 0.9172568434627808, 6.923240024497446E-4, 9.942288579786258, 14.90513164693791, 14.343657259776311, 0.5614743871615993, -0.003089019325121723, 1.504370608660579, -0.005708399211575585, 0.0026193798864538615, 0.0, 7.005, 0.9969690906508879, 4066.6320421893456, 970.8368868754851, 5759.344002722824, 0.7060929231292277
