This fits B3 to B7 into the virial expansion since maxPower is set to 5.
Number of particles: 108
dryVolFracMax: 0.003
dryVolFracIncrement: 1.0E-4
Initial configuration: FCC
Dry microgel radius [nm]: 50.0
Box length [units of dry radius]: 52.64820356309553
Number of monomers: 2916666.666666667
Number of chains: 87.50000000000001
Flory interaction parameter (chi): 0.0
Young's calibration factor: 1.0
x-link fraction: 3.0E-5
MC steps: 100000
Equilibration steps: 10000.0
Snapshot interval: 100
Displacement tolerance: 0.1
Particle radius change tolerance: 0.0
Particle radius bin width: 0.001
g(r) bin width: 0.005
phi0, phi, rho, mu/kT, Z_measured, Z_virial_Fit, Z_residual, <F_total>/V, QMelting, <F_id>/V, <F_ex>/V, <F_FR>/V, <alpha>, Zeta, B2_rho, B2_phi0, B2_HS, B2*
2.0E-4, 0.06873188405152593, 4.774648292756861E-5, -9.738928226704795, 1.0683231043340542, 1.0939308444306401, -0.02560774009658595, -5.149687297161109E-4, 1.5005153213025477, -5.213638970822166E-4, 6.3951673661057035E-6, 0.0, 7.005, 0.06875648901040608, 4066.6320421893456, 970.8368868754851, 5759.344002722824, 0.7060929231292277
3.0E-4, 0.10307805124121117, 7.161972439135293E-5, -9.232052537177289, 1.086487459790893, 1.1215710504802927, -0.03508359068939981, -7.403357000033439E-4, 1.5007409832512681, -7.530065463303081E-4, 1.2670846326964213E-5, 0.0, 7.005, 0.10313473351560913, 4066.6320421893456, 970.8368868754851, 5759.344002722824, 0.7060929231292277
4.0E-4, 0.137403426317522, 9.549296585513724E-5, -8.847760353405654, 1.3897732821166393, 1.166637542712368, 0.22313573940427123, -9.557667685688628E-4, 1.5009598584188006, -9.765371141186377E-4, 2.0770345549774872E-5, 0.0, 7.005, 0.13751297802081217, 4066.6320421893456, 970.8368868754851, 5759.344002722824, 0.7060929231292277
5.0E-4, 0.17170822030763305, 1.1936620731892148E-4, -8.50490115857113, 1.2832676239758587, 1.2375592500608779, 0.04570837391498084, -0.0011627851386644453, 1.5011665644499779, -0.0011940355932402447, 3.125045457579937E-5, 0.0, 7.005, 0.1718912225260152, 4066.6320421893456, 970.8368868754851, 5759.344002722824, 0.7060929231292277
6.0E-4, 0.20597041556235388, 1.4323944878270585E-4, -8.17249432427141, 1.401441629408118, 1.3346808069921126, 0.06676082241600545, -0.0013618458865372377, 1.501368120223493, -0.001406727072591923, 4.48811860546852E-5, 0.0, 7.005, 0.20626946703121826, 4066.6320421893456, 970.8368868754851, 5759.344002722824, 0.7060929231292277
7.0E-4, 0.24021092994850532, 1.6711269024649017E-4, -7.840240319305968, 1.3907144223808343, 1.4527566585790501, -0.062042236198215805, -0.0015529929993939216, 1.5015597720568674, -0.0016154210498813184, 6.242805048739681E-5, 0.0, 7.005, 0.24064771153642134, 4066.6320421893456, 970.8368868754851, 5759.344002722824, 0.7060929231292277
8.0E-4, 0.274429155633398, 1.9098593171027449E-4, -7.508456170672344, 1.508777396113362, 1.5831840980961411, -0.07440670198277921, -0.0017361897870910152, 1.501747025739622, -0.0018206928681456847, 8.450308105466955E-5, 0.0, 7.005, 0.2750259560416244, 4066.6320421893456, 970.8368868754851, 5759.344002722824, 0.7060929231292277
9.0E-4, 0.30861720816501703, 2.148591731740588E-4, -7.1828763547462735, 1.7893229951828897, 1.7159752371344503, 0.0733477580484394, -0.0019114953737593258, 1.5019295622074207, -0.0020229727110088343, 1.1147733724950845E-4, 0.0, 7.005, 0.30940420054682743, 4066.6320421893456, 970.8368868754851, 5759.344002722824, 0.7060929231292277
0.001, 0.34272465103441396, 2.3873241463784312E-4, -6.8712803456861105, 1.7728305522400425, 1.8414679082371717, -0.06863735599712917, -0.0020791468703337443, 1.502098391788052, -0.0022225944863660013, 1.434476160322569E-4, 0.0, 7.005, 0.3437824450520305, 4066.6320421893456, 970.8368868754851, 5759.344002722824, 0.7060929231292277
0.0011, 0.376770384402027, 2.626056561016274E-4, -6.581041148376499, 1.612261198937617, 1.9517755000555015, -0.3395143011178845, -0.0022395748434751654, 1.5022556442334438, -0.0024198249427019227, 1.802500992267573E-4, 0.0, 7.005, 0.3781606895572336, 4066.6320421893456, 970.8368868754851, 5759.344002722824, 0.7060929231292277
0.0012, 0.41076865896684606, 2.864788975654117E-4, -6.317262787694808, 2.03853062139735, 2.0419757250248605, -0.003445103627510271, -0.0023933684391703293, 1.502423829320149, -0.00261488210504646, 2.2151366587613053E-4, 0.0, 7.005, 0.41253893406243664, 4066.6320421893456, 970.8368868754851, 5759.344002722824, 0.7060929231292277
0.0013, 0.44472635400128135, 3.10352139029196E-4, -6.081366672891107, 2.041798475420241, 2.1110383195615494, -0.06923984414130846, -0.0025412019233168, 1.502574586090275, -0.002807947521593494, 2.6674559827669406E-4, 0.0, 7.005, 0.4469171785676397, 4066.6320421893456, 970.8368868754851, 5759.344002722824, 0.7060929231292277
0.0014, 0.47855543812481194, 3.342253804929803E-4, -5.870061313436786, 2.1453130762245696, 2.162491676779654, -0.017178600555084245, -0.0026837323091938093, 1.5027220450591778, -0.002999174719602353, 3.154424104085436E-4, 0.0, 7.005, 0.48129542307284273, 4066.6320421893456, 970.8368868754851, 5759.344002722824, 0.7060929231292277
0.0015, 0.5123365092866868, 3.580986219567647E-4, -5.674662194735419, 2.4989764064358297, 2.204828411728438, 0.2941479947073917, -0.0028214767056025905, 1.502876226405428, -0.003188695233083918, 3.6721852748132744E-4, 0.0, 7.005, 0.5156736675780458, 4066.6320421893456, 970.8368868754851, 5759.344002722824, 0.7060929231292277
0.0016, 0.5459316209610938, 3.8197186342054886E-4, -5.480743893628913, 2.0657385177458303, 2.2516498591499916, -0.18591134140416132, -0.002954677470794463, 1.5029954430198305, -0.0033766230161081877, 4.2194554531372453E-4, 0.0, 7.005, 0.5500519120832489, 4066.6320421893456, 970.8368868754851, 5759.344002722824, 0.7060929231292277
0.0017, 0.5794805307811992, 4.0584510488433315E-4, -5.268114239124041, 2.3826129210729903, 2.3215495037573586, 0.061063417315631696, -0.0030831629503501193, 1.5031382514560467, -0.0035630577486152858, 4.7989479826516645E-4, 0.0, 7.005, 0.5844301565884519, 4066.6320421893456, 970.8368868754851, 5759.344002722824, 0.7060929231292277
0.0018, 0.6130636731409864, 4.297183463481176E-4, -5.011104459050145, 3.010299983926242, 2.437735343032937, 0.5725646408933049, -0.00320621139737328, 1.5032935064007218, -0.003748087361811589, 5.418759644383089E-4, 0.0, 7.005, 0.618808401093655, 4066.6320421893456, 970.8368868754851, 5759.344002722824, 0.7060929231292277
0.0019, 0.6474844127103424, 4.535915878119019E-4, -4.67917157445527, 2.6399906056370206, 2.627391182547246, 0.012599423089774575, -0.00332242556385242, 1.5033939273331416, -0.003931790000723226, 6.093644368708061E-4, 0.0, 7.005, 0.6531866455988581, 4066.6320421893456, 970.8368868754851, 5759.344002722824, 0.7060929231292277
0.002, 0.6809858529572873, 4.7746482927568624E-4, -4.237810660187098, 3.0690272509460303, 2.9207768637980855, 0.1482503871479448, -0.003429625383068173, 1.5035180390757115, -0.004114235572503025, 6.846101894348519E-4, 0.0, 7.005, 0.687564890104061, 4066.6320421893456, 970.8368868754851, 5759.344002722824, 0.7060929231292277
0.0021, 0.7140994918791094, 5.013380707394704E-4, -3.6497754112852157, 3.260466052609311, 3.35006742457022, -0.08960137196090878, -0.0035247661181893116, 1.5036242973497516, -0.0042954869843524115, 7.707208661630999E-4, 0.0, 7.005, 0.721943134609264, 4066.6320421893456, 970.8368868754851, 5759.344002722824, 0.7060929231292277
0.0022, 0.7468281088876784, 5.252113122032547E-4, -2.876605967310062, 3.7108807643070465, 3.947931191815009, -0.23705042750796235, -0.0036038893224325623, 1.503727694426387, -0.0044756011451519695, 8.717118227194072E-4, 0.0, 7.005, 0.756321379114467, 4066.6320421893456, 970.8368868754851, 5759.344002722824, 0.7060929231292277
0.0023, 0.7787010781034629, 5.490845536670389E-4, -1.8804632753261596, 4.480946575825426, 4.745846807050832, -0.26490023122540585, -0.0036621139358968234, 1.5038272134052022, -0.004654629784629776, 9.925158487329522E-4, 0.0, 7.005, 0.79069962361967, 4066.6320421893456, 970.8368868754851, 5759.344002722824, 0.7060929231292277
0.0024, 0.8089292458495002, 5.729577951308231E-4, -0.6262694880636803, 5.460296025445343, 5.772159184283737, -0.3118631588383938, -0.0036936748301038425, 1.503911347014977, -0.004832620129818146, 0.0011389452997143034, 0.0, 7.005, 0.8250778681248729, 4066.6320421893456, 970.8368868754851, 5759.344002722824, 0.7060929231292277
0.0025, 0.8364670753930086, 5.968310365946075E-4, 0.9158459614266604, 6.839910928323586, 7.049874400448289, -0.209963472124703, -0.003692016101316713, 1.5039992786470702, -0.005009615468588517, 0.0013175993672718041, 0.0, 7.005, 0.8594561126300759, 4066.6320421893456, 970.8368868754851, 5759.344002722824, 0.7060929231292277
0.0026, 0.8608247556969867, 6.207042780583919E-4, 2.7677948682553972, 8.718705674612156, 8.594193518369096, 0.12451215624306045, -0.003649946406542302, 1.5041096866336021, -0.005185655622889315, 0.001535709216347013, 0.0, 7.005, 0.8938343571352789, 4066.6320421893456, 970.8368868754851, 5759.344002722824, 0.7060929231292277
0.0027, 0.8821938228227584, 6.445775195221761E-4, 4.940473537964416, 10.73089713359583, 10.409785342242287, 0.32111179135354284, -0.0035598636308925447, 1.5042316962103297, -0.005360777349080229, 0.0018009137181876841, 0.0, 7.005, 0.9282126016404819, 4066.6320421893456, 970.8368868754851, 5759.344002722824, 0.7060929231292277
0.0028, 0.9009411290199801, 6.684507609859605E-4, 7.430400984493238, 12.807811200946677, 12.487798105638035, 0.3200130953086422, -0.0034140561711077794, 1.5043575636847006, -0.005535014678884134, 0.002120958507776355, 0.0, 7.005, 0.9625908461456849, 4066.6320421893456, 970.8368868754851, 5759.344002722824, 0.7060929231292277
0.0029, 0.9172568434627808, 6.923240024497446E-4, 10.216052150693338, 14.90513164693791, 14.802610092022263, 0.10252155491564707, -0.0032050881171414494, 1.504486677452599, -0.005708399211575585, 0.0025033110944341352, 0.0, 7.005, 0.9969690906508879, 4066.6320421893456, 970.8368868754851, 5759.344002722824, 0.7060929231292277
