This fits B3 to B4 into the virial expansion since maxPower is set to 2.
Number of particles: 108
dryVolFracMax: 0.003
dryVolFracIncrement: 1.0E-4
Initial configuration: FCC
Dry microgel radius [nm]: 50.0
Box length [units of dry radius]: 52.64820356309553
Number of monomers: 2916666.666666667
Number of chains: 87.50000000000001
Flory interaction parameter (chi): 0.0
Young's calibration factor: 1.0
x-link fraction: 3.0E-5
MC steps: 100000
Equilibration steps: 10000.0
Snapshot interval: 100
Displacement tolerance: 0.1
Particle radius change tolerance: 0.0
Particle radius bin width: 0.001
g(r) bin width: 0.005
phi0, phi, rho, mu/kT, Z_measured, Z_virial_Fit, Z_residual, <F_total>/V, QMelting, <F_id>/V, <F_ex>/V, <F_FR>/V, <alpha>, Zeta, B2_rho, B2_phi0, B2_HS, B2*
2.0E-4, 0.06873188405152593, 4.774648292756861E-5, -9.667271425868035, 1.0683231043340542, 1.1380035661693415, -0.06968046183528731, -5.134928546775026E-4, 1.500513845427509, -5.213638970822166E-4, 7.87104240471396E-6, 0.0, 7.005, 0.06875648901040608, 4066.6320421893456, 970.8368868754851, 5759.344002722824, 0.7060929231292277
3.0E-4, 0.10307805124121117, 7.161972439135293E-5, -9.136084065845818, 1.086487459790893, 1.1732170205487356, -0.08672956075784266, -7.366724665144534E-4, 1.5007373200177792, -7.530065463303081E-4, 1.633407981585468E-5, 0.0, 7.005, 0.10313473351560913, 4066.6320421893456, 970.8368868754851, 5759.344002722824, 0.7060929231292277
4.0E-4, 0.137403426317522, 9.549296585513724E-5, -8.765638807104262, 1.3897732821166393, 1.193313393301537, 0.19645988881510235, -9.497087365522416E-4, 1.5009538003867842, -9.765371141186377E-4, 2.6828377566396088E-5, 0.0, 7.005, 0.13751297802081217, 4066.6320421893456, 970.8368868754851, 5759.344002722824, 0.7060929231292277
5.0E-4, 0.17170822030763305, 1.1936620731892148E-4, -8.482460345567304, 1.2832676239758587, 1.2038490375604383, 0.07941858641542043, -0.0011552008901670899, 1.5011589802014804, -0.0011940355932402447, 3.883470307315485E-5, 0.0, 7.005, 0.1718912225260152, 4066.6320421893456, 970.8368868754851, 5759.344002722824, 0.7060929231292277
6.0E-4, 0.20597041556235388, 1.4323944878270585E-4, -8.25253102354674, 1.401441629408118, 1.2103803064581333, 0.19106132294998468, -0.0013547163846256486, 1.5013609907215815, -0.001406727072591923, 5.2010687966274266E-5, 0.0, 7.005, 0.20626946703121826, 4066.6320421893456, 970.8368868754851, 5759.344002722824, 0.7060929231292277
7.0E-4, 0.24021092994850532, 1.6711269024649017E-4, -8.054834124738765, 1.3907144223808343, 1.218463553127316, 0.1722508692535183, -0.0015492302217920946, 1.5015560092792657, -0.0016154210498813184, 6.619082808922386E-5, 0.0, 7.005, 0.24064771153642134, 4066.6320421893456, 970.8368868754851, 5759.344002722824, 0.7060929231292277
8.0E-4, 0.274429155633398, 1.9098593171027449E-4, -7.874016842705275, 1.508777396113362, 1.2336551307006793, 0.2751222654126826, -0.001739306384646885, 1.5017501423371777, -0.0018206928681456847, 8.138648349879976E-5, 0.0, 7.005, 0.2750259560416244, 4066.6320421893456, 970.8368868754851, 5759.344002722824, 0.7060929231292277
9.0E-4, 0.30861720816501703, 2.148591731740588E-4, -7.697614100812789, 1.7893229951828897, 1.2615113923109167, 0.527811602871973, -0.0019251868325437097, 1.501943253666205, -0.0020229727110088343, 9.778587846512456E-5, 0.0, 7.005, 0.30940420054682743, 4066.6320421893456, 970.8368868754851, 5759.344002722824, 0.7060929231292277
0.001, 0.34272465103441396, 2.3873241463784312E-4, -7.514794450669316, 1.7728305522400425, 1.3075886910907222, 0.4652418611493203, -0.0021068403848943543, 1.5021260853026124, -0.0022225944863660013, 1.1575410147164722E-4, 0.0, 7.005, 0.3437824450520305, 4066.6320421893456, 970.8368868754851, 5759.344002722824, 0.7060929231292277
0.0011, 0.376770384402027, 2.626056561016274E-4, -7.315722376374387, 1.612261198937617, 1.377443380172788, 0.2348178187648291, -0.0022839918374867796, 1.5023000612274555, -0.0024198249427019227, 1.358331052151432E-4, 0.0, 7.005, 0.3781606895572336, 4066.6320421893456, 970.8368868754851, 5759.344002722824, 0.7060929231292277
0.0012, 0.41076865896684606, 2.864788975654117E-4, -7.091204976365502, 2.03853062139735, 1.4766318126898081, 0.561898808707542, -0.0024561403984407456, 1.5024866012794194, -0.00261488210504646, 1.5874170660571448E-4, 0.0, 7.005, 0.41253893406243664, 4066.6320421893456, 970.8368868754851, 5759.344002722824, 0.7060929231292277
0.0013, 0.44472635400128135, 3.10352139029196E-4, -6.832482941651861, 2.041798475420241, 1.6107103417744772, 0.4310881336457637, -0.0026225719348267045, 1.502655956101785, -0.002807947521593494, 1.8537558676678947E-4, 0.0, 7.005, 0.4469171785676397, 4066.6320421893456, 970.8368868754851, 5759.344002722824, 0.7060929231292277
0.0014, 0.47855543812481194, 3.342253804929803E-4, -6.531100306790628, 2.1453130762245696, 1.7852353205594866, 0.36007775566508293, -0.00278236742856723, 1.5028206801785513, -0.002999174719602353, 2.1680729103512304E-4, 0.0, 7.005, 0.48129542307284273, 4066.6320421893456, 970.8368868754851, 5759.344002722824, 0.7060929231292277
0.0015, 0.5123365092866868, 3.580986219567647E-4, -6.178819781999039, 2.4989764064358297, 2.005763102177533, 0.4932133042582967, -0.0029344090041231214, 1.5029891587039486, -0.003188695233083918, 2.542862289607966E-4, 0.0, 7.005, 0.5156736675780458, 4066.6320421893456, 970.8368868754851, 5759.344002722824, 0.7060929231292277
0.0016, 0.5459316209610938, 3.8197186342054886E-4, -5.7675657463356345, 2.0657385177458303, 2.2778500397613044, -0.21211152201547412, -0.00307738434180097, 1.503118149890837, -0.0033766230161081877, 2.992386743072175E-4, 0.0, 7.005, 0.5500519120832489, 4066.6320421893456, 970.8368868754851, 5759.344002722824, 0.7060929231292277
0.0017, 0.5794805307811992, 4.0584510488433315E-4, -5.289384707375616, 2.3826129210729903, 2.607052486443499, -0.2244395653705089, -0.0032097899835641652, 1.5032648784892608, -0.0035630577486152858, 3.5326776505112043E-4, 0.0, 7.005, 0.5844301565884519, 4066.6320421893456, 970.8368868754851, 5759.344002722824, 0.7060929231292277
0.0018, 0.6130636731409864, 4.297183463481176E-4, -4.736417168091413, 3.010299983926242, 2.9989267953568124, 0.011373188569429704, -0.0033299338584290225, 1.5034172288617775, -0.003748087361811589, 4.181535033825664E-4, 0.0, 7.005, 0.618808401093655, 4066.6320421893456, 970.8368868754851, 5759.344002722824, 0.7060929231292277
0.0019, 0.6474844127103424, 4.535915878119019E-4, -4.100877162744622, 2.6399906056370206, 3.45902931963393, -0.8190387139969095, -0.0034359372450182848, 1.5035074390143075, -0.003931790000723226, 4.958527557049415E-4, 0.0, 7.005, 0.6531866455988581, 4066.6320421893456, 970.8368868754851, 5759.344002722824, 0.7060929231292277
0.002, 0.6809858529572873, 4.7746482927568624E-4, -3.3750370802373735, 3.0690272509460303, 3.9929164124075536, -0.9238891614615232, -0.0035257363198680646, 1.5036141500125113, -0.004114235572503025, 5.884992526349605E-4, 0.0, 7.005, 0.687564890104061, 4066.6320421893456, 970.8368868754851, 5759.344002722824, 0.7060929231292277
0.0021, 0.7140994918791094, 5.013380707394704E-4, -2.551216214548809, 3.260466052609311, 4.606144426810369, -1.3456783742010576, -0.0035970833953497495, 1.503696614626912, -0.0042954869843524115, 6.98403589002662E-4, 0.0, 7.005, 0.721943134609264, 4066.6320421893456, 970.8368868754851, 5759.344002722824, 0.7060929231292277
0.0022, 0.7468281088876784, 5.252113122032547E-4, -1.6217719943809286, 3.7108807643070465, 5.304269715975071, -1.5933889516680244, -0.0036475479213005555, 1.503771353025255, -0.0044756011451519695, 8.28053223851414E-4, 0.0, 7.005, 0.756321379114467, 4066.6320421893456, 970.8368868754851, 5759.344002722824, 0.7060929231292277
0.0023, 0.7787010781034629, 5.490845536670389E-4, -0.5790931727342199, 4.480946575825426, 6.0928486330343565, -1.6119020572089306, -0.0036745173041918674, 1.5038396167734973, -0.004654629784629776, 9.80112480437908E-4, 0.0, 7.005, 0.79069962361967, 4066.6320421893456, 970.8368868754851, 5759.344002722824, 0.7060929231292277
0.0024, 0.8089292458495002, 5.729577951308231E-4, 0.5844055270669916, 5.460296025445343, 6.977437531120913, -1.5171415056755695, -0.0036751975835859815, 1.503892869768459, -0.004832620129818146, 0.0011574225462321643, 0.0, 7.005, 0.8250778681248729, 4066.6320421893456, 970.8368868754851, 5759.344002722824, 0.7060929231292277
0.0025, 0.8364670753930086, 5.968310365946075E-4, 1.8762876675806064, 6.839910928323586, 7.963592763367451, -1.1236818350438655, -0.0036466139956709866, 1.5039538765414244, -0.005009615468588517, 0.0013630014729175308, 0.0, 7.005, 0.8594561126300759, 4066.6320421893456, 970.8368868754851, 5759.344002722824, 0.7060929231292277
0.0026, 0.8608247556969867, 6.207042780583919E-4, 3.304098515312247, 8.718705674612156, 9.056870682906649, -0.33816500829449225, -0.0035856114464986365, 1.5040453516735584, -0.005185655622889315, 0.0016000441763906782, 0.0, 7.005, 0.8938343571352789, 4066.6320421893456, 970.8368868754851, 5759.344002722824, 0.7060929231292277
0.0027, 0.8821938228227584, 6.445775195221761E-4, 4.8753678113059395, 10.73089713359583, 10.262827642871194, 0.4680694907246359, -0.0034888549123186256, 1.504160687491756, -0.005360777349080229, 0.0018719224367616033, 0.0, 7.005, 0.9282126016404819, 4066.6320421893456, 970.8368868754851, 5759.344002722824, 0.7060929231292277
0.0028, 0.9009411290199801, 6.684507609859605E-4, 6.597612036143832, 12.807811200946677, 11.5870199963938, 1.220791204552878, -0.0033528297805305, 1.5042963372941234, -0.005535014678884134, 0.0021821848983536343, 0.0, 7.005, 0.9625908461456849, 4066.6320421893456, 970.8368868754851, 5759.344002722824, 0.7060929231292277
0.0029, 0.9172568434627808, 6.923240024497446E-4, 8.478336276227388, 14.90513164693791, 13.035004096607139, 1.8701275503307713, -0.003173842141872163, 1.5044554314773295, -0.005708399211575585, 0.0025345570697034216, 0.0, 7.005, 0.9969690906508879, 4066.6320421893456, 970.8368868754851, 5759.344002722824, 0.7060929231292277
