This fits B3 to B9 into the virial expansion since maxPower is set to 7.
Number of particles: 108
dryVolFracMax: 0.003
dryVolFracIncrement: 1.0E-4
Initial configuration: FCC
Dry microgel radius [nm]: 50.0
Box length [units of dry radius]: 52.64820356309553
Number of monomers: 2916666.666666667
Number of chains: 87.50000000000001
Flory interaction parameter (chi): 0.0
Young's calibration factor: 1.0
x-link fraction: 3.0E-5
MC steps: 100000
Equilibration steps: 10000.0
Snapshot interval: 100
Displacement tolerance: 0.1
Particle radius change tolerance: 0.0
Particle radius bin width: 0.001
g(r) bin width: 0.005
phi0, phi, rho, mu/kT, Z_measured, Z_virial_Fit, Z_residual, <F_total>/V, QMelting, <F_id>/V, <F_ex>/V, <F_FR>/V, <alpha>, Zeta, B2_rho, B2_phi0, B2_HS, B2*
2.0E-4, 0.06873188405152593, 4.774648292756861E-5, -9.803364143350377, 1.0683231043340542, 1.0573411741006529, 0.010981930233401327, -5.166560316723294E-4, 1.5005170086045039, -5.213638970822166E-4, 4.707865409887279E-6, 0.0, 7.005, 0.06875648901040608, 4066.6320421893456, 970.8368868754851, 5759.344002722824, 0.7060929231292277
3.0E-4, 0.10307805124121117, 7.161972439135293E-5, -9.29058847407322, 1.086487459790893, 1.1044573868626406, -0.017969927071747716, -7.437453748931436E-4, 1.500744392926158, -7.530065463303081E-4, 9.261171437164486E-6, 0.0, 7.005, 0.10313473351560913, 4066.6320421893456, 970.8368868754851, 5759.344002722824, 0.7060929231292277
4.0E-4, 0.137403426317522, 9.549296585513724E-5, -8.867105135777644, 1.3897732821166393, 1.1925646408812078, 0.19720864123543147, -9.60248955636732E-4, 1.5009643406058686, -9.765371141186377E-4, 1.6288158481905703E-5, 0.0, 7.005, 0.13751297802081217, 4066.6320421893456, 970.8368868754851, 5759.344002722824, 0.7060929231292277
5.0E-4, 0.17170822030763305, 1.1936620731892148E-4, -8.475053788717803, 1.2832676239758587, 1.3065786417788605, -0.02331101780300182, -0.0011671184588755068, 1.501170897770189, -0.0011940355932402447, 2.691713436473779E-5, 0.0, 7.005, 0.1718912225260152, 4066.6320421893456, 970.8368868754851, 5759.344002722824, 0.7060929231292277
6.0E-4, 0.20597041556235388, 1.4323944878270585E-4, -8.108622900230928, 1.401441629408118, 1.425608186420705, -0.024166557012587075, -0.0013649029666699722, 1.5013711773036258, -0.001406727072591923, 4.1824105921950645E-5, 0.0, 7.005, 0.20626946703121826, 4066.6320421893456, 970.8368868754851, 5759.344002722824, 0.7060929231292277
7.0E-4, 0.24021092994850532, 1.6711269024649017E-4, -7.773872782824211, 1.3907144223808343, 1.5330801922863304, -0.1423657699054961, -0.0015542766837474747, 1.501561055741221, -0.0016154210498813184, 6.114436613384375E-5, 0.0, 7.005, 0.24064771153642134, 4066.6320421893456, 970.8368868754851, 5759.344002722824, 0.7060929231292277
8.0E-4, 0.274429155633398, 1.9098593171027449E-4, -7.47470883377935, 1.508777396113362, 1.6210798970647176, -0.11230250095135563, -0.0017360780507761787, 1.501746914003307, -0.0018206928681456847, 8.461481736950616E-5, 0.0, 7.005, 0.2750259560416244, 4066.6320421893456, 970.8368868754851, 5759.344002722824, 0.7060929231292277
9.0E-4, 0.30861720816501703, 2.148591731740588E-4, -7.208417812167464, 1.7893229951828897, 1.690660949413266, 0.09866204576962367, -0.0019111677414680667, 1.5019292345751294, -0.0020229727110088343, 1.1180496954076765E-4, 0.0, 7.005, 0.30940420054682743, 4066.6320421893456, 970.8368868754851, 5759.344002722824, 0.7060929231292277
0.001, 0.34272465103441396, 2.3873241463784312E-4, -6.965962882468845, 1.7728305522400425, 1.749646472502897, 0.023184079737145424, -0.002080254648779614, 1.5020994995664978, -0.0022225944863660013, 1.4233983758638752E-4, 0.0, 7.005, 0.3437824450520305, 4066.6320421893456, 970.8368868754851, 5759.344002722824, 0.7060929231292277
0.0011, 0.376770384402027, 2.626056561016274E-4, -6.7346290984999975, 1.612261198937617, 1.8092085426523776, -0.19694734371476064, -0.002243767969309942, 1.5022598373592786, -0.0024198249427019227, 1.760569733919808E-4, 0.0, 7.005, 0.3781606895572336, 4066.6320421893456, 970.8368868754851, 5759.344002722824, 0.7060929231292277
0.0012, 0.41076865896684606, 2.864788975654117E-4, -6.50144749005356, 2.03853062139735, 1.8802798860357366, 0.1582507353616136, -0.002401809502054651, 1.5024322703830333, -0.00261488210504646, 2.130726029918092E-4, 0.0, 7.005, 0.41253893406243664, 4066.6320421893456, 970.8368868754851, 5759.344002722824, 0.7060929231292277
0.0013, 0.44472635400128135, 3.10352139029196E-4, -6.256280705896689, 2.041798475420241, 1.9706179571282556, 0.07118051829198535, -0.002554189220898268, 1.5025875733878564, -0.002807947521593494, 2.5375830069522586E-4, 0.0, 7.005, 0.4469171785676397, 4066.6320421893456, 970.8368868754851, 5759.344002722824, 0.7060929231292277
0.0014, 0.47855543812481194, 3.342253804929803E-4, -5.993790568572625, 2.1453130762245696, 2.0831079232363585, 0.062205152988211054, -0.002700524901968824, 1.5027388376519528, -0.002999174719602353, 2.986498176335288E-4, 0.0, 7.005, 0.48129542307284273, 4066.6320421893456, 970.8368868754851, 5759.344002722824, 0.7060929231292277
0.0015, 0.5123365092866868, 3.580986219567647E-4, -5.713803072722921, 2.4989764064358297, 2.2156574401389957, 0.28331896629683406, -0.0028403716399520427, 1.5028951213397774, -0.003188695233083918, 3.483235931318754E-4, 0.0, 7.005, 0.5156736675780458, 4066.6320421893456, 970.8368868754851, 5759.344002722824, 0.7060929231292277
0.0016, 0.5459316209610938, 3.8197186342054886E-4, -5.419864474419118, 2.0657385177458303, 2.36280246454848, -0.2970639468026497, -0.002973338902832078, 1.5030141044518681, -0.0033766230161081877, 4.032841132761095E-4, 0.0, 7.005, 0.5500519120832489, 4066.6320421893456, 970.8368868754851, 5759.344002722824, 0.7060929231292277
0.0017, 0.5794805307811992, 4.0584510488433315E-4, -5.11605268872253, 2.3826129210729903, 2.5189097097800257, -0.13629678870703543, -0.0030991511065496307, 1.5031542396122464, -0.0035630577486152858, 4.63906642065655E-4, 0.0, 7.005, 0.5844301565884519, 4066.6320421893456, 970.8368868754851, 5759.344002722824, 0.7060929231292277
0.0018, 0.6130636731409864, 4.297183463481176E-4, -4.802375192201692, 3.010299983926242, 2.682627711698821, 0.32767227222742124, -0.00321761242519071, 1.5033049074285392, -0.003748087361811589, 5.304749366208793E-4, 0.0, 7.005, 0.618808401093655, 4066.6320421893456, 970.8368868754851, 5759.344002722824, 0.7060929231292277
0.0019, 0.6474844127103424, 4.535915878119019E-4, -4.469349792483578, 2.6399906056370206, 2.862004832697693, -0.2220142270606722, -0.003328447631675868, 1.503399949400965, -0.003931790000723226, 6.033423690473584E-4, 0.0, 7.005, 0.6531866455988581, 4066.6320421893456, 970.8368868754851, 5759.344002722824, 0.7060929231292277
0.002, 0.6809858529572873, 4.7746482927568624E-4, -4.092628827769659, 3.0690272509460303, 3.0794588921362447, -0.010431641190214336, -0.0034310081587548592, 1.503519421851398, -0.004114235572503025, 6.832274137481657E-4, 0.0, 7.005, 0.687564890104061, 4066.6320421893456, 970.8368868754851, 5759.344002722824, 0.7060929231292277
0.0021, 0.7140994918791094, 5.013380707394704E-4, -3.628791024666116, 3.260466052609311, 3.3755494723521906, -0.11508341974287939, -0.003523856264129847, 1.5036233874956921, -0.0042954869843524115, 7.716307202225645E-4, 0.0, 7.005, 0.721943134609264, 4066.6320421893456, 970.8368868754851, 5759.344002722824, 0.7060929231292277
0.0022, 0.7468281088876784, 5.252113122032547E-4, -3.013688599428987, 3.7108807643070465, 3.810270310048452, -0.09938954574140535, -0.003604270167461794, 1.5037280752714162, -0.0044756011451519695, 8.713309776901754E-4, 0.0, 7.005, 0.756321379114467, 4066.6320421893456, 970.8368868754851, 5759.344002722824, 0.7060929231292277
0.0023, 0.7787010781034629, 5.490845536670389E-4, -2.1650003605178094, 4.480946575825426, 4.460345543510016, 0.020601032315409995, -0.0036677492953914913, 1.5038328487646968, -0.004654629784629776, 9.868804892382843E-4, 0.0, 7.005, 0.79069962361967, 4066.6320421893456, 970.8368868754851, 5759.344002722824, 0.7060929231292277
0.0024, 0.8089292458495002, 5.729577951308231E-4, -0.9909046304336883, 5.460296025445343, 5.410779946838829, 0.04951607860651386, -0.0037076413202134376, 1.5039253135050865, -0.004832620129818146, 0.0011249788096047084, 0.0, 7.005, 0.8250778681248729, 4066.6320421893456, 970.8368868754851, 5759.344002722824, 0.7060929231292277
0.0025, 0.8364670753930086, 5.968310365946075E-4, 0.5929512062139964, 6.839910928323586, 6.7386796430106415, 0.10123128531294423, -0.003715061506411342, 1.5040223240521646, -0.005009615468588517, 0.0012945539621771751, 0.0, 7.005, 0.8594561126300759, 4066.6320421893456, 970.8368868754851, 5759.344002722824, 0.7060929231292277
0.0026, 0.8608247556969867, 6.207042780583919E-4, 2.6357447781293075, 8.718705674612156, 8.4871261482931, 0.23157952631905587, -0.00367932998556906, 1.5041390702126287, -0.005185655622889315, 0.001506325637320255, 0.0, 7.005, 0.8938343571352789, 4066.6320421893456, 970.8368868754851, 5759.344002722824, 0.7060929231292277
0.0027, 0.8821938228227584, 6.445775195221761E-4, 5.1103337627274525, 10.73089713359583, 10.626652961212585, 0.10424417238324502, -0.003589213963360963, 1.5042610465427981, -0.005360777349080229, 0.0017715633857192659, 0.0, 7.005, 0.9282126016404819, 4066.6320421893456, 970.8368868754851, 5759.344002722824, 0.7060929231292277
0.0028, 0.9009411290199801, 6.684507609859605E-4, 7.855706325151391, 12.807811200946677, 13.001640269975724, -0.1938290690290465, -0.003435329521812816, 1.5043788370354056, -0.005535014678884134, 0.002099685157071318, 0.0, 7.005, 0.9625908461456849, 4066.6320421893456, 970.8368868754851, 5759.344002722824, 0.7060929231292277
0.0029, 0.9172568434627808, 6.923240024497446E-4, 10.499798524992805, 14.90513164693791, 15.25870971283257, -0.35357806589465923, -0.0032141316154231294, 1.5044957209508805, -0.005708399211575585, 0.002494267596152455, 0.0, 7.005, 0.9969690906508879, 4066.6320421893456, 970.8368868754851, 5759.344002722824, 0.7060929231292277
