This fits B3 to B3 into the virial expansion since maxPower is set to 1.
Number of particles: 108
dryVolFracMax: 0.003
dryVolFracIncrement: 1.0E-4
Initial configuration: FCC
Dry microgel radius [nm]: 50.0
Box length [units of dry radius]: 52.64820356309553
Number of monomers: 2916666.666666667
Number of chains: 87.50000000000001
Flory interaction parameter (chi): 0.0
Young's calibration factor: 1.0
x-link fraction: 3.0E-5
MC steps: 100000
Equilibration steps: 10000.0
Snapshot interval: 100
Displacement tolerance: 0.1
Particle radius change tolerance: 0.0
Particle radius bin width: 0.001
g(r) bin width: 0.005
phi0, phi, rho, mu/kT, Z_measured, Z_virial_Fit, Z_residual, <F_total>/V, QMelting, <F_id>/V, <F_ex>/V, <F_FR>/V, <alpha>, Zeta, B2_rho, B2_phi0, B2_HS, B2*
2.0E-4, 0.06873188405152593, 4.774648292756861E-5, -9.541962505605447, 1.0683231043340542, 1.215306708660257, -0.14698360432620272, -5.115884233531323E-4, 1.5005119409961847, -5.213638970822166E-4, 9.775473729084393E-6, 0.0, 7.005, 0.06875648901040608, 4066.6320421893456, 970.8368868754851, 5759.344002722824, 0.7060929231292277
3.0E-4, 0.10307805124121117, 7.161972439135293E-5, -8.876635773393, 1.086487459790893, 1.338814561454255, -0.25232710166336214, -7.304439830346955E-4, 1.5007310915342995, -7.530065463303081E-4, 2.256256329561263E-5, 0.0, 7.005, 0.10313473351560913, 4066.6320421893456, 970.8368868754851, 5759.344002722824, 0.7060929231292277
4.0E-4, 0.137403426317522, 9.549296585513724E-5, -8.330742844991105, 1.3897732821166393, 1.4728920798908334, -0.08311879777419406, -9.354165617616859E-4, 1.5009395082119936, -9.765371141186377E-4, 4.112055235695179E-5, 0.0, 7.005, 0.13751297802081217, 4066.6320421893456, 970.8368868754851, 5759.344002722824, 0.7060929231292277
5.0E-4, 0.17170822030763305, 1.1936620731892148E-4, -7.8382168871673015, 1.2832676239758587, 1.617539263969991, -0.33427163999413234, -0.0011282076540570277, 1.5011319869653703, -0.0011940355932402447, 6.582793918321693E-5, 0.0, 7.005, 0.1718912225260152, 4066.6320421893456, 970.8368868754851, 5759.344002722824, 0.7060929231292277
6.0E-4, 0.20597041556235388, 1.4323944878270585E-4, -7.372448713076961, 1.401441629408118, 1.7727561136917294, -0.37131448428361136, -0.0013096638505473994, 1.5013159381875032, -0.001406727072591923, 9.706322204452344E-5, 0.0, 7.005, 0.20626946703121826, 4066.6320421893456, 970.8368868754851, 5759.344002722824, 0.7060929231292277
7.0E-4, 0.24021092994850532, 1.6711269024649017E-4, -6.9198300772598795, 1.3907144223808343, 1.9385426290560472, -0.5478282066752129, -0.001480216150670332, 1.5014869952081438, -0.0016154210498813184, 1.352048992109863E-4, 0.0, 7.005, 0.24064771153642134, 4066.6320421893456, 970.8368868754851, 5759.344002722824, 0.7060929231292277
8.0E-4, 0.274429155633398, 1.9098593171027449E-4, -6.472416644121547, 1.508777396113362, 2.114898810062945, -0.606121413949583, -0.001640061399192964, 1.501650897351724, -0.0018206928681456847, 1.8063146895272073E-4, 0.0, 7.005, 0.2750259560416244, 4066.6320421893456, 970.8368868754851, 5759.344002722824, 0.7060929231292277
9.0E-4, 0.30861720816501703, 2.148591731740588E-4, -6.025151807872059, 1.7893229951828897, 2.301824656712423, -0.5125016615295332, -0.0017892512814689924, 1.5018073181151304, -0.0020229727110088343, 2.337214295398419E-4, 0.0, 7.005, 0.30940420054682743, 4066.6320421893456, 970.8368868754851, 5759.344002722824, 0.7060929231292277
0.001, 0.34272465103441396, 2.3873241463784312E-4, -5.574612590963027, 1.7728305522400425, 2.4993201690044806, -0.7264896167644381, -0.0019277412071235364, 1.5019469861248416, -0.0022225944863660013, 2.9485327924246496E-4, 0.0, 7.005, 0.3437824450520305, 4066.6320421893456, 970.8368868754851, 5759.344002722824, 0.7060929231292277
0.0011, 0.376770384402027, 2.626056561016274E-4, -5.1183719483375825, 1.612261198937617, 2.707385346939118, -1.0951241480015008, -0.0020554194263712176, 1.5020714888163398, -0.0024198249427019227, 3.6440551633070496E-4, 0.0, 7.005, 0.3781606895572336, 4066.6320421893456, 970.8368868754851, 5759.344002722824, 0.7060929231292277
0.0012, 0.41076865896684606, 2.864788975654117E-4, -4.6546454492768055, 2.03853062139735, 2.926020190516335, -0.8874895691189848, -0.002172125465971783, 1.5022025863469504, -0.00261488210504646, 4.427566390746771E-4, 0.0, 7.005, 0.41253893406243664, 4066.6320421893456, 970.8368868754851, 5759.344002722824, 0.7060929231292277
0.0013, 0.44472635400128135, 3.10352139029196E-4, -4.182082255633471, 2.041798475420241, 3.155224699736132, -1.1134262243158912, -0.0022776623758489975, 1.5023110465428073, -0.002807947521593494, 5.302851457444967E-4, 0.0, 7.005, 0.4469171785676397, 4066.6320421893456, 970.8368868754851, 5759.344002722824, 0.7060929231292277
0.0014, 0.47855543812481194, 3.342253804929803E-4, -3.699634872808353, 2.1453130762245696, 3.3949988745985094, -1.2496857983739398, -0.002371805184992074, 1.502410117934976, -0.002999174719602353, 6.273695346102787E-4, 0.0, 7.005, 0.48129542307284273, 4066.6320421893456, 970.8368868754851, 5759.344002722824, 0.7060929231292277
0.0015, 0.5123365092866868, 3.580986219567647E-4, -3.206474481862299, 2.4989764064358297, 3.6453427151034665, -1.1463663086676368, -0.002454306929141779, 1.5025090566289672, -0.003188695233083918, 7.343883039421391E-4, 0.0, 7.005, 0.5156736675780458, 4066.6320421893456, 970.8368868754851, 5759.344002722824, 0.7060929231292277
0.0016, 0.5459316209610938, 3.8197186342054886E-4, -2.701933932697407, 2.0657385177458303, 3.9062562212510024, -1.840517703505172, -0.0025249030640979967, 1.5025656686131341, -0.0033766230161081877, 8.517199520101912E-4, 0.0, 7.005, 0.5500519120832489, 4066.6320421893456, 970.8368868754851, 5759.344002722824, 0.7060929231292277
0.0017, 0.5794805307811992, 4.0584510488433315E-4, -2.185468203732461, 2.3826129210729903, 4.177739393041119, -1.7951264719681284, -0.002583314771530734, 1.5026384032772273, -0.0035630577486152858, 9.797429770845517E-4, 0.0, 7.005, 0.5844301565884519, 4066.6320421893456, 970.8368868754851, 5759.344002722824, 0.7060929231292277
0.0018, 0.6130636731409864, 4.297183463481176E-4, -1.6566262687835132, 3.010299983926242, 4.459792230473817, -1.449492246547575, -0.0026292514843762526, 1.5027165464877248, -0.003748087361811589, 0.0011188358774353365, 0.0, 7.005, 0.618808401093655, 4066.6320421893456, 970.8368868754851, 5759.344002722824, 0.7060929231292277
0.0019, 0.6474844127103424, 4.535915878119019E-4, -1.1150306329557502, 2.6399906056370206, 4.752414733549093, -2.112424127912073, -0.0026624128493905677, 1.5027339146186798, -0.003931790000723226, 0.0012693771513326586, 0.0, 7.005, 0.6531866455988581, 4066.6320421893456, 970.8368868754851, 5759.344002722824, 0.7060929231292277
0.002, 0.6809858529572873, 4.7746482927568624E-4, -0.5603621559948906, 3.0690272509460303, 5.055606902266951, -1.9865796513209206, -0.0026824902754563904, 1.5027709039680996, -0.004114235572503025, 0.0014317452970466346, 0.0, 7.005, 0.687564890104061, 4066.6320421893456, 970.8368868754851, 5759.344002722824, 0.7060929231292277
0.0021, 0.7140994918791094, 5.013380707394704E-4, 0.007651397276343049, 3.260466052609311, 5.3693687366273855, -2.1089026840180742, -0.0026891681715050333, 1.5027886994030673, -0.0042954869843524115, 0.0016063188128473782, 0.0, 7.005, 0.721943134609264, 4066.6320421893456, 970.8368868754851, 5759.344002722824, 0.7060929231292277
0.0022, 0.7468281088876784, 5.252113122032547E-4, 0.5892441273123662, 3.7108807643070465, 5.693700236630401, -1.9828194723233548, -0.0026821249481469634, 1.5028059300521015, -0.0044756011451519695, 0.001793476197005006, 0.0, 7.005, 0.756321379114467, 4066.6320421893456, 970.8368868754851, 5759.344002722824, 0.7060929231292277
0.0023, 0.7787010781034629, 5.490845536670389E-4, 1.1846188102690884, 4.480946575825426, 6.028601402275996, -1.5476548264505698, -0.0026610338368401433, 1.5028261333061455, -0.004654629784629776, 0.0019935959477896323, 0.0, 7.005, 0.79069962361967, 4066.6320421893456, 970.8368868754851, 5759.344002722824, 0.7060929231292277
0.0024, 0.8089292458495002, 5.729577951308231E-4, 1.7939522519786095, 5.460296025445343, 6.37407223356417, -0.9137762081188265, -0.0026255635663467738, 1.5028432357512198, -0.004832620129818146, 0.002207056563471372, 0.0, 7.005, 0.8250778681248729, 4066.6320421893456, 970.8368868754851, 5759.344002722824, 0.7060929231292277
0.0025, 0.8364670753930086, 5.968310365946075E-4, 2.41739954415521, 6.839910928323586, 6.730112730494927, 0.10979819782865885, -0.0025753789262681734, 1.5028826414720216, -0.005009615468588517, 0.002434236542320344, 0.0, 7.005, 0.8594561126300759, 4066.6320421893456, 970.8368868754851, 5759.344002722824, 0.7060929231292277
0.0026, 0.8608247556969867, 6.207042780583919E-4, 3.0550974824609085, 8.718705674612156, 7.096722893068264, 1.6219827815438919, -0.002510141240282655, 1.5029698814673425, -0.005185655622889315, 0.00267551438260666, 0.0, 7.005, 0.8938343571352789, 4066.6320421893456, 970.8368868754851, 5759.344002722824, 0.7060929231292277
0.0027, 0.8821938228227584, 6.445775195221761E-4, 3.7071673370962044, 10.73089713359583, 7.473902721284178, 3.256994412311652, -0.002429508766479796, 1.5031013413459169, -0.005360777349080229, 0.002931268582600433, 0.0, 7.005, 0.9282126016404819, 4066.6320421893456, 970.8368868754851, 5759.344002722824, 0.7060929231292277
0.0028, 0.9009411290199801, 6.684507609859605E-4, 4.373717117799595, 12.807811200946677, 7.861652215142675, 4.9461589858040025, -0.002333137038312351, 1.5032766445519052, -0.005535014678884134, 0.0032018776405717832, 0.0, 7.005, 0.9625908461456849, 4066.6320421893456, 970.8368868754851, 5759.344002722824, 0.7060929231292277
0.0029, 0.9172568434627808, 6.923240024497446E-4, 5.05484344012899, 14.90513164693791, 8.259971374643747, 6.645160272294163, -0.002220679156784763, 1.503502268492242, -0.005708399211575585, 0.0034877200547908218, 0.0, 7.005, 0.9969690906508879, 4066.6320421893456, 970.8368868754851, 5759.344002722824, 0.7060929231292277
