This fits B3 to B6 into the virial expansion since maxPower is set to 4.
Number of particles: 108
dryVolFracMax: 0.003
dryVolFracIncrement: 1.0E-4
Initial configuration: FCC
Dry microgel radius [nm]: 50.0
Box length [units of dry radius]: 52.64820356309553
Number of monomers: 2916666.666666667
Number of chains: 87.50000000000001
Flory interaction parameter (chi): 0.0
Young's calibration factor: 1.0
x-link fraction: 3.0E-5
MC steps: 100000
Equilibration steps: 10000.0
Snapshot interval: 100
Displacement tolerance: 0.1
Particle radius change tolerance: 0.0
Particle radius bin width: 0.001
g(r) bin width: 0.005
phi0, phi, rho, mu/kT, Z_measured, Z_virial_Fit, Z_residual, <F_total>/V, QMelting, <F_id>/V, <F_ex>/V, <F_FR>/V, <alpha>, Zeta, B2_rho, B2_phi0, B2_HS, B2*
2.0E-4, 0.06873188405152593, 4.774648292756861E-5, -9.666937604182204, 1.0683231043340542, 1.1381951928170513, -0.06987208848299709, -5.13594774944911E-4, 1.5005139473477764, -5.213638970822166E-4, 7.76912213730561E-6, 0.0, 7.005, 0.06875648901040608, 4066.6320421893456, 970.8368868754851, 5759.344002722824, 0.7060929231292277
3.0E-4, 0.10307805124121117, 7.161972439135293E-5, -9.120512355819722, 1.086487459790893, 1.1857570460363915, -0.09926958624549864, -7.366836029653755E-4, 1.50073733115423, -7.530065463303081E-4, 1.6322943364932636E-5, 0.0, 7.005, 0.10313473351560913, 4066.6320421893456, 970.8368868754851, 5759.344002722824, 0.7060929231292277
4.0E-4, 0.137403426317522, 9.549296585513724E-5, -8.716479768474855, 1.3897732821166393, 1.232301027550937, 0.15747225456570235, -9.490671624327359E-4, 1.5009531588126646, -9.765371141186377E-4, 2.7469951685901794E-5, 0.0, 7.005, 0.13751297802081217, 4066.6320421893456, 970.8368868754851, 5759.344002722824, 0.7060929231292277
5.0E-4, 0.17170822030763305, 1.1936620731892148E-4, -8.379652711865825, 1.2832676239758587, 1.2839143767271237, -6.467527512650229E-4, -0.0011528648554193573, 1.5011566441667328, -0.0011940355932402447, 4.1170737820887436E-5, 0.0, 7.005, 0.1718912225260152, 4066.6320421893456, 970.8368868754851, 5759.344002722824, 0.7060929231292277
6.0E-4, 0.20597041556235388, 1.4323944878270585E-4, -8.07758104709784, 1.401441629408118, 1.3441393656644458, 0.0573022637436722, -0.0013491661075787915, 1.5013554404445346, -0.001406727072591923, 5.756096501313128E-5, 0.0, 7.005, 0.20626946703121826, 4066.6320421893456, 970.8368868754851, 5759.344002722824, 0.7060929231292277
7.0E-4, 0.24021092994850532, 1.6711269024649017E-4, -7.793506106166932, 1.3907144223808343, 1.414463978772708, -0.023749556391873705, -0.0015385409409806661, 1.501545319998454, -0.0016154210498813184, 7.688010890065226E-5, 0.0, 7.005, 0.24064771153642134, 4066.6320421893456, 970.8368868754851, 5759.344002722824, 0.7060929231292277
8.0E-4, 0.274429155633398, 1.9098593171027449E-4, -7.518434844948553, 1.508777396113362, 1.4948125923492819, 0.013964803764080047, -0.0017212786138227926, 1.5017321145663536, -0.0018206928681456847, 9.941425432289209E-5, 0.0, 7.005, 0.2750259560416244, 4066.6320421893456, 970.8368868754851, 5759.344002722824, 0.7060929231292277
9.0E-4, 0.30861720816501703, 2.148591731740588E-4, -7.247774847643776, 1.7893229951828897, 1.5840366541563604, 0.20528634102652932, -0.0018975197619470392, 1.5019155865956084, -0.0020229727110088343, 1.2545294906179523E-4, 0.0, 7.005, 0.30940420054682743, 4066.6320421893456, 970.8368868754851, 5759.344002722824, 0.7060929231292277
0.001, 0.34272465103441396, 2.3873241463784312E-4, -6.9794914097234955, 1.7728305522400425, 1.6804053629982114, 0.09242518924183107, -0.0020673343718486774, 1.5020865792895668, -0.0022225944863660013, 1.5526011451732412E-4, 0.0, 7.005, 0.3437824450520305, 4066.6320421893456, 970.8368868754851, 5759.344002722824, 0.7060929231292277
0.0011, 0.376770384402027, 2.626056561016274E-4, -6.712881026685718, 1.612261198937617, 1.7820963482984329, -0.1698351493608159, -0.002230765929384514, 1.5022468353193532, -0.0024198249427019227, 1.890590133174091E-4, 0.0, 7.005, 0.3781606895572336, 4066.6320421893456, 970.8368868754851, 5759.344002722824, 0.7060929231292277
0.0012, 0.41076865896684606, 2.864788975654117E-4, -6.447629260409311, 2.03853062139735, 1.8876863496772065, 0.1508442717201437, -0.0023878508311841263, 1.5024183117121628, -0.00261488210504646, 2.2703127386233392E-4, 0.0, 7.005, 0.41253893406243664, 4066.6320421893456, 970.8368868754851, 5759.344002722824, 0.7060929231292277
0.0013, 0.44472635400128135, 3.10352139029196E-4, -6.183012901895038, 2.041798475420241, 1.996641896528554, 0.045156578891687005, -0.002538617549789939, 1.502572001716748, -0.002807947521593494, 2.693299718035553E-4, 0.0, 7.005, 0.4469171785676397, 4066.6320421893456, 970.8368868754851, 5759.344002722824, 0.7060929231292277
0.0014, 0.47855543812481194, 3.342253804929803E-4, -5.917180906749136, 2.1453130762245696, 2.109809987597592, 0.0355030886269776, -0.002683067951145394, 1.5027213807011295, -0.002999174719602353, 3.1610676845695847E-4, 0.0, 7.005, 0.48129542307284273, 4066.6320421893456, 970.8368868754851, 5759.344002722824, 0.7060929231292277
0.0015, 0.5123365092866868, 3.580986219567647E-4, -5.646480911802653, 2.4989764064358297, 2.2299087705577847, 0.26906763587804505, -0.0028211421269333714, 1.5028758918267588, -0.003188695233083918, 3.6755310615054664E-4, 0.0, 7.005, 0.5156736675780458, 4066.6320421893456, 970.8368868754851, 5759.344002722824, 0.7060929231292277
0.0016, 0.5459316209610938, 3.8197186342054886E-4, -5.364813412800006, 2.0657385177458303, 2.362018221588194, -0.2962797038423637, -0.0029526675556016215, 1.5029934331046377, -0.0033766230161081877, 4.239554605065662E-4, 0.0, 7.005, 0.5500519120832489, 4066.6320421893456, 970.8368868754851, 5759.344002722824, 0.7060929231292277
0.0017, 0.5794805307811992, 4.0584510488433315E-4, -5.063003408581726, 2.3826129210729903, 2.514070824950749, -0.13145790387775858, -0.003077293098957218, 1.5031323816046538, -0.0035630577486152858, 4.857646496580679E-4, 0.0, 7.005, 0.5844301565884519, 4066.6320421893456, 970.8368868754851, 5759.344002722824, 0.7060929231292277
0.0018, 0.6130636731409864, 4.297183463481176E-4, -4.7281834524721456, 3.010299983926242, 2.697342252567484, 0.31295773135875793, -0.0031944081614116906, 1.5032817031647603, -0.003748087361811589, 5.536792003998985E-4, 0.0, 7.005, 0.618808401093655, 4066.6320421893456, 970.8368868754851, 5759.344002722824, 0.7060929231292277
0.0019, 0.6474844127103424, 4.535915878119019E-4, -4.343184372678734, 2.6399906056370206, 2.9269420435977995, -0.28695143796077893, -0.0033030472294490916, 1.5033745489987382, -0.003931790000723226, 6.287427712741349E-4, 0.0, 7.005, 0.6531866455988581, 4066.6320421893456, 970.8368868754851, 5759.344002722824, 0.7060929231292277
0.002, 0.6809858529572873, 4.7746482927568624E-4, -3.885931280150825, 3.0690272509460303, 3.222304284015717, -0.15327703306968665, -0.0034017799399130785, 1.5034901936325562, -0.004114235572503025, 7.124556325899462E-4, 0.0, 7.005, 0.687564890104061, 4066.6320421893456, 970.8368868754851, 5759.344002722824, 0.7060929231292277
0.0021, 0.7140994918791094, 5.013380707394704E-4, -3.3288433035232474, 3.260466052609311, 3.607678286187145, -0.3472122335778338, -0.003488586780974518, 1.5035881180125368, -0.0042954869843524115, 8.069002033778937E-4, 0.0, 7.005, 0.721943134609264, 4066.6320421893456, 970.8368868754851, 5759.344002722824, 0.7060929231292277
0.0022, 0.7468281088876784, 5.252113122032547E-4, -2.638236003269495, 3.7108807643070465, 4.112619268447091, -0.4017385041400443, -0.0035607204998733023, 1.5036845256038278, -0.0044756011451519695, 9.148806452786672E-4, 0.0, 7.005, 0.756321379114467, 4066.6320421893456, 970.8368868754851, 5759.344002722824, 0.7060929231292277
0.0023, 0.7787010781034629, 5.490845536670389E-4, -1.7737257457847613, 4.480946575825426, 4.772479034676984, -0.29153245885155776, -0.0036145532712635216, 1.503779652740569, -0.004654629784629776, 0.001040076513366254, 0.0, 7.005, 0.79069962361967, 4066.6320421893456, 970.8368868754851, 5759.344002722824, 0.7060929231292277
0.0024, 0.8089292458495002, 5.729577951308231E-4, -0.6876355339184592, 5.460296025445343, 5.628896653881867, -0.1686006284365238, -0.0036454096659126033, 1.5038630818507857, -0.004832620129818146, 0.0011872104639055426, 0.0, 7.005, 0.8250778681248729, 4066.6320421893456, 970.8368868754851, 5759.344002722824, 0.7060929231292277
0.0025, 0.8364670753930086, 5.968310365946075E-4, 0.6755980647243779, 6.839910928323586, 6.730289139767713, 0.10962178855587279, -0.003647385449544149, 1.5039546479952974, -0.005009615468588517, 0.0013622300190443684, 0.0, 7.005, 0.8594561126300759, 4066.6320421893456, 970.8368868754851, 5759.344002722824, 0.7060929231292277
0.0026, 0.8608247556969867, 6.207042780583919E-4, 2.380017151341716, 8.718705674612156, 8.132342130318591, 0.5863635442935653, -0.0036131522344493424, 1.504072892461509, -0.005185655622889315, 0.0015725033884399723, 0.0, 7.005, 0.8938343571352789, 4066.6320421893456, 970.8368868754851, 5759.344002722824, 0.7060929231292277
0.0027, 0.8821938228227584, 6.445775195221761E-4, 4.498734082017296, 10.73089713359583, 9.898500567373993, 0.8323965662218367, -0.003533748001260291, 1.5042055805806975, -0.005360777349080229, 0.0018270293478199378, 0.0, 7.005, 0.9282126016404819, 4066.6320421893456, 970.8368868754851, 5759.344002722824, 0.7060929231292277
0.0028, 0.9009411290199801, 6.684507609859605E-4, 7.114522548213363, 12.807811200946677, 12.100459376206103, 0.7073518247405737, -0.0033983535044066326, 1.5043418610179995, -0.005535014678884134, 0.0021366611744775017, 0.0, 7.005, 0.9625908461456849, 4066.6320421893456, 970.8368868754851, 5759.344002722824, 0.7060929231292277
0.0029, 0.9172568434627808, 6.923240024497446E-4, 10.32040825854493, 14.90513164693791, 14.818654145096943, 0.08647750184096736, -0.00319405457187422, 1.5044756439073317, -0.005708399211575585, 0.0025143446397013648, 0.0, 7.005, 0.9969690906508879, 4066.6320421893456, 970.8368868754851, 5759.344002722824, 0.7060929231292277
