This fits B3 to B11 into the virial expansion since maxPower is set to 9.
Number of particles: 108
dryVolFracMax: 0.003
dryVolFracIncrement: 1.0E-4
Initial configuration: FCC
Dry microgel radius [nm]: 50.0
Box length [units of dry radius]: 52.64820356309553
Number of monomers: 2916666.666666667
Number of chains: 87.50000000000001
Flory interaction parameter (chi): 0.0
Young's calibration factor: 1.0
x-link fraction: 3.0E-5
MC steps: 100000
Equilibration steps: 10000.0
Snapshot interval: 100
Displacement tolerance: 0.1
Particle radius change tolerance: 0.0
Particle radius bin width: 0.001
g(r) bin width: 0.005
phi0, phi, rho, mu/kT, Z_measured, Z_virial_Fit, Z_residual, <F_total>/V, QMelting, <F_id>/V, <F_ex>/V, <F_FR>/V, <alpha>, Zeta, B2_rho, B2_phi0, B2_HS, B2*
2.0E-4, 0.06873188405152593, 4.774648292756861E-5, -9.849102379996248, 1.0683231043340542, 1.038367925563747, 0.029955178770307178, -5.183962099629194E-4, 1.5005187487827945, -5.213638970822166E-4, 2.967687119297254E-6, 0.0, 7.005, 0.06875648901040608, 4066.6320421893456, 970.8368868754851, 5759.344002722824, 0.7060929231292277
3.0E-4, 0.10307805124121117, 7.161972439135293E-5, -9.301668883657026, 1.086487459790893, 1.1288357231336428, -0.04234826334274988, -7.463618097617171E-4, 1.5007470093610265, -7.530065463303081E-4, 6.6447365685910754E-6, 0.0, 7.005, 0.10313473351560913, 4066.6320421893456, 970.8368868754851, 5759.344002722824, 0.7060929231292277
4.0E-4, 0.137403426317522, 9.549296585513724E-5, -8.835323200076086, 1.3897732821166393, 1.2543025059716872, 0.13547077614495207, -9.625181845143457E-4, 1.5009666098347463, -9.765371141186377E-4, 1.4018929604291958E-5, 0.0, 7.005, 0.13751297802081217, 4066.6320421893456, 970.8368868754851, 5759.344002722824, 0.7060929231292277
5.0E-4, 0.17170822030763305, 1.1936620731892148E-4, -8.430874270367234, 1.2832676239758587, 1.3679145856066435, -0.08464696163078478, -0.0011682174180937008, 1.501171996729407, -0.0011940355932402447, 2.581817514654394E-5, 0.0, 7.005, 0.1718912225260152, 4066.6320421893456, 970.8368868754851, 5759.344002722824, 0.7060929231292277
6.0E-4, 0.20597041556235388, 1.4323944878270585E-4, -8.093932575811627, 1.401441629408118, 1.4463033000911671, -0.04486167068304914, -0.0013650627789289123, 1.5013713371158846, -0.001406727072591923, 4.166429366301071E-5, 0.0, 7.005, 0.20626946703121826, 4066.6320421893456, 970.8368868754851, 5759.344002722824, 0.7060929231292277
7.0E-4, 0.24021092994850532, 1.6711269024649017E-4, -7.8153703804786705, 1.3907144223808343, 1.4935932629772897, -0.10287884059645536, -0.001554674231641582, 1.501561453289115, -0.0016154210498813184, 6.0746818239736326E-5, 0.0, 7.005, 0.24064771153642134, 4066.6320421893456, 970.8368868754851, 5759.344002722824, 0.7060929231292277
8.0E-4, 0.274429155633398, 1.9098593171027449E-4, -7.570836427405131, 1.508777396113362, 1.531067281055676, -0.022289884942314098, -0.0017382192273730625, 1.501749055179904, -0.0018206928681456847, 8.247364077262228E-5, 0.0, 7.005, 0.2750259560416244, 4066.6320421893456, 970.8368868754851, 5759.344002722824, 0.7060929231292277
9.0E-4, 0.30861720816501703, 2.148591731740588E-4, -7.331484470556711, 1.7893229951828897, 1.5833691755882353, 0.20595381959465442, -0.0019161550438700956, 1.5019342218775313, -0.0020229727110088343, 1.0681766713873867E-4, 0.0, 7.005, 0.30940420054682743, 4066.6320421893456, 970.8368868754851, 5759.344002722824, 0.7060929231292277
0.001, 0.34272465103441396, 2.3873241463784312E-4, -7.075004154190341, 1.7728305522400425, 1.6674412735853523, 0.10538927865469017, -0.002088271825480233, 1.5021075167431983, -0.0022225944863660013, 1.3432266088576834E-4, 0.0, 7.005, 0.3437824450520305, 4066.6320421893456, 970.8368868754851, 5759.344002722824, 0.7060929231292277
0.0011, 0.376770384402027, 2.626056561016274E-4, -6.7922417999706495, 1.612261198937617, 1.7869081523321662, -0.17464695339454916, -0.0022539616089306217, 1.5022700309988992, -0.0024198249427019227, 1.6586333377130083E-4, 0.0, 7.005, 0.3781606895572336, 4066.6320421893456, 970.8368868754851, 5759.344002722824, 0.7060929231292277
0.0012, 0.41076865896684606, 2.864788975654117E-4, -6.488156465306679, 2.03853062139735, 1.9321856472640726, 0.10634497413327759, -0.0024125774826224493, 1.5024430383636012, -0.00261488210504646, 2.0230462242401055E-4, 0.0, 7.005, 0.41253893406243664, 4066.6320421893456, 970.8368868754851, 5759.344002722824, 0.7060929231292277
0.0013, 0.44472635400128135, 3.10352139029196E-4, -6.177912294250094, 2.041798475420241, 2.0850674958369657, -0.04326902041672476, -0.002563748260832781, 1.502597132427791, -0.002807947521593494, 2.441992607607131E-4, 0.0, 7.005, 0.4469171785676397, 4066.6320421893456, 970.8368868754851, 5759.344002722824, 0.7060929231292277
0.0014, 0.47855543812481194, 3.342253804929803E-4, -5.879987345023103, 2.1453130762245696, 2.2257746136528525, -0.08046153742828288, -0.0027075510665078776, 1.502745863816492, -0.002999174719602353, 2.9162365309447533E-4, 0.0, 7.005, 0.48129542307284273, 4066.6320421893456, 970.8368868754851, 5759.344002722824, 0.7060929231292277
0.0015, 0.5123365092866868, 3.580986219567647E-4, -5.6085182517409855, 2.4989764064358297, 2.3402972091830527, 0.15867919725277702, -0.002844496976216246, 1.5028992466760418, -0.003188695233083918, 3.4419825686767187E-4, 0.0, 7.005, 0.5156736675780458, 4066.6320421893456, 970.8368868754851, 5759.344002722824, 0.7060929231292277
0.0016, 0.5459316209610938, 3.8197186342054886E-4, -5.366885769310376, 2.0657385177458303, 2.426171065405512, -0.3604325476596819, -0.0029753380874635855, 1.5030161036364997, -0.0033766230161081877, 4.012849286446022E-4, 0.0, 7.005, 0.5500519120832489, 4066.6320421893456, 970.8368868754851, 5759.344002722824, 0.7060929231292277
0.0017, 0.5794805307811992, 4.0584510488433315E-4, -5.143949316236066, 2.3826129210729903, 2.4954596759379655, -0.1128467548649752, -0.003100746895974835, 1.5031558354016714, -0.0035630577486152858, 4.6231085264045093E-4, 0.0, 7.005, 0.5844301565884519, 4066.6320421893456, 970.8368868754851, 5759.344002722824, 0.7060929231292277
0.0018, 0.6130636731409864, 4.297183463481176E-4, -4.913524368071335, 3.010299983926242, 2.574516845237582, 0.4357831386886599, -0.003220943575671529, 1.50330823857902, -0.003748087361811589, 5.2714378614006E-4, 0.0, 7.005, 0.618808401093655, 4066.6320421893456, 970.8368868754851, 5759.344002722824, 0.7060929231292277
0.0019, 0.6474844127103424, 4.535915878119019E-4, -4.636828082675918, 2.6399906056370206, 2.7009331724842127, -0.060942566847192126, -0.003335350403329145, 1.5034068521726183, -0.003931790000723226, 5.964395973940811E-4, 0.0, 7.005, 0.6531866455988581, 4066.6320421893456, 970.8368868754851, 5759.344002722824, 0.7060929231292277
0.002, 0.6809858529572873, 4.7746482927568624E-4, -4.266858048875308, 3.0690272509460303, 2.918777862473121, 0.15024938847290947, -0.0034423358085590855, 1.5035307495012022, -0.004114235572503025, 6.718997639439395E-4, 0.0, 7.005, 0.687564890104061, 4066.6320421893456, 970.8368868754851, 5759.344002722824, 0.7060929231292277
0.0021, 0.7140994918791094, 5.013380707394704E-4, -3.7531783136396704, 3.260466052609311, 3.2736878692928713, -0.01322181668356004, -0.0035390778683141288, 1.5036386090998763, -0.0042954869843524115, 7.564091160382827E-4, 0.0, 7.005, 0.721943134609264, 4066.6320421893456, 970.8368868754851, 5759.344002722824, 0.7060929231292277
0.0022, 0.7468281088876784, 5.252113122032547E-4, -3.045527428742287, 3.7108807643070465, 3.8093828056062193, -0.09850204129917284, -0.0036215368728354028, 1.5037453419767899, -0.0044756011451519695, 8.540642723165667E-4, 0.0, 7.005, 0.756321379114467, 4066.6320421893456, 970.8368868754851, 5759.344002722824, 0.7060929231292277
0.0023, 0.7787010781034629, 5.490845536670389E-4, -2.0951966320521156, 4.480946575825426, 4.566649666874355, -0.08570309104892893, -0.0036844910916960143, 1.5038495905610014, -0.004654629784629776, 9.701386929337613E-4, 0.0, 7.005, 0.79069962361967, 4066.6320421893456, 970.8368868754851, 5759.344002722824, 0.7060929231292277
0.0024, 0.8089292458495002, 5.729577951308231E-4, -0.8544138549963765, 5.460296025445343, 5.584599551830706, -0.12430352638536313, -0.0037215751430575783, 1.5039392473279307, -0.004832620129818146, 0.0011110449867605676, 0.0, 7.005, 0.8250778681248729, 4066.6320421893456, 970.8368868754851, 5759.344002722824, 0.7060929231292277
0.0025, 0.8364670753930086, 5.968310365946075E-4, 0.7238275897572689, 6.839910928323586, 6.901902533009434, -0.06199160468584797, -0.003725286348236677, 1.50403254889399, -0.005009615468588517, 0.0012843291203518403, 0.0, 7.005, 0.8594561126300759, 4066.6320421893456, 970.8368868754851, 5759.344002722824, 0.7060929231292277
0.0026, 0.8608247556969867, 6.207042780583919E-4, 2.679776671946571, 8.718705674612156, 8.552609969216064, 0.16609570539609209, -0.0036870149214007298, 1.5041467551484604, -0.005185655622889315, 0.001498640701488585, 0.0, 7.005, 0.8938343571352789, 4066.6320421893456, 970.8368868754851, 5759.344002722824, 0.7060929231292277
0.0027, 0.8821938228227584, 6.445775195221761E-4, 5.024531262584128, 10.73089713359583, 10.54692918208275, 0.18396795151308076, -0.0035973364371198833, 1.504269169016557, -0.005360777349080229, 0.0017634409119603456, 0.0, 7.005, 0.9282126016404819, 4066.6320421893456, 970.8368868754851, 5759.344002722824, 0.7060929231292277
0.0028, 0.9009411290199801, 6.684507609859605E-4, 7.6850882248888714, 12.807811200946677, 12.82177686542127, -0.013965664474593353, -0.003447111225252722, 1.5043906187388456, -0.005535014678884134, 0.0020879034536314123, 0.0, 7.005, 0.9625908461456849, 4066.6320421893456, 970.8368868754851, 5759.344002722824, 0.7060929231292277
0.0029, 0.9172568434627808, 6.923240024497446E-4, 10.39320239234857, 14.90513164693791, 15.138958184186777, -0.23382653724886637, -0.0032304005033933682, 1.5045119898388508, -0.005708399211575585, 0.0024779987081822163, 0.0, 7.005, 0.9969690906508879, 4066.6320421893456, 970.8368868754851, 5759.344002722824, 0.7060929231292277
