This fits B3 to B7 into the virial expansion since maxPower is set to 5.
Number of particles: 108
dryVolFracMax: 0.007
dryVolFracIncrement: 1.0E-4
Initial configuration: FCC
Dry microgel radius [nm]: 50.0
Box length [units of dry radius]: 40.130210850472906
Number of monomers: 2916666.666666667
Number of chains: 145.83333333333334
Flory interaction parameter (chi): 0.0
Young's calibration factor: 1.0
x-link fraction: 5.0E-5
MC steps: 100000
Equilibration steps: 10000.0
Snapshot interval: 100
Displacement tolerance: 0.1
Particle radius change tolerance: 0.0
Particle radius bin width: 0.001
g(r) bin width: 0.005
phi0, phi, rho, mu/kT, Z_measured, Z_virial_Fit, <F_total>/V, QMelting, <F_id>/V, <F_ex>/V, <F_FR>/V, <alpha>, Zeta, B2_rho, B2_phi0, B2_HS, B2*
0.0031, 0.776192001238686, 7.400704853773131E-4, 10.680551214395603, 5.932369375339649, 6.477259404102398, 0.0031107322102261322, 1.4971667385979917, -0.006052725597926468, 0.0091634578081526, 0.0, 6.327999999999999, 0.7858175332826596, 3199.203125415848, 763.7534870474594, 4245.6873723897315, 0.7535182986436284
0.0032, 0.7988720503335385, 7.639437268410974E-4, 12.163827270694473, 7.035525208282945, 7.73560763238946, 0.0033829106137575225, 1.4969625780276399, -0.006223720591850009, 0.009606631205607532, 0.0, 6.327999999999999, 0.8111664859691969, 3199.203125415848, 763.7534870474594, 4245.6873723897315, 0.7535182986436284
0.0033, 0.8201461936909442, 7.87816968304882E-4, 13.901687320941143, 8.729588916706103, 9.213365745975068, 0.0036935392896277567, 1.4967773881715571, -0.006393969425504768, 0.010087508715132525, 0.0, 6.327999999999999, 0.8365154386557343, 3199.203125415848, 763.7534870474594, 4245.6873723897315, 0.7535182986436284
0.0034, 0.8396785462624027, 8.11690209768666E-4, 15.891485788456174, 10.692046451647776, 10.903531897586419, 0.004048673339996171, 1.4965941305325818, -0.006563494716841306, 0.010612168056837477, 0.0, 6.327999999999999, 0.8618643913422717, 3199.203125415848, 763.7534870474594, 4245.6873723897315, 0.7535182986436284
0.0035, 0.857505018128889, 8.355634512324506E-4, 18.12610691197426, 13.066511149017012, 12.795271485084584, 0.004454251247244008, 1.4964428936274266, -0.006732317752748801, 0.011186568999992808, 0.0, 6.327999999999999, 0.887213344028809, 3199.203125415848, 763.7534870474594, 4245.6873723897315, 0.7535182986436284
0.0036, 0.8737019324945738, 8.594366926962349E-4, 20.59404675086634, 15.42541611555282, 14.87403379900283, 0.004915989013529385, 1.496289847476521, -0.006900458603211014, 0.011816447616740399, 0.0, 6.327999999999999, 0.9125622967153464, 3199.203125415848, 763.7534870474594, 4245.6873723897315, 0.7535182986436284
0.0037, 0.8884775404624817, 8.833099341600189E-4, 23.279556277185407, 18.220390635451558, 17.12172109741013, 0.005439276987215469, 1.4962010204135734, -0.007067936222769609, 0.012507213209985078, 0.0, 6.327999999999999, 0.9379112494018838, 3199.203125415848, 763.7534870474594, 4245.6873723897315, 0.7535182986436284
0.0038, 0.9018982752064573, 9.071831756238031E-4, 26.162845567070338, 20.717466047489932, 19.516910108090485, 0.006029080834667708, 1.49607190137449, -0.007234768541011392, 0.0132638493756791, 0.0, 6.327999999999999, 0.9632602020884211, 3199.203125415848, 763.7534870474594, 4245.6873723897315, 0.7535182986436284
0.0039, 0.9140231221432533, 9.310564170875875E-4, 29.220349101792955, 23.311856449739366, 22.03512595805398, 0.006689848116183865, 1.49596411267416, -0.0074009725435247534, 0.014090820659708618, 0.0, 6.327999999999999, 0.9886091547749585, 3199.203125415848, 763.7534870474594, 4245.6873723897315, 0.7535182986436284
0.004, 0.9249181727686178, 9.549296585513718E-4, 32.425052186872, 25.96845226131251, 24.649168530356803, 0.007425421925050412, 1.495877123315007, -0.00756656434454809, 0.014991986269598502, 0.0, 6.327999999999999, 1.0139581074614958, 3199.203125415848, 763.7534870474594, 4245.6873723897315, 0.7535182986436284
0.0041, 0.934641814836392, 9.78802900015156E-4, 35.7468784962554, 28.52493811142476, 27.329491248254044, 0.008238963048893686, 1.495774322695824, -0.007731559252349387, 0.015970522301243073, 0.0, 6.327999999999999, 1.0393070601480334, 3199.203125415848, 763.7534870474594, 4245.6873723897315, 0.7535182986436284
0.0042, 0.9432444616837518, 0.0010026761414789404, 39.153138747372644, 30.91213284031355, 30.04463228666998, 0.009132882112652684, 1.4956328206727243, -0.007895971828223967, 0.01702885394087665, 0.0, 6.327999999999999, 1.0646560128345708, 3199.203125415848, 763.7534870474594, 4245.6873723897315, 0.7535182986436284
0.0043, 0.9507533473360327, 0.0010265493829427247, 42.60904051189477, 33.4616394473673, 32.76169821098313, 0.010108783162625853, 1.4955503228448623, -0.008059815939870624, 0.018168599102496477, 0.0, 6.327999999999999, 1.0900049655211084, 3199.203125415848, 763.7534870474594, 4245.6873723897315, 0.7535182986436284
0.0044, 0.9572138392905225, 0.0010504226244065094, 46.078259166298466, 36.05332069335277, 35.44690004314839, 0.011167420151146823, 1.4955090149114865, -0.008223104809800185, 0.01939052496094701, 0.0, 6.327999999999999, 1.1153539182076457, 3199.203125415848, 763.7534870474594, 4245.6873723897315, 0.7535182986436284
0.0045, 0.9627003043509648, 0.0010742958658702937, 49.5235699856337, 38.5028666743805, 38.06614175512743, 0.01230866778153802, 1.4954871464238975, -0.008385851059341299, 0.02069451884087932, 0.0, 6.327999999999999, 1.1407028708941833, 3199.203125415848, 763.7534870474594, 4245.6873723897315, 0.7535182986436284
0.0046, 0.9675574298768423, 0.001098169107334078, 52.90754138341071, 40.91927038597628, 40.58566118964427, 0.013531508173065615, 1.4960272822693528, -0.008548066748732902, 0.022079574921798517, 0.0, 6.327999999999999, 1.1660518235807207, 3199.203125415848, 763.7534870474594, 4245.6873723897315, 0.7535182986436284
0.0047, 0.9726802990353305, 0.001122042348797862, 56.19328930007307, 41.60182711399649, 42.9727234082651, 0.014834034805679826, 1.495774698706119, -0.008709763413728975, 0.0235437982194088, 0.0, 6.327999999999999, 1.1914007762672583, 3199.203125415848, 763.7534870474594, 4245.6873723897315, 0.7535182986436284
0.0048, 0.9770049557802472, 0.0011459155902616468, 59.34529274214753, 38.71582905090962, 45.196366466801464, 0.01621347520438019, 1.4934896327632974, -0.008870952099086747, 0.02508442730346694, 0.0, 6.327999999999999, 1.2167497289537956, 3199.203125415848, 763.7534870474594, 4245.6873723897315, 0.7535182986436284
0.0049, 0.9804719410381315, 0.001169788831725431, 62.330270473875075, 40.016920222896395, 47.228199618024405, 0.01766623382309876, 1.4940892171743871, -0.009031643389263154, 0.026697877212361915, 0.0, 6.327999999999999, 1.2420986816403332, 3199.203125415848, 763.7534870474594, 4245.6873723897315, 0.7535182986436284
0.005, 0.983080706793411, 0.0011936620731892152, 65.1181188628674, 42.249025777589395, 49.04325394171519, 0.019187956588018022, 1.4942390701003545, -0.009191847436604594, 0.028379804024622618, 0.0, 6.327999999999999, 1.2674476343268706, 3199.203125415848, 763.7534870474594, 4245.6873723897315, 0.7535182986436284
0.0051, 0.984982916459081, 0.0012175353146529997, 67.68291088111238, 49.939051042434585, 50.620885402024214, 0.02077361856029733, 1.4955068314824012, -0.009351573987280678, 0.030125192547578006, 0.0, 6.327999999999999, 1.2927965870134082, 3199.203125415848, 763.7534870474594, 4245.6873723897315, 0.7535182986436284
0.0052, 0.9857554908451429, 0.0012414085561167842, 70.00395626248368, 56.44383838253372, 51.945730332164885, 0.022417636178184604, 1.500163421112772, -0.009510832405183293, 0.0319284685833679, 0.0, 6.327999999999999, 1.3181455396999455, 3199.203125415848, 763.7534870474594, 4245.6873723897315, 0.7535182986436284
0.0053, 0.9857310098146781, 0.0012652817975805685, 72.06692281773964, 48.164966096595904, 53.0087133464167, 0.024114005538540376, 1.4903368168534614, -0.00966963169398671, 0.033783637232527086, 0.0, 6.327999999999999, 1.343494492386483, 3199.203125415848, 763.7534870474594, 4245.6873723897315, 0.7535182986436284
0.0054, 0.9849754569061673, 0.0012891550390443528, 73.86501890789151, 54.872745041063325, 53.80810767945263, 0.025856468177808477, 1.4962113778856105, -0.009827980517542224, 0.0356844486953507, 0.0, 6.327999999999999, 1.3688434450730205, 3199.203125415848, 763.7534870474594, 4245.6873723897315, 0.7535182986436284
0.0055, 0.9836301586387342, 0.0013130282805081375, 75.40023707669177, 64.36296140691553, 54.350647952995814, 0.027638705812487493, 1.5050184427715818, -0.009985887218761662, 0.037624593031249154, 0.0, 6.327999999999999, 1.394192397759558, 3199.203125415848, 763.7534870474594, 4245.6873723897315, 0.7535182986436284
0.0056, 0.9815877052317263, 0.0013369015219719218, 76.68465884287345, 54.530712922362376, 54.65269536979713, 0.029454565499182878, 1.4921686089254917, -0.010143359837127138, 0.039597925336310014, 0.0, 6.327999999999999, 1.4195413504460954, 3199.203125415848, 763.7534870474594, 4245.6873723897315, 0.7535182986436284
0.0057, 0.982868895187613, 0.0013607747634357059, 77.7418206527673, 60.354799166651546, 54.741455334918555, 0.03129831667432812, 1.4966816501558362, -0.010300406124949776, 0.0415987227992779, 0.0, 6.327999999999999, 1.444890303132633, 3199.203125415848, 763.7534870474594, 4245.6873723897315, 0.7535182986436284
0.0058, 0.9814254098044464, 0.00138464800489949, 78.60814099376104, 50.11003975901864, 54.65624750435609, 0.033164941533669695, 1.492850220369772, -0.010457033562487145, 0.04362197509615684, 0.0, 6.327999999999999, 1.4702392558191704, 3199.203125415848, 763.7534870474594, 4245.6873723897315, 0.7535182986436284
0.0059, 0.9800833311581084, 0.0014085212463632744, 79.33440866908205, 68.75507134126812, 54.449828260983395, 0.03505046021163875, 1.5142298979951294, -0.010613249372017875, 0.04566370958365662, 0.0, 6.327999999999999, 1.495588208505708, 3199.203125415848, 763.7534870474594, 4245.6873723897315, 0.7535182986436284
0.006, 0.9789863800633511, 0.001432394487827059, 79.98733223423831, 69.11026324764272, 54.18976561780164, 0.03695229222073372, 1.5095667511156972, -0.01076906053096181, 0.047721352751695534, 0.0, 6.327999999999999, 1.5209371611922453, 3199.203125415848, 763.7534870474594, 4245.6873723897315, 0.7535182986436284
0.0061, 0.9762503735905801, 0.0014562677292908432, 80.65115059556543, 50.01577055666556, 53.95986654852959, 0.03886965561102934, 1.4916427760092852, -0.010924473784125255, 0.049794129395154596, 0.0, 6.327999999999999, 1.546286113878783, 3199.203125415848, 763.7534870474594, 4245.6873723897315, 0.7535182986436284
0.0062, 0.9693930672257911, 0.0014801409707546273, 81.42930477106044, 48.096924934538684, 53.86165674550102, 0.040804005309974405, 1.4874315762140247, -0.01107949565514311, 0.05188350096511751, 0.0, 6.327999999999999, 1.5716350665653203, 3199.203125415848, 763.7534870474594, 4245.6873723897315, 0.7535182986436284
0.0063, 0.9662999573036168, 0.0015040142122184122, 82.4461708139165, 41.02470765541598, 54.01591280488719, 0.04275951210261178, 1.4805934110895993, -0.011234132457182605, 0.053993644559794385, 0.0, 6.327999999999999, 1.5969840192518578, 3199.203125415848, 763.7534870474594, 4245.6873723897315, 0.7535182986436284
0.0064, 0.9641350240131015, 0.0015278874536821963, 83.84885389886612, 40.35641765365266, 54.56424683926343, 0.04474358371237856, 1.4856023340851348, -0.011388390302967299, 0.056131974015345865, 0.0, 6.327999999999999, 1.6223329719383952, 3199.203125415848, 763.7534870474594, 4245.6873723897315, 0.7535182986436284
0.0065, 0.9608180477373364, 0.0015517606951459808, 85.80904357166291, 56.48864103786026, 55.67074351745214, 0.04676742944263418, 1.489971564329214, -0.01154227511417444, 0.05830970455680862, 0.0, 6.327999999999999, 1.6476819246249328, 3199.203125415848, 763.7534870474594, 4245.6873723897315, 0.7535182986436284
0.0066, 0.9552983212248612, 0.0015756339366097647, 88.52493016179992, 66.73882459952968, 57.523649531720366, 0.04884666983910854, 1.5104750490376815, -0.011695792630253918, 0.06054246246936246, 0.0, 6.327999999999999, 1.6730308773114702, 3199.203125415848, 763.7534870474594, 4245.6873723897315, 0.7535182986436284
0.0067, 0.9530118193219724, 0.0015995071780735492, 92.22318235874512, 58.902789742532796, 60.3371154923052, 0.051001992833399304, 1.5242373877464166, -0.011848948416712619, 0.06285094125011192, 0.0, 6.327999999999999, 1.6983798299980077, 3199.203125415848, 763.7534870474594, 4245.6873723897315, 0.7535182986436284
0.0068, 0.9462510528158143, 0.0016233804195373337, 97.16098595174844, 59.18894637048046, 64.35299024922824, 0.053259857827723786, 1.4994666724585228, -0.0120017478729041, 0.06526160570062789, 0.0, 6.327999999999999, 1.723728782684545, 3199.203125415848, 763.7534870474594, 4245.6873723897315, 0.7535182986436284
