This fits B3 to B9 into the virial expansion since maxPower is set to 7.
Number of particles: 108
dryVolFracMax: 0.003
dryVolFracIncrement: 1.0E-4
Initial configuration: FCC
Dry microgel radius [nm]: 50.0
Box length [units of dry radius]: 52.648203563095535
Number of monomers: 2916666.666666667
Number of chains: 145.83333333333334
Flory interaction parameter (chi): 0.0
Young's calibration factor: 1.0
x-link fraction: 5.0E-5
MC steps: 100000
Equilibration steps: 10000.0
Snapshot interval: 100
Displacement tolerance: 0.1
Particle radius change tolerance: 0.0
Particle radius bin width: 0.001
g(r) bin width: 0.005
phi0, phi, rho, mu/kT, Z_measured, Z_virial_Fit, <F_total>/V, QMelting, <F_id>/V, <F_ex>/V, <F_FR>/V, <alpha>, Zeta, B2_rho, B2_phi0, B2_HS, B2*
2.0E-4, 0.050689639947746216, 4.774648292756861E-5, -9.805657589171728, 1.0331175829171535, 1.0384669209121289, -5.177688057851471E-4, 1.5005178917766326, -5.213638970822166E-4, 3.595091297069505E-6, 0.0, 6.327999999999999, 0.050697905373074816, 3199.203125415848, 763.7534870474594, 4245.6873723897315, 0.7535182986436284
3.0E-4, 0.07602803455269352, 7.161972439135293E-5, -9.352863123542306, 1.0626035467360493, 1.066060903001505, -7.462004672355128E-4, 1.50074656581249, -7.530065463303081E-4, 6.806079094795371E-6, 0.0, 6.327999999999999, 0.07604685805961223, 3199.203125415848, 763.7534870474594, 4245.6873723897315, 0.7535182986436284
4.0E-4, 0.10136193440979639, 9.549296585513724E-5, -8.978474363352309, 1.3005016713807818, 1.1262508829748699, -9.64930182923064E-4, 1.500967431490492, -9.765371141186377E-4, 1.160693119557369E-5, 0.0, 6.327999999999999, 0.10139581074614963, 3199.203125415848, 763.7534870474594, 4245.6873723897315, 0.7535182986436284
5.0E-4, 0.12668951643947537, 1.1936620731892148E-4, -8.634186160281722, 1.19819465759818, 1.2104858979567448, -0.0011751211658904864, 1.5011773039697651, -0.0011940355932402447, 1.8914427349758244E-5, 0.0, 6.327999999999999, 0.12674476343268704, 3199.203125415848, 763.7534870474594, 4245.6873723897315, 0.7535182986436284
6.0E-4, 0.1519991762591733, 1.4323944878270585E-4, -8.31242593009168, 1.3059500908504846, 1.3033517626615931, -0.0013773586963270175, 1.501381340379861, -0.001406727072591923, 2.936837626490533E-5, 0.0, 6.327999999999999, 0.15209371611922445, 3199.203125415848, 763.7534870474594, 4245.6873723897315, 0.7535182986436284
7.0E-4, 0.17730339995482283, 1.6711269024649017E-4, -8.017708623892299, 1.2779005116965192, 1.3904672645075393, -0.0015722255830226588, 1.5015764865625512, -0.0016154210498813184, 4.3195466858659596E-5, 0.0, 6.327999999999999, 0.17744266880576187, 3199.203125415848, 763.7534870474594, 4245.6873723897315, 0.7535182986436284
8.0E-4, 0.20260770574659498, 1.9098593171027449E-4, -7.754860527327675, 1.2629845939889306, 1.4627347233862034, -0.0017604310170857905, 1.5017649780819393, -0.0018206928681456847, 6.026185105989431E-5, 0.0, 6.327999999999999, 0.2027916214922993, 3199.203125415848, 763.7534870474594, 4245.6873723897315, 0.7535182986436284
9.0E-4, 0.22789411969195808, 2.148591731740588E-4, -7.524127633592272, 1.5868145952338006, 1.5178417274638605, -0.001942750060781694, 1.5019546799400871, -0.0020229727110088343, 8.022265022714046E-5, 0.0, 6.327999999999999, 0.2281405741788367, 3199.203125415848, 763.7534870474594, 4245.6873723897315, 0.7535182986436284
0.001, 0.2531565659054242, 2.38732414637843E-4, -7.319980757317903, 1.471950386032552, 1.5598126807505013, -0.002119894528955345, 1.502129948773056, -0.0022225944863660013, 1.0269995741065633E-4, 0.0, 6.327999999999999, 0.2534895268653741, 3199.203125415848, 763.7534870474594, 4245.6873723897315, 0.7535182986436284
0.0011, 0.27840853478768923, 2.626056561016274E-4, -7.132064538809667, 1.6034046368354886, 1.5973106225350677, -0.0022923832916021836, 1.5023071141910542, -0.0024198249427019227, 1.2744165109973896E-4, 0.0, 6.327999999999999, 0.27883847955191154, 3199.203125415848, 763.7534870474594, 4245.6873723897315, 0.7535182986436284
0.0012, 0.30366263866449944, 2.864788975654117E-4, -6.94730142477327, 1.8875062484383152, 1.641291603146332, -0.002460450662276392, 1.5024832397136143, -0.00261488210504646, 1.5443144277006796E-4, 0.0, 6.327999999999999, 0.30418743223844896, 3199.203125415848, 763.7534870474594, 4245.6873723897315, 0.7535182986436284
0.0013, 0.328871601425102, 3.10352139029196E-4, -6.75243315780045, 1.7692458505767399, 1.7025157248611027, -0.0026240114711165176, 1.5026460799118644, -0.002807947521593494, 1.8393605047697616E-4, 0.0, 6.327999999999999, 0.3295363849249864, 3199.203125415848, 763.7534870474594, 4245.6873723897315, 0.7535182986436284
0.0014, 0.35408508242714404, 3.342253804929803E-4, -6.536457744619331, 2.059533262697868, 1.7893207811415048, -0.0027826864956727033, 1.5028145636635244, -0.002999174719602353, 2.1648822392964938E-4, 0.0, 6.327999999999999, 0.3548853376115238, 3199.203125415848, 763.7534870474594, 4245.6873723897315, 0.7535182986436284
0.0015, 0.3792185162580294, 3.580986219567647E-4, -6.292559266483708, 1.8613654907767518, 1.90596625174682, -0.0029358806901557343, 1.5029629531997335, -0.003188695233083918, 2.528145429281837E-4, 0.0, 6.327999999999999, 0.3802342902980612, 3199.203125415848, 763.7534870474594, 4245.6873723897315, 0.7535182986436284
0.0016, 0.40438384684521317, 3.8197186342054886E-4, -6.019252282591165, 1.6641058923725556, 2.0517572356244607, -0.0030828985453578072, 1.5031059307018868, -0.0033766230161081877, 2.937244707503803E-4, 0.0, 6.327999999999999, 0.40558324298459864, 3199.203125415848, 763.7534870474594, 4245.6873723897315, 0.7535182986436284
0.0017, 0.42952360354591396, 4.0584510488433315E-4, -5.720580180549518, 2.0446440796194976, 2.221059727847951, -0.0032230756815771655, 1.5032602177915704, -0.0035630577486152858, 3.3998206703812035E-4, 0.0, 6.327999999999999, 0.43093219567113605, 3199.203125415848, 763.7534870474594, 4245.6873723897315, 0.7535182986436284
0.0018, 0.4546019115015354, 4.297183463481176E-4, -5.405321149175852, 2.4061595532764786, 2.404220471230527, -0.0033559033108578485, 1.5034105218983354, -0.003748087361811589, 3.9218405095374086E-4, 0.0, 6.327999999999999, 0.45628114835767347, 3199.203125415848, 763.7534870474594, 4245.6873723897315, 0.7535182986436284
0.0019, 0.4796218915401157, 4.535915878119019E-4, -5.0852680902443, 2.880091043865489, 2.589306437603703, -0.0034811224458673184, 1.5035595669362372, -0.003931790000723226, 4.5066755485590783E-4, 0.0, 6.327999999999999, 0.4816301010442109, 3199.203125415848, 763.7534870474594, 4245.6873723897315, 0.7535182986436284
0.002, 0.5046190011308439, 4.7746482927568624E-4, -4.772760524836875, 2.928104390786754, 2.7644808181153806, -0.003598767651022328, 1.5036809358606098, -0.004114235572503025, 5.154679214806968E-4, 0.0, 6.327999999999999, 0.5069790537307483, 3199.203125415848, 763.7534870474594, 4245.6873723897315, 0.7535182986436284
0.0021, 0.5295701476933998, 5.013380707394704E-4, -4.477757783881238, 2.5495166173570993, 2.920734226256286, -0.0037091457107436346, 1.5037765872163513, -0.0042954869843524115, 5.863412736087769E-4, 0.0, 6.327999999999999, 0.5323280064172856, 3199.203125415848, 763.7534870474594, 4245.6873723897315, 0.7535182986436284
0.0022, 0.5544251008588603, 5.252113122032547E-4, -4.2048537131786325, 2.894787808360503, 3.0545916416943726, -0.003812742820700604, 1.5038968121037135, -0.0044756011451519695, 6.628583244513656E-4, 0.0, 6.327999999999999, 0.557676959103823, 3199.203125415848, 763.7534870474594, 4245.6873723897315, 0.7535182986436284
0.0023, 0.5793112414404217, 5.490845536670391E-4, -3.950743888319387, 3.5431161847236776, 3.1703174473475713, -0.003910064785130225, 1.5040349265058588, -0.004654629784629776, 7.445649994995505E-4, 0.0, 6.327999999999999, 0.5830259117903603, 3199.203125415848, 763.7534870474594, 4245.6873723897315, 0.7535182986436284
0.0024, 0.6047318114606397, 5.729577951308231E-4, -3.7027669916780077, 3.254771863651247, 3.2810427365017745, -0.004001428223470994, 1.5041095654740675, -0.004832620129818146, 8.311919063471521E-4, 0.0, 6.327999999999999, 0.6083748644768977, 3199.203125415848, 763.7534870474594, 4245.6873723897315, 0.7535182986436284
0.0025, 0.6297911067840275, 5.968310365946075E-4, -3.4392525920954773, 3.4274914696438827, 3.4081408911222866, -0.004086736950560364, 1.504208549301929, -0.005009615468588517, 9.228785180281536E-4, 0.0, 6.327999999999999, 0.6337238171634351, 3199.203125415848, 763.7534870474594, 4245.6873723897315, 0.7535182986436284
0.0026, 0.6547085503655703, 6.207042780583919E-4, -3.132518112006176, 3.546648072403482, 3.5780792568873494, -0.004165296495200693, 1.504297418452523, -0.005185655622889315, 0.001020359127688622, 0.0, 6.327999999999999, 0.6590727698499724, 3199.203125415848, 763.7534870474594, 4245.6873723897315, 0.7535182986436284
0.0027, 0.6795070695680064, 6.445775195221761E-4, -2.7554682817351415, 3.8465219319499573, 3.815876564824862, -0.004235741161120446, 1.5043886038091205, -0.005360777349080229, 0.0011250361879597826, 0.0, 6.327999999999999, 0.6844217225365098, 3199.203125415848, 763.7534870474594, 4245.6873723897315, 0.7535182986436284
0.0028, 0.704142799877559, 6.684507609859605E-4, -2.2928608760328606, 4.112015027750522, 4.134197573793017, -0.004296172111686772, 1.5044615341648007, -0.005535014678884134, 0.0012388425671973624, 0.0, 6.327999999999999, 0.7097706752230472, 3199.203125415848, 763.7534870474594, 4245.6873723897315, 0.7535182986436284
0.0029, 0.7285576346319024, 6.923240024497446E-4, -1.758413009888998, 4.3876393092692165, 4.5170182324091, -0.004344631674766416, 1.5045255600821306, -0.005708399211575585, 0.0013637675368091684, 0.0, 6.327999999999999, 0.7351196279095845, 3199.203125415848, 763.7534870474594, 4245.6873723897315, 0.7535182986436284
