This fits B3 to B4 into the virial expansion since maxPower is set to 2.
Number of particles: 108
dryVolFracMax: 0.003
dryVolFracIncrement: 1.0E-4
Initial configuration: FCC
Dry microgel radius [nm]: 50.0
Box length [units of dry radius]: 52.648203563095535
Number of monomers: 2916666.666666667
Number of chains: 145.83333333333334
Flory interaction parameter (chi): 0.0
Young's calibration factor: 1.0
x-link fraction: 5.0E-5
MC steps: 100000
Equilibration steps: 10000.0
Snapshot interval: 100
Displacement tolerance: 0.1
Particle radius change tolerance: 0.0
Particle radius bin width: 0.001
g(r) bin width: 0.005
phi0, phi, rho, mu/kT, Z_measured, Z_virial_Fit, <F_total>/V, QMelting, <F_id>/V, <F_ex>/V, <F_FR>/V, <alpha>, Zeta, B2_rho, B2_phi0, B2_HS, B2*
2.0E-4, 0.050689639947746216, 4.774648292756861E-5, -9.637384483972102, 1.0331175829171535, 1.1372922301359174, -5.144529177802295E-4, 1.5005145758886278, -5.213638970822166E-4, 6.910979301987051E-6, 0.0, 6.327999999999999, 0.050697905373074816, 3199.203125415848, 763.7534870474594, 4245.6873723897315, 0.7535182986436284
3.0E-4, 0.07602803455269352, 7.161972439135293E-5, -9.105996853572675, 1.0626035467360493, 1.196222694023938, -7.378421246180778E-4, 1.5007382074698727, -7.530065463303081E-4, 1.5164421712230214E-5, 0.0, 6.327999999999999, 0.07604685805961223, 3199.203125415848, 763.7534870474594, 4245.6873723897315, 0.7535182986436284
4.0E-4, 0.10136193440979639, 9.549296585513724E-5, -8.700229710734327, 1.3005016713807818, 1.2503455675922162, -9.502099452922089E-4, 1.5009527112528611, -9.765371141186377E-4, 2.6327168826428823E-5, 0.0, 6.327999999999999, 0.10139581074614963, 3199.203125415848, 763.7534870474594, 4245.6873723897315, 0.7535182986436284
5.0E-4, 0.12668951643947537, 1.1936620731892148E-4, -8.36516903047136, 1.19819465759818, 1.300912983690913, -0.0011538035496641923, 1.5011559863535389, -0.0011940355932402447, 4.023204357605234E-5, 0.0, 6.327999999999999, 0.12674476343268704, 3199.203125415848, 763.7534870474594, 4245.6873723897315, 0.7535182986436284
6.0E-4, 0.1519991762591733, 1.4323944878270585E-4, -8.07542877569958, 1.3059500908504846, 1.3491770751701915, -0.0013499753470728503, 1.501353957030607, -0.001406727072591923, 5.6751725519072635E-5, 0.0, 6.327999999999999, 0.15209371611922445, 3199.203125415848, 763.7534870474594, 4245.6873723897315, 0.7535182986436284
7.0E-4, 0.17730339995482283, 1.6711269024649017E-4, -7.816688318398545, 1.2779005116965192, 1.396389974880213, -0.0015396222990413549, 1.50154388327857, -0.0016154210498813184, 7.579875083996352E-5, 0.0, 6.327999999999999, 0.17744266880576187, 3199.203125415848, 763.7534870474594, 4245.6873723897315, 0.7535182986436284
8.0E-4, 0.20260770574659498, 1.9098593171027449E-4, -7.579726558337408, 1.2629845939889306, 1.4438038156711395, -0.0017233673557959836, 1.5017279144206495, -0.0018206928681456847, 9.732551234970112E-5, 0.0, 6.327999999999999, 0.2027916214922993, 3199.203125415848, 763.7534870474594, 4245.6873723897315, 0.7535182986436284
9.0E-4, 0.22789411969195808, 2.148591731740588E-4, -7.358003054814693, 1.5868145952338006, 1.4926707303931326, -0.0019016484515230706, 1.5019135783308284, -0.0020229727110088343, 1.2132425948576381E-4, 0.0, 6.327999999999999, 0.2281405741788367, 3199.203125415848, 763.7534870474594, 4245.6873723897315, 0.7535182986436284
0.001, 0.2531565659054242, 2.38732414637843E-4, -7.1465224603939355, 1.471950386032552, 1.5442428518963547, -0.0020747673880538694, 1.5020848216321545, -0.0022225944863660013, 1.4782709831213201E-4, 0.0, 6.327999999999999, 0.2534895268653741, 3199.203125415848, 763.7534870474594, 4245.6873723897315, 0.7535182986436284
0.0011, 0.27840853478768923, 2.626056561016274E-4, -6.941243080463196, 1.6034046368354886, 1.5997723130309676, -0.002242918951182634, 1.5022576498506346, -0.0024198249427019227, 1.7690599151928873E-4, 0.0, 6.327999999999999, 0.27883847955191154, 3199.203125415848, 763.7534870474594, 4245.6873723897315, 0.7535182986436284
0.0012, 0.30366263866449944, 2.864788975654117E-4, -6.738743871516785, 1.8875062484383152, 1.6605112466471335, -0.0024062093466222416, 1.5024289983979602, -0.00261488210504646, 2.0867275842421863E-4, 0.0, 6.327999999999999, 0.30418743223844896, 3199.203125415848, 763.7534870474594, 4245.6873723897315, 0.7535182986436284
0.0013, 0.328871601425102, 3.10352139029196E-4, -6.536025189589221, 1.7692458505767399, 1.7277117855950137, -0.002564668446623085, 1.5025867368873709, -0.002807947521593494, 2.4327907497040895E-4, 0.0, 6.327999999999999, 0.3295363849249864, 3199.203125415848, 763.7534870474594, 4245.6873723897315, 0.7535182986436284
0.0014, 0.35408508242714404, 3.342253804929803E-4, -6.330383590417342, 2.059533262697868, 1.8026260627247703, -0.002718258245874504, 1.5027501354137263, -0.002999174719602353, 2.8091647372784903E-4, 0.0, 6.327999999999999, 0.3548853376115238, 3199.203125415848, 763.7534870474594, 4245.6873723897315, 0.7535182986436284
0.0015, 0.3792185162580294, 3.580986219567647E-4, -6.119329928681216, 1.8613654907767518, 1.8865062108865662, -0.0028668788891908874, 1.5028939513987685, -0.003188695233083918, 3.2181634389303064E-4, 0.0, 6.327999999999999, 0.3802342902980612, 3199.203125415848, 763.7534870474594, 4245.6873723897315, 0.7535182986436284
0.0016, 0.40438384684521317, 3.8197186342054886E-4, -5.900533943596579, 1.6641058923725556, 1.9806043629305619, -0.003010373084819241, 1.503033405241348, -0.0033766230161081877, 3.6624993128894697E-4, 0.0, 6.327999999999999, 0.40558324298459864, 3199.203125415848, 763.7534870474594, 4245.6873723897315, 0.7535182986436284
0.0017, 0.42952360354591396, 4.0584510488433315E-4, -5.671785673668296, 2.0446440796194976, 2.086172651706921, -0.003148529410250191, 1.5031856715202434, -0.0035630577486152858, 4.1452833836509457E-4, 0.0, 6.327999999999999, 0.43093219567113605, 3199.203125415848, 763.7534870474594, 4245.6873723897315, 0.7535182986436284
0.0018, 0.4546019115015354, 4.297183463481176E-4, -5.430967917084839, 2.4061595532764786, 2.2044632100658035, -0.0032810848376141175, 1.5033357034250916, -0.003748087361811589, 4.6700252419747156E-4, 0.0, 6.327999999999999, 0.45628114835767347, 3199.203125415848, 763.7534870474594, 4245.6873723897315, 0.7535182986436284
0.0019, 0.4796218915401157, 4.535915878119019E-4, -5.176036147972512, 2.880091043865489, 2.3367281708573726, -0.0034077266962346483, 1.5034861711866045, -0.003931790000723226, 5.240633044885779E-4, 0.0, 6.327999999999999, 0.4816301010442109, 3199.203125415848, 763.7534870474594, 4245.6873723897315, 0.7535182986436284
0.002, 0.5046190011308439, 4.7746482927568624E-4, -4.9050035901774836, 2.928104390786754, 2.4842196669317906, -0.003528094220935608, 1.503610262430523, -0.004114235572503025, 5.861413515674165E-4, 0.0, 6.327999999999999, 0.5069790537307483, 3199.203125415848, 763.7534870474594, 4245.6873723897315, 0.7535182986436284
0.0021, 0.5295701476933998, 5.013380707394704E-4, -4.615929936568267, 2.5495166173570993, 2.6481898311392174, -0.00364177978996292, 1.5037092212955705, -0.0042954869843524115, 6.537071943894916E-4, 0.0, 6.327999999999999, 0.5323280064172856, 3199.203125415848, 763.7534870474594, 4245.6873723897315, 0.7535182986436284
0.0022, 0.5544251008588603, 5.252113122032547E-4, -4.306912694994397, 2.894787808360503, 2.8298907963298165, -0.0037483299266151586, 1.503832399209628, -0.0044756011451519695, 7.272712185368108E-4, 0.0, 6.327999999999999, 0.557676959103823, 3199.203125415848, 763.7534870474594, 4245.6873723897315, 0.7535182986436284
0.0023, 0.5793112414404217, 5.490845536670391E-4, -3.9760804595185104, 3.5431161847236776, 3.0305746953537502, -0.003847246118411892, 1.5039721078391404, -0.004654629784629776, 8.073836662178834E-4, 0.0, 6.327999999999999, 0.5830259117903603, 3199.203125415848, 763.7534870474594, 4245.6873723897315, 0.7535182986436284
0.0024, 0.6047318114606397, 5.729577951308231E-4, -3.621587614761711, 3.254771863651247, 3.2514936610611764, -0.003937985493550427, 1.5040461227441468, -0.004832620129818146, 8.946346362677189E-4, 0.0, 6.327999999999999, 0.6083748644768977, 3199.203125415848, 763.7534870474594, 4245.6873723897315, 0.7535182986436284
0.0025, 0.6297911067840275, 5.968310365946075E-4, -3.2416101220036078, 3.4274914696438827, 3.493899826302265, -0.004019961384440683, 1.5041417737358094, -0.005009615468588517, 9.896540841478339E-4, 0.0, 6.327999999999999, 0.6337238171634351, 3199.203125415848, 763.7534870474594, 4245.6873723897315, 0.7535182986436284
0.0026, 0.6547085503655703, 6.207042780583919E-4, -2.834342132245755, 3.546648072403482, 3.7590453239271726, -0.004092543800943072, 1.5042246657582654, -0.005185655622889315, 0.0010931118219462427, 0.0, 6.327999999999999, 0.6590727698499724, 3199.203125415848, 763.7534870474594, 4245.6873723897315, 0.7535182986436284
0.0027, 0.6795070695680064, 6.445775195221761E-4, -2.39799323882474, 3.8465219319499573, 4.04818228678606, -0.004155059830702766, 1.5043079224787028, -0.005360777349080229, 0.0012057175183774623, 0.0, 6.327999999999999, 0.6844217225365098, 3199.203125415848, 763.7534870474594, 4245.6873723897315, 0.7535182986436284
0.0028, 0.704142799877559, 6.684507609859605E-4, -1.9307862299152028, 4.112015027750522, 4.3625628477290945, -0.004206793980101619, 1.5043721560332155, -0.005535014678884134, 0.0013282206987825153, 0.0, 6.327999999999999, 0.7097706752230472, 3199.203125415848, 763.7534870474594, 4245.6873723897315, 0.7535182986436284
0.0029, 0.7285576346319024, 6.923240024497446E-4, -1.4309552355979056, 4.3876393092692165, 4.703439139606431, -0.0042469884664466636, 1.5044279168738106, -0.005708399211575585, 0.0014614107451289212, 0.0, 6.327999999999999, 0.7351196279095845, 3199.203125415848, 763.7534870474594, 4245.6873723897315, 0.7535182986436284
