This fits B3 to B9 into the virial expansion since maxPower is set to 7.
Number of particles: 108
dryVolFracMax: 0.007
dryVolFracIncrement: 1.0E-4
Initial configuration: FCC
Dry microgel radius [nm]: 50.0
Box length [units of dry radius]: 40.130210850472906
Number of monomers: 2916666.666666667
Number of chains: 145.83333333333334
Flory interaction parameter (chi): 0.0
Young's calibration factor: 1.0
x-link fraction: 5.0E-5
MC steps: 100000
Equilibration steps: 10000.0
Snapshot interval: 100
Displacement tolerance: 0.1
Particle radius change tolerance: 0.0
Particle radius bin width: 0.001
g(r) bin width: 0.005
phi0, phi, rho, mu/kT, Z_measured, Z_virial_Fit, <F_total>/V, QMelting, <F_id>/V, <F_ex>/V, <F_FR>/V, <alpha>, Zeta, B2_rho, B2_phi0, B2_HS, B2*
0.0031, 0.776192001238686, 7.400704853773131E-4, 158.45427731599173, 5.932369375339649, 5.747134763777069, 0.11301404910919113, 1.3872634216990267, -0.006052725597926468, 0.1190667747071176, 0.0, 6.327999999999999, 0.7858175332826596, 3199.203125415848, 763.7534870474594, 4245.6873723897315, 0.7535182986436284
0.0032, 0.7988720503335385, 7.639437268410974E-4, 160.01476536847167, 7.035525208282945, 7.104986116965733, 0.11681446663183388, 1.3835310220095636, -0.006223720591850009, 0.1230381872236839, 0.0, 6.327999999999999, 0.8111664859691969, 3199.203125415848, 763.7534870474594, 4245.6873723897315, 0.7535182986436284
0.0033, 0.8201461936909442, 7.87816968304882E-4, 162.04357470358642, 8.729588916706103, 8.888815202358046, 0.12065791831170844, 1.3798130091494765, -0.006393969425504768, 0.1270518877372132, 0.0, 6.327999999999999, 0.8365154386557343, 3199.203125415848, 763.7534870474594, 4245.6873723897315, 0.7535182986436284
0.0034, 0.8396785462624027, 8.11690209768666E-4, 164.4456754284094, 10.692046451647776, 10.994955584415152, 0.12455444697931295, 1.376088356893265, -0.006563494716841306, 0.13111794169615426, 0.0, 6.327999999999999, 0.8618643913422717, 3199.203125415848, 763.7534870474594, 4245.6873723897315, 0.7535182986436284
0.0035, 0.857505018128889, 8.355634512324506E-4, 167.12966779235913, 13.066511149017012, 13.327030744073227, 0.12851186222070612, 1.3723852826539646, -0.006732317752748801, 0.13524417997345492, 0.0, 6.327999999999999, 0.887213344028809, 3199.203125415848, 763.7534870474594, 4245.6873723897315, 0.7535182986436284
0.0036, 0.8737019324945738, 8.594366926962349E-4, 170.01140659085598, 15.42541611555282, 15.798917367556214, 0.13253587171051678, 1.3686699647795335, -0.006900458603211014, 0.1394363303137278, 0.0, 6.327999999999999, 0.9125622967153464, 3199.203125415848, 763.7534870474594, 4245.6873723897315, 0.7535182986436284
0.0037, 0.8884775404624817, 8.833099341600189E-4, 173.0168873617055, 18.220390635451558, 18.33698952081636, 0.1366302903776868, 1.365010007023102, -0.007067936222769609, 0.14369822660045642, 0.0, 6.327999999999999, 0.9379112494018838, 3199.203125415848, 763.7534870474594, 4245.6873723897315, 0.7535182986436284
0.0038, 0.9018982752064573, 9.071831756238031E-4, 176.08434598315185, 20.717466047489932, 20.881611913127017, 0.140797309159119, 1.361303673050039, -0.007234768541011392, 0.1480320777001304, 0.0, 6.327999999999999, 0.9632602020884211, 3199.203125415848, 763.7534870474594, 4245.6873723897315, 0.7535182986436284
0.0039, 0.9140231221432533, 9.310564170875875E-4, 179.1655453125933, 23.311856449739366, 23.387870037235643, 0.14503780420406617, 1.3576161565862777, -0.0074009725435247534, 0.15243877674759093, 0.0, 6.327999999999999, 0.9886091547749585, 3199.203125415848, 763.7534870474594, 4245.6873723897315, 0.7535182986436284
0.004, 0.9249181727686178, 9.549296585513718E-4, 182.22624453267662, 25.96845226131251, 25.825544556122622, 0.14935166702576483, 1.3539508782142924, -0.00756656434454809, 0.1569182313703129, 0.0, 6.327999999999999, 1.0139581074614958, 3199.203125415848, 763.7534870474594, 4245.6873723897315, 0.7535182986436284
0.0041, 0.934641814836392, 9.78802900015156E-4, 185.24586890259977, 28.52493811142476, 28.17835688975356, 0.1537381362563031, 1.3502751494884146, -0.007731559252349387, 0.16146969550865248, 0.0, 6.327999999999999, 1.0393070601480334, 3199.203125415848, 763.7534870474594, 4245.6873723897315, 0.7535182986436284
0.0042, 0.9432444616837518, 0.0010026761414789404, 188.21641964154432, 30.91213284031355, 30.442532538937485, 0.15819611234613687, 1.34656959043924, -0.007895971828223967, 0.16609208417436083, 0.0, 6.327999999999999, 1.0646560128345708, 3199.203125415848, 763.7534870474594, 4245.6873723897315, 0.7535182986436284
0.0043, 0.9507533473360327, 0.0010265493829427247, 191.140685701147, 33.4616394473673, 32.62474826536891, 0.16272443776121823, 1.34293466824627, -0.008059815939870624, 0.17078425370108885, 0.0, 6.327999999999999, 1.0900049655211084, 3199.203125415848, 763.7534870474594, 4245.6873723897315, 0.7535182986436284
0.0044, 0.9572138392905225, 0.0010504226244065094, 194.02984121573715, 36.05332069335277, 34.73954883245824, 0.16732212696770507, 1.3393543080949282, -0.008223104809800185, 0.17554523177750525, 0.0, 6.327999999999999, 1.1153539182076457, 3199.203125415848, 763.7534870474594, 4245.6873723897315, 0.7535182986436284
0.0045, 0.9627003043509648, 0.0010742958658702937, 196.90053444714218, 38.5028666743805, 36.80633859120098, 0.1719885327577777, 1.3358072814476578, -0.008385851059341299, 0.180374383817119, 0.0, 6.327999999999999, 1.1407028708941833, 3199.203125415848, 763.7534870474594, 4245.6873723897315, 0.7535182986436284
0.0046, 0.9675574298768423, 0.001098169107334078, 199.771596073532, 40.91927038597628, 38.84607278293879, 0.17672343825920742, 1.3328353521832108, -0.008548066748732902, 0.18527150500794032, 0.0, 6.327999999999999, 1.1660518235807207, 3199.203125415848, 763.7534870474594, 4245.6873723897315, 0.7535182986436284
0.0047, 0.9726802990353305, 0.001122042348797862, 202.66051670154278, 41.60182711399649, 40.87779300955481, 0.1815270672861493, 1.3290816662256493, -0.008709763413728975, 0.1902368306998783, 0.0, 6.327999999999999, 1.1914007762672583, 3199.203125415848, 763.7534870474594, 4245.6873723897315, 0.7535182986436284
0.0048, 0.9770049557802472, 0.0011459155902616468, 205.57986551162492, 38.71582905090962, 42.91517090886555, 0.18640000953034072, 1.3233030984373368, -0.008870952099086747, 0.19527096162942748, 0.0, 6.327999999999999, 1.2167497289537956, 3199.203125415848, 763.7534870474594, 4245.6873723897315, 0.7535182986436284
0.0049, 0.9804719410381315, 0.001169788831725431, 208.5338439780696, 40.016920222896395, 44.96324365348664, 0.19134306145822305, 1.3204123895392628, -0.009031643389263154, 0.2003747048474862, 0.0, 6.327999999999999, 1.2420986816403332, 3199.203125415848, 763.7534870474594, 4245.6873723897315, 0.7535182986436284
0.005, 0.983080706793411, 0.0011936620731892152, 211.51519063460174, 42.249025777589395, 47.01554447566377, 0.1963569886729222, 1.3170700380154503, -0.009191847436604594, 0.2055488361095268, 0.0, 6.327999999999999, 1.2674476343268706, 3199.203125415848, 763.7534870474594, 4245.6873723897315, 0.7535182986436284
0.0051, 0.984982916459081, 0.0012175353146529997, 214.50267488903643, 49.939051042434585, 49.05185100356539, 0.20144222091882805, 1.3148382291238705, -0.009351573987280678, 0.21079379490610872, 0.0, 6.327999999999999, 1.2927965870134082, 3199.203125415848, 763.7534870474594, 4245.6873723897315, 0.7535182986436284
0.0052, 0.9857554908451429, 0.0012414085561167842, 217.45943992031934, 56.44383838253372, 51.03679377893786, 0.2065984968513484, 1.315982560439608, -0.009510832405183293, 0.2161093292565317, 0.0, 6.327999999999999, 1.3181455396999455, 3199.203125415848, 763.7534870474594, 4245.6873723897315, 0.7535182986436284
0.0053, 0.9857310098146781, 0.0012652817975805685, 220.33247672279143, 48.164966096595904, 52.919586906115, 0.21182448216516636, 1.3026263402268352, -0.00966963169398671, 0.22149411385915307, 0.0, 6.327999999999999, 1.343494492386483, 3199.203125415848, 763.7534870474594, 4245.6873723897315, 0.7535182986436284
0.0054, 0.9849754569061673, 0.0012891550390443528, 223.05353339240247, 54.872745041063325, 54.63516236954456, 0.21711739167150243, 1.3049504543919166, -0.009827980517542224, 0.22694537218904465, 0.0, 6.327999999999999, 1.3688434450730205, 3199.203125415848, 763.7534870474594, 4245.6873723897315, 0.7535182986436284
0.0055, 0.9836301586387342, 0.0013130282805081375, 225.541785782889, 64.36296140691553, 56.10700913752953, 0.2224726534367323, 1.310184495147337, -0.009985887218761662, 0.23245854065549398, 0.0, 6.327999999999999, 1.394192397759558, 3199.203125415848, 763.7534870474594, 4245.6873723897315, 0.7535182986436284
0.0056, 0.9815877052317263, 0.0013369015219719218, 227.7086176886928, 54.530712922362376, 57.25203775393311, 0.22788366114459477, 1.2937395132800797, -0.010143359837127138, 0.2380270209817219, 0.0, 6.327999999999999, 1.4195413504460954, 3199.203125415848, 763.7534870474594, 4245.6873723897315, 0.7535182986436284
0.0057, 0.982868895187613, 0.0013607747634357059, 229.46488074203174, 60.354799166651546, 57.9878107021359, 0.23334166941778442, 1.29463829741238, -0.010300406124949776, 0.2436420755427342, 0.0, 6.327999999999999, 1.444890303132633, 3199.203125415848, 763.7534870474594, 4245.6873723897315, 0.7535182986436284
0.0058, 0.9814254098044464, 0.00138464800489949, 230.73102624676903, 50.11003975901864, 58.242498410829285, 0.23883589593575175, 1.28717926596769, -0.010457033562487145, 0.2492929294982389, 0.0, 6.327999999999999, 1.4702392558191704, 3199.203125415848, 763.7534870474594, 4245.6873723897315, 0.7535182986436284
0.0059, 0.9800833311581084, 0.0014085212463632744, 231.45052319757525, 68.75507134126812, 57.967940351663856, 0.2443539038120295, 1.3049264543947388, -0.010613249372017875, 0.2549671531840474, 0.0, 6.327999999999999, 1.495588208505708, 3199.203125415848, 763.7534870474594, 4245.6873723897315, 0.7535182986436284
0.006, 0.9789863800633511, 0.001432394487827059, 231.60699876550558, 69.11026324764272, 57.15621026304143, 0.24988234784745658, 1.2966366954889743, -0.01076906053096181, 0.2606514083784184, 0.0, 6.327999999999999, 1.5209371611922453, 3199.203125415848, 763.7534870474594, 4245.6873723897315, 0.7535182986436284
0.0061, 0.9762503735905801, 0.0014562677292908432, 231.24555956576427, 50.01577055666556, 55.86010411957977, 0.2554081789526001, 1.2751042526677143, -0.010924473784125255, 0.26633265273672535, 0.0, 6.327999999999999, 1.546286113878783, 3199.203125415848, 763.7534870474594, 4245.6873723897315, 0.7535182986436284
0.0062, 0.9693930672257911, 0.0014801409707546273, 230.49877404923032, 48.096924934538684, 54.21798904665047, 0.2609204122385861, 1.267315169285413, -0.01107949565514311, 0.2719999078937292, 0.0, 6.327999999999999, 1.5716350665653203, 3199.203125415848, 763.7534870474594, 4245.6873723897315, 0.7535182986436284
0.0063, 0.9662999573036168, 0.0015040142122184122, 229.61781839258808, 41.02470765541598, 52.48347096367797, 0.2664125760051629, 1.2569403471870482, -0.011234132457182605, 0.2776467084623455, 0.0, 6.327999999999999, 1.5969840192518578, 3199.203125415848, 763.7534870474594, 4245.6873723897315, 0.7535182986436284
0.0064, 0.9641350240131015, 0.0015278874536821963, 229.00931029715622, 40.35641765365266, 51.06035832630005, 0.2718859711115848, 1.2584599466859285, -0.011388390302967299, 0.2832743614145521, 0.0, 6.327999999999999, 1.6223329719383952, 3199.203125415848, 763.7534870474594, 4245.6873723897315, 0.7535182986436284
0.0065, 0.9608180477373364, 0.0015517606951459808, 229.278377123829, 56.48864103786026, 50.543418914603535, 0.27735388299726355, 1.2593851107745846, -0.01154227511417444, 0.288896158111438, 0.0, 6.327999999999999, 1.6476819246249328, 3199.203125415848, 763.7534870474594, 4245.6873723897315, 0.7535182986436284
0.0066, 0.9552983212248612, 0.0015756339366097647, 231.27852684798867, 66.73882459952968, 51.76544620338245, 0.2828469019284818, 1.2764748169483084, -0.011695792630253918, 0.2945426945587357, 0.0, 6.327999999999999, 1.6730308773114702, 3199.203125415848, 763.7534870474594, 4245.6873723897315, 0.7535182986436284
0.0067, 0.9530118193219724, 0.0015995071780735492, 236.16891231682413, 58.902789742532796, 55.85117143095704, 0.2884195208805879, 1.2868198596992282, -0.011848948416712619, 0.30026846929730056, 0.0, 6.327999999999999, 1.6983798299980077, 3199.203125415848, 763.7534870474594, 4245.6873723897315, 0.7535182986436284
0.0068, 0.9462510528158143, 0.0016233804195373337, 245.4796013532523, 59.18894637048046, 64.2785770665796, 0.29415819482632044, 1.2585683354599262, -0.0120017478729041, 0.30615994269922453, 0.0, 6.327999999999999, 1.723728782684545, 3199.203125415848, 763.7534870474594, 4245.6873723897315, 0.7535182986436284
