This fits B3 to B7 into the virial expansion since maxPower is set to 5.
Number of particles: 108
dryVolFracMax: 0.003
dryVolFracIncrement: 1.0E-4
Initial configuration: FCC
Dry microgel radius [nm]: 50.0
Box length [units of dry radius]: 52.648203563095535
Number of monomers: 2916666.666666667
Number of chains: 145.83333333333334
Flory interaction parameter (chi): 0.0
Young's calibration factor: 1.0
x-link fraction: 5.0E-5
MC steps: 100000
Equilibration steps: 10000.0
Snapshot interval: 100
Displacement tolerance: 0.1
Particle radius change tolerance: 0.0
Particle radius bin width: 0.001
g(r) bin width: 0.005
phi0, phi, rho, mu/kT, Z_measured, Z_virial_Fit, <F_total>/V, QMelting, <F_id>/V, <F_ex>/V, <F_FR>/V, <alpha>, Zeta, B2_rho, B2_phi0, B2_HS, B2*
2.0E-4, 0.050689639947746216, 4.774648292756861E-5, -9.721697112449643, 1.0331175829171535, 1.0843859162388862, -5.159524588431657E-4, 1.5005160754296907, -5.213638970822166E-4, 5.411438239050913E-6, 0.0, 6.327999999999999, 0.050697905373074816, 3199.203125415848, 763.7534870474594, 4245.6873723897315, 0.7535182986436284
3.0E-4, 0.07602803455269352, 7.161972439135293E-5, -9.257128078378615, 1.0626035467360493, 1.1052848340613104, -7.421531568183442E-4, 1.500742518502073, -7.530065463303081E-4, 1.0853389511963923E-5, 0.0, 6.327999999999999, 0.07604685805961223, 3199.203125415848, 763.7534870474594, 4245.6873723897315, 0.7535182986436284
4.0E-4, 0.10136193440979639, 9.549296585513724E-5, -8.911037552466912, 1.3005016713807818, 1.1301938262960618, -9.588669651957449E-4, 1.5009613682727645, -9.765371141186377E-4, 1.767014892289281E-5, 0.0, 6.327999999999999, 0.10139581074614963, 3199.203125415848, 763.7534870474594, 4245.6873723897315, 0.7535182986436284
5.0E-4, 0.12668951643947537, 1.1936620731892148E-4, -8.61907089831085, 1.19819465759818, 1.1663336317422313, -0.0011680466258338297, 1.5011702294297085, -0.0011940355932402447, 2.598896740641491E-5, 0.0, 6.327999999999999, 0.12674476343268704, 3199.203125415848, 763.7534870474594, 4245.6873723897315, 0.7535182986436284
6.0E-4, 0.1519991762591733, 1.4323944878270585E-4, -8.351425708412604, 1.3059500908504846, 1.2170777839005888, -0.0013705871659143375, 1.5013745688494484, -0.001406727072591923, 3.613990667758543E-5, 0.0, 6.327999999999999, 0.15209371611922445, 3199.203125415848, 763.7534870474594, 4245.6873723897315, 0.7535182986436284
7.0E-4, 0.17730339995482283, 1.6711269024649017E-4, -8.093216233012317, 1.2779005116965192, 1.2829174173721896, -0.0015668709184263987, 1.501571131897955, -0.0016154210498813184, 4.8550131454919765E-5, 0.0, 6.327999999999999, 0.17744266880576187, 3199.203125415848, 763.7534870474594, 4245.6873723897315, 0.7535182986436284
8.0E-4, 0.20260770574659498, 1.9098593171027449E-4, -7.837452920442341, 1.2629845939889306, 1.3623245765782201, -0.0017570280767956884, 1.501761575141649, -0.0018206928681456847, 6.366479134999642E-5, 0.0, 6.327999999999999, 0.2027916214922993, 3199.203125415848, 763.7534870474594, 4245.6873723897315, 0.7535182986436284
9.0E-4, 0.22789411969195808, 2.148591731740588E-4, -7.581687384453998, 1.5868145952338006, 1.4525140268010759, -0.00194108104551018, 1.5019530109248156, -0.0020229727110088343, 8.189166549865443E-5, 0.0, 6.327999999999999, 0.2281405741788367, 3199.203125415848, 763.7534870474594, 4245.6873723897315, 0.7535182986436284
0.001, 0.2531565659054242, 2.38732414637843E-4, -7.326059087498752, 1.471950386032552, 1.5501035675466706, -0.002119027743357242, 1.5021290819874578, -0.0022225944863660013, 1.0356674300875948E-4, 0.0, 6.327999999999999, 0.2534895268653741, 3199.203125415848, 763.7534870474594, 4245.6873723897315, 0.7535182986436284
0.0011, 0.27840853478768923, 2.626056561016274E-4, -7.072004563791821, 1.6034046368354886, 1.6516728482279843, -0.0022908870304024073, 1.5023056179298544, -0.0024198249427019227, 1.2893791229951534E-4, 0.0, 6.327999999999999, 0.27883847955191154, 3199.203125415848, 763.7534870474594, 4245.6873723897315, 0.7535182986436284
0.0012, 0.30366263866449944, 2.864788975654117E-4, -6.821343495056562, 1.8875062484383152, 1.7542206861698288, -0.0024567181726391687, 1.502479507223977, -0.00261488210504646, 1.581639324072915E-4, 0.0, 6.327999999999999, 0.30418743223844896, 3199.203125415848, 763.7534870474594, 4245.6873723897315, 0.7535182986436284
0.0013, 0.328871601425102, 3.10352139029196E-4, -6.575616950379643, 1.7692458505767399, 1.8555208869348712, -0.002616621662260548, 1.5026386901030084, -0.002807947521593494, 1.9132585933294587E-4, 0.0, 6.327999999999999, 0.3295363849249864, 3199.203125415848, 763.7534870474594, 4245.6873723897315, 0.7535182986436284
0.0014, 0.35408508242714404, 3.342253804929803E-4, -6.335618091752941, 2.059533262697868, 1.9543765669708697, -0.002770726619096739, 1.5028026037869484, -0.002999174719602353, 2.2844810050561386E-4, 0.0, 6.327999999999999, 0.3548853376115238, 3199.203125415848, 763.7534870474594, 4245.6873723897315, 0.7535182986436284
0.0015, 0.3792185162580294, 3.580986219567647E-4, -6.10108459265279, 1.8613654907767518, 2.0507729785791575, -0.0029191689626459775, 1.5029462414722237, -0.003188695233083918, 2.6952627043794045E-4, 0.0, 6.327999999999999, 0.3802342902980612, 3199.203125415848, 763.7534870474594, 4245.6873723897315, 0.7535182986436284
0.0016, 0.40438384684521317, 3.8197186342054886E-4, -5.870535956929332, 1.6641058923725556, 2.1459288372043273, -0.003062063995460459, 1.5030850961519893, -0.0033766230161081877, 3.145590206477287E-4, 0.0, 6.327999999999999, 0.40558324298459864, 3199.203125415848, 763.7534870474594, 4245.6873723897315, 0.7535182986436284
0.0017, 0.42952360354591396, 4.0584510488433315E-4, -5.641246080815431, 2.0446440796194976, 2.2422461510452134, -0.003199476731694308, 1.5032366188416875, -0.0035630577486152858, 3.635810169209774E-4, 0.0, 6.327999999999999, 0.43093219567113605, 3199.203125415848, 763.7534870474594, 4245.6873723897315, 0.7535182986436284
0.0018, 0.4546019115015354, 4.297183463481176E-4, -5.409345274535176, 2.4061595532764786, 2.3431585529870436, -0.003331393124820299, 1.5033860117122977, -0.003748087361811589, 4.1669423699129015E-4, 0.0, 6.327999999999999, 0.45628114835767347, 3199.203125415848, 763.7534870474594, 4245.6873723897315, 0.7535182986436284
0.0019, 0.4796218915401157, 4.535915878119019E-4, -5.170048153730704, 2.880091043865489, 2.452878134854851, -0.003457695239012608, 1.5035361397293825, -0.003931790000723226, 4.740947617106183E-4, 0.0, 6.327999999999999, 0.4816301010442109, 3199.203125415848, 763.7534870474594, 4245.6873723897315, 0.7535182986436284
0.002, 0.5046190011308439, 4.7746482927568624E-4, -4.918005102375385, 2.928104390786754, 2.5760407839880983, -0.003578143339716699, 1.5036603115493041, -0.004114235572503025, 5.360922327863259E-4, 0.0, 6.327999999999999, 0.5069790537307483, 3199.203125415848, 763.7534870474594, 4245.6873723897315, 0.7535182986436284
0.0021, 0.5295701476933998, 5.013380707394704E-4, -4.647775795165993, 2.5495166173570993, 2.7172500221366125, -0.0036923678341928765, 1.5037598093398006, -0.0042954869843524115, 6.031191501595352E-4, 0.0, 6.327999999999999, 0.5323280064172856, 3199.203125415848, 763.7534870474594, 4245.6873723897315, 0.7535182986436284
0.0022, 0.5544251008588603, 5.252113122032547E-4, -4.354423760529645, 2.894787808360503, 2.880519346677623, -0.003799873963052221, 1.5038839432460651, -0.0044756011451519695, 6.757271820997484E-4, 0.0, 6.327999999999999, 0.557676959103823, 3199.203125415848, 763.7534870474594, 4245.6873723897315, 0.7535182986436284
0.0023, 0.5793112414404217, 5.490845536670391E-4, -4.034231282862773, 3.5431161847236776, 3.0686130741541575, -0.0039000621235390784, 1.5040249238442676, -0.004654629784629776, 7.545676610906974E-4, 0.0, 6.327999999999999, 0.5830259117903603, 3199.203125415848, 763.7534870474594, 4245.6873723897315, 0.7535182986436284
0.0024, 0.6047318114606397, 5.729577951308231E-4, -3.6855341518418108, 3.254771863651247, 3.2822856861345393, -0.003992266691235738, 1.5041004039418322, -0.004832620129818146, 8.403534385824081E-4, 0.0, 6.327999999999999, 0.6083748644768977, 3199.203125415848, 763.7534870474594, 4245.6873723897315, 0.7535182986436284
0.0025, 0.6297911067840275, 5.968310365946075E-4, -3.309675907447221, 3.4274914696438827, 3.519419677393337, -0.004075816196904046, 1.5041976285482728, -0.005009615468588517, 9.337992716844713E-4, 0.0, 6.327999999999999, 0.6337238171634351, 3199.203125415848, 763.7534870474594, 4245.6873723897315, 0.7535182986436284
0.0026, 0.6547085503655703, 6.207042780583919E-4, -2.9120813259094565, 3.546648072403482, 3.774061906413273, -0.004150117708013883, 1.5042822396653361, -0.005185655622889315, 0.001035537914875432, 0.0, 6.327999999999999, 0.6590727698499724, 3199.203125415848, 763.7534870474594, 4245.6873723897315, 0.7535182986436284
0.0027, 0.6795070695680064, 6.445775195221761E-4, -2.503448959163152, 3.8465219319499573, 4.035358448208498, -0.004214768259276846, 1.5043676309072769, -0.005360777349080229, 0.0011460090898033825, 0.0, 6.327999999999999, 0.6844217225365098, 3199.203125415848, 763.7534870474594, 4245.6873723897315, 0.7535182986436284
0.0028, 0.704142799877559, 6.684507609859605E-4, -2.1010625881496443, 4.112015027750522, 4.286387949469315, -0.004269696172631551, 1.5044350582257453, -0.005535014678884134, 0.001265318506252583, 0.0, 6.327999999999999, 0.7097706752230472, 3199.203125415848, 763.7534870474594, 4245.6873723897315, 0.7535182986436284
0.0029, 0.7285576346319024, 6.923240024497446E-4, -1.7302214846434518, 4.3876393092692165, 4.502893486027517, -0.00431533510422431, 1.5044962635115884, -0.005708399211575585, 0.0013930641073512749, 0.0, 6.327999999999999, 0.7351196279095845, 3199.203125415848, 763.7534870474594, 4245.6873723897315, 0.7535182986436284
