This fits B3 to B3 into the virial expansion since maxPower is set to 1.
Number of particles: 108
dryVolFracMax: 0.003
dryVolFracIncrement: 1.0E-4
Initial configuration: FCC
Dry microgel radius [nm]: 50.0
Box length [units of dry radius]: 52.648203563095535
Number of monomers: 2916666.666666667
Number of chains: 145.83333333333334
Flory interaction parameter (chi): 0.0
Young's calibration factor: 1.0
x-link fraction: 5.0E-5
MC steps: 100000
Equilibration steps: 10000.0
Snapshot interval: 100
Displacement tolerance: 0.1
Particle radius change tolerance: 0.0
Particle radius bin width: 0.001
g(r) bin width: 0.005
phi0, phi, rho, mu/kT, Z_measured, Z_virial_Fit, <F_total>/V, QMelting, <F_id>/V, <F_ex>/V, <F_FR>/V, <alpha>, Zeta, B2_rho, B2_phi0, B2_HS, B2*
2.0E-4, 0.050689639947746216, 4.774648292756861E-5, -9.610975656518505, 1.0331175829171535, 1.1547126139419954, -5.140237512090679E-4, 1.5005141467220566, -5.213638970822166E-4, 7.340145873148751E-6, 0.0, 6.327999999999999, 0.050697905373074816, 3199.203125415848, 763.7534870474594, 4245.6873723897315, 0.7535182986436284
3.0E-4, 0.07602803455269352, 7.161972439135293E-5, -9.049081257502404, 1.0626035467360493, 1.233540358312371, -7.364385261452222E-4, 1.5007368038714, -7.530065463303081E-4, 1.6568020185085975E-5, 0.0, 6.327999999999999, 0.07604685805961223, 3199.203125415848, 763.7534870474594, 4245.6873723897315, 0.7535182986436284
4.0E-4, 0.10136193440979639, 9.549296585513724E-5, -8.60349845674331, 1.3005016713807818, 1.3133490609489982, -9.469891813975936E-4, 1.5009494904889664, -9.765371141186377E-4, 2.9547932721044013E-5, 0.0, 6.327999999999999, 0.10139581074614963, 3199.203125415848, 763.7534870474594, 4245.6873723897315, 0.7535182986436284
5.0E-4, 0.12668951643947537, 1.1936620731892148E-4, -8.220982739722409, 1.19819465759818, 1.3941387218518768, -0.0011477205817788877, 1.5011499033856535, -0.0011940355932402447, 4.631501146135698E-5, 0.0, 6.327999999999999, 0.12674476343268704, 3199.203125415848, 763.7534870474594, 4245.6873723897315, 0.7535182986436284
6.0E-4, 0.1519991762591733, 1.4323944878270585E-4, -7.877817579822384, 1.3059500908504846, 1.4759093410210078, -0.0013398226882055636, 1.5013438043717398, -0.001406727072591923, 6.690438438635924E-5, 0.0, 6.327999999999999, 0.15209371611922445, 3199.203125415848, 763.7534870474594, 4245.6873723897315, 0.7535182986436284
7.0E-4, 0.17730339995482283, 1.6711269024649017E-4, -7.5613518594896805, 1.2779005116965192, 1.5586609184563902, -0.0015240698704049335, 1.5015283308499334, -0.0016154210498813184, 9.135117947638482E-5, 0.0, 6.327999999999999, 0.17744266880576187, 3199.203125415848, 763.7534870474594, 4245.6873723897315, 0.7535182986436284
8.0E-4, 0.20260770574659498, 1.9098593171027449E-4, -7.264033988960334, 1.2629845939889306, 1.6423934541580247, -0.0017010023434339168, 1.5017055494082874, -0.0018206928681456847, 1.1969052471176797E-4, 0.0, 6.327999999999999, 0.2027916214922993, 3199.203125415848, 763.7534870474594, 4245.6873723897315, 0.7535182986436284
9.0E-4, 0.22789411969195808, 2.148591731740588E-4, -6.980993037999747, 1.5868145952338006, 1.7271069481259105, -0.0018710151629359915, 1.5018829450422413, -0.0020229727110088343, 1.5195754807284284E-4, 0.0, 6.327999999999999, 0.2281405741788367, 3199.203125415848, 763.7534870474594, 4245.6873723897315, 0.7535182986436284
0.001, 0.2531565659054242, 2.38732414637843E-4, -6.708903169638342, 1.471950386032552, 1.812801400360048, -0.0020344071088260578, 1.5020444613529267, -0.0022225944863660013, 1.881873775399435E-4, 0.0, 6.327999999999999, 0.2534895268653741, 3199.203125415848, 763.7534870474594, 4245.6873723897315, 0.7535182986436284
0.0011, 0.27840853478768923, 2.626056561016274E-4, -6.445392199731059, 1.6034046368354886, 1.8994768108604378, -0.0021914098016085183, 1.5022061407010605, -0.0024198249427019227, 2.2841514109340455E-4, 0.0, 6.327999999999999, 0.27883847955191154, 3199.203125415848, 763.7534870474594, 4245.6873723897315, 0.7535182986436284
0.0012, 0.30366263866449944, 2.864788975654117E-4, -6.188708595239094, 1.8875062484383152, 1.9871331796270792, -0.0023422061383329, 1.5023649951896707, -0.00261488210504646, 2.726759667135597E-4, 0.0, 6.327999999999999, 0.30418743223844896, 3199.203125415848, 763.7534870474594, 4245.6873723897315, 0.7535182986436284
0.0013, 0.328871601425102, 3.10352139029196E-4, -5.937522222663844, 1.7692458505767399, 2.075770506659972, -0.0024869425392127506, 1.5025090109799606, -0.002807947521593494, 3.210049823807433E-4, 0.0, 6.327999999999999, 0.3295363849249864, 3199.203125415848, 763.7534870474594, 4245.6873723897315, 0.7535182986436284
0.0014, 0.35408508242714404, 3.342253804929803E-4, -5.6907991482090345, 2.059533262697868, 2.165388791959117, -0.0026257374035270633, 1.5026576145713788, -0.002999174719602353, 3.734373160752896E-4, 0.0, 6.327999999999999, 0.3548853376115238, 3199.203125415848, 763.7534870474594, 4245.6873723897315, 0.7535182986436284
0.0015, 0.3792185162580294, 3.580986219567647E-4, -5.447719737021614, 1.8613654907767518, 2.255988035524514, -0.002758687137306385, 1.502785759646884, -0.003188695233083918, 4.30008095777533E-4, 0.0, 6.327999999999999, 0.3802342902980612, 3199.203125415848, 763.7534870474594, 4245.6873723897315, 0.7535182986436284
0.0016, 0.40438384684521317, 3.8197186342054886E-4, -5.207623238784199, 1.6641058923725556, 2.3475682373561617, -0.002885870566640381, 1.5029089027231692, -0.0033766230161081877, 4.90752449467807E-4, 0.0, 6.327999999999999, 0.40558324298459864, 3199.203125415848, 763.7534870474594, 4245.6873723897315, 0.7535182986436284
0.0017, 0.42952360354591396, 4.0584510488433315E-4, -4.9699692024685405, 2.0446440796194976, 2.4401293974540623, -0.0030073522434888394, 1.503044494353482, -0.0035630577486152858, 5.557055051264464E-4, 0.0, 6.327999999999999, 0.43093219567113605, 3199.203125415848, 763.7534870474594, 4245.6873723897315, 0.7535182986436284
0.0018, 0.4546019115015354, 4.297183463481176E-4, -4.734309936729989, 2.4061595532764786, 2.5336715158182144, -0.0031231849710778034, 1.5031778035585552, -0.003748087361811589, 6.249023907337856E-4, 0.0, 6.327999999999999, 0.45628114835767347, 3199.203125415848, 763.7534870474594, 4245.6873723897315, 0.7535182986436284
0.0019, 0.4796218915401157, 4.535915878119019E-4, -4.500270426161736, 2.880091043865489, 2.6281945924486183, -0.0032334117664530684, 1.503311856256823, -0.003931790000723226, 6.98378234270158E-4, 0.0, 6.327999999999999, 0.4816301010442109, 3199.203125415848, 763.7534870474594, 4245.6873723897315, 0.7535182986436284
0.002, 0.5046190011308439, 4.7746482927568624E-4, -4.267533405076827, 2.928104390786754, 2.723698627345274, -0.0033380674087871267, 1.5034202356183746, -0.004114235572503025, 7.761681637158984E-4, 0.0, 6.327999999999999, 0.5069790537307483, 3199.203125415848, 763.7534870474594, 4245.6873723897315, 0.7535182986436284
0.0021, 0.5295701476933998, 5.013380707394704E-4, -4.035828076810663, 2.5495166173570993, 2.820183620508181, -0.0034371796773010714, 1.5035046211829086, -0.0042954869843524115, 8.583073070513402E-4, 0.0, 6.327999999999999, 0.5323280064172856, 3199.203125415848, 763.7534870474594, 4245.6873723897315, 0.7535182986436284
0.0022, 0.5544251008588603, 5.252113122032547E-4, -3.804921459679659, 2.894787808360503, 2.91764957193734, -0.003530770352895151, 1.503614839635908, -0.0044756011451519695, 9.448307922568184E-4, 0.0, 6.327999999999999, 0.557676959103823, 3199.203125415848, 763.7534870474594, 4245.6873723897315, 0.7535182986436284
0.0023, 0.5793112414404217, 5.490845536670391E-4, -3.5746116582133354, 3.5431161847236776, 3.0160964816327507, -0.003618856037317108, 1.5037437177580455, -0.004654629784629776, 0.0010357737473126675, 0.0, 6.327999999999999, 0.5830259117903603, 3199.203125415848, 763.7534870474594, 4245.6873723897315, 0.7535182986436284
0.0024, 0.6047318114606397, 5.729577951308231E-4, -3.3447225674996757, 3.254771863651247, 3.1155243495944123, -0.003701448829618927, 1.5038095860802154, -0.004832620129818146, 0.0011311713001992193, 0.0, 6.327999999999999, 0.6083748644768977, 3199.203125415848, 763.7534870474594, 4245.6873723897315, 0.7535182986436284
0.0025, 0.6297911067840275, 5.968310365946075E-4, -3.1150996592851756, 3.4274914696438827, 3.2159331758223266, -0.0037785568896917055, 1.5039003692410604, -0.005009615468588517, 0.0012310585788968115, 0.0, 6.327999999999999, 0.6337238171634351, 3199.203125415848, 763.7534870474594, 4245.6873723897315, 0.7535182986436284
0.0026, 0.6547085503655703, 6.207042780583919E-4, -2.885606595038271, 3.546648072403482, 3.3173229603164933, -0.003850184911503538, 1.5039823068688258, -0.005185655622889315, 0.0013354707113857767, 0.0, 6.327999999999999, 0.6590727698499724, 3199.203125415848, 763.7534870474594, 4245.6873723897315, 0.7535182986436284
0.0027, 0.6795070695680064, 6.445775195221761E-4, -2.656122478562426, 3.8465219319499573, 3.4196937030769106, -0.003916334523433781, 1.504069197171434, -0.005360777349080229, 0.0014444428256464481, 0.0, 6.327999999999999, 0.6844217225365098, 3199.203125415848, 763.7534870474594, 4245.6873723897315, 0.7535182986436284
0.0028, 0.704142799877559, 6.684507609859605E-4, -2.426539608499172, 4.112015027750522, 3.523045404103581, -0.003977004629224973, 1.5041423666823388, -0.005535014678884134, 0.0015580100496591616, 0.0, 6.327999999999999, 0.7097706752230472, 3199.203125415848, 763.7534870474594, 4245.6873723897315, 0.7535182986436284
0.0029, 0.7285576346319024, 6.923240024497446E-4, -2.1967616253961477, 4.3876393092692165, 3.6273780633965016, -0.004032191700171335, 1.5042131201075353, -0.005708399211575585, 0.0016762075114042498, 0.0, 6.327999999999999, 0.7351196279095845, 3199.203125415848, 763.7534870474594, 4245.6873723897315, 0.7535182986436284
