This fits B3 to B12 into the virial expansion since maxPower is set to 10.
Number of particles: 108
dryVolFracMax: 0.003
dryVolFracIncrement: 1.0E-4
Initial configuration: FCC
Dry microgel radius [nm]: 50.0
Box length [units of dry radius]: 52.648203563095535
Number of monomers: 2916666.666666667
Number of chains: 145.83333333333334
Flory interaction parameter (chi): 0.0
Young's calibration factor: 1.0
x-link fraction: 5.0E-5
MC steps: 100000
Equilibration steps: 10000.0
Snapshot interval: 100
Displacement tolerance: 0.1
Particle radius change tolerance: 0.0
Particle radius bin width: 0.001
g(r) bin width: 0.005
phi0, phi, rho, mu/kT, Z_measured, Z_virial_Fit, <F_total>/V, QMelting, <F_id>/V, <F_ex>/V, <F_FR>/V, <alpha>, Zeta, B2_rho, B2_phi0, B2_HS, B2*
2.0E-4, 0.050689639947746216, 4.774648292756861E-5, -9.86740669320396, 1.0331175829171535, 1.0273096314956476, -5.201843869979728E-4, 1.5005203073578455, -5.213638970822166E-4, 1.1795100842438553E-6, 0.0, 6.327999999999999, 0.050697905373074816, 3199.203125415848, 763.7534870474594, 4245.6873723897315, 0.7535182986436284
3.0E-4, 0.07602803455269352, 7.161972439135293E-5, -9.341372202323088, 1.0626035467360493, 1.1202028293501725, -7.492551204678979E-4, 1.5007496204657227, -7.530065463303081E-4, 3.7514258624101857E-6, 0.0, 6.327999999999999, 0.07604685805961223, 3199.203125415848, 763.7534870474594, 4245.6873723897315, 0.7535182986436284
4.0E-4, 0.10136193440979639, 9.549296585513724E-5, -8.919436683362308, 1.3005016713807818, 1.2071631202375543, -9.670190492738008E-4, 1.5009695203568427, -9.765371141186377E-4, 9.518064844836858E-6, 0.0, 6.327999999999999, 0.10139581074614963, 3199.203125415848, 763.7534870474594, 4245.6873723897315, 0.7535182986436284
5.0E-4, 0.12668951643947537, 1.1936620731892148E-4, -8.598871789132312, 1.19819465759818, 1.25268481359478, -0.0011759429478552116, 1.5011781257517298, -0.0011940355932402447, 1.8092645385033185E-5, 0.0, 6.327999999999999, 0.12674476343268704, 3199.203125415848, 763.7534870474594, 4245.6873723897315, 0.7535182986436284
6.0E-4, 0.1519991762591733, 1.4323944878270585E-4, -8.351939310133599, 1.3059500908504846, 1.2695463568103509, -0.001378176303403754, 1.501382157986938, -0.001406727072591923, 2.855076918816893E-5, 0.0, 6.327999999999999, 0.15209371611922445, 3199.203125415848, 763.7534870474594, 4245.6873723897315, 0.7535182986436284
7.0E-4, 0.17730339995482283, 1.6711269024649017E-4, -8.131993759326578, 1.2779005116965192, 1.292371658954381, -0.0015749310589149184, 1.5015791920384436, -0.0016154210498813184, 4.048999096639989E-5, 0.0, 6.327999999999999, 0.17744266880576187, 3199.203125415848, 763.7534870474594, 4245.6873723897315, 0.7535182986436284
8.0E-4, 0.20260770574659498, 1.9098593171027449E-4, -7.899828846320004, 1.2629845939889306, 1.3487380740550745, -0.0017663461702726658, 1.5017708932351261, -0.0018206928681456847, 5.434669787301894E-5, 0.0, 6.327999999999999, 0.2027916214922993, 3199.203125415848, 763.7534870474594, 4245.6873723897315, 0.7535182986436284
9.0E-4, 0.22789411969195808, 2.148591731740588E-4, -7.640537162570686, 1.5868145952338006, 1.4440046929810229, -0.0019518971517489723, 1.5019638270310542, -0.0020229727110088343, 7.107555925986195E-5, 0.0, 6.327999999999999, 0.2281405741788367, 3199.203125415848, 763.7534870474594, 4245.6873723897315, 0.7535182986436284
0.001, 0.2531565659054242, 2.38732414637843E-4, -7.364415414383811, 1.471950386032552, 1.5619683630879904, -0.00213101715317991, 1.5021410713972805, -0.0022225944863660013, 9.157733318609135E-5, 0.0, 6.327999999999999, 0.2534895268653741, 3199.203125415848, 763.7534870474594, 4245.6873723897315, 0.7535182986436284
0.0011, 0.27840853478768923, 2.626056561016274E-4, -7.095810686399549, 1.6034046368354886, 1.6762106666969667, -0.0023035824227673556, 1.5023183133222193, -0.0024198249427019227, 1.1624251993456699E-4, 0.0, 6.327999999999999, 0.27883847955191154, 3199.203125415848, 763.7534870474594, 4245.6873723897315, 0.7535182986436284
0.0012, 0.30366263866449944, 2.864788975654117E-4, -6.857505661297164, 1.8875062484383152, 1.7646384454778188, -0.0024700623383588716, 1.5024928513896967, -0.00261488210504646, 1.4481976668758855E-4, 0.0, 6.327999999999999, 0.30418743223844896, 3199.203125415848, 763.7534870474594, 4245.6873723897315, 0.7535182986436284
0.0013, 0.328871601425102, 3.10352139029196E-4, -6.657928200687238, 1.7692458505767399, 1.820562984148074, -0.002631317874953656, 1.5026533863157014, -0.002807947521593494, 1.766296466398379E-4, 0.0, 6.327999999999999, 0.3295363849249864, 3199.203125415848, 763.7534870474594, 4245.6873723897315, 0.7535182986436284
0.0014, 0.35408508242714404, 3.342253804929803E-4, -6.485925283829467, 2.059533262697868, 1.8562864136919721, -0.0027881788787568816, 1.5028200560466085, -0.002999174719602353, 2.1099584084547133E-4, 0.0, 6.327999999999999, 0.3548853376115238, 3199.203125415848, 763.7534870474594, 4245.6873723897315, 0.7535182986436284
0.0015, 0.3792185162580294, 3.580986219567647E-4, -6.314426973244551, 1.8613654907767518, 1.8984041356274162, -0.002941003502450589, 1.5029680760120283, -0.003188695233083918, 2.476917306333292E-4, 0.0, 6.327999999999999, 0.3802342902980612, 3199.203125415848, 763.7534870474594, 4245.6873723897315, 0.7535182986436284
0.0016, 0.40438384684521317, 3.8197186342054886E-4, -6.111086282655159, 1.6641058923725556, 1.9769831026848124, -0.003089414934592243, 1.5031124470911212, -0.0033766230161081877, 2.8720808151594477E-4, 0.0, 6.327999999999999, 0.40558324298459864, 3199.203125415848, 763.7534870474594, 4245.6873723897315, 0.7535182986436284
0.0017, 0.42952360354591396, 4.0584510488433315E-4, -5.851664609311743, 2.0446440796194976, 2.1127897394572983, -0.003232334810520191, 1.5032694769205135, -0.0035630577486152858, 3.3072293809509497E-4, 0.0, 6.327999999999999, 0.43093219567113605, 3199.203125415848, 763.7534870474594, 4245.6873723897315, 0.7535182986436284
0.0018, 0.4546019115015354, 4.297183463481176E-4, -5.5310024972952165, 2.4061595532764786, 2.307428395103443, -0.003368317561045096, 1.5034229361485225, -0.003748087361811589, 3.7976980076649333E-4, 0.0, 6.327999999999999, 0.45628114835767347, 3199.203125415848, 763.7534870474594, 4245.6873723897315, 0.7535182986436284
0.0019, 0.4796218915401157, 4.535915878119019E-4, -5.167051168376512, 2.880091043865489, 2.5404798584595483, -0.003496071236564027, 1.503574515726934, -0.003931790000723226, 4.3571876415919933E-4, 0.0, 6.327999999999999, 0.4816301010442109, 3199.203125415848, 763.7534870474594, 4245.6873723897315, 0.7535182986436284
0.002, 0.5046190011308439, 4.7746482927568624E-4, -4.795538325118847, 2.928104390786754, 2.775626128142676, -0.0036149647430867224, 1.5036971329526743, -0.004114235572503025, 4.992708294163026E-4, 0.0, 6.327999999999999, 0.5069790537307483, 3199.203125415848, 763.7534870474594, 4245.6873723897315, 0.7535182986436284
0.0021, 0.5295701476933998, 5.013380707394704E-4, -4.4560170617766985, 2.5495166173570993, 2.974696933330506, -0.003725299818513569, 1.5037927413241212, -0.0042954869843524115, 5.701871658388424E-4, 0.0, 6.327999999999999, 0.5323280064172856, 3199.203125415848, 763.7534870474594, 4245.6873723897315, 0.7535182986436284
0.0022, 0.5544251008588603, 5.252113122032547E-4, -4.173632397896508, 2.894787808360503, 3.1152181868255866, -0.0038281867800774583, 1.5039122560630902, -0.0044756011451519695, 6.474143650745112E-4, 0.0, 6.327999999999999, 0.557676959103823, 3199.203125415848, 763.7534870474594, 4245.6873723897315, 0.7535182986436284
0.0023, 0.5793112414404217, 5.490845536670391E-4, -3.9439873846113827, 3.5431161847236776, 3.2042834862668315, -0.003925005120622498, 1.504049866841351, -0.004654629784629776, 7.296246640072779E-4, 0.0, 6.327999999999999, 0.5830259117903603, 3199.203125415848, 763.7534870474594, 4245.6873723897315, 0.7535182986436284
0.0024, 0.6047318114606397, 5.729577951308231E-4, -3.729769684425211, 3.254771863651247, 3.280565950248274, -0.004016626448355023, 1.5041247636989514, -0.004832620129818146, 8.15993681463123E-4, 0.0, 6.327999999999999, 0.6083748644768977, 3199.203125415848, 763.7534870474594, 4245.6873723897315, 0.7535182986436284
0.0025, 0.6297911067840275, 5.968310365946075E-4, -3.4757981443835098, 3.4274914696438827, 3.3984561996730918, -0.004102768345941747, 1.5042245806973105, -0.005009615468588517, 9.0684712264677E-4, 0.0, 6.327999999999999, 0.6337238171634351, 3199.203125415848, 763.7534870474594, 4245.6873723897315, 0.7535182986436284
0.0026, 0.6547085503655703, 6.207042780583919E-4, -3.1420737040809517, 3.546648072403482, 3.5953284030219947, -0.0041819343108551255, 1.5043140562681774, -0.005185655622889315, 0.0010037213120341892, 0.0, 6.327999999999999, 0.6590727698499724, 3199.203125415848, 763.7534870474594, 4245.6873723897315, 0.7535182986436284
0.0027, 0.6795070695680064, 6.445775195221761E-4, -2.7401949549212015, 3.8465219319499573, 3.8567333649116335, -0.004252231692775313, 1.5044050943407754, -0.005360777349080229, 0.0011085456563049156, 0.0, 6.327999999999999, 0.6844217225365098, 3199.203125415848, 763.7534870474594, 4245.6873723897315, 0.7535182986436284
0.0028, 0.704142799877559, 6.684507609859605E-4, -2.3347691335987255, 4.112015027750522, 4.117087129110587, -0.004312748228561161, 1.5044781102816749, -0.005535014678884134, 0.001222266450322973, 0.0, 6.327999999999999, 0.7097706752230472, 3199.203125415848, 763.7534870474594, 4245.6873723897315, 0.7535182986436284
0.0029, 0.7285576346319024, 6.923240024497446E-4, -1.9355760576707306, 4.3876393092692165, 4.367615104449214, -0.004363850533491717, 1.5045447789408557, -0.005708399211575585, 0.0013445486780838678, 0.0, 6.327999999999999, 0.7351196279095845, 3199.203125415848, 763.7534870474594, 4245.6873723897315, 0.7535182986436284
