This fits B3 to B10 into the virial expansion since maxPower is set to 8.
Number of particles: 108
dryVolFracMax: 0.003
dryVolFracIncrement: 1.0E-4
Initial configuration: FCC
Dry microgel radius [nm]: 50.0
Box length [units of dry radius]: 52.648203563095535
Number of monomers: 2916666.666666667
Number of chains: 145.83333333333334
Flory interaction parameter (chi): 0.0
Young's calibration factor: 1.0
x-link fraction: 5.0E-5
MC steps: 100000
Equilibration steps: 10000.0
Snapshot interval: 100
Displacement tolerance: 0.1
Particle radius change tolerance: 0.0
Particle radius bin width: 0.001
g(r) bin width: 0.005
phi0, phi, rho, mu/kT, Z_measured, Z_virial_Fit, <F_total>/V, QMelting, <F_id>/V, <F_ex>/V, <F_FR>/V, <alpha>, Zeta, B2_rho, B2_phi0, B2_HS, B2*
2.0E-4, 0.050689639947746216, 4.774648292756861E-5, -9.831572041258475, 1.0331175829171535, 1.027936592331052, -5.185033435754662E-4, 1.500518626314423, -5.213638970822166E-4, 2.860553506750433E-6, 0.0, 6.327999999999999, 0.050697905373074816, 3199.203125415848, 763.7534870474594, 4245.6873723897315, 0.7535182986436284
3.0E-4, 0.07602803455269352, 7.161972439135293E-5, -9.363870455449234, 1.0626035467360493, 1.0719732568183429, -7.474122504638371E-4, 1.5007477775957185, -7.530065463303081E-4, 5.594295866470984E-6, 0.0, 6.327999999999999, 0.07604685805961223, 3199.203125415848, 763.7534870474594, 4245.6873723897315, 0.7535182986436284
4.0E-4, 0.10136193440979639, 9.549296585513724E-5, -8.966155083396586, 1.3005016713807818, 1.1510607399515773, -9.661229451680399E-4, 1.500968624252737, -9.765371141186377E-4, 1.0414168950597784E-5, 0.0, 6.327999999999999, 0.10139581074614963, 3199.203125415848, 763.7534870474594, 4245.6873723897315, 0.7535182986436284
5.0E-4, 0.12668951643947537, 1.1936620731892148E-4, -8.608349052870471, 1.19819465759818, 1.242223267056256, -0.0011758254577504033, 1.501178008261625, -0.0011940355932402447, 1.8210135489841477E-5, 0.0, 6.327999999999999, 0.12674476343268704, 3199.203125415848, 763.7534870474594, 4245.6873723897315, 0.7535182986436284
6.0E-4, 0.1519991762591733, 1.4323944878270585E-4, -8.292225593066942, 1.3059500908504846, 1.3243527389928547, -0.001377473379459958, 1.501381455062994, -0.001406727072591923, 2.9253693131964977E-5, 0.0, 6.327999999999999, 0.15209371611922445, 3199.203125415848, 763.7534870474594, 4245.6873723897315, 0.7535182986436284
7.0E-4, 0.17730339995482283, 1.6711269024649017E-4, -8.020481711464955, 1.2779005116965192, 1.3869759225460236, -0.001572105553599455, 1.501576366533128, -0.0016154210498813184, 4.331549628186335E-5, 0.0, 6.327999999999999, 0.17744266880576187, 3199.203125415848, 763.7534870474594, 4245.6873723897315, 0.7535182986436284
8.0E-4, 0.20260770574659498, 1.9098593171027449E-4, -7.788018409810938, 1.2629845939889306, 1.4311834186245664, -0.0017607378508288196, 1.5017652849156824, -0.0018206928681456847, 5.9955017316865184E-5, 0.0, 6.327999999999999, 0.2027916214922993, 3199.203125415848, 763.7534870474594, 4245.6873723897315, 0.7535182986436284
9.0E-4, 0.22789411969195808, 2.148591731740588E-4, -7.582235457752755, 1.5868145952338006, 1.466339478680298, -0.0019441693292455153, 1.5019560992085508, -0.0020229727110088343, 7.880338176331897E-5, 0.0, 6.327999999999999, 0.2281405741788367, 3199.203125415848, 763.7534870474594, 4245.6873723897315, 0.7535182986436284
0.001, 0.2531565659054242, 2.38732414637843E-4, -7.386925572011821, 1.471950386032552, 1.5052308765352618, -0.0021228459802991144, 1.5021329002243997, -0.0022225944863660013, 9.97485060668869E-5, 0.0, 6.327999999999999, 0.2534895268653741, 3199.203125415848, 763.7534870474594, 4245.6873723897315, 0.7535182986436284
0.0011, 0.27840853478768923, 2.626056561016274E-4, -7.186836443466914, 1.6034046368354886, 1.559470796165742, -0.0022968297511301457, 1.5023115606505821, -0.0024198249427019227, 1.2299519157177687E-4, 0.0, 6.327999999999999, 0.27883847955191154, 3199.203125415848, 763.7534870474594, 4245.6873723897315, 0.7535182986436284
0.0012, 0.30366263866449944, 2.864788975654117E-4, -6.971249807033634, 1.8875062484383152, 1.6362500659285988, -0.002465867074400631, 1.5024886561257385, -0.00261488210504646, 1.4901503064582896E-4, 0.0, 6.327999999999999, 0.30418743223844896, 3199.203125415848, 763.7534870474594, 4245.6873723897315, 0.7535182986436284
0.0013, 0.328871601425102, 3.10352139029196E-4, -6.735783214999396, 1.7692458505767399, 1.7369230562297315, -0.002629522514642017, 1.50265159095539, -0.002807947521593494, 1.7842500695147722E-4, 0.0, 6.327999999999999, 0.3295363849249864, 3199.203125415848, 763.7534870474594, 4245.6873723897315, 0.7535182986436284
0.0014, 0.35408508242714404, 3.342253804929803E-4, -6.482248835666206, 2.059533262697868, 1.8574291607255757, -0.0027873320515329684, 1.5028192092193846, -0.002999174719602353, 2.1184266806938427E-4, 0.0, 6.327999999999999, 0.3548853376115238, 3199.203125415848, 763.7534870474594, 4245.6873723897315, 0.7535182986436284
0.0015, 0.3792185162580294, 3.580986219567647E-4, -6.216864419776142, 1.8613654907767518, 1.9901830008201298, -0.002938932371649253, 1.502966004881227, -0.003188695233083918, 2.497628614346651E-4, 0.0, 6.327999999999999, 0.3802342902980612, 3199.203125415848, 763.7534870474594, 4245.6873723897315, 0.7535182986436284
0.0016, 0.40438384684521317, 3.8197186342054886E-4, -5.94742559576611, 1.6641058923725556, 2.126817329465382, -0.003084133615860911, 1.5031071657723898, -0.0033766230161081877, 2.9248940024727667E-4, 0.0, 6.327999999999999, 0.40558324298459864, 3199.203125415848, 763.7534870474594, 4245.6873723897315, 0.7535182986436284
0.0017, 0.42952360354591396, 4.0584510488433315E-4, -5.68022409289794, 2.0446440796194976, 2.261032063099684, -0.003222919937544094, 1.5032600620475374, -0.0035630577486152858, 3.401378110711921E-4, 0.0, 6.327999999999999, 0.43093219567113605, 3199.203125415848, 763.7534870474594, 4245.6873723897315, 0.7535182986436284
0.0018, 0.4546019115015354, 4.297183463481176E-4, -5.417536851219208, 2.4061595532764786, 2.3907909399578955, -0.0033553817061685565, 1.503410000293646, -0.003748087361811589, 3.927056556430326E-4, 0.0, 6.327999999999999, 0.45628114835767347, 3199.203125415848, 763.7534870474594, 4245.6873723897315, 0.7535182986436284
0.0019, 0.4796218915401157, 4.535915878119019E-4, -5.156417861133841, 2.880091043865489, 2.519213988972382, -0.0034816020383491107, 1.503560046528719, -0.003931790000723226, 4.501879623741156E-4, 0.0, 6.327999999999999, 0.4816301010442109, 3199.203125415848, 763.7534870474594, 4245.6873723897315, 0.7535182986436284
0.002, 0.5046190011308439, 4.7746482927568624E-4, -4.889298760644286, 2.928104390786754, 2.6537392960390775, -0.0036015353779539766, 1.5036837035875414, -0.004114235572503025, 5.127001945490484E-4, 0.0, 6.327999999999999, 0.5069790537307483, 3199.203125415848, 763.7534870474594, 4245.6873723897315, 0.7535182986436284
0.0021, 0.5295701476933998, 5.013380707394704E-4, -4.60654610234085, 2.5495166173570993, 2.8034714735538273, -0.0037149239156440764, 1.5037823654212517, -0.0042954869843524115, 5.805630687083351E-4, 0.0, 6.327999999999999, 0.5323280064172856, 3199.203125415848, 763.7534870474594, 4245.6873723897315, 0.7535182986436284
0.0022, 0.5544251008588603, 5.252113122032547E-4, -4.300632996805771, 2.894787808360503, 2.9750967748514086, -0.0038212955806075297, 1.5039053648636205, -0.0044756011451519695, 6.543055645444398E-4, 0.0, 6.327999999999999, 0.557676959103823, 3199.203125415848, 763.7534870474594, 4245.6873723897315, 0.7535182986436284
0.0023, 0.5793112414404217, 5.490845536670391E-4, -3.970960661866748, 3.5431161847236776, 3.168325947445055, -0.00392007200137393, 1.5040449337221025, -0.004654629784629776, 7.345577832558459E-4, 0.0, 6.327999999999999, 0.5830259117903603, 3199.203125415848, 763.7534870474594, 4245.6873723897315, 0.7535182986436284
0.0024, 0.6047318114606397, 5.729577951308231E-4, -3.6276113254113547, 3.254771863651247, 3.3725256878702794, -0.004010783068741795, 1.5041189203193381, -0.004832620129818146, 8.218370610763512E-4, 0.0, 6.327999999999999, 0.6083748644768977, 3199.203125415848, 763.7534870474594, 4245.6873723897315, 0.7535182986436284
0.0025, 0.6297911067840275, 5.968310365946075E-4, -3.2914279831678988, 3.4274914696438827, 3.567017946340684, -0.004093333393532801, 1.5042151457449016, -0.005009615468588517, 9.16282075055716E-4, 0.0, 6.327999999999999, 0.6337238171634351, 3199.203125415848, 763.7534870474594, 4245.6873723897315, 0.7535182986436284
0.0026, 0.6547085503655703, 6.207042780583919E-4, -2.9867987260913313, 3.546648072403482, 3.7284633314711755, -0.004168191887410141, 1.5043003138447324, -0.005185655622889315, 0.0010174637354791738, 0.0, 6.327999999999999, 0.6590727698499724, 3199.203125415848, 763.7534870474594, 4245.6873723897315, 0.7535182986436284
0.0027, 0.6795070695680064, 6.445775195221761E-4, -2.722373739866719, 3.8465219319499573, 3.8498004839498208, -0.004236275759052869, 1.504389138407053, -0.005360777349080229, 0.0011245015900273603, 0.0, 6.327999999999999, 0.6844217225365098, 3199.203125415848, 763.7534870474594, 4245.6873723897315, 0.7535182986436284
0.0028, 0.704142799877559, 6.684507609859605E-4, -2.4536616510347775, 4.112015027750522, 3.976387523149242, -0.004298171263653408, 1.5044635333167673, -0.005535014678884134, 0.0012368434152307262, 0.0, 6.327999999999999, 0.7097706752230472, 3199.203125415848, 763.7534870474594, 4245.6873723897315, 0.7535182986436284
0.0029, 0.7285576346319024, 6.923240024497446E-4, -2.02003865676106, 4.3876393092692165, 4.266284522440401, -0.004352172424107034, 1.504533100831471, -0.005708399211575585, 0.0013562267874685507, 0.0, 6.327999999999999, 0.7351196279095845, 3199.203125415848, 763.7534870474594, 4245.6873723897315, 0.7535182986436284
