This fits B3 to B8 into the virial expansion since maxPower is set to 6.
Number of particles: 108
dryVolFracMax: 0.003
dryVolFracIncrement: 1.0E-4
Initial configuration: FCC
Dry microgel radius [nm]: 50.0
Box length [units of dry radius]: 52.648203563095535
Number of monomers: 2916666.666666667
Number of chains: 145.83333333333334
Flory interaction parameter (chi): 0.0
Young's calibration factor: 1.0
x-link fraction: 5.0E-5
MC steps: 100000
Equilibration steps: 10000.0
Snapshot interval: 100
Displacement tolerance: 0.1
Particle radius change tolerance: 0.0
Particle radius bin width: 0.001
g(r) bin width: 0.005
phi0, phi, rho, mu/kT, Z_measured, Z_virial_Fit, <F_total>/V, QMelting, <F_id>/V, <F_ex>/V, <F_FR>/V, <alpha>, Zeta, B2_rho, B2_phi0, B2_HS, B2*
2.0E-4, 0.050689639947746216, 4.774648292756861E-5, -9.775208729087254, 1.0331175829171535, 1.053969517409741, -5.170551742659661E-4, 1.5005171781451134, -5.213638970822166E-4, 4.308722816250544E-6, 0.0, 6.327999999999999, 0.050697905373074816, 3199.203125415848, 763.7534870474594, 4245.6873723897315, 0.7535182986436284
3.0E-4, 0.07602803455269352, 7.161972439135293E-5, -9.325380726841985, 1.0626035467360493, 1.07338586575172, -7.447567973715692E-4, 1.5007451221426262, -7.530065463303081E-4, 8.249748958738893E-6, 0.0, 6.327999999999999, 0.07604685805961223, 3199.203125415848, 763.7534870474594, 4245.6873723897315, 0.7535182986436284
4.0E-4, 0.10136193440979639, 9.549296585513724E-5, -8.969401063954104, 1.3005016713807818, 1.1154182355639812, -9.630293050241092E-4, 1.5009655306125929, -9.765371141186377E-4, 1.3507809094528564E-5, 0.0, 6.327999999999999, 0.10139581074614963, 3199.203125415848, 763.7534870474594, 4245.6873723897315, 0.7535182986436284
5.0E-4, 0.12668951643947537, 1.1936620731892148E-4, -8.647813219048288, 1.19819465759818, 1.1814205634806707, -0.0011732783574714988, 1.5011754611613461, -0.0011940355932402447, 2.075723576874588E-5, 0.0, 6.327999999999999, 0.12674476343268704, 3199.203125415848, 763.7534870474594, 4245.6873723897315, 0.7535182986436284
6.0E-4, 0.1519991762591733, 1.4323944878270585E-4, -8.341706396580348, 1.3059500908504846, 1.2649431939786973, -0.001376051192000284, 1.5013800328755345, -0.001406727072591923, 3.067588059163876E-5, 0.0, 6.327999999999999, 0.15209371611922445, 3199.203125415848, 763.7534870474594, 4245.6873723897315, 0.7535182986436284
7.0E-4, 0.17730339995482283, 1.6711269024649017E-4, -8.048420764405835, 1.2779005116965192, 1.3564069917163233, -0.001571666067630435, 1.501575927047159, -0.0016154210498813184, 4.3754982250883395E-5, 0.0, 6.327999999999999, 0.17744266880576187, 3199.203125415848, 763.7534870474594, 4245.6873723897315, 0.7535182986436284
8.0E-4, 0.20260770574659498, 1.9098593171027449E-4, -7.771307633772947, 1.2629845939889306, 1.4464580203863813, -0.001760463561746587, 1.5017650106266, -0.0018206928681456847, 6.022930639909776E-5, 0.0, 6.327999999999999, 0.2027916214922993, 3199.203125415848, 763.7534870474594, 4245.6873723897315, 0.7535182986436284
9.0E-4, 0.22789411969195808, 2.148591731740588E-4, -7.51441340156371, 1.5868145952338006, 1.5281615967571485, -0.0019428801875036358, 1.501954810066809, -0.0020229727110088343, 8.009252350519855E-5, 0.0, 6.327999999999999, 0.2281405741788367, 3199.203125415848, 763.7534870474594, 4245.6873723897315, 0.7535182986436284
0.001, 0.2531565659054242, 2.38732414637843E-4, -7.279642048139012, 1.471950386032552, 1.5981945285739572, -0.00211942736271885, 1.5021294816068194, -0.0022225944863660013, 1.0316712364715138E-4, 0.0, 6.327999999999999, 0.2534895268653741, 3199.203125415848, 763.7534870474594, 4245.6873723897315, 0.7535182986436284
0.0011, 0.27840853478768923, 2.626056561016274E-4, -7.065475518989129, 1.6034046368354886, 1.6571943449946298, -0.0022906224425893462, 1.5023053533420414, -0.0024198249427019227, 1.2920250011257646E-4, 0.0, 6.327999999999999, 0.27883847955191154, 3199.203125415848, 763.7534870474594, 4245.6873723897315, 0.7535182986436284
0.0012, 0.30366263866449944, 2.864788975654117E-4, -6.866784807461764, 1.8875062484383152, 1.7094243282316979, -0.0024569029384838748, 1.5024796919898218, -0.00261488210504646, 1.579791665625852E-4, 0.0, 6.327999999999999, 0.30418743223844896, 3199.203125415848, 763.7534870474594, 4245.6873723897315, 0.7535182986436284
0.0013, 0.328871601425102, 3.10352139029196E-4, -6.675425554371197, 1.7692458505767399, 1.7619131550746703, -0.0026185461161903597, 1.5026406145569382, -0.002807947521593494, 1.8940140540313425E-4, 0.0, 6.327999999999999, 0.3295363849249864, 3199.203125415848, 763.7534870474594, 4245.6873723897315, 0.7535182986436284
0.0014, 0.35408508242714404, 3.342253804929803E-4, -6.481376970438168, 2.059533262697868, 1.8232279569651384, -0.0027756097417052524, 1.502807486909557, -0.002999174719602353, 2.2356497789710028E-4, 0.0, 6.327999999999999, 0.3548853376115238, 3199.203125415848, 763.7534870474594, 4245.6873723897315, 0.7535182986436284
0.0015, 0.3792185162580294, 3.580986219567647E-4, -6.274211833284784, 1.8613654907767518, 1.9020396072980956, -0.0029279043736447335, 1.5029549768832224, -0.003188695233083918, 2.607908594391846E-4, 0.0, 6.327999999999999, 0.3802342902980612, 3199.203125415848, 763.7534870474594, 4245.6873723897315, 0.7535182986436284
0.0016, 0.40438384684521317, 3.8197186342054886E-4, -6.0446992506306865, 1.6641058923725556, 2.005639044622084, -0.003075002719803509, 1.5030980348763323, -0.0033766230161081877, 3.0162029630467866E-4, 0.0, 6.327999999999999, 0.40558324298459864, 3199.203125415848, 763.7534870474594, 4245.6873723897315, 0.7535182986436284
0.0017, 0.42952360354591396, 4.0584510488433315E-4, -5.786349036873941, 2.0446440796194976, 2.138563440412007, -0.0032162869355432722, 1.5032534290455364, -0.0035630577486152858, 3.467708130720136E-4, 0.0, 6.327999999999999, 0.43093219567113605, 3199.203125415848, 763.7534870474594, 4245.6873723897315, 0.7535182986436284
0.0018, 0.4546019115015354, 4.297183463481176E-4, -5.496710423909666, 2.4061595532764786, 2.301491020086633, -0.003351030229003616, 1.503405648816481, -0.003748087361811589, 3.970571328079729E-4, 0.0, 6.327999999999999, 0.45628114835767347, 3199.203125415848, 763.7534870474594, 4245.6873723897315, 0.7535182986436284
0.0019, 0.4796218915401157, 4.535915878119019E-4, -5.178240020780068, 2.880091043865489, 2.490563345944654, -0.0034785046957299037, 1.5035569491860998, -0.003931790000723226, 4.5328530499332237E-4, 0.0, 6.327999999999999, 0.4816301010442109, 3199.203125415848, 763.7534870474594, 4245.6873723897315, 0.7535182986436284
0.002, 0.5046190011308439, 4.7746482927568624E-4, -4.83855522819509, 2.928104390786754, 2.6972938706921425, -0.0035981029034475587, 1.503680271113035, -0.004114235572503025, 5.161326690554663E-4, 0.0, 6.327999999999999, 0.5069790537307483, 3199.203125415848, 763.7534870474594, 4245.6873723897315, 0.7535182986436284
0.0021, 0.5295701476933998, 5.013380707394704E-4, -4.489890100293557, 2.5495166173570993, 2.9092215702345854, -0.003709456370088523, 1.5037768978756962, -0.0042954869843524115, 5.860306142638884E-4, 0.0, 6.327999999999999, 0.5323280064172856, 3199.203125415848, 763.7534870474594, 4245.6873723897315, 0.7535182986436284
0.0022, 0.5544251008588603, 5.252113122032547E-4, -4.147571139150667, 2.894787808360503, 3.111468464405945, -0.0038125297155193515, 1.5038965989985322, -0.0044756011451519695, 6.63071429632618E-4, 0.0, 6.327999999999999, 0.557676959103823, 3199.203125415848, 763.7534870474594, 4245.6873723897315, 0.7535182986436284
0.0023, 0.5793112414404217, 5.490845536670391E-4, -3.82733082502471, 3.5431161847236776, 3.2893598343083568, -0.003907664914266285, 1.5040325266349948, -0.004654629784629776, 7.469648703634906E-4, 0.0, 6.327999999999999, 0.5830259117903603, 3199.203125415848, 763.7534870474594, 4245.6873723897315, 0.7535182986436284
0.0024, 0.6047318114606397, 5.729577951308231E-4, -3.5412768945567485, 3.254771863651247, 3.432265944936006, -0.003995545729566042, 1.5041036829801624, -0.004832620129818146, 8.370744002521042E-4, 0.0, 6.327999999999999, 0.6083748644768977, 3199.203125415848, 763.7534870474594, 4245.6873723897315, 0.7535182986436284
0.0025, 0.6297911067840275, 5.968310365946075E-4, -3.292335519935654, 3.4274914696438827, 3.538824081755223, -0.004077048066220414, 1.504198860417589, -0.005009615468588517, 9.325674023681028E-4, 0.0, 6.327999999999999, 0.6337238171634351, 3199.203125415848, 763.7534870474594, 4245.6873723897315, 0.7535182986436284
0.0026, 0.6547085503655703, 6.207042780583919E-4, -3.0669866386160383, 3.546648072403482, 3.623699709914149, -0.004152937639679608, 1.5042850595970019, -0.005185655622889315, 0.001032717983209707, 0.0, 6.327999999999999, 0.6590727698499724, 3199.203125415848, 763.7534870474594, 4245.6873723897315, 0.7535182986436284
0.0027, 0.6795070695680064, 6.445775195221761E-4, -2.8261097505427353, 3.8465219319499573, 3.7260455647552817, -0.0042233720206586705, 1.5043762346686587, -0.005360777349080229, 0.0011374053284215584, 0.0, 6.327999999999999, 0.6844217225365098, 3199.203125415848, 763.7534870474594, 4245.6873723897315, 0.7535182986436284
0.0028, 0.704142799877559, 6.684507609859605E-4, -2.4937585475977206, 4.112015027750522, 3.9198174823050635, -0.004287159777830209, 1.5044525218309441, -0.005535014678884134, 0.0012478549010539255, 0.0, 6.327999999999999, 0.7097706752230472, 3199.203125415848, 763.7534870474594, 4245.6873723897315, 0.7535182986436284
0.0029, 0.7285576346319024, 6.923240024497446E-4, -1.9436827743276561, 4.3876393092692165, 4.326105778410351, -0.004340725105344971, 1.504521653512709, -0.005708399211575585, 0.0013676741062306139, 0.0, 6.327999999999999, 0.7351196279095845, 3199.203125415848, 763.7534870474594, 4245.6873723897315, 0.7535182986436284
