This fits B3 to B5 into the virial expansion since maxPower is set to 3.
Number of particles: 108
dryVolFracMax: 0.003
dryVolFracIncrement: 1.0E-4
Initial configuration: FCC
Dry microgel radius [nm]: 50.0
Box length [units of dry radius]: 52.648203563095535
Number of monomers: 2916666.666666667
Number of chains: 145.83333333333334
Flory interaction parameter (chi): 0.0
Young's calibration factor: 1.0
x-link fraction: 5.0E-5
MC steps: 100000
Equilibration steps: 10000.0
Snapshot interval: 100
Displacement tolerance: 0.1
Particle radius change tolerance: 0.0
Particle radius bin width: 0.001
g(r) bin width: 0.005
phi0, phi, rho, mu/kT, Z_measured, Z_virial_Fit, <F_total>/V, QMelting, <F_id>/V, <F_ex>/V, <F_FR>/V, <alpha>, Zeta, B2_rho, B2_phi0, B2_HS, B2*
2.0E-4, 0.050689639947746216, 4.774648292756861E-5, -9.661119984219654, 1.0331175829171535, 1.1219058984581352, -5.148515612148055E-4, 1.5005149745320623, -5.213638970822166E-4, 6.512335867411132E-6, 0.0, 6.327999999999999, 0.050697905373074816, 3199.203125415848, 763.7534870474594, 4245.6873723897315, 0.7535182986436284
3.0E-4, 0.07602803455269352, 7.161972439135293E-5, -9.153762414800688, 1.0626035467360493, 1.1657961681833104, -7.390839415537345E-4, 1.5007394492868085, -7.530065463303081E-4, 1.3922604776573688E-5, 0.0, 6.327999999999999, 0.07604685805961223, 3199.203125415848, 763.7534870474594, 4245.6873723897315, 0.7535182986436284
4.0E-4, 0.10136193440979639, 9.549296585513724E-5, -8.775643700774948, 1.3005016713807818, 1.2032893837605776, -9.529179163122499E-4, 1.500955419223881, -9.765371141186377E-4, 2.3619197806387842E-5, 0.0, 6.327999999999999, 0.10139581074614963, 3199.203125415848, 763.7534870474594, 4245.6873723897315, 0.7535182986436284
5.0E-4, 0.12668951643947537, 1.1936620731892148E-4, -8.468972641767191, 1.19819465759818, 1.2377269309991992, -0.0011586519135853197, 1.5011608347174599, -0.0011940355932402447, 3.538367965492492E-5, 0.0, 6.327999999999999, 0.12674476343268704, 3199.203125415848, 763.7534870474594, 4245.6873723897315, 0.7535182986436284
6.0E-4, 0.1519991762591733, 1.4323944878270585E-4, -8.20587818863543, 1.3059500908504846, 1.2721364650430382, -0.001357625594547312, 1.5013616072780813, -0.001406727072591923, 4.9101478044610797E-5, 0.0, 6.327999999999999, 0.15209371611922445, 3199.203125415848, 763.7534870474594, 4245.6873723897315, 0.7535182986436284
7.0E-4, 0.17730339995482283, 1.6711269024649017E-4, -7.969946864633183, 1.2779005116965192, 1.3092319103705539, -0.001550668528369005, 1.5015549295078976, -0.0016154210498813184, 6.475252151231333E-5, 0.0, 6.327999999999999, 0.17744266880576187, 3199.203125415848, 763.7534870474594, 4245.6873723897315, 0.7535182986436284
8.0E-4, 0.20260770574659498, 1.9098593171027449E-4, -7.750256884135316, 1.2629845939889306, 1.3514134607948052, -0.0017382909909462543, 1.5017428380557998, -0.0018206928681456847, 8.240187719943054E-5, 0.0, 6.327999999999999, 0.2027916214922993, 3199.203125415848, 763.7534870474594, 4245.6873723897315, 0.7535182986436284
9.0E-4, 0.22789411969195808, 2.148591731740588E-4, -7.5389592843778175, 1.5868145952338006, 1.4007675794634489, -0.001920782322366856, 1.5019327122016721, -0.0020229727110088343, 1.0219038864197834E-4, 0.0, 6.327999999999999, 0.2281405741788367, 3199.203125415848, 763.7534870474594, 4245.6873723897315, 0.7535182986436284
0.001, 0.2531565659054242, 2.38732414637843E-4, -7.330142359193437, 1.471950386032552, 1.4590669988587406, -0.002098269172805323, 1.502108323416906, -0.0022225944863660013, 1.243253135606783E-4, 0.0, 6.327999999999999, 0.2534895268653741, 3199.203125415848, 763.7534870474594, 4245.6873723897315, 0.7535182986436284
0.0011, 0.27840853478768923, 2.626056561016274E-4, -7.119240218571204, 1.6034046368354886, 1.5277707207975346, -0.0022707539810508767, 1.502285484880503, -0.0024198249427019227, 1.4907096165104583E-4, 0.0, 6.327999999999999, 0.27883847955191154, 3199.203125415848, 763.7534870474594, 4245.6873723897315, 0.7535182986436284
0.0012, 0.30366263866449944, 2.864788975654117E-4, -6.902699786938149, 1.8875062484383152, 1.6080240164312831, -0.002438142772672983, 1.502460931824011, -0.00261488210504646, 1.7673933237347738E-4, 0.0, 6.327999999999999, 0.30418743223844896, 3199.203125415848, 763.7534870474594, 4245.6873723897315, 0.7535182986436284
0.0013, 0.328871601425102, 3.10352139029196E-4, -6.6777815515932595, 1.7692458505767399, 1.700658426246037, -0.002600266768850155, 1.502622335209598, -0.002807947521593494, 2.0768075274333898E-4, 0.0, 6.327999999999999, 0.3295363849249864, 3199.203125415848, 763.7534870474594, 4245.6873723897315, 0.7535182986436284
0.0014, 0.35408508242714404, 3.342253804929803E-4, -6.4424343628696, 2.059533262697868, 1.8061917600624455, -0.002756900204481299, 1.502788777372333, -0.002999174719602353, 2.4227451512105362E-4, 0.0, 6.327999999999999, 0.3548853376115238, 3199.203125415848, 763.7534870474594, 4245.6873723897315, 0.7535182986436284
0.0015, 0.3792185162580294, 3.580986219567647E-4, -6.195213533375211, 1.8613654907767518, 1.9248280970357574, -0.0029077757180817287, 1.5029348482276594, -0.003188695233083918, 2.809195150021894E-4, 0.0, 6.327999999999999, 0.3802342902980612, 3199.203125415848, 763.7534870474594, 4245.6873723897315, 0.7535182986436284
0.0016, 0.40438384684521317, 3.8197186342054886E-4, -5.9352254235855595, 1.6641058923725556, 2.0564577856558177, -0.003052598127300641, 1.5030756302838295, -0.0033766230161081877, 3.2402488880754684E-4, 0.0, 6.327999999999999, 0.40558324298459864, 3199.203125415848, 763.7534870474594, 4245.6873723897315, 0.7535182986436284
0.0017, 0.42952360354591396, 4.0584510488433315E-4, -5.662088856596988, 2.0446440796194976, 2.2006574437470725, -0.003191057096942038, 1.5032281992069352, -0.0035630577486152858, 3.7200065167324785E-4, 0.0, 6.327999999999999, 0.43093219567113605, 3199.203125415848, 763.7534870474594, 4245.6873723897315, 0.7535182986436284
0.0018, 0.4546019115015354, 4.297183463481176E-4, -5.375907578521198, 2.4061595532764786, 2.356689958468564, -0.003322839026570767, 1.5033774576140482, -0.003748087361811589, 4.2524833524082217E-4, 0.0, 6.327999999999999, 0.45628114835767347, 3199.203125415848, 763.7534870474594, 4245.6873723897315, 0.7535182986436284
0.0019, 0.4796218915401157, 4.535915878119019E-4, -5.077250174739477, 2.880091043865489, 2.5235044863139344, -0.0034476383752759304, 1.5035260828656458, -0.003931790000723226, 4.84151625447296E-4, 0.0, 6.327999999999999, 0.4816301010442109, 3199.203125415848, 763.7534870474594, 4245.6873723897315, 0.7535182986436284
0.002, 0.5046190011308439, 4.7746482927568624E-4, -4.767135143684731, 2.928104390786754, 2.699736453111424, -0.0035651685721877447, 1.5036473367817753, -0.004114235572503025, 5.4906700031528E-4, 0.0, 6.327999999999999, 0.5069790537307483, 3199.203125415848, 763.7534870474594, 4245.6873723897315, 0.7535182986436284
0.0021, 0.5295701476933998, 5.013380707394704E-4, -4.447019616143958, 2.5495166173570993, 2.883707554023869, -0.0036751726166093556, 1.503742614122217, -0.0042954869843524115, 6.203143677430559E-4, 0.0, 6.327999999999999, 0.5323280064172856, 3199.203125415848, 763.7534870474594, 4245.6873723897315, 0.7535182986436284
0.0022, 0.5544251008588603, 5.252113122032547E-4, -4.118790701216932, 2.894787808360503, 3.073425753548709, -0.0037774334418573022, 1.50386150272487, -0.0044756011451519695, 6.981677032946673E-4, 0.0, 6.327999999999999, 0.557676959103823, 3199.203125415848, 763.7534870474594, 4245.6873723897315, 0.7535182986436284
0.0023, 0.5793112414404217, 5.490845536670391E-4, -3.784758757548282, 3.5431161847236776, 3.2665852855179818, -0.0038717840966397718, 1.5039966458173681, -0.004654629784629776, 7.828456879900037E-4, 0.0, 6.327999999999999, 0.5830259117903603, 3199.203125415848, 763.7534870474594, 4245.6873723897315, 0.7535182986436284
0.0024, 0.6047318114606397, 5.729577951308231E-4, -3.4476520976728526, 3.254771863651247, 3.4605666530983132, -0.003958117783723257, 1.5040662550343198, -0.004832620129818146, 8.745023460948894E-4, 0.0, 6.327999999999999, 0.6083748644768977, 3199.203125415848, 763.7534870474594, 4245.6873723897315, 0.7535182986436284
0.0025, 0.6297911067840275, 5.968310365946075E-4, -3.110612774115747, 3.4274914696438827, 3.652436628790947, -0.0040363977856773415, 1.504158210137046, -0.005009615468588517, 9.732176829111757E-4, 0.0, 6.327999999999999, 0.6337238171634351, 3199.203125415848, 763.7534870474594, 4245.6873723897315, 0.7535182986436284
0.0026, 0.6547085503655703, 6.207042780583919E-4, -2.77719319245577, 3.546648072403482, 3.838948254431708, -0.004106667300322492, 1.5042387892576448, -0.005185655622889315, 0.001078988322566823, 0.0, 6.327999999999999, 0.6590727698499724, 3199.203125415848, 763.7534870474594, 4245.6873723897315, 0.7535182986436284
0.0027, 0.6795070695680064, 6.445775195221761E-4, -2.451353363938501, 3.8465219319499573, 4.016540841191023, -0.0041690592032742405, 1.5043219218512742, -0.005360777349080229, 0.001191718145805988, 0.0, 6.327999999999999, 0.6844217225365098, 3199.203125415848, 763.7534870474594, 4245.6873723897315, 0.7535182986436284
0.0028, 0.704142799877559, 6.684507609859605E-4, -2.1374586579793364, 4.112015027750522, 4.181339969573921, -0.004223805751105014, 1.504389167804219, -0.005535014678884134, 0.00131120892777912, 0.0, 6.327999999999999, 0.7097706752230472, 3199.203125415848, 763.7534870474594, 4245.6873723897315, 0.7535182986436284
0.0029, 0.7285576346319024, 6.923240024497446E-4, -1.840277949231532, 4.3876393092692165, 4.3291574894200355, -0.004271248235742548, 1.5044521766431065, -0.005708399211575585, 0.0014371509758330369, 0.0, 6.327999999999999, 0.7351196279095845, 3199.203125415848, 763.7534870474594, 4245.6873723897315, 0.7535182986436284
