This fits B3 to B6 into the virial expansion since maxPower is set to 4.
Number of particles: 108
dryVolFracMax: 0.003
dryVolFracIncrement: 1.0E-4
Initial configuration: FCC
Dry microgel radius [nm]: 50.0
Box length [units of dry radius]: 52.648203563095535
Number of monomers: 2916666.666666667
Number of chains: 145.83333333333334
Flory interaction parameter (chi): 0.0
Young's calibration factor: 1.0
x-link fraction: 5.0E-5
MC steps: 100000
Equilibration steps: 10000.0
Snapshot interval: 100
Displacement tolerance: 0.1
Particle radius change tolerance: 0.0
Particle radius bin width: 0.001
g(r) bin width: 0.005
phi0, phi, rho, mu/kT, Z_measured, Z_virial_Fit, <F_total>/V, QMelting, <F_id>/V, <F_ex>/V, <F_FR>/V, <alpha>, Zeta, B2_rho, B2_phi0, B2_HS, B2*
2.0E-4, 0.050689639947746216, 4.774648292756861E-5, -9.693300507733964, 1.0331175829171535, 1.1015949865513954, -5.154182934227832E-4, 1.5005155412642703, -5.213638970822166E-4, 5.9456036594334565E-6, 0.0, 6.327999999999999, 0.050697905373074816, 3199.203125415848, 763.7534870474594, 4245.6873723897315, 0.7535182986436284
3.0E-4, 0.07602803455269352, 7.161972439135293E-5, -9.212348889553871, 1.0626035467360493, 1.1302390319851277, -7.407332964339587E-4, 1.5007410986416887, -7.530065463303081E-4, 1.227324989634946E-5, 0.0, 6.327999999999999, 0.07604685805961223, 3199.203125415848, 763.7534870474594, 4245.6873723897315, 0.7535182986436284
4.0E-4, 0.10136193440979639, 9.549296585513724E-5, -8.858232903019085, 1.3005016713807818, 1.1557224417336314, -9.562622958113398E-4, 1.50095876360338, -9.765371141186377E-4, 2.0274818307297906E-5, 0.0, 6.327999999999999, 0.10139581074614963, 3199.203125415848, 763.7534870474594, 4245.6873723897315, 0.7535182986436284
5.0E-4, 0.12668951643947537, 1.1936620731892148E-4, -8.568738302791996, 1.19819465759818, 1.1843555537454835, -0.0011641898232803522, 1.501166372627155, -0.0011940355932402447, 2.9845769959892373E-5, 0.0, 6.327999999999999, 0.12674476343268704, 3199.203125415848, 763.7534870474594, 4245.6873723897315, 0.7535182986436284
6.0E-4, 0.1519991762591733, 1.4323944878270585E-4, -8.313333050264589, 1.3059500908504846, 1.2207550774151392, -0.001365657528054584, 1.5013696392115887, -0.001406727072591923, 4.106954453733894E-5, 0.0, 6.327999999999999, 0.15209371611922445, 3199.203125415848, 763.7534870474594, 4245.6873723897315, 0.7535182986436284
7.0E-4, 0.17730339995482283, 1.6711269024649017E-4, -8.074481635908038, 1.2779005116965192, 1.268030009260155, -0.001561252254683219, 1.5015655132342118, -0.0016154210498813184, 5.41687951980994E-5, 0.0, 6.327999999999999, 0.17744266880576187, 3199.203125415848, 763.7534870474594, 4245.6873723897315, 0.7535182986436284
8.0E-4, 0.20260770574659498, 1.9098593171027449E-4, -7.841456099185875, 1.2629845939889306, 1.3279675485984086, -0.0017512309186183046, 1.5017557779834718, -0.0018206928681456847, 6.946194952738016E-5, 0.0, 6.327999999999999, 0.2027916214922993, 3199.203125415848, 763.7534870474594, 4245.6873723897315, 0.7535182986436284
9.0E-4, 0.22789411969195808, 2.148591731740588E-4, -7.607694061481096, 1.5868145952338006, 1.4012190132253224, -0.0019356476144283886, 1.5019475774937339, -0.0020229727110088343, 8.732509658044584E-5, 0.0, 6.327999999999999, 0.2281405741788367, 3199.203125415848, 763.7534870474594, 4245.6873723897315, 0.7535182986436284
0.001, 0.2531565659054242, 2.38732414637843E-4, -7.369440061019143, 1.471950386032552, 1.4874857550910845, -0.0021144352863482433, 1.5021244895304489, -0.0022225944863660013, 1.0815920001775795E-4, 0.0, 6.327999999999999, 0.2534895268653741, 3199.203125415848, 763.7534870474594, 4245.6873723897315, 0.7535182986436284
0.0011, 0.27840853478768923, 2.626056561016274E-4, -7.124931013614747, 1.6034046368354886, 1.585705075977873, -0.0022874623053699837, 1.502302193204822, -0.0024198249427019227, 1.3236263733193914E-4, 0.0, 6.327999999999999, 0.27883847955191154, 3199.203125415848, 763.7534870474594, 4245.6873723897315, 0.7535182986436284
0.0012, 0.30366263866449944, 2.864788975654117E-4, -6.873840112140988, 1.8875062484383152, 1.6942361431770725, -0.0024545730398798987, 1.5024773620912177, -0.00261488210504646, 1.6030906516656127E-4, 0.0, 6.327999999999999, 0.30418743223844896, 3199.203125415848, 763.7534870474594, 4245.6873723897315, 0.7535182986436284
0.0013, 0.328871601425102, 3.10352139029196E-4, -6.616854476150584, 1.7692458505767399, 1.8110459051665018, -0.002615616910866734, 1.5026376853516146, -0.002807947521593494, 1.9233061072676007E-4, 0.0, 6.327999999999999, 0.3295363849249864, 3199.203125415848, 763.7534870474594, 4245.6873723897315, 0.7535182986436284
0.0014, 0.35408508242714404, 3.342253804929803E-4, -6.355326853225343, 2.059533262697868, 1.9338950072876337, -0.0027704683303206787, 1.5028023454981725, -0.002999174719602353, 2.2870638928167416E-4, 0.0, 6.327999999999999, 0.3548853376115238, 3199.203125415848, 763.7534870474594, 4245.6873723897315, 0.7535182986436284
0.0015, 0.3792185162580294, 3.580986219567647E-4, -6.090970619404398, 1.8613654907767518, 2.0605237074228158, -0.0029190388853252095, 1.502946111394903, -0.003188695233083918, 2.696563477587085E-4, 0.0, 6.327999999999999, 0.3802342902980612, 3199.203125415848, 763.7534870474594, 4245.6873723897315, 0.7535182986436284
0.0016, 0.40438384684521317, 3.8197186342054886E-4, -5.8255812659639865, 1.6641058923725556, 2.1888377916724897, -0.0030612825816785636, 1.5030843147382074, -0.0033766230161081877, 3.1534043442962395E-4, 0.0, 6.327999999999999, 0.40558324298459864, 3199.203125415848, 763.7534870474594, 4245.6873723897315, 0.7535182986436284
0.0017, 0.42952360354591396, 4.0584510488433315E-4, -5.560774715358244, 2.0446440796194976, 2.317094490032423, -0.0031971946539268337, 1.50323433676392, -0.0035630577486152858, 3.6586309468845214E-4, 0.0, 6.327999999999999, 0.43093219567113605, 3199.203125415848, 763.7534870474594, 4245.6873723897315, 0.7535182986436284
0.0018, 0.4546019115015354, 4.297183463481176E-4, -5.297736682801009, 2.4061595532764786, 2.444088392070922, -0.0033268042688903553, 1.5033814228563678, -0.003748087361811589, 4.212830929212337E-4, 0.0, 6.327999999999999, 0.45628114835767347, 3199.203125415848, 763.7534870474594, 4245.6873723897315, 0.7535182986436284
0.0019, 0.4796218915401157, 4.535915878119019E-4, -5.036979493707383, 2.880091043865489, 2.5693373626060523, -0.003450161340255644, 1.5035286058306256, -0.003931790000723226, 4.816286604675822E-4, 0.0, 6.327999999999999, 0.4816301010442109, 3199.203125415848, 763.7534870474594, 4245.6873723897315, 0.7535182986436284
0.002, 0.5046190011308439, 4.7746482927568624E-4, -4.77810405866312, 2.928104390786754, 2.69326845738287, -0.003567317602828949, 1.5036494858124165, -0.004114235572503025, 5.469179696740759E-4, 0.0, 6.327999999999999, 0.5069790537307483, 3199.203125415848, 763.7534870474594, 4245.6873723897315, 0.7535182986436284
0.0021, 0.5295701476933998, 5.013380707394704E-4, -4.5195654939144, 2.5495166173570993, 2.8174038387506304, -0.0036783020503129427, 1.5037457435559205, -0.0042954869843524115, 6.17184934039469E-4, 0.0, 6.327999999999999, 0.5323280064172856, 3199.203125415848, 763.7534870474594, 4245.6873723897315, 0.7535182986436284
0.0022, 0.5544251008588603, 5.252113122032547E-4, -4.2584413685138625, 2.894787808360503, 2.9445466913400287, -0.0037830908107002346, 1.503867160093713, -0.0044756011451519695, 6.925103344517348E-4, 0.0, 6.327999999999999, 0.557676959103823, 3199.203125415848, 763.7534870474594, 4245.6873723897315, 0.7535182986436284
0.0023, 0.5793112414404217, 5.490845536670391E-4, -3.9902018767400396, 3.5431161847236776, 3.078967137740401, -0.00388157151311285, 1.5040064332338412, -0.004654629784629776, 7.730582715169258E-4, 0.0, 6.327999999999999, 0.5830259117903603, 3199.203125415848, 763.7534870474594, 4245.6873723897315, 0.7535182986436284
0.0024, 0.6047318114606397, 5.729577951308231E-4, -3.7084814436299975, 3.254771863651247, 3.226588154176955, -0.003973502185838276, 1.5040816394364347, -0.004832620129818146, 8.591179439798708E-4, 0.0, 6.327999999999999, 0.6083748644768977, 3199.203125415848, 763.7534870474594, 4245.6873723897315, 0.7535182986436284
0.0025, 0.6297911067840275, 5.968310365946075E-4, -3.404851412266786, 3.4274914696438827, 3.3951714861880227, -0.0040584647153518415, 1.5041802770667205, -0.005009615468588517, 9.511507532366762E-4, 0.0, 6.327999999999999, 0.6337238171634351, 3199.203125415848, 763.7534870474594, 4245.6873723897315, 0.7535182986436284
0.0026, 0.6547085503655703, 6.207042780583919E-4, -3.068593558030136, 3.546648072403482, 3.594503564302194, -0.0041358128889502285, 1.5042679348462726, -0.005185655622889315, 0.0010498427339390858, 0.0, 6.327999999999999, 0.6590727698499724, 3199.203125415848, 763.7534870474594, 4245.6873723897315, 0.7535182986436284
0.0027, 0.6795070695680064, 6.445775195221761E-4, -2.6864742423969306, 3.8465219319499573, 3.8365814197156425, -0.004204615038389607, 1.5043574776863897, -0.005360777349080229, 0.0011561623106906222, 0.0, 6.327999999999999, 0.6844217225365098, 3199.203125415848, 763.7534870474594, 4245.6873723897315, 0.7535182986436284
0.0028, 0.704142799877559, 6.684507609859605E-4, -2.242519066631565, 4.112015027750522, 4.135798599969295, -0.004263591298049534, 1.5044289533511634, -0.005535014678884134, 0.001271423380834601, 0.0, 6.327999999999999, 0.7097706752230472, 3199.203125415848, 763.7534870474594, 4245.6873723897315, 0.7535182986436284
0.0029, 0.7285576346319024, 6.923240024497446E-4, -1.7177879200412827, 4.3876393092692165, 4.509131084626063, -0.004311045488241662, 1.5044919738956057, -0.005708399211575585, 0.0013973537233339228, 0.0, 6.327999999999999, 0.7351196279095845, 3199.203125415848, 763.7534870474594, 4245.6873723897315, 0.7535182986436284
