This fits B3 to B8 into the virial expansion since maxPower is set to 6.
Number of particles: 108
dryVolFracMax: 0.007
dryVolFracIncrement: 1.0E-4
Initial configuration: FCC
Dry microgel radius [nm]: 50.0
Box length [units of dry radius]: 40.130210850472906
Number of monomers: 2916666.666666667
Number of chains: 145.83333333333334
Flory interaction parameter (chi): 0.0
Young's calibration factor: 1.0
x-link fraction: 5.0E-5
MC steps: 100000
Equilibration steps: 10000.0
Snapshot interval: 100
Displacement tolerance: 0.1
Particle radius change tolerance: 0.0
Particle radius bin width: 0.001
g(r) bin width: 0.005
phi0, phi, rho, mu/kT, Z_measured, Z_virial_Fit, <F_total>/V, QMelting, <F_id>/V, <F_ex>/V, <F_FR>/V, <alpha>, Zeta, B2_rho, B2_phi0, B2_HS, B2*
0.0031, 0.776192001238686, 7.400704853773131E-4, -67.50660196364608, 5.932369375339649, 5.58630301355646, -0.05409390166411586, 1.5543713724723336, -0.006052725597926468, -0.04804117606618939, 0.0, 6.327999999999999, 0.7858175332826596, 3199.203125415848, 763.7534870474594, 4245.6873723897315, 0.7535182986436284
0.0032, 0.7988720503335385, 7.639437268410974E-4, -64.93682397945243, 7.035525208282945, 7.941198006646033, -0.055674707720866294, 1.5560201963622637, -0.006223720591850009, -0.049450987129016286, 0.0, 6.327999999999999, 0.8111664859691969, 3199.203125415848, 763.7534870474594, 4245.6873723897315, 0.7535182986436284
0.0033, 0.8201461936909442, 7.87816968304882E-4, -62.42120655619296, 8.729588916706103, 10.17793939008601, -0.05719483906092093, 1.5576657665221056, -0.006393969425504768, -0.05080086963541616, 0.0, 6.327999999999999, 0.8365154386557343, 3199.203125415848, 763.7534870474594, 4245.6873723897315, 0.7535182986436284
0.0034, 0.8396785462624027, 8.11690209768666E-4, -59.94335217454205, 10.692046451647776, 12.31993456395196, -0.05865540237134158, 1.5592982062439196, -0.006563494716841306, -0.05209190765450027, 0.0, 6.327999999999999, 0.8618643913422717, 3199.203125415848, 763.7534870474594, 4245.6873723897315, 0.7535182986436284
0.0035, 0.857505018128889, 8.355634512324506E-4, -57.48284259201799, 13.066511149017012, 14.393281137120141, -0.06005706200432808, 1.5609542068789988, -0.006732317752748801, -0.05332474425157928, 0.0, 6.327999999999999, 0.887213344028809, 3199.203125415848, 763.7534870474594, 4245.6873723897315, 0.7535182986436284
0.0036, 0.8737019324945738, 8.594366926962349E-4, -55.01671231828476, 15.42541611555282, 16.425386912583576, -0.06139996148225238, 1.5626057979723027, -0.006900458603211014, -0.054499502879041366, 0.0, 6.327999999999999, 0.9125622967153464, 3199.203125415848, 763.7534870474594, 4245.6873723897315, 0.7535182986436284
0.0037, 0.8884775404624817, 8.833099341600189E-4, -52.52095311400214, 18.220390635451558, 18.443584013032705, -0.06268368061737462, 1.5643239780181635, -0.007067936222769609, -0.05561574439460501, 0.0, 6.327999999999999, 0.9379112494018838, 3199.203125415848, 763.7534870474594, 4245.6873723897315, 0.7535182986436284
0.0038, 0.9018982752064573, 9.071831756238031E-4, -49.97201546460518, 20.717466047489932, 20.473766928256964, -0.06390722858045762, 1.5660082107896156, -0.007234768541011392, -0.05667246003944623, 0.0, 6.327999999999999, 0.9632602020884211, 3199.203125415848, 763.7534870474594, 4245.6873723897315, 0.7535182986436284
0.0039, 0.9140231221432533, 9.310564170875875E-4, -47.34827298293791, 23.311856449739366, 22.53908426570763, -0.06506907243964341, 1.5677230332299872, -0.0074009725435247534, -0.05766809989611865, 0.0, 6.327999999999999, 0.9886091547749585, 3199.203125415848, 763.7534870474594, 4245.6873723897315, 0.7535182986436284
0.004, 0.9249181727686178, 9.549296585513718E-4, -44.63141569621012, 25.96845226131251, 24.65871398580407, -0.06616719987822377, 1.569469745118281, -0.00756656434454809, -0.05860063553367567, 0.0, 6.327999999999999, 1.0139581074614958, 3199.203125415848, 763.7534870474594, 4245.6873723897315, 0.7535182986436284
0.0041, 0.934641814836392, 9.78802900015156E-4, -41.80773817440083, 28.52493811142476, 26.84675190335679, -0.06719921398716888, 1.5712124997318866, -0.007731559252349387, -0.05946765473481949, 0.0, 6.327999999999999, 1.0393070601480334, 3199.203125415848, 763.7534870474594, 4245.6873723897315, 0.7535182986436284
0.0042, 0.9432444616837518, 0.0010026761414789404, -38.869288458379664, 30.91213284031355, 29.1112432365901, -0.0681624572155961, 1.572928160000973, -0.007895971828223967, -0.06026648538737214, 0.0, 6.327999999999999, 1.0646560128345708, 3199.203125415848, 763.7534870474594, 4245.6873723897315, 0.7535182986436284
0.0043, 0.9507533473360327, 0.0010265493829427247, -35.81484374684492, 33.4616394473673, 31.45338698526689, -0.06905416074969534, 1.5747132667571835, -0.008059815939870624, -0.06099434480982471, 0.0, 6.327999999999999, 1.0900049655211084, 3199.203125415848, 763.7534870474594, 4245.6873723897315, 0.7535182986436284
0.0044, 0.9572138392905225, 0.0010504226244065094, -32.65067880216978, 36.05332069335277, 33.86694291929712, -0.06987161477793533, 1.5765480498405686, -0.008223104809800185, -0.061648509968135146, 0.0, 6.327999999999999, 1.1153539182076457, 3199.203125415848, 763.7534870474594, 4245.6873723897315, 0.7535182986436284
0.0045, 0.9627003043509648, 0.0010742958658702937, -29.391093035665435, 38.5028666743805, 36.33787095935031, -0.07061235428777639, 1.5784081684932119, -0.008385851059341299, -0.06222650322843509, 0.0, 6.327999999999999, 1.1407028708941833, 3199.203125415848, 763.7534870474594, 4245.6873723897315, 0.7535182986436284
0.0046, 0.9675574298768423, 0.001098169107334078, -26.05866223350609, 40.91927038597628, 38.84423273093125, -0.07127435422648523, 1.5808331446689037, -0.008548066748732902, -0.06272628747775233, 0.0, 6.327999999999999, 1.1660518235807207, 3199.203125415848, 763.7534870474594, 4245.6873723897315, 0.7535182986436284
0.0047, 0.9726802990353305, 0.001122042348797862, -22.684180884815735, 41.60182711399649, 41.356385073318506, -0.07185622704600453, 1.5824649605578032, -0.008709763413728975, -0.06314646363227555, 0.0, 6.327999999999999, 1.1914007762672583, 3199.203125415848, 763.7534870474594, 4245.6873723897315, 0.7535182986436284
0.0048, 0.9770049557802472, 0.0011459155902616468, -19.30626107391175, 38.71582905090962, 43.837495284920806, -0.07235741483926342, 1.582060522806941, -0.008870952099086747, -0.06348646274017666, 0.0, 6.327999999999999, 1.2167497289537956, 3199.203125415848, 763.7534870474594, 4245.6873723897315, 0.7535182986436284
0.0049, 0.9804719410381315, 0.001169788831725431, -15.970553898913085, 40.016920222896395, 46.24440788642687, -0.07277836746270344, 1.5845338184601894, -0.009031643389263154, -0.06374672407344029, 0.0, 6.327999999999999, 1.2420986816403332, 3199.203125415848, 763.7534870474594, 4245.6873723897315, 0.7535182986436284
0.005, 0.983080706793411, 0.0011936620731892152, -12.728559379310447, 42.249025777589395, 48.52889268319905, -0.07312069722720757, 1.58654772391558, -0.009191847436604594, -0.06392884979060298, 0.0, 6.327999999999999, 1.2674476343268706, 3199.203125415848, 763.7534870474594, 4245.6873723897315, 0.7535182986436284
0.0051, 0.984982916459081, 0.0012175353146529997, -9.635990815013827, 49.939051042434585, 50.63930390853238, -0.07338729992702694, 1.5896677499697256, -0.009351573987280678, -0.06403572593974627, 0.0, 6.327999999999999, 1.2927965870134082, 3199.203125415848, 763.7534870474594, 4245.6873723897315, 0.7535182986436284
0.0052, 0.9857554908451429, 0.0012414085561167842, -6.750659560075658, 56.44383838253372, 52.522680228986246, -0.07358243116375823, 1.5961634884547147, -0.009510832405183293, -0.06407159875857493, 0.0, 6.327999999999999, 1.3181455396999455, 3199.203125415848, 763.7534870474594, 4245.6873723897315, 0.7535182986436284
0.0053, 0.9857310098146781, 0.0012652817975805685, -4.129846173823334, 48.164966096595904, 54.12731539347624, -0.07371172610980137, 1.5881625485018032, -0.00966963169398671, -0.06404209441581465, 0.0, 6.327999999999999, 1.343494492386483, 3199.203125415848, 763.7534870474594, 4245.6873723897315, 0.7535182986436284
0.0054, 0.9849754569061673, 0.0012891550390443528, -1.8271239127672576, 54.872745041063325, 55.40582930742312, -0.07378215004318026, 1.5958499961065993, -0.009827980517542224, -0.06395416952563804, 0.0, 6.327999999999999, 1.3688434450730205, 3199.203125415848, 763.7534870474594, 4245.6873723897315, 0.7535182986436284
0.0055, 0.9836301586387342, 0.0013130282805081375, 0.11139947341523548, 64.36296140691553, 56.318769313546, -0.07380186617306057, 1.6064590147571298, -0.009985887218761662, -0.06381597895429891, 0.0, 6.327999999999999, 1.394192397759558, 3199.203125415848, 763.7534870474594, 4245.6873723897315, 0.7535182986436284
0.0056, 0.9815877052317263, 0.0013369015219719218, 1.6514556784545817, 54.530712922362376, 56.838771460634234, -0.07378000646269314, 1.5954031808873679, -0.010143359837127138, -0.063636646625566, 0.0, 6.327999999999999, 1.4195413504460954, 3199.203125415848, 763.7534870474594, 4245.6873723897315, 0.7535182986436284
0.0057, 0.982868895187613, 0.0013607747634357059, 2.7756395453971203, 60.354799166651546, 56.955311541874835, -0.07372633034400446, 1.601706297174169, -0.010300406124949776, -0.06342592421905469, 0.0, 6.327999999999999, 1.444890303132633, 3199.203125415848, 763.7534870474594, 4245.6873723897315, 0.7535182986436284
0.0058, 0.9814254098044464, 0.00138464800489949, 3.489116577764446, 50.11003975901864, 56.68007568418034, -0.07365075540536467, 1.5996659173088064, -0.010457033562487145, -0.06319372184287753, 0.0, 6.327999999999999, 1.4702392558191704, 3199.203125415848, 763.7534870474594, 4245.6873723897315, 0.7535182986436284
0.0059, 0.9800833311581084, 0.0014085212463632744, 3.8260482929043116, 68.75507134126812, 56.05298026977107, -0.07356274332175203, 1.6228431015285203, -0.010613249372017875, -0.06294949394973415, 0.0, 6.327999999999999, 1.495588208505708, 3199.203125415848, 763.7534870474594, 4245.6873723897315, 0.7535182986436284
0.006, 0.9789863800633511, 0.001432394487827059, 3.8567694537114896, 69.11026324764272, 55.1488709718833, -0.0734705234836812, 1.619989566820112, -0.01076906053096181, -0.06270146295271939, 0.0, 6.327999999999999, 1.5209371611922453, 3199.203125415848, 763.7534870474594, 4245.6873723897315, 0.7535182986436284
0.0061, 0.9762503735905801, 0.0014562677292908432, 3.6957512147468607, 50.01577055666556, 54.08493068567259, -0.07338013596889575, 1.6038925675892102, -0.010924473784125255, -0.0624556621847705, 0.0, 6.327999999999999, 1.546286113878783, 3199.203125415848, 763.7534870474594, 4245.6873723897315, 0.7535182986436284
0.0062, 0.9693930672257911, 0.0014801409707546273, 3.5103842194963972, 48.096924934538684, 53.02882613582187, -0.07329427468825046, 1.6015298562122495, -0.01107949565514311, -0.06221477903310735, 0.0, 6.327999999999999, 1.5716350665653203, 3199.203125415848, 763.7534870474594, 4245.6873723897315, 0.7535182986436284
0.0063, 0.9662999573036168, 0.0015040142122184122, 3.5306156845367376, 41.02470765541598, 52.207622942732996, -0.07321091072453054, 1.5965638339167416, -0.011234132457182605, -0.06197677826734793, 0.0, 6.327999999999999, 1.5969840192518578, 3199.203125415848, 763.7534870474594, 4245.6873723897315, 0.7535182986436284
0.0064, 0.9641350240131015, 0.0015278874536821963, 4.059474507180585, 40.35641765365266, 51.91749892808366, -0.07312167507061614, 1.6034675928681295, -0.011388390302967299, -0.06173328476764883, 0.0, 6.327999999999999, 1.6223329719383952, 3199.203125415848, 763.7534870474594, 4245.6873723897315, 0.7535182986436284
0.0065, 0.9608180477373364, 0.0015517606951459808, 5.484518432593907, 56.48864103786026, 52.534285441790416, -0.07300997916059687, 1.609748972932445, -0.01154227511417444, -0.06146770404642243, 0.0, 6.327999999999999, 1.6476819246249328, 3199.203125415848, 763.7534870474594, 4245.6873723897315, 0.7535182986436284
0.0066, 0.9552983212248612, 0.0015756339366097647, 8.290237316348204, 66.73882459952968, 54.52486649159982, -0.07284885077509931, 1.6321705696518896, -0.011695792630253918, -0.061153058144845396, 0.0, 6.327999999999999, 1.6730308773114702, 3199.203125415848, 763.7534870474594, 4245.6873723897315, 0.7535182986436284
0.0067, 0.9530118193219724, 0.0015995071780735492, 13.071446519001922, 58.902789742532796, 58.45946545671177, -0.07259846208935254, 1.6478378426691687, -0.011848948416712619, -0.06074951367263992, 0.0, 6.327999999999999, 1.6983798299980077, 3199.203125415848, 763.7534870474594, 4245.6873723897315, 0.7535182986436284
0.0068, 0.9462510528158143, 0.0016233804195373337, 20.547704468464865, 59.18894637048046, 65.02484916688991, -0.07220332582023249, 1.624929856106479, -0.0120017478729041, -0.06020157794732839, 0.0, 6.327999999999999, 1.723728782684545, 3199.203125415848, 763.7534870474594, 4245.6873723897315, 0.7535182986436284
