Starting dry volume fraction: 0.0015
Maximum dry volume fraction: 0.0032
DryVolFrac increment: 1.0E-5
Number of particles: 108
Initial configuration: FCC
Dry microgel radius [nm]: 50.0
Box length [units of dry radius]: 52.093970786780424
Number of monomers: 2916666.666666667
Flory interaction parameter (chi): 0.0
Young's calibration factor: 1.0
x-link fraction: 4.0E-5
DryVolFrac increment: 1.0E-5
MC steps: 100000
Equilibration steps: 10000.0
Snapshot interval: 100
Displacement tolerance: 0.1
Particle radius change tolerance: 0.05
Particle radius bin width: 0.001
g(r) bin width: 0.005
phi0, phi, mu/kT, (PV/NkT)_from_dF_FR+dF_pair, (PV/NkT)_from_dF_total, (PV/NkT)_virial_measured, (PV/NkT)_virial+dF_total, (PV/NkT)_einstein, (PV/NkT)_pair_contribution, (PV/NkT)_FR_contribution, <F_total>/V, <F_pair>/V, EntropySolid, <F_reference>/V, <F_FR>/V, <alpha>, zeta, u_Hertz_nn, SpringConstant, LindemannParameter, kT/E
0.00151, 0.3813899300132314, -4.351906691416898, 5.453301049245008, 5.7088791728184995, 1.9489248203094773, 7.657803993127977, 0.2555781235734972, 4.411990572517691, 1.0413104767273162, -0.0036267719108100246, -3.1326082937643894E-4, 1.5036718324954241, -0.003541435580508204, 2.2792449907461853E-4, 6.620617777777776, 0.4372377427627026, 0.0, 0.004641589799202207, 1.139821114460101, 0.004285790729508575
0.00152, 0.3843498871092406, -14.948444788441522, 3.130145828686249, -4.927867414316746, 1.8793810959584087, -3.0484863183583375, -8.058013243003058, 4.760360688561348, -1.6302148598750985, -0.00363619968153702, -3.0939031110530785E-4, 1.5036781584329557, -0.0035516935668869188, 2.2488419645520658E-4, 6.620320833333339, 0.44013335695318406, 0.0, 0.004756368700243398, 1.1284644105295245, 0.004285770284793688
0.00153, 0.38734638767104956, -7.783096653572467, 5.975349742157373, 2.341580176992424, 1.8356342571088051, 4.177214434101229, -3.63376956516495, 4.540395678939057, 1.434954063218316, -0.003698145477198527, -2.946027064880151E-4, 1.5037377552210527, -0.003626642569772538, 2.2309979906202595E-4, 6.620614897119342, 0.4430289711436656, 0.0, 0.004325017496589763, 1.1859898431414664, 0.0042857199690421914
0.00154, 0.3933179417992941, -15.810553511666233, -13.57946719641048, -5.819034328717459, 1.9594596137324367, -3.859574714985022, 7.760432867693014, -13.94702094099699, 0.3675537445865115, -0.0036733612306863615, -2.91562534399506E-4, 1.5037201595446905, -0.0036164506309528327, 2.346519346659773E-4, 6.620862201646088, 0.44592458533414703, 0.0, 0.00460164428024818, 1.152289167127314, 0.004285732302092426
0.00155, 0.38446991355680726, -15.899936272979248, -1.617168857636783, -5.70189329169047, 1.8525596534217175, -3.8493336382687526, -4.084724434053732, -0.10527972464054226, -1.5118891329962407, -0.0037736353095305453, -3.649813526337634E-4, 1.503814757026784, -0.003636556123540829, 2.279021666440471E-4, 6.620748106995885, 0.44882019952462854, 0.0, 0.004629811079713951, 1.151259848072144, 0.004285770545353535
0.00156, 0.38566824410963807, 0.002085788586127822, 11.936210113544693, 10.06935390858657, 1.8825384296297132, 11.951892338216284, -1.866856204958185, 10.673433635680775, 1.2627764778639188, -0.0037492778342670847, -2.967746448652005E-4, 1.5037918666336956, -0.0036828770583181513, 2.3037386891626684E-4, 6.619989547325101, 0.45171581371511, 0.0, 0.004442305918771491, 1.177827604302162, 0.004285720833978487
0.00157, 0.39375652254416993, -16.076015809177107, -19.207225473589215, -6.007910774001389, 1.9428791166186237, -4.065031657382765, 13.199314699587902, -20.110333210298904, 0.9031077367096907, -0.0037736253506236335, -3.1782426408660396E-4, 1.5038203259239202, -0.0036926860778751956, 2.3688499133816572E-4, 6.620822685185184, 0.4546114279055915, 0.0, 0.004553551425842979, 1.1658316868971916, 0.0042857224522506
0.00158, 0.39746810840657293, -19.500134410830007, -28.099958726114565, -9.356806193498215, 1.9334897711336247, -7.423316422364591, 18.74315253261638, -30.556267110462706, 2.456308384348142, -0.0038260351557047045, -3.9684312973448246E-4, 1.5038719922971713, -0.0036668955599015052, 2.3770353393128335E-4, 6.620322150205765, 0.45750704209607296, 0.0, 0.004972065916613753, 1.118051179195448, 0.004285732491910985
0.00159, 0.39763915894560853, -5.246878597448963, 20.37461011716187, 4.939868316665805, 2.103086523322088, 7.042954839987893, -15.434741800496013, 20.410964683462925, -0.036354566301057815, -0.0038667316340968323, -4.6874302343473005E-4, 1.503921990416777, -0.0036496105161268814, 2.51621905464779E-4, 6.620715761316874, 0.46040265628655447, 0.0, 0.005341888884456125, 1.0809261998285176, 0.004285815769280954
0.0016, 0.3968883215763552, -3.9142729378129113, 28.804561191659488, 6.167849659270349, 1.933524697288511, 8.10137435655886, -22.636711532389178, 32.14007846281162, -3.335517271152134, -0.0038510871556423167, -3.0528409071462197E-4, 1.5038982121774211, -0.0037864980740057058, 2.406950090780114E-4, 6.621027037037037, 0.4632982704770359, 0.0, 0.004370290214417524, 1.197556325786107, 0.004285898840385668
0.00161, 0.40338598552356175, -17.70507167627691, -19.320300684846906, -7.596243693544772, 1.88323537779671, -5.713008315748063, 11.724056991302044, -20.051803745353087, 0.7315030605061822, -0.003885420910696745, -3.1910150380712776E-4, 1.5039300519171985, -0.0038050240781237043, 2.3870467123408658E-4, 6.621055514403291, 0.46619388466751743, 0.0, 0.004409619944273923, 1.1946824183598848, 0.004285776613086692
0.00162, 0.4068355580500396, -10.505522791096938, -1.7663157215250695, -0.3292897115545002, 1.9846270813278202, 1.65533736977332, 1.4370260099706889, -1.0581534261089427, -0.7081622954161269, -0.00393562264589459, -4.049883950701811E-4, 1.5039857531442429, -0.0037777872051604697, 2.4715295433606064E-4, 6.620745092592597, 0.4690894988579989, 0.0, 0.004817519726225426, 1.1453485785679176, 0.004285715918406981
0.00163, 0.4033805037624305, 3.614133083627293, 1.2196446188136418, 13.727828487320961, 1.8246368303946707, 15.552465317715631, 12.508183868507185, 0.7768338085475728, 0.442810810266069, -0.003935581087155774, -3.2915367098583514E-4, 1.503977315998236, -0.003844802132550408, 2.3837471638046912E-4, 6.620848209876548, 0.47198511304848034, 0.0, 0.004466755293108133, 1.1919120623363355, 0.004285749595433682
0.00164, 0.4127821432252962, -6.66125942534896, 14.840176319550034, 3.346798457081653, 1.9969610227269639, 5.343759479808617, -11.493377862468517, 14.01211563240972, 0.8280606871403139, -0.003918366431537053, -4.053179822019631E-4, 1.5039695725819233, -0.003765240512696175, 2.5219206336108443E-4, 6.621058518518521, 0.47488072723896185, 0.0, 0.005332948473585171, 1.0930550021193126, 0.004285894743456352
0.00165, 0.41549081753933975, -28.007758321487838, 14.030546921604953, -17.935910626622597, 1.8807436199272358, -16.05516700669536, -31.966457548227485, 16.464373422273848, -2.4338265006688946, -0.003967386258098627, -2.6719364922561347E-4, 1.5040131130785663, -0.003945596536767455, 2.454039278944408E-4, 6.621381759259263, 0.4777763414294433, 0.0, 0.004075491480254158, 1.2528980897755189, 0.004285714956528268
0.00166, 0.40974201995230397, -10.395193432215459, -26.812201681358452, -0.17027168907331192, 1.8104422838499112, 1.6401705947765994, 26.641929992285256, -29.969255444968642, 3.1570537636101905, -0.004052093626990692, -3.2994510064969626E-4, 1.5040943946000835, -0.003965694517221182, 2.4354599088018646E-4, 6.621392345679018, 0.4806719556199248, 0.0, 0.0041018208289373545, 1.2513883670723922, 0.004285714508486674
0.00167, 0.4201950491737936, -6.248916594363849, -6.367132254022236, 3.826803504541521, 2.063519751116239, 5.89032325565776, 10.193935758563791, -8.276540155176555, 1.9094079011543192, -0.004017019650672632, -4.1426154574762957E-4, 1.5040729720707215, -0.0038661701432287556, 2.6341203830375305E-4, 6.621376934156382, 0.4835675698104063, 0.0, 0.005051533278701363, 1.129895576328931, 0.004285769450394283
0.00168, 0.4180419348843319, -19.409288911527643, 12.189059355678811, -9.231700563013808, 1.94390080500977, -7.287799758004038, -21.420759918692482, 13.32236870381213, -1.133309348133319, -0.004081930005939551, -3.7442388508828167E-4, 1.5041314576684635, -0.003963323498096145, 2.558173772448759E-4, 6.621318899176956, 0.4864631840008878, 0.0, 0.0044615510268848, 1.2046787663207568, 0.004285868045475661
0.00169, 0.4127035615823906, -11.328910393992542, -5.228568715221411, -1.1427338594348402, 1.9546929359447272, 0.811959076509887, 4.0858348557866035, -6.053851351247172, 0.8252826360257607, -0.004109692178837682, -3.5510934796392747E-4, 1.5041607786003492, -0.004015629160600478, 2.610463297267238E-4, 6.620641851851851, 0.48935879819136924, 0.0, 0.0042527626091567175, 1.2363395382262883, 0.004285757123654132
0.0017, 0.42227839417182567, 8.626689797327428, 14.204193443629391, 18.817823111082195, 2.0221355500972438, 20.839958661179438, 4.613629667452802, 13.657273979286076, 0.5469194643433147, -0.004136021568611023, -4.0753137359781516E-4, 1.5041903356852233, -0.003991337312264465, 2.628471172512575E-4, 6.621438117283954, 0.49225441238185075, 0.0, 0.004605285065467464, 1.1904170593304313, 0.004285913069159818
0.00171, 0.4258239077332155, -4.572586359260912, 22.28413354585768, 5.393556650947259, 2.029084324755552, 7.4226409757028105, -16.89057689491041, 23.5057453078957, -1.2216117620380211, -0.00406850276912473, -2.946951548232261E-4, 1.5041239023661535, -0.0040405576111414146, 2.667499968399115E-4, 6.621613755144033, 0.4951500265723322, 0.0, 0.004413805587440362, 1.2183438177400296, 0.004285716704032488
0.00172, 0.4211271558833016, -3.800451099065983, 2.442252393083313, 6.325350273357452, 1.9031410095339973, 8.228491282891449, 3.883097880273935, 2.3624983755210702, 0.07975401756224258, -0.004157854060264751, -2.9874643385049016E-4, 1.5042069455067157, -0.004119241860155468, 2.6013423374120654E-4, 6.620677520576128, 0.4980456407628137, 0.0, 0.004032876625981747, 1.2770653101330058, 0.004285769497265484
0.00173, 0.42190772504833457, -2.305793258224713, -7.577408593495746, 7.589070076710134, 2.0452955781065922, 9.634365654816726, 15.166478670205779, -12.05445042558957, 4.477041832093824, -0.004086648586476591, -2.8688885173035113E-4, 1.5041430964548603, -0.004069915345641355, 2.7015561089511493E-4, 6.621369290123461, 0.5009412549532952, 0.0, 0.004544097005876761, 1.205413352453899, 0.0042857149256133485
0.00174, 0.4256716315069941, -16.966820361234838, -8.669547061922874, -6.930904139549322, 2.1542807627874114, -4.776623376761911, 1.7386429223736537, -10.180855946889968, 1.5113088849670944, -0.004168863412108584, -3.5961882911920393E-4, 1.5042325863240105, -0.004093878303123918, 2.846337201345371E-4, 6.621029537037038, 0.5038368691437767, 0.0, 0.004540715129775868, 1.208181129795287, 0.004285940541421562
0.00175, 0.4286360998740446, -0.09491642800000571, 2.4903999639320427, 9.8807692729497, 2.096375853352612, 11.977145126302311, 7.39036930901768, 0.5959758649313003, 1.8944240990007426, -0.0041676591863478735, -3.396324079559637E-4, 1.5042290615022957, -0.00410867000963003, 2.8064323123812074E-4, 6.621554927983536, 0.5067324833342581, 0.0, 0.004604895239077032, 1.202026104748487, 0.004285714336238462
0.00176, 0.43188042487161477, -8.592566724612736, -3.4513320889556693, 1.3303835903263561, 2.2226396672319177, 3.553023257558274, 4.781715679282047, -5.220008113827874, 1.768676024872205, -0.004169316604669489, -3.6065476720696784E-4, 1.5042376544249378, -0.00410554811760126, 2.968862801387384E-4, 6.621689310699585, 0.5096280975247396, 0.0, 0.004805130035803713, 1.178951874386592, 0.004285790790173014
0.00177, 0.43047103727710045, -19.720281366888354, -11.778899595620757, -9.760224128948106, 2.1940722700553237, -7.566151858892782, 2.0186754666726263, -9.484814814943396, -2.294084780677361, -0.004208685670389945, -3.686544604121808E-4, 1.5042748728732076, -0.00413249295490733, 2.924617449295661E-4, 6.6209086213991775, 0.5125237117152212, 0.0, 0.004777357489125066, 1.1846088665400483, 0.004285926359911131
0.00178, 0.43973661085273164, -17.30814058630047, -26.441799483918576, -7.275107899991165, 2.1687477445012213, -5.106360155489944, 19.1666915839272, -28.253961123756344, 1.8121616398377682, -0.0042634740124305875, -4.101070091935538E-4, 1.5043291981219071, -0.004142604487879352, 2.8923748464231757E-4, 6.6222551131687295, 0.5154193259057026, 0.0, 0.004878371490869822, 1.1744836988752283, 0.004285714872390084
0.00179, 0.43214794667035994, -8.111459766052914, 19.420944652921353, 1.9306989618131454, 2.3581678554152754, 4.288866817228421, -17.49024569110808, 20.642347246504503, -1.221402593583149, -0.00429132595429112, -5.081651315788658E-4, 1.5043675504078688, -0.004087524861499676, 3.0436403878742054E-4, 6.621615751028811, 0.5183149400961841, 0.0, 0.0055187681707289, 1.1063036927931957, 0.004285714833178884
0.0018, 0.42965899430654936, -7.72657917692476, 14.619077468151481, 2.2851026991594767, 2.0739568713630323, 4.3590595705225095, -12.333974768991878, 16.805707057601268, -2.1866295894497867, -0.004302203379954338, -3.17224883853742E-4, 1.5043632364550494, -0.004271784928451871, 2.8680643235127486E-4, 6.620958148148151, 0.5212105542866655, 0.0, 0.004285959783264271, 1.2577023808994126, 0.004285850730696707
0.00181, 0.4375607527104411, -4.229697539646066, -6.961677711222425, 5.786874673844951, 2.1737634938294064, 7.960638167674357, 12.748552385067365, -7.3199370555762435, 0.3582593443538188, -0.004328217652367075, -4.314485119994263E-4, 1.504395244762969, -0.004193879530056148, 2.9711038968849887E-4, 6.621582026748973, 0.5241061684771471, 0.0, 0.005020779499996363, 1.164175292051363, 0.004285826480386385
0.00182, 0.442056401187853, -2.251440355870528, 21.91371060448913, 7.6967032308023, 2.1063138988232293, 9.80301712962553, -14.21700737368675, 20.7123966524202, 1.2013139520689282, -0.004322398698090887, -3.5694239569215863E-4, 1.5043854895072466, -0.004257256284848251, 2.9179998244952264E-4, 6.62098369341564, 0.5270017826676285, 0.0, 0.004717522667524929, 1.20321866043991, 0.00428572514905661
0.00183, 0.44728187322166246, -18.974304650815156, 3.466708535482991, -9.042597266369173, 2.189900145712791, -6.852697120656382, -12.509305801852086, 4.905666061192904, -1.438957525709913, -0.004338967488218476, -3.364765465927503E-4, 1.5044084978139614, -0.004308543776138266, 3.060528345125408E-4, 6.621969290123457, 0.52989739685811, 0.0, 0.004518966797471388, 1.2316156964701481, 0.004285716617285392
0.00184, 0.45247920566376226, -1.025704615669023, -5.155943955382997, 9.020549417353177, 2.035448848722895, 11.055998266076072, 14.176493372736115, -9.081827210932754, 3.925883255549757, -0.00441299432939815, -3.3719690491527325E-4, 1.5044728731250467, -0.004364071730560367, 2.882743060774907E-4, 6.622899074074074, 0.5327930110485914, 0.0, 0.004302750078864449, 1.264476145881064, 0.00428575680622903
0.00185, 0.45502745111886905, -8.129845663726934, -14.781386240086386, 1.7055806097052455, 2.38385054284744, 4.089431152552685, 16.486966849791386, -21.10796777317662, 6.326581533090236, -0.004343864867010553, -3.835042611296222E-4, 1.504425705223192, -0.004288291568547552, 3.279309626666217E-4, 6.623053744855968, 0.535688625239073, 0.0, 0.005006884149291289, 1.1743148835635038, 0.004285912189891641
0.00186, 0.44557863772467204, -19.388262200985935, 5.1785583505305794, -9.362614709569057, 2.2713834504378947, -7.0912312591311615, -14.541173060099558, 13.817750031030592, -8.639191680500012, -0.004451811483116841, -4.4212601921925E-4, 1.5045275274943215, -0.0043317121712874345, 3.22026707389843E-4, 6.621414547325102, 0.5385842394295545, 0.0, 0.004855478882171473, 1.1946280480136697, 0.004285758853028992
0.00187, 0.44670192384314583, -0.562883748933852, 19.009037146731742, 9.37471189270746, 1.980972413841763, 11.355684306549222, -9.634325254024036, 24.657883158370357, -5.6488460116386126, -0.004436437000028013, -3.2228340775163224E-4, 1.504493446913983, -0.004404298105902536, 2.9014451362615576E-4, 6.621406090534978, 0.5414798536200359, 0.0, 0.004507620450924665, 1.2420849293297624, 0.0042857677016739275
0.00188, 0.4568255547638484, -6.981229867048558, -10.611695196008757, 2.9437499249801986, 2.0666887071409956, 5.010438632121194, 13.555445120988841, -18.68004549239035, 8.068350296381592, -0.004454499055047708, -3.2784018086046645E-4, 1.504517521864909, -0.004424817478489922, 2.981586043026809E-4, 6.622999855967075, 0.5443754678105174, 0.0, 0.004528014241259288, 1.2414897878520912, 0.00428575117254119
0.00189, 0.44639903493029387, -15.183065089246012, -3.142738035596584, -5.276753741515737, 2.3719021482692155, -2.9048515932465215, -2.1340157059192886, -5.602959483278215, 2.460221447681631, -0.0044697699172940595, -4.149617165690099E-4, 1.5045524545099649, -0.004386648149364961, 3.3183994863991164E-4, 6.622027654320991, 0.5472710820009989, 0.0, 0.004964309472120728, 1.187778896664595, 0.004285716907486258
0.0019, 0.45768312483759555, -12.356642336569482, 12.776684881653804, -2.376314278254227, 2.1697826532585816, -0.20653162499564548, -15.152999159907937, 18.85174564936622, -6.075060767712416, -0.004526992850854893, -3.589834710675492E-4, 1.5045981976117366, -0.004481426210073043, 3.134168302856992E-4, 6.622972602880654, 0.5501666961914804, 0.0, 0.004464113801925722, 1.2547619258532914, 0.004285716695931186
0.00191, 0.45530081402286793, 6.447743519041132, -2.2944933695924763, 16.37971278288491, 2.049281385899648, 18.428994168784556, 18.674206152477485, -5.769624425729365, 3.4751310561368887, -0.004528768538530568, -3.287300347684353E-4, 1.5045921427337219, -0.004506171298408415, 3.061327946462825E-4, 6.62142296296297, 0.5530623103819619, 0.0, 0.0044563417387752415, 1.2580550315879668, 0.004285821265032017
0.00192, 0.46547544539694113, -9.029587914509872, -9.88335360609414, 0.779614398207921, 2.3174637343026316, 3.0970781325105525, 10.66296800430189, -13.573231752036692, 3.689878145942552, -0.004496207143269569, -3.8997359779865314E-4, 1.5045769436655754, -0.004439448483322437, 3.332149378515213E-4, 6.624047613168724, 0.5559579245724433, 0.0, 0.005087983758959157, 1.1794294792169226, 0.004285728132586247
0.00193, 0.46499004963025564, -23.596574525643014, -4.022742998252353, -13.673956363864878, 2.2847271527273403, -11.389229211137538, -9.65121336561274, -7.968026689101868, 3.945283690849515, -0.004571881645050881, -3.9759966755755985E-4, 1.504650394784646, -0.004501503631465563, 3.272216539722413E-4, 6.622876090534982, 0.5588535387629248, 0.0, 0.004806602104750404, 1.2155638537701565, 0.004285761884568037
0.00194, 0.45953233191003146, -8.097710783355112, 11.689672653545069, 1.8536293872278873, 2.4733442633121423, 4.32697365054003, -9.836043266317104, 12.34537644587987, -0.6557037923348008, -0.004608872487543341, -4.321383266353011E-4, 1.5047005610297142, -0.004532177338767142, 3.554431778591017E-4, 6.621405113168723, 0.5617491529534063, 0.0, 0.004755394281732702, 1.2241982044703665, 0.004285756588599882
0.00195, 0.4568402903204929, -2.3187869875148284, 2.4975402357404075, 7.585114175510254, 2.1778097053560845, 9.762923880866339, 5.087573939770018, 7.982885366047518, -5.485345130307111, -0.004610545366017866, -3.4310987128200805E-4, 1.5046840507902948, -0.004595190756373815, 3.27755261637957E-4, 6.621369845679014, 0.5646447671438878, 0.0, 0.004490361031164164, 1.2619689441441762, 0.004285777222077811
0.00196, 0.4677149463814625, -6.426207857814989, -5.745874889466815, 3.447249117022419, 2.2461409940272006, 5.69339011104962, 9.1931240064893, -9.72921563997684, 3.983340750510025, -0.004619943879874545, -3.97541932253921E-4, 1.5046970131622148, -0.004555016124145179, 3.3261417652455464E-4, 6.622931995884777, 0.5675403813343692, 0.0, 0.0049212554235562155, 1.2075130445580298, 0.004285749579979276
0.00197, 0.4681136242369486, -14.999318635491598, 10.911237824672664, -5.130724003483875, 2.3707734175935657, -2.7599505858903095, -16.041961828156676, 7.409809853383621, 3.501427971289044, -0.004641228248395083, -3.9362000445640846E-4, 1.5047277985004746, -0.004597776578899957, 3.5016833496128276E-4, 6.622052993827163, 0.5704359955248507, 0.0, 0.004785556984454323, 1.2265923635063678, 0.004285746637994173
0.00198, 0.4687937059546601, -20.891434985276963, -6.258685591552725, -10.966201630028909, 2.3119685413857103, -8.654233088643199, -4.707516038476286, -1.1436972854558043, -5.114988306096921, -0.004691560350990011, -3.661588384650323E-4, 1.504775553555967, -0.004678288784611625, 3.528872720866453E-4, 6.6224555555555575, 0.5733316097153323, 0.0, 0.004411355536175066, 1.279715587406706, 0.00428572703047053
0.00199, 0.47123320837563504, 7.505037906785301, 9.584069528479093, 17.484414853901253, 2.177531960922657, 19.66194681482391, 7.900345325422264, 10.15709425106955, -0.5730247225904572, -0.004740977502780777, -4.027793308737501E-4, 1.5048149420702197, -0.004667508754584998, 3.293105826779709E-4, 6.623026512345683, 0.5762272239058137, 0.0, 0.004631522203232907, 1.251027656521841, 0.004285948513526015
0.002, 0.4765316562555492, 11.603684288414579, -11.388368916353105, 21.354614931042292, 2.330698098271779, 23.68531302931407, 32.74298384739539, -24.901183579185364, 13.512814662832259, -0.004655726434561303, -3.2171031921591066E-4, 1.5047405673779546, -0.00468747705001588, 3.534609346704873E-4, 6.623152427983541, 0.5791228380962952, 0.0, 0.0046541902964443395, 1.2500643143349608, 0.004285738820605381
0.00201, 0.47996094649183496, -38.61012500087413, -43.763685674133605, -28.8455048819724, 2.7611880580384143, -26.084316823933985, 14.918180792161332, -44.66625181467645, 0.9025661405428482, -0.004685573991403408, -5.248908277298918E-4, 1.5047986943461555, -0.004558047293158425, 3.973641294849077E-4, 6.624487273662546, 0.5820184522867766, 0.0, 0.0057667152481257295, 1.1248955344173286, 0.004285727535825839
0.00202, 0.4697084930495486, -13.808066027800528, 3.115051162101965, -3.7714007875664084, 2.396388238629054, -1.3750125489373546, -6.88645194966834, 4.724258967932608, -1.609207805830643, -0.004840076201979856, -5.401987564924737E-4, 1.5049298797059951, -0.004661601687975085, 3.617242424877036E-4, 6.621952541152264, 0.5849140664772582, 0.0, 0.005151142369315822, 1.1921835004759702, 0.004285740549606624
0.00203, 0.48073871062994605, 14.372381133035475, 17.29804006412143, 24.176838157443584, 2.6205786510351397, 26.797416808478722, 6.8787980933220965, 9.71060010213707, 7.587439961984362, -0.00475150265028932, -5.076826552536405E-4, 1.5048567058446327, -0.00463708215136123, 3.9326215632555E-4, 6.623164341563782, 0.5878096806677396, 0.0, 0.005502899642619614, 1.1553510858043416, 0.004286217771182848
0.00204, 0.48518115225083, -4.979288542852251, 31.27698810142694, 4.818072321173344, 2.638331890029143, 7.456404211202487, -26.458915780253594, 37.70152040673022, -6.424532305303277, -0.004771453136940157, -4.988358558523095E-4, 1.5048803301070823, -0.004674443384839642, 4.018261037517948E-4, 6.623898106995895, 0.5907052948582211, 0.0, 0.005393446938789885, 1.1689284918343867, 0.004286612543628082
0.00205, 0.5021208338332019, 1.1722715904136305, 23.368112534179158, 10.92965380036754, 2.327993110557725, 13.257646910925263, -12.438458733811604, 25.288267481118986, -1.9201549469398276, -0.004775277001829593, -3.325617028157033E-4, 1.5048619278106188, -0.0048092420447415725, 3.665267457276822E-4, 6.626531368312755, 0.5936009090487026, 0.0, 0.004624274710746557, 1.264466228094564, 0.004285742375533751
0.00206, 0.49680044874243184, -9.672237494397276, 7.106093222606788, 0.018622083662888096, 2.522333066319101, 2.5409551499819893, -7.087471138943832, 3.910071374985993, 3.1960218476207944, -0.0047658559523923415, -3.8133777711452007E-4, 1.50486768317533, -0.004780752085180407, 3.9623390990258607E-4, 6.625567119341558, 0.5964965232391841, 0.0, 0.004964785663038927, 1.2223153016585253, 0.004285820907613092
0.00207, 0.4848399353702877, -17.92034387008437, -40.33455984718313, -8.163784314387048, 2.4533888488806643, -5.710395465506384, 32.17077553279608, -51.67132694451707, 11.336767097333938, -0.004821458534069356, -3.175947957162439E-4, 1.5049183594008368, -0.004889497295503253, 3.856335571501412E-4, 6.624545452674897, 0.5993921374296656, 0.0, 0.004418795635275471, 1.297724739885652, 0.004286155495303511
0.00208, 0.4951064936564124, -11.262767812642005, -11.994414178353834, -1.4927785779277611, 3.051306737543683, 1.5585281596159217, 10.501635600426038, -12.741658225289635, 0.7472440469358006, -0.004851419291657256, -6.311187388455217E-4, 1.5049892149873438, -0.0046743894664693945, 4.540889136576609E-4, 6.624864753086424, 0.602287751620147, 0.0, 0.006106417300736624, 1.105704216049103, 0.004285723614485598
0.00209, 0.4759994379648581, 8.775351854553186, 30.298279673608278, 18.546324886393524, 2.456850966919613, 21.003175853313138, -11.751954787214729, 31.802433278694338, -1.5041536050860604, -0.004875234289177704, -3.8450018182049065E-4, 1.5049741830547032, -0.00488430173157473, 3.9356762421751654E-4, 6.622484207818931, 0.6051833658106285, 0.0, 0.004742314008904669, 1.2566992878533287, 0.0042857160617784705
0.0021, 0.4836809968998435, -4.314851563720644, -38.908334151795685, 5.278515374905338, 2.989332005759736, 8.267847380665074, 44.18684952670097, -52.29699187134378, 13.388657719548094, -0.0048095200729065726, -4.8295273266311944E-4, 1.5049430472591736, -0.0047772406468194785, 4.506733065760258E-4, 6.624221913580245, 0.60807898000111, 0.0, 0.005649461362199059, 1.1532248816042407, 0.004286196426049687
0.00211, 0.49611549784482833, -22.326397586694345, -6.901117834446555, -12.607141346021027, 3.0428664456346826, -9.564274900386344, -5.706023511574597, -4.066382629545895, -2.8347352049006593, -0.004895836187829922, -6.387994746102086E-4, 1.5050343637866965, -0.0047188225958894724, 4.617858826697583E-4, 6.624616306584362, 0.6109745941915915, 0.0, 0.006296264960707362, 1.094116953849532, 0.004285727732027917
0.00212, 0.4951093970645848, -6.26595816348343, 39.753772064596006, 3.4475317057847064, 2.8088836052538184, 6.256415311038525, -36.306240358811344, 51.78036410977712, -12.026592045181108, -0.004916120769027294, -5.084232508662964E-4, 1.5050411129602137, -0.004849213078501804, 4.4151556034080643E-4, 6.62457239711935, 0.613870208382073, 0.0, 0.005453740498562664, 1.1774500146653943, 0.004285757673419494
0.00213, 0.5050032229262597, -9.775201923650457, 5.041599565081069, -0.08837101703525888, 2.596436299218788, 2.508065282183529, -5.12997058211619, 11.155387573182365, -6.113788008101296, -0.0049257539342776845, -3.963628932780221E-4, 1.5050338102602032, -0.0049379194176285045, 4.085283766288417E-4, 6.626012139917696, 0.6167658225725544, 0.0, 0.004998591131246673, 1.2318197260037773, 0.0042857815803158325
0.00214, 0.4832000847723282, -9.347640831152784, -11.070900376199111, 0.3664257862871504, 2.635072524080769, 3.0014983103679196, 11.437326162486238, -25.170725836213254, 14.099825460014143, -0.004962793920203405, -4.58881915942735E-4, 1.5050737377777452, -0.0049200723243247105, 4.161603200640411E-4, 6.623085061728402, 0.619661436763036, 0.0, 0.005275998135539792, 1.2008719524464642, 0.00428686142690275
0.00215, 0.49491596854865544, 23.79986680036184, -6.1316466057205545, 33.48354245046111, 3.02931648437696, 36.51285893483807, 39.61518905618144, -32.207287889941746, 26.07564128422119, -0.004970385631613452, -5.208328724561967E-4, 1.5051128746480047, -0.0049292921921325695, 4.797394329753132E-4, 6.623628909465012, 0.6225570509535174, 0.0, 0.00537195885648887, 1.1919487290730342, 0.004285714963382295
0.00216, 0.5090969542642106, -9.375939028633715, 3.0775366485922113, 0.027813390493239328, 3.5748509750422706, 3.6026643655355097, -3.0497232580989078, 13.336044488090254, -10.258507839498042, -0.0048491579268172165, -6.17505345033855E-4, 1.505028242491705, -0.004776777610387421, 5.451250286040585E-4, 6.625950905349798, 0.6254526651439989, 0.0, 0.00675376883599421, 1.06468854532421, 0.004285716885885466
0.00217, 0.5193221726723725, -45.01884829202344, -3.7417017092106857, -35.33800892414966, 2.612279966106306, -32.725728958043355, -31.59630721493874, 12.053820650695975, -15.795522359906661, -0.005015152442889511, -4.6287559249265386E-4, 1.505129027652684, -0.004988082970398634, 4.358061200017771E-4, 6.6281900308642046, 0.6283482793344803, 0.0, 0.00528213895375969, 1.2057559885240066, 0.004286078408668427
0.00218, 0.5034284904470356, 6.030409626670267, 18.25273592014578, 15.760906044631136, 2.9937458944094075, 18.754651939040542, -2.4918298755146533, 5.973330259698222, 12.279405660447559, -0.005064107093956606, -5.642187253358319E-4, 1.5052018736998554, -0.004973611979623199, 4.737236110024248E-4, 6.624232890946506, 0.6312438935249619, 0.0, 0.0055440934149129425, 1.1787308642336998, 0.004285716471236605
0.00219, 0.5092321524274722, 10.426208539788103, -35.9943813957197, 19.963566181684314, 3.080798778163206, 23.04436495984752, 55.957947577403786, -66.65548659836693, 30.66110520264724, -0.004986359357860905, -4.3953135994717553E-4, 1.5051348539024283, -0.005045610049362566, 4.987820514488361E-4, 6.624665668724269, 0.6341395077154434, 0.0, 0.005203874818308366, 1.2185098522043185, 0.0042858356788807095
0.0022, 0.5149930172449629, 23.33647739419329, -10.532556025366485, 32.883731039810996, 3.9453464777718983, 36.829077517582895, 43.41628706517759, -26.56241337948279, 16.029857354116306, -0.00501432561515218, -8.864892156479511E-4, 1.505226540459203, -0.004752511091344356, 6.246746918401262E-4, 6.626423816872425, 0.6370351219059248, 0.0, 0.0078022281027950256, 0.9966499881111472, 0.004285714663615791
0.00221, 0.523024343101669, -2.9936188105720354, 4.252995307941957, 6.246238061766803, 3.644693689525468, 9.890931751292271, 1.9932427538250055, 5.069896226481529, -0.8169009185395715, -0.004874935885911761, -5.744165345105518E-4, 1.505063843214837, -0.004881517194733923, 5.809978433327138E-4, 6.628826193415641, 0.6399307360964063, 0.0, 0.00680323842499451, 1.0689334624487625, 0.004285914722980033
0.00222, 0.5159314893505149, -31.554589287625422, 14.041500901273693, -22.066377397278416, 3.926919134867228, -18.13945826241119, -36.10787829855219, 27.969694325652785, -13.928193424379092, -0.005028619092095243, -8.674805839645551E-4, 1.5052385275231173, -0.004787170684429442, 6.260321762987549E-4, 6.626266687242798, 0.6428263502868878, 0.0, 0.007886892442784234, 0.9942809674169001, 0.004285720955616063
0.00223, 0.5249082429636341, -0.10739779770362241, 80.34183121523205, 9.332591203920297, 3.055461788702557, 12.388052992622853, -71.00924001131186, 97.65008586166492, -17.30825464643288, -0.005025597951782566, -4.486862216457196E-4, 1.5051751454677138, -0.005097047278030866, 5.201355478940198E-4, 6.626818518518509, 0.6457219644773693, 0.0, 0.005478104365249507, 1.194806465046647, 0.004285714469825513
0.00224, 0.534094479532968, -17.154471790649616, -14.062399445132352, -7.75001716898692, 3.2015718155102344, -4.548445353476685, 6.312382276145478, -25.28547441230587, 11.223074967173519, -0.005029131878806694, -4.052598598915485E-4, 1.5051924052627006, -0.005171928259521934, 5.480562406067875E-4, 6.630131018518522, 0.6486175786678507, 0.0, 0.005130834615590864, 1.2364211494379007, 0.00428571464019911
0.00225, 0.5286030622574699, -16.965682036811, -57.08561992837842, -7.4571198548401885, 3.3865300538616814, -4.070589800978507, 49.6285000735384, -66.42387718413288, 9.338257255754458, -0.005107504521230937, -5.730338604861576E-4, 1.5052841287269025, -0.005113085803661428, 5.786151429166491E-4, 6.629667880658437, 0.6515131928583322, 0.0, 0.005685265937838191, 1.1763318996802237, 0.004285750989748282
0.00226, 0.5248726598675215, 22.534371739835397, -7.300040251230687, 32.005739878446306, 3.6253590344813595, 35.63109891292767, 39.30578012967708, -28.529679654280947, 21.22963940305026, -0.0051101370435792095, -7.275041460024923E-4, 1.5053011435260373, -0.004980419277961831, 5.977863803851146E-4, 6.6270916769547314, 0.6544088070488137, 0.0, 0.006900895251382489, 1.0692875802841135, 0.004285939819568009
0.00227, 0.546935600848694, 8.962417068338754, 26.78528676779679, 18.188662651879554, 4.028943967576067, 22.217606619455623, -8.596624115917418, 20.852758995291143, 5.932527772505649, -0.004999910821674983, -7.15691136528003E-4, 1.5052267186463433, -0.004969489034554407, 6.852693494074271E-4, 6.631338261316872, 0.6573044212392952, 0.0, 0.00718904896870624, 1.0491815832540272, 0.004285721878199298
0.00228, 0.5337692907151461, -19.94140123038831, -85.7782353205868, -10.631732962013803, 3.7265770049759435, -6.905155957037859, 75.14650235857286, -127.1522118634434, 41.373976542856596, -0.005067344654224891, -6.342452046463376E-4, 1.50526723815939, -0.005065249178977676, 6.321497293991226E-4, 6.6302224691358065, 0.6602000354297767, 0.0, 0.006561458053166271, 1.0998223250932067, 0.004285783999148095
0.00229, 0.5372216423630667, -11.32016786346793, -10.527189036511949, -2.0003401345398113, 5.290426824079135, 3.2900866895393235, 8.526848901972185, -16.056532138267624, 5.529343101755676, -0.005095123999014836, -0.001328361782248774, 1.5054158973747016, -0.004655122925703307, 8.883607089372443E-4, 6.629378436213996, 0.6630956496202581, 0.0, 0.011171099257883468, 0.8441279865474945, 0.00428584846624056
0.0023, 0.5314613174398741, 5.85971793345376, 99.12569631789478, 15.186868807002998, 3.8622558108755873, 19.049124617878586, -83.93882751089157, 141.1824540132353, -42.0567576953405, -0.005121394474387919, -7.225109113533169E-4, 1.5053361151456794, -0.005065192569846269, 6.663090068116663E-4, 6.628117283950617, 0.6659912638107396, 0.0, 0.00692874534678936, 1.0733954231996685, 0.004285718625588448
0.00231, 0.5399850771699717, 29.91005482943725, 33.60238063015085, 39.098457920595834, 4.070777778255857, 43.16923569885169, 5.496077290445054, 23.757031727537147, 9.8453489026137, -0.005067145906787834, -6.605479228042415E-4, 1.505295733423836, -0.00509994645795547, 6.933484739718776E-4, 6.62852871399177, 0.6688868780012212, 0.0, 0.00682175776859482, 1.083345391124004, 0.004285739181438382
0.00232, 0.5430292340724867, 33.28034048089319, 25.11171429500893, 42.26923958114081, 4.132261360499191, 46.40150094164, 17.157525286131687, 14.610946551267388, 10.500767743741541, -0.0049785844821602825, -6.147984700091299E-4, 1.5052145517546498, -0.0050831061143829445, 7.19320102231792E-4, 6.630101748971202, 0.6717824921917026, 0.0, 0.007151861988798443, 1.059572942498007, 0.004285714315876963
0.00233, 0.6157844140897181, -15.04572621265601, -24.787600193988638, -6.2218616929313555, 4.264735918508844, -1.9571257744225115, 18.56573850105721, -48.14206571562241, 23.35446552163377, -0.004908243985928371, -5.960857786080944E-4, 1.5051572576025263, -0.005061845189436513, 7.496869821162366E-4, 6.646578580246917, 0.6746781063821841, 0.0, 0.007535085555307263, 1.0337582145480844, 0.004285792543177715
0.00234, 0.5603931316503067, -122.9158360961965, -216.33698175599193, -113.87516924285137, 4.644768226897603, -109.23040101595377, 102.46181251314054, -273.67444757455627, 57.33746581856433, -0.005050422533134828, -8.497765180134064E-4, 1.505331516142657, -0.005037910557675887, 8.372645425544653E-4, 6.633317026748959, 0.6775737205726655, 0.0, 0.007960899327471613, 1.0071681426768113, 0.00428572272526709
0.00235, 0.5745156496258161, 8.490723713200463, 20.702828793081274, 18.2855837357036, 5.96090937893516, 24.24649311463876, -2.4172450573775364, 21.44235390272129, -0.7395251096400172, -0.0054951238728978575, -0.0019100480596536342, 1.5058734671573704, -0.004615685135843393, 0.0010306093225991699, 6.637779197530861, 0.6804693347631471, 0.0, 0.013555084825344387, 0.7729461910806168, 0.004285714399395349
0.00236, 0.6026767049731926, 114.14805182163899, 264.24095184857356, 123.04014756848795, 4.610803286194792, 127.65095085468275, -141.20080428008555, 331.9940622584294, -67.75311040985585, -0.005009882313653325, -7.636525477263547E-4, 1.5052892292628812, -0.005088734479350298, 8.425047134233285E-4, 6.642442613168722, 0.6833649489536285, 0.0, 0.007886994408367478, 1.0147506270237, 0.00428584200534622
0.00237, 0.5600126719865841, -173.89915626264627, -381.2366940320809, -165.15022798566332, 3.824771958239715, -161.3254560274236, 216.08646604641746, -475.07372917946003, 93.83703514737915, -0.004950107072146147, -3.3136480884640186E-4, 1.505171309702321, -0.00533299418340427, 7.142519201045245E-4, 6.633900257201641, 0.68626056314411, 0.0, 0.0060516829310379005, 1.1600831700299157, 0.004286155407398895
0.00238, 0.6445974010882108, -9.74993098258641, 21.619951779425023, 0.528778718176836, 7.305037774670062, 7.833816492846898, -21.091173061248202, 24.57912325015994, -2.959171470734918, -0.0058401896232146274, -0.003034758845187512, 1.5063285768374963, -0.004102001773477994, 0.0012965709954508792, 6.650966934156381, 0.6891561773345914, 0.0, 0.026704151962971545, 0.5530282934596773, 0.0042858355954118275
0.00239, 0.6078334695742775, 146.30933230677198, 338.9345315132339, 155.0666371754336, 3.6912537995181474, 158.75789097495175, -183.86789433780038, 408.88063301786065, -69.94610150462674, -0.004996659563466651, -2.3951031515220817E-4, 1.5052120495499652, -0.0054681677199918685, 7.110184716774261E-4, 6.642562870370365, 0.692051791525073, 0.0, 0.005440895210933843, 1.2268982489395668, 0.004285819699024681
0.0024, 0.6327483644669112, -4529.201617204571, -5244.282905113438, -4520.227807853872, 5.295876581976271, -4514.931931271895, 724.0550972595661, -5429.067033734627, 184.78412862119004, -0.005141614019501702, -0.0010845018992271223, 1.5054777712804472, -0.00502566502696108, 9.685529066865006E-4, 6.648315977366251, 0.6949474057155545, 0.0, 0.009397793424896394, 0.9348355666529822, 0.004285714327351669
0.00241, 0.6745450255808545, -891.2993905622952, -1151.5003316185125, -845.0280250103481, 9.237916320487212, -835.7901086898609, 306.4723066081645, -1272.7487946293095, 121.24846301079688, -0.026622004332604067, -0.02617043347486269, 1.527247112651619, -0.0020529398278909205, 0.0016013689701495427, 6.657626193415642, 0.6978430199060359, 0.0, 0.31159444718725343, 0.16257555795747722, 0.004285751684838445
0.00242, 0.636673395780226, 669.3416219657672, 662.1712480360998, 685.6073782686295, 8.579299776709972, 694.1866780453395, 23.43613023253015, 659.0851047596991, 3.0861432764007155, -0.009397255132985196, -0.007378611779150586, 1.5099867273438847, -0.0035794043964818886, 0.0015607610426472795, 6.648781491769546, 0.7007386340965174, 0.0, 0.0531805491672814, 0.3940697880174157, 0.0042857214839567784
0.00243, 0.6141555118320644, -3160.8610752900167, -3451.267676804478, -3120.4795285653754, 9.331442855604385, -3111.148085709771, 330.7881482391018, -3478.3365686512084, 27.068891846730406, -0.02342613350001411, -0.023084514167277925, 1.5240567820163777, -0.001970622403203722, 0.0016290030704675387, 6.6442975514403235, 0.7036342482869989, 0.0, 0.34963676683090383, 0.1538997699216331, 0.00428587540809232
0.00244, 0.689041699974195, 2686.61262285768, 2994.7356280642543, 2728.65375062765, 9.535649341436725, 2738.1893999690865, -266.08187743660466, 2991.005518729487, 3.7301093347673895, -0.02448925506976029, -0.02417644153967161, 1.5251436469799873, -0.0020162264436575177, 0.001703412913568836, 6.660764320987652, 0.7065298624774804, 0.0, 0.3348077737151633, 0.15748647755361886, 0.004287037808412095
0.00245, 0.708660597674446, -6.923499414556956, -3.107872445394694, 11.196870415534384, 9.094554442971358, 20.291424858505742, 14.304742860929851, -12.633188278389845, 9.525315832995151, -0.010598503126987655, -0.009001682327253695, 1.5112322066492891, -0.0032575962312994347, 0.0016607754315654743, 6.6623778909464955, 0.7094254766679619, 0.0, 0.0810358954398559, 0.32054898365983725, 0.004285808081262516
0.00246, 0.6522337960348258, 966.1306165519375, 1177.6078886962505, 1007.8862351482865, 9.72491374759817, 1017.6111488958846, -169.7216535479638, 1206.2541064592547, -28.646217763004238, -0.024522312344419907, -0.024310243691555905, 1.525193778279592, -0.001974518949874575, 0.0017624502970105752, 6.653875771604949, 0.7123210908584433, 0.0, 0.35789123612616064, 0.1527380579627321, 0.004285929243524944
0.00247, 0.6983170066438028, 2542.420127888449, 2525.8393096976924, 2552.5708541041104, 8.244155435845947, 2560.8150095399565, 26.73154440641783, 2522.9548578705057, 2.8844518271867345, -0.005985569228087813, -0.003439887474871988, 1.5065578861736906, -0.0040840104342485676, 0.0015383286810327428, 6.663322777777785, 0.7152167050489249, 0.0, 0.03252893879824555, 0.5073119944697391, 0.0042858751092581865
0.00248, 0.717297861121569, -1653.8944960129909, -2103.678665140955, -1632.979004404422, 9.829062338159718, -1623.1499420662624, 470.69966073653296, -2161.953241202975, 58.27457606201955, -0.012383150421326644, -0.012291874926599371, 1.5130659878152024, -0.0018799541374104917, 0.0017886786426832189, 6.664894053497938, 0.7181123192394063, 0.0, 0.4058162681527227, 0.14382363503196538, 0.004285737316513539
0.00249, 0.7202216091106497, -881.1567529514763, -851.4614673052993, -857.8032655326228, 9.912781853336476, -847.8904836792864, -6.341798227323496, -879.8573096821972, 28.395842376897956, -0.013882333759876209, -0.013861581850603544, 1.5145726122342558, -0.0018517460231746348, 0.0018309941139019687, 6.66500592592592, 0.7210079334298878, 0.0, 0.4225836103461792, 0.1411306098674979, 0.004285723893360871
0.0025, 0.7218981614547719, -17.690839115081335, 7.555222984886578, 10.10658258423025, 10.233302653490304, 20.33988523772055, 2.5513595993434417, -12.570742137209427, 20.125965122096005, -0.01659036400745759, -0.016604222134975276, 1.517314530657337, -0.0019251074555231215, 0.0019389655830408087, 6.667375967078192, 0.7239035476203692, 0.0, 0.39230340786029516, 0.14667183417068885, 0.004287040129459203
0.00251, 0.725782055367187, 359.19839426023674, 349.99893696386636, 382.5067609754743, 10.24622768464833, 392.75298866012264, 32.507824011607696, 363.0268304698548, -13.027893505988434, -0.013966801294654468, -0.01405443650016746, 1.5146896698411942, -0.0018549650380636057, 0.001942600243576595, 6.667019187242801, 0.7267991618108508, 1.1904211991836206E-5, 0.4281291637386503, 0.14058800279975153, 0.004285732974945158
0.00252, 0.7288309461073113, 254.86777064078518, 260.39916620583824, 279.5937969753385, 10.169852132779441, 289.76364910811793, 19.194630769500733, 262.4468389996977, -2.0476727938594994, -0.014875318007541945, -0.014982884240481453, 1.5155885322539724, -0.0017846746270177157, 0.0018922408599572236, 6.666691430041161, 0.7296947760013323, 6.479460225198915E-5, 0.46697989013589275, 0.13479140020085348, 0.004285758227229015
0.00253, 0.7317616587393592, 252.55072053647874, 267.1584755687452, 273.66006640305216, 10.335157036953476, 283.99522344000565, 6.501590834306987, 239.15778941708334, 28.000686151661856, -0.012749897328685696, -0.012920256928084479, 1.513480192576343, -0.0017774815113713212, 0.001947841110770104, 6.667450473251019, 0.7325903901918137, 2.1462190206289472E-4, 0.47445425329707885, 0.133902112515122, 0.004285739949404507
0.00254, 0.734621473193257, 369.16878156721015, 384.8470573399682, 391.7115264303381, 10.553400851337276, 402.2649272816754, 6.864469090369643, 359.9924559590411, 24.854601380927154, -0.013669477140897932, -0.0139431263279455, 1.5144194649546554, -0.0017676830546845303, 0.0020413322417320995, 6.667528487654315, 0.7354860043822952, 4.955480957980036E-4, 0.48338344297653285, 0.1328341621104413, 0.004285714736175168
0.00255, 0.7374856543554079, 566.8763071023554, 567.0569033017227, 584.9246480478798, 10.689096668164195, 595.613744716044, 17.867744746156692, 563.5657750303805, 3.491128271342277, -0.010987246236036686, -0.01131120795911733, 1.5117539584826312, -0.00175862484995842, 0.0020825865730390632, 6.668238127572015, 0.7383816185727766, 8.784044855710964E-4, 0.49200587911963084, 0.13183761599965393, 0.004286245753970939
0.00256, 0.7404198151354265, -527.4220761347718, -522.2213312546097, -509.4841676151245, 10.689471909865203, -498.7946957052593, 12.737163639485683, -538.7761036838891, 16.554772429279417, -0.010962842148987356, -0.011341013318882594, 1.511725328527344, -0.001696163993814983, 0.0020743351637102204, 6.669148096707821, 0.7412772327632582, 0.0013513511688772392, 0.5310364007646059, 0.12706587647612683, 0.0042857148039585026
0.00257, 0.7432388941068383, -172.2642381334776, -149.64251472903607, -150.25189924873754, 10.921446229733181, -139.33045301900435, -0.6093845197012919, -181.9092143538168, 32.26669962478071, -0.013505501151415853, -0.013972276029303574, 1.5142947011842152, -0.0017110606545342644, 0.0021778355324219866, 6.6700151337448546, 0.7441728469537396, 0.002081040497641649, 0.526228279558434, 0.12781104230651502, 0.004287045637598777
0.00258, 0.7461395199426497, 1186.6464627537189, 1189.7301055875466, 1205.7806994099076, 11.101466143020714, 1216.8821655529282, 16.050593822360472, 1181.2326101855267, 8.497495402019915, -0.011785343299494426, -0.01231829950423148, 1.512591176241615, -0.0017123892376886055, 0.0022453454424256596, 6.670220102880663, 0.7470684611442211, 0.002954610824158839, 0.5292881855755113, 0.12760613726391462, 0.004285737117987952
0.00259, 0.7489932721445205, 851.5208329209456, 842.6087602059257, 864.1998992061607, 11.07142325778865, 875.2713224639493, 21.591139000235327, 834.9993692428989, 7.6093909630268275, -0.007839681643922842, -0.00842779645756377, 1.508641230548951, -0.0016476990493184778, 0.002235813862959405, 6.6713743415637925, 0.7499640753347026, 0.0038467814518512956, 0.5719963091557366, 0.12290825947554966, 0.004285802913358335
0.0026, 0.7518898782519774, 141.46543433730318, 133.31358114997528, 153.9023243044371, 11.285224413265833, 165.18754871770292, 20.58874315446175, 124.29234726585673, 9.021233884118535, -0.007719630808341533, -0.008396550700747634, 1.508543608578275, -0.0016220226875048379, 0.0022989425799109396, 6.671182633744853, 0.7528596895251841, 0.0050433860733586485, 0.5921977648469394, 0.120948966360446, 0.004286347124140398
0.00261, 0.7547588454972821, 77.72189426820846, 75.42760666625149, 89.21977664060756, 11.303027178850332, 100.52280381945789, 13.79216997435578, 62.43653067379263, 12.991075992458864, -0.007164233949380129, -0.007898933065432316, 1.5079856795608937, -0.0015618721395622085, 0.0022965712556143945, 6.671580390946502, 0.7557553037156656, 0.006279652453521809, 0.6361996960314644, 0.11684080333632627, 0.004286005654166457
0.00262, 0.7576356619989045, -926.2152507474513, -921.2234702608292, -914.4665957744803, 11.502152725765077, -902.9644430487152, 6.756874486349159, -945.7244109822219, 24.500940721392734, -0.007348536098564003, -0.008158966448883968, 1.5081895180615656, -0.0015681382955689018, 0.002378568645888867, 6.672099382716058, 0.758650917906147, 0.007920048978792407, 0.6359915818908213, 0.11700897473366902, 0.00428593148434632
0.00263, 0.7604705329424258, -446.18266904872183, -441.12347525696623, -427.7287610613034, 11.638240142901143, -416.0905209184022, 13.394714195663122, -466.0199921657669, 24.89651690880068, -0.011586586015086815, -0.01247671669637977, 1.5124403280546619, -0.0015415809616718098, 0.0024317116429647665, 6.673673271604935, 0.7615465320966285, 0.009648075982745053, 0.6585484935443067, 0.1151337003679548, 0.004285773416062231
0.00264, 0.7633917816032403, 1610.1254653560939, 1617.7014611608267, 1625.1652871023662, 11.8187948620404, 1636.9840819644066, 7.463825941539257, 1589.6443842687033, 28.057076892123504, -0.009478901417595182, -0.010478927983746226, 1.5103549567249372, -0.0015159062954408014, 0.002515932861591846, 6.6746136111111145, 0.76444214628711, 0.01169060943252806, 0.6810832043432181, 0.11335629710022223, 0.004286159991316109
0.00265, 0.7662603301028763, 1434.889304647853, 1423.71222460853, 1441.0520475534333, 12.01247607799255, 1453.0645236314258, 17.339822944903435, 1417.7017444405412, 6.010480167988704, -0.0038988032107999944, -0.004966109668999359, 1.504793085546955, -0.0015174279564844292, 0.002584734414683794, 6.674292808641976, 0.7673377604775915, 0.013910017581727894, 0.6841313178255657, 0.11324611598594034, 0.004285960159537273
0.00266, 0.7690911539191364, 247.03016051850705, 238.75899291926788, 251.1682595099362, 11.99094220164877, 263.15920171158496, 12.409266590668356, 217.53819198423605, 21.220800935031818, -0.0026278096488632323, -0.0037473808429883525, 1.5035149451641323, -0.0014445670258842454, 0.0025641382200093654, 6.676284372427987, 0.770233374668073, 0.015968630600120878, 0.7435231600433942, 0.1087654736790413, 0.004286488579562407
0.00267, 0.7719678806155245, 119.2030077268862, 115.33138770432498, 123.46917457685574, 12.291472872833412, 135.76064744968915, 8.137786872530816, 83.1970022224393, 32.134385481885694, -0.0027193210766208514, -0.003955617107844355, 1.5036420194471567, -0.0014690394791525858, 0.002705335510376089, 6.676942345679011, 0.7731289888585544, 0.018880307558894787, 0.7287092582347898, 0.11000295978971447, 0.004285714486353893
0.00268, 0.7748425814082076, -405.24842688858615, -411.9361757221078, -402.0307839174428, 12.408979848146858, -389.62180406929593, 9.9053918046649, -438.9862074614143, 27.050031739306522, -0.002058657211528572, -0.0033797745090599573, 1.5029877740496602, -0.0014167159967288384, 0.0027378332942602237, 6.677151358024698, 0.776024603049036, 0.021630822990900012, 0.774384184021318, 0.10684260163819224, 0.0042857503403258895
0.00269, 0.777726813166359, 225.57883695386576, 226.06787978408485, 232.82628454761678, 12.644566197965837, 245.47085074558262, 6.758404763531814, 190.75430488987246, 35.313574894212394, -0.004654239786206843, -0.006076844051672612, 1.505609996726709, -0.0014323172245216296, 0.0028549214899873986, 6.678546265432097, 0.7789202172395174, 0.02490396732896876, 0.7660417803727377, 0.10755624341426068, 0.004285788437033641
0.0027, 0.7805649565672652, 807.0567539205844, 797.8550349861185, 808.5796081515421, 12.796609982050235, 821.3762181335923, 10.72457316542368, 761.2198057435099, 36.63522924260862, -9.815976027847187E-4, -0.0025141707895482168, 1.5019507570733237, -0.0013950961896582095, 0.002927669376421707, 6.679348652263373, 0.7818158314299989, 0.02823533254062623, 0.8008138158263998, 0.10532542898467054, 0.0042858451583687295
0.00271, 0.7834338600017605, -182.69209464747897, -199.1818288894607, -181.45427215715478, 13.076660091101939, -168.37761206605285, 17.727556732305985, -222.03386736321625, 22.85203847375556, -8.008276339420309E-4, -0.0024609106930966393, 1.5018025526502874, -0.0013914452054161134, 0.003051528264570722, 6.68016224279835, 0.7847114456204803, 0.03213029727730032, 0.8081736163433352, 0.10497402669283269, 0.004285719623138435
0.00272, 0.7863173448008466, -171.6476148780913, -185.5623854625471, -168.79263387936487, 13.14858244056488, -155.64405143879998, 16.76975158318218, -214.46199879133653, 28.899613328789428, -0.001853888100593479, -0.003592466117820279, 1.5028576177875554, -0.0013207223094772083, 0.003059300326704008, 6.681715884773664, 0.7876070598109619, 0.03559357415420758, 0.8742460616204834, 0.10105331220978776, 0.004285922553691864
0.00273, 0.7891672306125312, 29.936908894607008, 22.56483195307461, 32.4231547723874, 13.415396871063876, 45.838551643451275, 9.858322819312834, -19.84255867293369, 42.4073906260083, -0.0016203846252754966, -0.003511306501529714, 1.5026548492635865, -0.0013210867331015543, 0.0032120086093557717, 6.6829493827160515, 0.7905026740014434, 0.04006276415401206, 0.8782892477490716, 0.10094384886112497, 0.004285963721732919
0.00274, 0.7920097943256921, 401.22775775326386, 389.85861081078383, 403.84338189145507, 13.584397010573568, 417.42777890202865, 13.984771080671202, 363.03973914926826, 26.81887166151555, -0.001710949889649426, -0.0037129312138659935, 1.5027597938599926, -0.0012833305763435233, 0.003285311900560091, 6.683811234567903, 0.7933982881919248, 0.04431964520957819, 0.9176084606890579, 0.0988779021165962, 0.0042857363436825885
0.00275, 0.7949216046174908, 301.22786664363946, 290.0661630225495, 300.77801067683055, 13.791761098036284, 314.5697717748668, 10.711847654281037, 256.7064658901376, 33.35969713241192, 2.9533680328778806E-4, -0.0018050211184902167, 1.500775360222814, -0.0012636817462062927, 0.0033640396679842973, 6.684699660493824, 0.7962939023824063, 0.048961216308204776, 0.9407597706136231, 0.09777232806308753, 0.004285828234790921
0.00276, 0.7977748932048836, 99.99520283768506, 81.36379900749601, 100.40906254992098, 13.989300928931474, 114.39836347885245, 19.04526354242502, 50.0353127212774, 31.328486286218617, -2.726927704485814E-4, -0.0025003755510802934, 1.5013634885032894, -0.001241375683928421, 0.003469058464560133, 6.686223323045269, 0.7991895165728878, 0.053903797691683374, 0.966941385413991, 0.0965563218187, 0.004285715829774966
0.00277, 0.8005967278550529, 203.96643064882434, 190.65721085164552, 202.79783571543865, 14.171781291399512, 216.96961700683818, 12.14062486379308, 146.56287557503725, 44.09433527660825, 7.727787278006171E-4, -0.0015842387614416393, 1.5003323370466826, -0.0011817427871188444, 0.003538760276361101, 6.687300174897119, 0.8020851307633693, 0.058958088187554596, 1.0321215737326728, 0.09357049397894307, 0.004285835460726297
0.00278, 0.803479472809568, 115.53144513560807, 106.33889944748125, 114.47494304668528, 14.46705635912905, 128.94199940581433, 8.13604359920404, 59.59565785495289, 46.74324159252836, 7.011751994285384E-4, -0.0018120279144484247, 1.5004378941927277, -0.0011919409090456747, 0.003705144022922638, 6.688627242798353, 0.8049807449538507, 0.06485215340353485, 1.0259096594973078, 0.09396615716018998, 0.004285728028796026
0.00279, 0.806367970106524, 148.78856920545874, 133.74523728790626, 146.8001688942793, 14.654765949761762, 161.45493484404105, 13.054931606373104, 84.81728011502935, 48.9279571728769, 0.001324400745077081, -0.001312726627455158, 1.4998330428279532, -0.0011514711548916755, 0.0037885985274239147, 6.689911800411523, 0.8078763591443322, 0.07048463069229169, 1.0733384499108511, 0.09197662820474112, 0.004285801817154258
0.0028, 0.8091566620905314, -67.04937936448827, -77.75780210570377, -69.1611105042435, 14.959830828049428, -54.20127967619407, 8.596691601460325, -133.07697064277383, 55.319168537070055, 0.001411588287367118, -0.001416465459471028, 1.4997804338014997, -0.001137862475651016, 0.003965916222489162, 6.6908400823045335, 0.8107719733348138, 0.07702688019885115, 1.0926493442261762, 0.09126901556379602, 0.004286443472374465
0.00281, 0.8120004854206795, -51.032932896376145, -66.497948355472, -52.529961110219894, 15.187930208978582, -37.342030901241316, 13.967987245252093, -113.58121462458402, 47.08326626911201, 0.00100426354036402, -0.001958239968564726, 1.5002092125467568, -0.0011185525651251987, 0.004081056074053945, 6.692673024691357, 0.8136675875252952, 0.08341962616449283, 1.1185448233515567, 0.09031360351928087, 0.004285734807087032
0.00282, 0.8148898487456904, 321.34858726363046, 304.4592561649594, 319.61376863476977, 15.44290798899642, 335.0566766237662, 15.154512469810179, 254.0049964002714, 50.45425976468802, 0.0011679239814390602, -0.0019727134629893618, 1.5000730822124637, -0.0010791314774187552, 0.004219768921847177, 6.693906316872428, 0.8165632017157767, 0.09018279577237977, 1.1681099144345164, 0.08848145892835578, 0.004285734127814085
0.00283, 0.8176795505206736, 254.76742705555566, 241.48895381630336, 251.00996379542363, 15.71342133235, 266.7233851277736, 9.521009979120263, 177.82041744284356, 63.66853637345981, 0.0025385900239221423, -7.594463217744951E-4, 1.4987313497332464, -0.0010538485127671233, 0.0043518848584637605, 6.695447510288075, 0.8194588159062581, 0.09725020998424748, 1.2024457399778539, 0.08731197825694607, 0.004285910185560305
0.00284, 0.8204955312523783, -9.10875676289116, -21.791463263795947, -12.625495169404596, 16.028103017424836, 3.4026078480202404, 9.16596809439144, -96.40260835583729, 74.61114509204134, 0.002384348842079927, -0.0011290506222432371, 1.4989227178230173, -0.00104111969604636, 0.004554519160369524, 6.69759616255144, 0.8223544300967397, 0.10506743348574095, 1.22221459716936, 0.08670486652707116, 0.004285717376612915
0.00285, 0.8234140964991439, 86.5893554970741, 70.6854166997615, 82.92218150026157, 16.322640429832987, 99.24482193009456, 12.236764800500122, 15.391295892261295, 55.29412080750021, 0.0024950989139950665, -0.0012276859318980247, 1.4988426695146282, -0.0010174160676991702, 0.004740200913592262, 6.698410360082304, 0.8252500442872212, 0.11309174248158187, 1.2557221134324466, 0.08564051613132322, 0.004285808565632239
0.00286, 0.8262750261272409, 360.02356986139563, 344.31674064338614, 355.9259040626405, 16.55926860728149, 372.48517266992195, 11.609163419254322, 271.1585603776483, 73.15818026573783, 0.002797782560474949, -0.0010641779374609046, 1.498564441011802, -9.898332097613754E-4, 0.004851793707697229, 6.700105586419751, 0.8281456584777026, 0.12076561795454742, 1.29484504811079, 0.08443532993291185, 0.004285741154155304
0.00287, 0.8290862864213264, 140.74257966889922, 118.57283306834924, 134.59208584027775, 16.93534432709955, 151.5274301673773, 16.019252771928475, 41.589764076150374, 76.98306899219887, 0.00421408483718601, 5.9559021717054516E-5, 1.4971910667919721, -9.68908305956864E-4, 0.0051234341214258195, 6.701852695473248, 0.8310412726681841, 0.13006238181655824, 1.3262012118556834, 0.08352830768303841, 0.004285765821015115
0.00288, 0.8319011791779604, 113.63478105797321, 96.76389949521456, 108.58819224623096, 17.18453524103521, 125.77272748726617, 11.824292751016378, 28.876395935392043, 67.88750355982252, 0.003469778878209255, -8.65186395971047E-4, 1.497960821583872, -9.200988861201856E-4, 0.0052550641603004876, 6.704089187242802, 0.8339368868586655, 0.1384296217436271, 1.395663949805242, 0.0815176202311653, 0.0042860596650284135
0.00289, 0.8346528550976449, 390.81429036575423, 375.10643363873453, 383.9199606393518, 17.532373507911604, 401.4523341472634, 8.813527000617198, 284.73547945739756, 90.37095418133697, 0.004756650950562261, 1.914254174100353E-4, 1.496713535677, -9.188410423582232E-4, 0.005484066575510449, 6.705225925925927, 0.8368325010491471, 0.14798615835600432, 1.401707756888378, 0.08143572548629947, 0.004285730159442469
0.0029, 0.8375892412407203, 152.4053562434479, 130.2779776964853, 144.6983005244367, 17.882724704040065, 162.58102522847676, 14.420322827951408, 42.33501839876543, 87.94295929771987, 0.005335779662489088, 4.956501182806025E-4, 1.4961759117352194, -8.843761560123335E-4, 0.005724505700220818, 6.70800159465021, 0.8397281152396285, 0.15791421876540587, 1.4539118570581224, 0.08005246706713377, 0.004286763455536372
0.00291, 0.8403833324974838, 50.772948309278945, 31.36038370116085, 42.87854279925419, 18.206170816944955, 61.084713616199146, 11.518159098093381, -63.34328994687838, 94.70367364803923, 0.005484332924557041, 3.9697851740932814E-4, 1.4960628408746244, -8.560882184902755E-4, 0.005943442625637989, 6.709578888888891, 0.84262372943011, 0.16786360262893613, 1.4986876310333008, 0.07893807449975032, 0.00428686294851889
0.00292, 0.84315993845039, 208.4728432253817, 192.61138057787156, 200.47081563931383, 18.58371184546338, 219.0545274847772, 7.859435061442181, 76.83146632410526, 115.77991425376628, 0.005578202633452219, 1.9593656176823533E-4, 1.4960148082454412, -8.352647651635954E-4, 0.006217530836847579, 6.71169652263374, 0.8455193436205914, 0.17868387071936237, 1.5334325280069685, 0.07812794032320584, 0.004286003112068075
0.00293, 0.8459931236438172, 244.25490658177006, 228.5860811848292, 234.9913649781251, 18.99135666889234, 253.98272164701743, 6.405283793296018, 107.50123827459248, 121.0848429102367, 0.006479717429549278, 7.651637781687116E-4, 1.4951664887226308, -8.242831718343436E-4, 0.00653883682321491, 6.71362049382716, 0.848414957811073, 0.1901930308780725, 1.5539550546622687, 0.07769881712216234, 0.004285732698316398
0.00294, 0.8488265865092921, 32.47828895025081, 10.351928185527356, 22.869098922035278, 19.386181455960035, 42.25528037799531, 12.517170736507921, -96.72523135332312, 107.07715953885048, 0.0067444339061603535, 7.144401265083978E-4, 1.4949494564766497, -8.10308294127696E-4, 0.006840302073779652, 6.7163638683127544, 0.8513105720015545, 0.20176197036140509, 1.5791348775977265, 0.0771644487082667, 0.004285716384350108
0.00295, 0.8516715378767503, 183.3787220724823, 157.98728070439938, 173.9577923512333, 19.73627939634656, 193.69407174757987, 15.970511646833884, 43.89879479132134, 114.08848591307803, 0.0066347898364372574, 3.0819495433607785E-4, 1.495099777641935, -7.700303852677265E-4, 0.007096625267368906, 6.718282685185187, 0.8542061861920359, 0.21334419036030658, 1.6453836562704052, 0.07568064816628267, 0.004285753776629424
0.00296, 0.8544341130651737, 277.30066250927274, 258.1705682577492, 266.5173540212987, 20.139310475873827, 286.6566644971725, 8.346785763549507, 119.54267925299584, 138.62788900475334, 0.007620002808431666, 9.261308894303968E-4, 1.49416168168161, -7.39275262943553E-4, 0.007433147181944822, 6.721085257201638, 0.8571018003825174, 0.2258148026225946, 1.6984639822465097, 0.0745727502186805, 0.004285897535338106
0.00297, 0.8571943855712731, 193.05462143246, 173.37995600969032, 181.82978778671253, 20.591556241890597, 202.42134402860313, 8.449831777022018, 18.483558186492573, 154.89639782319776, 0.007958802971267503, 8.852268448877754E-4, 1.4938840312004418, -7.351725219997845E-4, 0.007808748648379512, 6.723274773662551, 0.8599974145729989, 0.23913961638825396, 1.70910044796651, 0.07442396143703497, 0.004285743896040303
0.00298, 0.8600590870188883, 214.8450806846486, 188.05392402162278, 202.83847479436255, 21.026788075097993, 223.86526286946054, 14.784550772739568, 45.051667519494394, 143.00225650212838, 0.008541770727062983, 0.0010203445025042035, 1.4933568887072417, -7.038809447891154E-4, 0.008225307169347894, 6.726911399176953, 0.8628930287634804, 0.252909599207677, 1.7645303677333934, 0.07332779290245504, 0.004285997971512302
0.00299, 0.8627978923969672, 186.86316271558786, 160.79307997218487, 174.2763207284431, 21.41931663301166, 195.69563736145477, 13.483240756258287, 7.805180966736682, 152.98789900544818, 0.00898461266896567, 0.0011071806619768153, 1.4929598844524914, -6.693055250800505E-4, 0.008546737532068905, 6.7295592901234516, 0.8657886429539619, 0.26629450704563656, 1.827015994852305, 0.07214346242850928, 0.004285743662042336
0.003, 0.8656184033967858, 235.7956833076902, 210.95397244334652, 222.62336703856883, 21.918354480528283, 244.5417215190971, 11.669394595222574, 31.447789175973814, 179.5061832673727, 0.009433976607902112, 0.001065017387197255, 1.4925799094579155, -6.439801723653973E-4, 0.009012939393070254, 6.732152325102878, 0.8686842571444433, 0.28134962403844155, 1.8749098907158968, 0.07129536750379142, 0.0042869763864804514
0.00301, 0.8684243448898363, 259.4277852942793, 235.23090671644647, 245.3578280824133, 22.371470745634387, 267.7292988280477, 10.126921365966815, 61.292645981429324, 173.93826073501714, 0.010110454125710171, 0.0012644329107915047, 1.4919604747239974, -6.178814712475676E-4, 0.009463902686166235, 6.735192417695471, 0.8715798713349249, 0.29642173916680775, 1.9251219968861892, 0.07043753202089464, 0.004285813729907449
0.00302, 0.8711389221397655, 248.38175936727484, 225.86259127914724, 233.57861217745702, 22.837354183590236, 256.41596636104725, 7.716020898309524, 29.07720951719664, 196.7853817619506, 0.010672653040051137, 0.0013660697622710472, 1.491461868420082, -5.997332092803983E-4, 0.009906316487060488, 6.73831266460905, 0.8744754855254063, 0.31172577859805545, 1.9617220560197837, 0.06985454539353611, 0.004285923479241589
0.00303, 0.8738829030138088, 276.3678835480954, 253.35698380008503, 260.7513137807481, 23.356355424722377, 284.1076692054705, 7.394329980663181, 29.211301306289236, 224.1456824937958, 0.011296389669025075, 0.0014123131791886102, 1.4909120536006528, -5.85011928346395E-4, 0.01046908841818286, 6.741673065843624, 0.8773710997158878, 0.32860435351579736, 1.992407568940516, 0.06939095723375262, 0.004286229348018339
0.00304, 0.8766348967886045, 274.7236375920991, 247.44203865889187, 258.1996697683453, 23.88382181203058, 282.0834915803759, 10.757631109453573, 34.418795534897946, 213.02324312399392, 0.011992212483406877, 0.0015148656513848924, 1.4902916001792024, -5.682893491357175E-4, 0.011045636181157703, 6.744617479423876, 0.8802667139063692, 0.34587846135551686, 2.027124278827157, 0.06886979137815916, 0.0042857999792215535
0.00305, 0.8793925998909562, 295.15670006952763, 266.7680014459785, 277.84106756234587, 24.3801133051301, 302.221180867476, 11.073066116367293, 30.831044716301864, 235.9369567296766, 0.012608098416234146, 0.0015866170439187482, 1.4897452913065112, -5.373867690535325E-4, 0.01155886814136893, 6.748057242798349, 0.8831623280968508, 0.3628417842922335, 2.089413843221255, 0.06790975125765396, 0.004285723765463569
0.00306, 0.8821471260684318, 305.90458481512707, 272.7759970388152, 287.5594880224466, 24.9440216024037, 312.5035096248503, 14.783490983631259, 26.844912583799676, 245.9310844550155, 0.013401481917489596, 0.0016724770925931247, 1.4890375277750407, -5.189432005735454E-4, 0.012247948025470017, 6.752178302469132, 0.8860579422873323, 0.3817260906460497, 2.128622046977791, 0.06735486313363385, 0.0042858397472708715
0.00307, 0.8848707425837666, 342.23261815680945, 317.8535848312705, 323.0369273284033, 25.448281736524063, 348.48520906492735, 5.183342497132919, 44.60019963326699, 273.2533851980035, 0.014068685219868189, 0.0017257232827836005, 1.488435520371791, -4.7019258469221476E-4, 0.012813154521776803, 6.755773539094657, 0.8889535564778137, 0.39979573397718926, 2.2294845422658325, 0.06588526840443315, 0.004285769203475824
0.00308, 0.8876027569418217, 387.47654096934366, 362.039939410832, 367.0282784535194, 26.059173235986673, 393.0874516895061, 4.9883390426878105, 47.657570849747174, 314.38236856108483, 0.015035522303497717, 0.001896669856584963, 1.4875733914578297, -4.97257707043052E-4, 0.013636110153955806, 6.75972654320988, 0.8918491706682952, 0.4205704256547325, 2.1779486039822746, 0.06673251906372314, 0.004285953747811531
0.00309, 0.8902858446109249, 368.0651983193006, 331.86971406567807, 346.4858126679758, 26.642908721369995, 373.1287213893458, 14.616098602297498, 25.002728118365493, 306.86698594731257, 0.0159187494246908, 0.0019655874601080575, 1.4867739073322976, -4.496039663479832E-4, 0.014402765930930726, 6.764290072016454, 0.8947447848587767, 0.44122533751410004, 2.27801519153312, 0.06532091791443598, 0.004285721121876142
0.0031, 0.8929671129645904, 400.0059591375163, 372.24930028393936, 377.31500671328274, 27.23522359910405, 404.5502303123868, 5.065706429342857, 47.47490389484347, 324.7743963890959, 0.01679290417427618, 0.002028771338642319, 1.4859938209325443, -4.303810348394411E-4, 0.015194513870473303, 6.767802407407403, 0.8976403990492582, 0.4622140450809627, 2.321202815212341, 0.06478012486502015, 0.00428625489476425
0.00311, 0.8956313654284882, 440.9546269607291, 411.85058738443064, 416.9416299043486, 27.838289680817223, 444.7799195851658, 5.091042519917885, 56.57049346240584, 355.2800939220248, 0.017828637194579312, 0.0022053522762844474, 1.4850597207997216, -4.281936516311877E-4, 0.016051478569926052, 6.772419794238686, 0.9005360132397396, 0.48435152757465016, 2.328690615948238, 0.0647453615340306, 0.004285860785664087
0.00312, 0.8983558435083324, 474.98186507762193, 441.3489503795935, 449.6097352525134, 28.468430390881355, 478.07816564339475, 8.260784872919997, 53.43399909190986, 387.9149512876836, 0.018898307431077465, 0.0023130578784240335, 1.484091407836321, -4.088267542870358E-4, 0.016994076306940466, 6.777136368312748, 0.9034316274302211, 0.5075233571637418, 2.372694280444123, 0.06421084721349664, 0.004285761293148928
0.00313, 0.9010293170392933, 480.8450262056954, 442.6594977883385, 453.9504389383163, 29.112204088270186, 483.0626430265865, 11.290941149978302, 48.19635041704505, 394.4631473712935, 0.02009650854576265, 0.002475308122916268, 1.4830029561409745, -3.9137199356322134E-4, 0.018012572416409602, 6.781356069958848, 0.9063272416207027, 0.5316326039362479, 2.4130814359110326, 0.06373919150114302, 0.004285720266216414
0.00314, 0.9036909682648242, 510.7196001643623, 475.81148579075045, 482.446369088422, 29.748116674961498, 512.1944857633835, 6.634883297671382, 47.785872802202704, 428.0256129885478, 0.021194173314531117, 0.0025589951659820377, 1.4820094260552186, -3.574172609132598E-4, 0.01899259540946234, 6.786503425925922, 0.9092228558111841, 0.5557448429066437, 2.490507701372518, 0.062807334888542, 0.004285826382400247
0.00315, 0.9062579582284818, 554.3641110837647, 515.4619744655954, 524.3976189725953, 30.429813017991155, 554.8274319905864, 8.935644506999248, 51.66868504705747, 463.79328941853794, 0.02253501501276489, 0.002719768191176603, 1.4807946171938275, -3.6196930241649545E-4, 0.02017721612400478, 6.791483240740738, 0.9121184700016656, 0.5818524609886839, 2.482862498716793, 0.06297066465202723, 0.00428576583654733
0.00316, 0.9089703779930299, 590.3110718096716, 547.463332820074, 558.7081516197574, 31.10937361812974, 589.8175252378871, 11.244818799683912, 49.8757560645742, 497.5875767554998, 0.02384106697108289, 0.0028229633342987505, 1.4796056228917474, -3.1705091891635423E-4, 0.02133515455570049, 6.7966886934156285, 0.915014084192147, 0.608332809475212, 2.5869593780796305, 0.061755927697661, 0.004285718380621499
0.00317, 0.9115062092864771, 641.2892509515713, 605.8057329133137, 607.7874618076037, 31.824303100895783, 639.6117649084995, 1.9817288942906703, 70.79687719142099, 535.0088557218927, 0.02535354276397641, 0.0029757742412664747, 1.4782236551951022, -3.1028589891777094E-4, 0.022688054421627708, 6.801678302469134, 0.9179096983826285, 0.6365938384280759, 2.604838788374698, 0.06160846988558374, 0.004285775962340395
0.00318, 0.9140932434022156, 651.0039836070029, 607.9947994616443, 615.5665581921727, 32.52978044410774, 648.0963386362804, 7.571758730528098, 65.81683017529824, 542.1779692863461, 0.026902997598302135, 0.003179768124004557, 1.4768101992539875, -3.0954650017532846E-4, 0.024032775974472908, 6.807372201646088, 0.92080531257311, 0.6650788986880352, 2.6087576831616524, 0.061626844349135415, 0.0042858031075632625
