Starting dry volume fraction: 0.0016
Maximum dry volume fraction: 0.0034
DryVolFrac increment: 1.0E-5
Number of particles: 108
Initial configuration: FCC
Dry microgel radius [nm]: 50.0
Box length [units of dry radius]: 51.05181058763089
Number of monomers: 2916666.666666667
Flory interaction parameter (chi): 0.0
Young's calibration factor: 1.0
x-link fraction: 5.0E-5
DryVolFrac increment: 1.0E-5
MC steps: 100000
Equilibration steps: 10000.0
Snapshot interval: 100
Displacement tolerance: 0.1
Particle radius change tolerance: 0.05
Particle radius bin width: 0.001
g(r) bin width: 0.005
phi0, phi, mu/kT, (PV/NkT)_from_dF_FR+dF_pair, (PV/NkT)_from_dF_total, (PV/NkT)_virial_measured, (PV/NkT)_virial+dF_total, (PV/NkT)_einstein, (PV/NkT)_pair_contribution, (PV/NkT)_FR_contribution, <F_total>/V, <F_pair>/V, EntropySolid, <F_reference>/V, <F_FR>/V, <alpha>, zeta, u_Hertz_nn, SpringConstant, LindemannParameter, kT/E
0.00161, 0.3610375061867152, 1.9373423776356005, 11.869999220131751, 11.95125995147576, 1.7763433715502122, 13.727603323025972, 0.08126073134418871, 12.564887276289044, -0.694888056157292, -0.0038489412230433774, -3.6173233055368433E-4, 1.503884132137069, -0.0037072085567371525, 2.1999966424745965E-4, 6.331844619341561, 0.40811813825325227, 0.0, 0.0052332579980255, 1.0966473147978077, 0.0034286273551742312
0.00162, 0.3612674028274128, -18.466133250826257, -0.04080734734051372, -8.316446026144463, 1.726108936147935, -6.590337089996528, -8.275638678803933, -1.1462445148203804, 1.1054371674798666, -0.003925356129126787, -3.977830263439544E-4, 1.5039581299042286, -0.0037466815318660356, 2.1910842908320324E-4, 6.331629115226335, 0.410653033521906, 0.0, 0.005085430724829141, 1.114770739149991, 0.0034285775164028445
0.00163, 0.3610833645591899, 2.268356284102393, 9.318497341226742, 12.385982025758326, 1.8273509403652446, 14.21333296612357, 3.0674846845316073, 6.5102318580070095, 2.8082654832197327, -0.003937110514643256, -3.721161465292553E-4, 1.5039753946949639, -0.003792977148380278, 2.279827802662779E-4, 6.331880565843623, 0.41318792879055977, 0.0, 0.004885535742272218, 1.1396833349357056, 0.0034286792537225434
0.00164, 0.3611533709958852, -15.098590051303164, 5.490250839529156, -5.100342381606543, 1.960599492645919, -3.1397428889606243, -10.590593221135785, 6.920088997925262, -1.4298381583961064, -0.003914525525667533, -3.712648012063724E-4, 1.5039598189848646, -0.0037785749682666203, 2.3531424380545996E-4, 6.331916944444449, 0.4157228240592135, 0.0, 0.005212120032888306, 1.1056521262761951, 0.003428572973682427
0.00165, 0.3632320656470685, -20.915672664942804, 0.6648130935960972, -10.73767159832145, 1.7788971437153145, -8.958774454606136, -11.40248469191756, 3.7155797789885496, -3.0507666853924524, -0.004009200971854746, -3.436027749364929E-4, 1.5040453809882686, -0.003889623688762693, 2.2402549184443992E-4, 6.3315298559670765, 0.41825771932786726, 0.0, 0.004484412057109683, 1.1944087770001863, 0.0034286344830330435
0.00166, 0.371659357459701, -9.945761090407286, -7.456942071116847, 0.18402182019591248, 1.7232336029081967, 1.9072554231041092, 7.640963891312771, -9.543629091095875, 2.0866870199790277, -0.004014390506449064, -3.5768909667846516E-4, 1.5040481690651388, -0.003880164776137255, 2.234633663666567E-4, 6.332117026748971, 0.420792614596521, 0.0, 0.0047429421779645485, 1.163741552338463, 0.0034287383488743367
0.00167, 0.37309838360192027, -6.842981189925983, -2.375384316921452, 3.3322385596149644, 1.9055501964166828, 5.237788756031647, 5.707622876536257, -4.274120137681582, 1.8987358207601293, -0.004056688483065227, -3.934797544718957E-4, 1.5040999057396893, -0.003899889746770493, 2.366810181771616E-4, 6.3314696810699616, 0.42332750986517476, 0.0, 0.004772068631975294, 1.1625096776697235, 0.003428775771036223
0.00168, 0.3773482947162049, -1.2304152679633118, 3.00718916823274, 8.860239050727062, 1.8663676188189076, 10.72660666954597, 5.853049882494334, 4.281445354105824, -1.274256185873084, -0.004047063334904911, -3.828088494857692E-4, 1.5040892448723318, -0.00389961815074249, 2.353636653233479E-4, 6.332264701646087, 0.4258624051338285, 0.0, 0.0049648263028792, 1.1419896245696894, 0.0034285765733292417
0.00169, 0.37981817284065766, -11.765402968514548, -9.62954181977549, -1.6960388933117978, 1.8120702895157925, 0.11603139620399472, 7.933502926463657, -9.625152631033055, -0.004389188742434807, -0.00406256328322379, -3.775946069295464E-4, 1.5041012388859538, -0.003918367517745698, 2.3339884145145434E-4, 6.332941471193415, 0.42839730040248225, 0.0, 0.005001731991353074, 1.1400217053141126, 0.003428958441821017
0.0017, 0.37601846238824266, -16.735122626001335, 9.850374688753528, -6.624765382018909, 1.913638642372267, -4.711126739646642, -16.475140070772575, 10.891033973492942, -1.040659284739414, -0.004103238996102126, -4.3323414329299087E-4, 1.5041472248065921, -0.003908109677766829, 2.3810482495769335E-4, 6.331888395061731, 0.430932195671136, 0.0, 0.005286715804807564, 1.1110520844650675, 0.0034285722357080234
0.00171, 0.37727545449262034, -10.471572901888091, 8.76076446501219, -0.3242467383719091, 1.7682194408537273, 1.443972702481818, -9.085011203383969, 9.692930359240446, -0.9321658942282551, -0.004142467607899104, -3.3069062243568656E-4, 1.5041791803675502, -0.004043008278072446, 2.312312926090281E-4, 6.331479207818927, 0.43346709093978975, 0.0, 0.004396012068640744, 1.2208070424424062, 0.0034289494664180124
0.00172, 0.3774430307126114, -0.5199284630434254, -9.299552197695402, 9.594628963007668, 1.8020037236798965, 11.396632686687564, 18.894181160703212, -11.661908480315189, 2.3623562826197873, -0.004153237073780605, -3.908215364796275E-4, 1.5041921446309687, -0.003998774057525906, 2.3635852022492893E-4, 6.331812098765435, 0.4360019862084435, 0.0, 0.004913049349402283, 1.1570310475753853, 0.0034286691328312274
0.00173, 0.3807921922505412, -10.15092743884641, -0.4954682143478888, -0.11490067071141538, 1.9364197923928335, 1.8215191216814182, 0.3805675436363505, -1.6931485508636035, 1.1976803365157147, -0.00414495008344753, -3.909165703222036E-4, 1.5041906529669198, -0.003999292581012385, 2.452590678870585E-4, 6.331920072016461, 0.43853688147709724, 0.0, 0.005098223239528232, 1.1380212476193103, 0.003428667408910352
0.00174, 0.3876348074093624, -7.1225736355059, 10.293352733596413, 2.9924018366692797, 1.8980736225421717, 4.890475459211451, -7.300950896927155, 10.454617378804269, -0.1612646452078558, -0.004201704182146391, -4.0342499202631937E-4, 1.504246490259379, -0.004043191577665686, 2.4491238754561335E-4, 6.332386728395067, 0.441071776745751, 0.0, 0.00492927500797784, 1.1595851696030464, 0.003429067949734568
0.00175, 0.3859052349128148, -15.416868747120443, -1.8558492311341408, -5.414138586215495, 1.9032542306657567, -3.5108843555497384, -3.558289355081375, -1.7492382700275642, -0.10661096110657665, -0.004178957867496333, -3.456365181769353E-4, 1.5042245459176158, -0.00408062552015785, 2.4730417083845217E-4, 6.331950956790123, 0.44360667201440473, 0.0, 0.004817666006027554, 1.1751828163002171, 0.0034287415832424777
0.00176, 0.38858948070679217, -14.946581312598395, 1.8601515247068643, -4.77135705320793, 1.9081562117233868, -2.863200841484543, -6.631508577914678, 0.5094425540970489, 1.3507089706098154, -0.004275314308189487, -4.157271211822393E-4, 1.5043208760262707, -0.0041068168780904355, 2.4722969108318754E-4, 6.331892664609054, 0.4461415672830585, 0.0, 0.004795376360316948, 1.180150244633804, 0.003428607819009638
0.00177, 0.3900334774065307, -12.044353916260572, -4.408536476604699, -1.9857610304777333, 2.039743776747427, 0.05398274626969357, 2.422775446127032, -4.815348813660069, 0.40681233705537095, -0.004250322536443083, -3.479282809873745E-4, 1.5043026950407286, -0.004158957014882457, 2.565627594267492E-4, 6.331991995884775, 0.44867646255171223, 0.0, 0.0045802108948242316, 1.2098349087300138, 0.0034285753804180127
0.00178, 0.39167787427573014, -16.46615624586568, -32.98053844494406, -6.269930529656447, 1.9143723109379613, -4.355558218718485, 26.710607915287373, -32.38638783881671, -0.5941506061273523, -0.00433282186205312, -4.4265011117991716E-4, 1.5043796142544552, -0.004142242842017795, 2.520710911445921E-4, 6.3322122839506125, 0.451211357820366, 0.0, 0.004881165964739734, 1.1741474540198136, 0.003428603203377892
0.00179, 0.3897623232907029, 11.282638434159118, 30.312690644045052, 21.412824206646793, 2.0307290623193692, 23.443553268966163, -8.899866437398105, 31.433051636661542, -1.12036099261649, -0.004328942641250673, -5.075354891453728E-4, 1.5043813695958892, -0.004077965310805926, 2.565581587006256E-4, 6.332355308641978, 0.4537462530890197, 0.0, 0.0056024703444339735, 1.0980083790730968, 0.0034285730284632047
0.0018, 0.3968336859804574, -0.6339190198762555, 23.450669316933112, 9.323652650217772, 1.837971373121663, 11.161624023339435, -14.127016666715265, 24.15452053067774, -0.7038512137446266, -0.004278951231715669, -2.9823913243500936E-4, 1.504321355420667, -0.004230300432330177, 2.49588333049518E-4, 6.332097489711937, 0.45628114835767347, 0.0, 0.004573620877272952, 1.2175080686069557, 0.003428575891386846
0.00181, 0.39227236264865956, -12.105348982141974, -25.072017093462208, -2.0800943339925464, 1.914580983463262, -0.1655133505292843, 22.991922759469517, -28.261898834410133, 3.189881740947924, -0.004331969381616671, -3.9551991706937854E-4, 1.5043787092332657, -0.004192420184952408, 2.559707204051152E-4, 6.3321424588477315, 0.4588160436263272, 0.0, 0.005032202534336436, 1.162853209957802, 0.0034285848614484518
0.00182, 0.40139994792228567, -0.5967407175492055, 7.336310189737478, 9.384432901028864, 2.111444076078323, 11.495876977107187, 2.0481227112915232, 6.931908574672785, 0.40440161506469324, -0.004336750015566479, -4.375501452787639E-4, 1.5043942977618736, -0.0041668471724960795, 2.6764730220836405E-4, 6.332324290123457, 0.46135093889498097, 0.0, 0.00542653038153997, 1.1218645814350403, 0.0034287645947495885
0.00183, 0.3947353818798286, -23.37790492632522, -6.811743281337409, -13.45569414626978, 1.8927366204245817, -11.562957525845198, -6.643950864932362, -5.961033190083881, -0.8507100912535287, -0.004334818608664936, -3.672307349824822E-4, 1.5043813100962464, -0.004228430648713672, 2.608427750312188E-4, 6.3323256069958855, 0.4638858341636347, 0.0, 0.005112437073362067, 1.1579259919280382, 0.0034285945230227138
0.00184, 0.3968311129655198, -22.658779856609403, -23.08331389195658, -12.531989593381907, 2.04161814287688, -10.490371450505027, 10.551324298574544, -24.996512961118146, 1.9131990691615666, -0.00444837128941119, -4.700254328784111E-4, 1.5045029263744756, -0.004244782057967032, 2.6643620143425306E-4, 6.332260390946497, 0.46642072943228846, 0.0, 0.0051654366020020305, 1.1540647703040792, 0.0034287805402892515
0.00185, 0.408570482624499, 4.993791963638687, 19.35935004467462, 15.05369538235957, 2.126304637591726, 17.180000019951294, -4.305654662314996, 19.140879029901274, 0.21847101477334635, -0.00444300631322325, -4.916892650136641E-4, 1.5045020864263452, -0.004224190721577844, 2.728736733682587E-4, 6.332467839506173, 0.4689556247009422, 0.0, 0.005520545287896057, 1.118348985532495, 0.0034285716451417864
0.00186, 0.40165393667724714, -4.07662091455822, 17.706932646605647, 5.887582443004046, 1.9956377884376693, 7.883220231441715, -11.819350203601427, 18.730151117614785, -1.023218471009138, -0.0044245276891376195, -3.839500271181967E-4, 1.5044774649691113, -0.0043110069713694155, 2.704293093499927E-4, 6.332278477366251, 0.47149051996959596, 0.0, 0.0050102418344880675, 1.176032699501097, 0.0034286229103783206
0.00187, 0.4061591928069766, -14.306540615674702, 22.649137510377784, -4.3106295232015475, 2.0121954100474717, -2.2984341131540758, -26.959767033579368, 25.606344985008562, -2.9572074746307786, -0.004462470744313162, -4.063878758721161E-4, 1.5045162519877378, -0.004326978875519604, 2.7089600707855906E-4, 6.3327552880658375, 0.4740254152382497, 0.0, 0.005064784584720504, 1.1717756618122093, 0.0034285734374210754
0.00188, 0.407211212559868, -8.773832517421749, 7.966031439585859, 1.2365659173544785, 1.8125941050561245, 3.049160022410603, -6.7294655222315045, 8.200200667397597, -0.2341692278117381, -0.004492836388863507, -2.6603513014613657E-4, 1.5045363784508154, -0.0044860082259454565, 2.5920696722808544E-4, 6.332051934156378, 0.47656031050690345, 0.0, 0.004131093379490911, 1.299764100618331, 0.0034286386773627036
0.00189, 0.413550423788333, -2.0784874676867773, -20.995747563741688, 7.904491576373135, 1.9504366140459823, 9.854928190419118, 28.900239140114845, -24.418340839012323, 3.4225932752706347, -0.004504362708763404, -3.7006496271426397E-4, 1.504555423989401, -0.00440683319835187, 2.725354523027299E-4, 6.332770936213993, 0.4790952057755572, 0.0, 0.004817097252779077, 1.2057917867297134, 0.003428572916516044
0.0019, 0.4050209154385062, -16.58540593968256, -10.438959641004, -6.658501304559902, 2.0563620276029875, -4.6021392769569145, 3.7804583364441866, -12.095988151139462, 1.6570285101354616, -0.004502760435502615, -3.8654015089655555E-4, 1.5045604340355108, -0.004394652904012957, 2.78432619406898E-4, 6.333048230452676, 0.48163010104421095, 0.0, 0.005077392204591398, 1.176545168797338, 0.003428585736427014
0.00191, 0.4075704497875047, -22.444474026307496, -20.306047725658484, -12.392359622084003, 2.092689498697351, -10.299670123386651, 7.91368810357446, -21.21953948958206, 0.9134917639235769, -0.004583552188917989, -4.318878955829572E-4, 1.5046441201783305, -0.0044350423436626965, 2.83378050327665E-4, 6.332178281893005, 0.4841649963128647, 0.0, 0.004949539846869817, 1.193730995112297, 0.0034286446113990536
0.00192, 0.4189228422163971, -5.952123293234649, -0.7074600721004988, 4.105172689712848, 2.1733769992686143, 6.278549688981462, 4.812632761813234, 0.40383115703405903, -1.1112912291345578, -0.004609924905094149, -4.923783752347581E-4, 1.5046744000290042, -0.0044033080605848695, 2.85761530725478E-4, 6.333454650205759, 0.48669989158151844, 0.0, 0.00536521796011496, 1.148553294442781, 0.003428608941468203
0.00193, 0.41713503442861405, 2.1482146716843227, 14.55148605293326, 12.157842121389804, 2.029694787964956, 14.18753690935476, -2.393643931543368, 12.240702619867466, 2.3107834330657937, -0.00461197148423831, -4.350886852471579E-4, 1.5046684613099834, -0.004457931507160598, 2.810487081694457E-4, 6.332969310699591, 0.4892347868501722, 0.0, 0.005122406470482251, 1.1774970961591482, 0.003428598857108401
0.00194, 0.41607455179700414, -15.156041199171511, 0.7880190644152527, -5.224575222972796, 2.230554270661544, -2.9940209523112524, -6.012594287388061, 0.9342573888913192, -0.14623832447606644, -0.004599667935579517, -4.384420164074941E-4, 1.5046685469452667, -0.004460933049917434, 2.997071307454119E-4, 6.3323676851851864, 0.49176968211882593, 0.0, 0.005274006968794646, 1.1624509965391578, 0.003428577736391805
0.00195, 0.4198122302265441, -20.225761414560775, 4.699166020188405, -10.163350234091547, 1.994211932613558, -8.16913830147799, -14.862516254279981, 6.590143023984001, -1.8909770037955962, -0.004684336250474887, -4.351479555879986E-4, 1.5047395806521593, -0.004532628530724528, 2.834402358376392E-4, 6.3323863065843655, 0.4943045773874797, 0.0, 0.004915353143302048, 1.2061794778266852, 0.0034288321619089304
0.00196, 0.41691176452771256, -1.6295165418222253, 11.278422590108061, 8.406993265380185, 2.151402035368876, 10.558395300749062, -2.871429324727844, 11.37109483192194, -0.09267224181387901, -0.004696238832787257, -4.1143945722375407E-4, 1.504760845925956, -0.004578384835528024, 2.935854599645213E-4, 6.3328836213991755, 0.4968394726561334, 0.0, 0.004758620081488881, 1.227974272068306, 0.003428664567944153
0.00197, 0.42685247406247634, -10.931360747623723, -3.5911510444223693, -0.9545627106940526, 1.9534641258303074, 0.9989014151362547, 2.6365883337283176, -0.9934482245001535, -2.597702819922216, -0.004692116618849318, -3.8505333887039176E-4, 1.5047463614011796, -0.004593056808455041, 2.859935284761146E-4, 6.333027644032924, 0.4993743679247871, 0.0, 0.004817982857252001, 1.2224578039143694, 0.0034285733115256103
0.00198, 0.43218507926247024, -5.71027663421323, -8.526665840482854, 4.335272071377276, 1.940207605174339, 6.275479676551615, 12.861937911860197, -10.927666786784531, 2.4010009463016764, -0.004748432235718408, -4.2009199404580497E-4, 1.50480170954697, -0.004612426071901635, 2.840858302290323E-4, 6.3334080658436225, 0.5019092631934409, 0.0, 0.004844968567985735, 1.221107809162713, 0.0034285759977592738
0.00199, 0.4313303505291985, -12.413448256447204, 16.342093934411338, -2.479529831605134, 2.1732342624726253, -0.30629556913250866, -18.82162376601653, 14.062850288552758, 2.2792436458585787, -0.004719381181432033, -4.414724579129385E-4, 1.5047869078942768, -0.004578235740905073, 3.003270173859788E-4, 6.332592654320986, 0.5044441584620947, 0.0, 0.005255795618449018, 1.174382447784838, 0.0034286923825343303
0.002, 0.4262495023642594, -9.983387908568515, 4.766838960468807, 0.08583979253055711, 2.0823007431646334, 2.1681405356951906, -4.680999167938363, 4.978176285296812, -0.21133732482800585, -0.004807702085243279, -3.5738373904902436E-4, 1.5048709053193507, -0.004748305125189541, 2.9798677899528655E-4, 6.333016893004111, 0.5069790537307484, 0.0, 0.004271829460354632, 1.304810588869, 0.0034286481554502055
0.00201, 0.4321793385480157, -1.125944100511781, -23.238252662045873, 8.808466557999209, 2.1788431715705503, 10.987309729569759, 32.04671922004502, -23.886593913192907, 0.6483412511470326, -0.0047670483474656095, -4.2127725440179364E-4, 1.5048346272060196, -0.004648068916842562, 3.0229782377874583E-4, 6.333493775720164, 0.5095139489994022, 0.0, 0.005082814871033312, 1.198186164160911, 0.0034285739352597597
0.00202, 0.4295829782505132, -12.377831776140676, 3.6019429794526547, -2.397151437423657, 2.190752709214451, -0.2063987282092059, -5.999094416876297, 3.7322127729664887, -0.13026979351383391, -0.004813078072320527, -4.7562563737306207E-4, 1.5048826413216194, -0.0046415427539357275, 3.040903189882617E-4, 6.332472623456794, 0.5120488442680559, 0.0, 0.005297356505323632, 1.1756154445361, 0.0034288518294193
0.00203, 0.42948995688055663, -6.003710249548821, -2.45139078953279, 3.954773523421573, 2.1117937917131564, 6.06656731513473, 6.406164312954489, -4.273581904929033, 1.822191115396243, -0.004826148140823591, -4.081664157836098E-4, 1.504891767069469, -0.004722668351609036, 3.0468662656905475E-4, 6.332360689300405, 0.5145837395367097, 0.0, 0.0048863225170517385, 1.2260797191531196, 0.0034287586851271244
0.00204, 0.4304332302516721, -4.111614827533045, 2.667516638362496, 5.830075608348991, 2.275871135842186, 8.105946744191176, 3.162558969986437, 3.910897991485328, -1.2433813531228315, -0.0048417436772137425, -5.000518319172562E-4, 1.504917388257478, -0.004657484324668361, 3.157924793718745E-4, 6.332473569958852, 0.5171186348053634, 0.0, 0.00552131835552233, 1.1553132525088128, 0.00342857142989067
0.00205, 0.43958866320535106, -18.3037414908438, 19.062997475585256, -8.402300341731333, 2.070536228765647, -6.331764112965686, -27.465297817316632, 21.73725511967129, -2.6742576440860346, -0.004845779655540346, -3.943957223057834E-4, 1.5049088439196514, -0.004753229855848408, 3.0184592261384537E-4, 6.333372355967082, 0.5196535300740172, 0.0, 0.004994477933206358, 1.216701373106089, 0.0034286343339901344
0.00206, 0.4377027281918258, -16.9964036237274, -15.523620202843425, -6.973528226146702, 2.091140676664649, -4.882387549482053, 8.55009197669676, -18.99853109608316, 3.4749108932397346, -0.004929137605274063, -4.0011184701534396E-4, 1.504994538652224, -0.004834994436205269, 3.059686779465505E-4, 6.333460216049376, 0.5221884253426708, 0.0, 0.004609651397566732, 1.26852625086504, 0.003428647751053749
0.00207, 0.44458763453381056, 3.8841067115245003, 7.203919491830473, 13.85409822271054, 2.240527967788963, 16.094626190499504, 6.650178730880115, 6.239903191369791, 0.9640163004606824, -0.004926931505085382, -4.889916074075689E-4, 1.5050016264654618, -0.00475934786734435, 3.2140796966653615E-4, 6.334023703703704, 0.5247233206113247, 0.0, 0.005275564859568647, 1.1876816838029558, 0.003428674606377643
0.00208, 0.4453180275459636, -6.18907782108303, 23.22701026970137, 3.7000765946793446, 2.1182279240718973, 5.818304518751242, -19.526933675021898, 24.28723047454458, -1.0602202048432074, -0.004910592361794997, -3.7504306048901195E-4, 1.5049772196421642, -0.0048492262090469905, 3.1367690774100577E-4, 6.333336820987655, 0.5272582158799783, 0.0, 0.004818282421067825, 1.2447613051176591, 0.0034285744217199725
0.00209, 0.44294527540213635, -21.56713390186856, -18.451545835469375, -11.633323382932304, 2.1729851293617375, -9.460338253570566, 6.818222452537068, -20.16030866276192, 1.7087628272925461, -0.004956482174937556, -3.7663480716042507E-4, 1.5050270684966227, -0.00489920928296556, 3.193619151884295E-4, 6.334038395061726, 0.5297931111486321, 0.0, 0.004647923288509861, 1.2693957697518206, 0.003428573591503867
0.0021, 0.44467271488853644, 1.3224703600878565, 0.03231050838850358, 11.32284362809886, 2.2241871938071736, 13.547030821906034, 11.290533119710311, -0.7398314122311495, 0.772141920619653, -0.005013567840859212, -4.7490560466119055E-4, 1.5050873594309464, -0.004863553980337272, 3.2489174413925044E-4, 6.3340308230452695, 0.5323280064172858, 0.0, 0.005031460184682866, 1.2219980284384897, 0.003428680040276175
0.00211, 0.4322995333458595, -7.581222019640678, 4.832673393563269, 2.245893893807193, 2.2256825274500978, 4.471576421257291, -2.5867794997562013, 3.9120180913716194, 0.9206553021916498, -0.004950167844090541, -3.846901524703452E-4, 1.5050247310148597, -0.004891620519998718, 3.261428283785226E-4, 6.332854670781893, 0.5348629016859396, 0.0, 0.00499844061716906, 1.227970622722722, 0.003428721190139546
0.00212, 0.4520141357791263, -36.18662865562748, -32.67900105738851, -26.209077569204876, 2.277477181018023, -23.93160038818685, 6.4699234881835075, -33.678369207652004, 0.9993681502634899, -0.0050497655096323, -4.598734463161061E-4, 1.505127867515619, -0.00492227101393913, 3.323789506229354E-4, 6.334179238683127, 0.5373977969545933, 0.0, 0.0049489144155423475, 1.2360463100151815, 0.0034285878100631154
0.00213, 0.4425492095582806, 7.600774799345993, 27.45029208444696, 17.67539787469227, 2.299080094323812, 19.974477969016082, -9.774894209754585, 29.837334654715207, -2.387042570268246, -0.005122946268821759, -5.498309492493272E-4, 1.5052031889923692, -0.004907165429861021, 3.340501102885886E-4, 6.332940956790115, 0.5399326922232471, 0.0, 0.005206213394817308, 1.207007528724639, 0.0034285996294009078
0.00214, 0.45377263312155486, 13.304439780053606, 36.1839029426861, 23.11770744698305, 2.117718314753678, 25.235425761736728, -13.06619549570295, 37.313938274372724, -1.1300353316866203, -0.0050134744832129735, -3.225733992643891E-4, 1.5050826570323985, -0.005015019366592534, 3.241182826439496E-4, 6.333452901234564, 0.5424675874919008, 0.0, 0.004655790662013659, 1.278357417738012, 0.0034285808181058154
0.00215, 0.4556481203323178, -27.855213619592945, -38.30808946055239, -17.99807019871551, 2.233447185497516, -15.764623013217994, 20.310019261836896, -41.3141324646764, 3.00604300412401, -0.0050594222481398395, -3.7468472223758096E-4, 1.5051364952401227, -0.005016421257752103, 3.316837318498443E-4, 6.334145257201643, 0.5450024827605546, 0.0, 0.0047920937303303586, 1.262005541157286, 0.0034285715954095533
0.00216, 0.4634665859470264, -10.36078478787485, 1.3557431639709545, -0.3804620658281561, 2.337202750687668, 1.956740684859512, -1.736205229799165, 4.540517129800391, -3.1847739658294367, -0.005146473331366141, -5.233192905802158E-4, 1.505229249933522, -0.004964710551591188, 3.415565108052635E-4, 6.3337055349794245, 0.5475373780292083, 0.0, 0.005284951365226375, 1.2035806029999347, 0.0034286395112482697
0.00217, 0.4614676142085654, 6.51664019409683, 11.27106721065436, 16.378425470891294, 2.028992073604464, 18.407417544495758, 5.107358260237024, 9.900060094032428, 1.3710071166219324, -0.005108891351538887, -3.578508988624001E-4, 1.5051733792616455, -0.005070680569232802, 3.196401165563142E-4, 6.334186141975312, 0.5500722732978621, 0.0, 0.004744777956238348, 1.2722029308792298, 0.0034285886218720332
0.00218, 0.45922824798896095, 10.304232040988595, -3.8332320894303784, 20.133206479400947, 2.4073127803322976, 22.540519259733244, 23.96643856883138, -12.743064780594478, 8.9098326911641, -0.0051153586663888855, -4.7934815052052724E-4, 1.5052041292320637, -0.0049870590953200195, 3.510485794516618E-4, 6.334048960905351, 0.5526071685665158, 0.0, 0.005448534639900011, 1.1890224834428675, 0.0034286775764608363
0.00219, 0.464159566303188, -16.333743383111628, -13.526397532572478, -6.656122648032083, 2.5731388480624275, -4.082983799969655, 6.870274884540372, -12.668682060046633, -0.8577154725258447, -0.005059692267616211, -4.2309224081587236E-4, 1.5051595627141268, -0.00500200208997355, 3.654020631732114E-4, 6.33455274691358, 0.5551420638351696, 0.0, 0.00550429581442395, 1.1847905525120597, 0.003428598856759055
0.0022, 0.4561391726112746, -25.63960558498944, -20.510001165004795, -15.75149688344346, 2.4048774040903496, -13.34661947935311, 4.758504281561427, -20.475652080315065, -0.034349084689728145, -0.005193346546347388, -5.437005077705186E-4, 1.5052823972599612, -0.004999936333455099, 3.502902948782295E-4, 6.3343766152263425, 0.5576769591038233, 0.0, 0.005682605220467305, 1.1678262808968425, 0.0034286244565779273
0.00221, 0.4531629877211998, -4.545867481443985, 50.778972128607535, 5.2762056052184585, 2.5289527117116624, 7.805158316930121, -45.502766523389035, 51.89460300552345, -1.115630876915918, -0.00518211236664954, -5.257990099530551E-4, 1.5052811439386347, -0.00502473587229729, 3.6842251560080557E-4, 6.333270236625516, 0.5602118543724771, 0.0, 0.005667443916439067, 1.171156418259697, 0.0034285808678452606
0.00222, 0.4663445015570541, -2.1021282941005275, 11.353448998136978, 7.737852108165253, 2.2311631409874364, 9.96901524915269, -3.615596889971828, 11.92038140083157, -0.5669324026945914, -0.0052150514647567635, -3.006803922079241E-4, 1.505294737395973, -0.005262668762777932, 3.4829769022909303E-4, 6.333869639917697, 0.5627467496411308, 0.0, 0.0043123611898067404, 1.3446353387239725, 0.0034285729816821895
0.00223, 0.47037684606560914, -15.36847399658431, -28.105059613653236, -5.615638082949329, 2.502307342213359, -3.11333074073597, 22.489421530703723, -28.608687848251158, 0.5036282345979237, -0.005192149289920123, -4.715922136107975E-4, 1.5052890575928743, -0.005089410506110587, 3.688534298012622E-4, 6.334642427983539, 0.5652816449097846, 0.0, 0.005531238094538539, 1.1890538904110284, 0.0034288613487898382
0.00224, 0.46510805926060916, -21.483043292128894, -2.5076739162463717, -11.593701339913844, 2.278633927546342, -9.315067412367501, -9.086027423667597, -1.1875478608382617, -1.32012605540811, -0.005288430522886833, -4.415063413800595E-4, 1.505371407949058, -0.005200934621935802, 3.540104404290285E-4, 6.33414930041152, 0.5678165401784383, 0.0, 0.004946939999491493, 1.2591924522252114, 0.0034286195344001374
0.00225, 0.4664318534707244, 0.5855966687802799, -7.011197597208762, 10.442701092446319, 2.411052404113249, 12.853753496559568, 17.45389868965509, -9.837754769742602, 2.8265571725338408, -0.005294723265898108, -4.812043578822951E-4, 1.5053869779154283, -0.005179230007704228, 3.6571109968841465E-4, 6.333239269547328, 0.5703514354470921, 0.0, 0.0052331719481182315, 1.2260911682752127, 0.00342858097860835
0.00226, 0.4815465831941199, -6.978685475017525, 8.344410834697198, 2.817957905330312, 2.4285328483899535, 5.246490753720265, -5.5264529293666955, 7.788935311958695, 0.5554755227385043, -0.005285634504751997, -4.927555324660365E-4, 1.5053801133575428, -0.005163635994423771, 3.7075702213781056E-4, 6.335184259259259, 0.5728863307157458, 0.0, 0.005491201347654501, 1.1987084201879736, 0.003428588653570825
0.00227, 0.47266531622151214, -27.140728194157678, 6.914072526886028, -17.308984289862995, 2.4020070203242114, -14.906977269538784, -24.223056816748972, 7.260625582522892, -0.3465530556368638, -0.005328044034587087, -4.4837559962156083E-4, 1.5054212897073107, -0.005251312770504392, 3.716443355388662E-4, 6.3346880555555565, 0.5754212259843996, 0.0, 0.005066359725745983, 1.249793806702547, 0.0034285883186808675
0.00228, 0.47665435008845347, -11.562137996681361, 14.10544333653271, -1.6133535214755423, 2.4063722823180482, 0.7930187608425059, -15.718796858008247, 19.694118862809756, -5.588675526277045, -0.00541522193628841, -4.6203904473574053E-4, 1.5055095020307976, -0.005325559644167094, 3.7237675261442483E-4, 6.334294691358028, 0.5779561212530533, 0.0, 0.004755999449520036, 1.2918194277689257, 0.0034286340577372736
0.00229, 0.4784399923525988, 6.789159095058655, 8.186890911377146, 16.63601561151392, 2.150647703540618, 18.786663315054536, 8.44912470013684, 2.234529052426726, 5.952361858950421, -0.005383249177033561, -3.5839608269252484E-4, 1.5054590947940865, -0.005373079932561823, 3.4822683822078725E-4, 6.335235246913578, 0.5804910165217071, 0.0, 0.004616511442174, 1.3131045205035918, 0.0034285976892433046
0.0023, 0.4736654208425376, -15.708034007651195, -4.6415864924947945, -5.90479686783898, 2.619374773755929, -3.285422094083051, -1.2632103753443102, -9.08204771621967, 4.440461223724875, -0.005382806089405934, -4.545000512025301E-4, 1.5054928149235371, -0.0053321445076354125, 4.038384694320094E-4, 6.333512345679014, 0.5830259117903608, 0.0, 0.004995472641989078, 1.2641504008747642, 0.003428582501804724
0.00231, 0.4804173359108558, 7.040673070398401, -4.873723154576707, 16.93827571231857, 2.2876504332560197, 19.22592614557459, 21.811998866895234, -9.088451847109202, 4.2147286925324945, -0.00545824951479076, -4.057118406737923E-4, 1.5055450606335214, -0.005425477791803292, 3.7294011768632443E-4, 6.3350465020576125, 0.5855608070590146, 0.0, 0.004585545302824018, 1.321355244913321, 0.0034285722048377843
0.00232, 0.4765941614953189, 23.84313708347932, -3.2852917202151044, 33.50116810078973, 2.879735080170278, 36.380903180960004, 36.78645982100484, -14.68442653421492, 11.399134813999815, -0.005349189351750497, -5.014068689273433E-4, 1.5054770884475341, -0.005274973718179243, 4.2719123535609E-4, 6.334417767489716, 0.5880957023276683, 0.0, 0.005664780005329806, 1.190553450023999, 0.003428583797977636
0.00233, 0.4956207259180619, 15.413195398809503, 28.42054537406938, 25.02117795724984, 2.8539618786432577, 27.875139835893098, -3.3993674168196937, 27.937638630371286, 0.4829067436980957, -0.005344406921021157, -4.801472857634894E-4, 1.5054715522137938, -0.0052953092955859765, 4.310496603283085E-4, 6.336943611111113, 0.5906305975963221, 0.0, 0.005681107714752453, 1.1905470292235838, 0.0034286665578135
0.00234, 0.49271611835941587, -7.93937237406823, -7.74828846101412, 1.5043746567796055, 2.875768750580619, 4.380143407360224, 9.25266311779386, -11.179920348982288, 3.4316318879681678, -0.005275596764653643, -3.7213590626648325E-4, 1.5054041741477426, -0.005336657800686972, 4.33196942299812E-4, 6.336677016460904, 0.5931654928649758, 0.0, 0.005554946365778197, 1.2057106894375773, 0.003428572368132013
0.00235, 0.4930856527270524, -37.623461033139485, -42.28010090249211, -28.02967941243848, 3.0704077799877507, -24.95927163245073, 14.25042149005374, -36.17467109005512, -6.10542981243699, -0.005382314631772563, -5.367081221424238E-4, 1.5055249593182993, -0.005296743543262079, 4.5113703363194017E-4, 6.336450257201646, 0.5957003881336296, 0.0, 0.00598879420204801, 1.1628687146217562, 0.0034286203040815935
0.00236, 0.49658399762565225, -42.235066672435785, -23.37084359968211, -32.552508505975304, 2.5987112151720106, -29.953797290803294, -9.18166490629335, -15.618263646862568, -7.752579952819542, -0.005455235558643127, -5.494249665267403E-4, 1.5055653652888146, -0.005313695718501716, 4.078851263853294E-4, 6.33601826131687, 0.5982352834022833, 0.0, 0.006028731116181636, 1.1606523030888791, 0.003428573516664996
0.00237, 0.47978883838879716, 8.037284079693759, 26.641394095359136, 17.90651958268789, 2.6948960619423286, 20.601415644630215, -8.734874512671267, 21.403473127508693, 5.237920967850443, -0.005583972220754581, -6.159359817838676E-4, 1.5057020878066065, -0.005385614083579898, 4.1757784460918427E-4, 6.334728076131693, 0.6007701786709371, 0.0, 0.005684572392892182, 1.1969563370396352, 0.0034285774163664664
0.00238, 0.49030218574411727, 14.797628940203602, -14.362446349865863, 24.331280869301434, 2.8369628732400742, 27.16824374254151, 38.69372721916724, -34.76367855522959, 20.401232205363726, -0.005416860353933615, -4.5242868209758967E-4, 1.5055442713600444, -0.005400849892295685, 4.3641822045965996E-4, 6.336082705761315, 0.6033050739395908, 0.0, 0.005735059017796773, 1.1933498983128012, 0.003428622929071974
0.00239, 0.47951453143248457, -10.327926286688868, -11.49821056723935, -0.6651080593700383, 3.6334948262830293, 2.968386766912991, 10.833102507869258, -14.88518082782956, 3.3869702605902083, -0.005513318746998388, -7.857222419458419E-4, 1.5056987918934517, -0.00524625043818507, 5.186539331325232E-4, 6.334357211934156, 0.6058399692082446, 0.0, 0.007068581160583515, 1.0764097007402988, 0.0034285719096295735
0.0024, 0.48019378714342914, 9.817080480922316, 60.60622024797542, 19.357351363000074, 3.0275621534629105, 22.384913516462984, -41.24886888497527, 75.51842305395695, -14.912202805981527, -0.005466172569546073, -5.300752668471226E-4, 1.5056080088351784, -0.005393027315208215, 4.5693001250926487E-4, 6.334841121399175, 0.6083748644768983, 0.0, 0.006104551684593661, 1.1599019721468202, 0.003428588978490817
0.00241, 0.5010330028096955, -28.672446261010865, -30.275098252263952, -19.171286944133872, 2.9280373869202547, -16.243249557213616, 11.103811308130114, -35.93977865017241, 5.664680397908456, -0.005466445640440296, -4.2956562612996864E-4, 1.5056045494519927, -0.0054881411738782705, 4.512611595679433E-4, 6.3369916872428025, 0.6109097597455521, 0.0, 0.0056071858072639265, 1.211930273656621, 0.003428657264834772
0.00242, 0.5070815554452809, -4.427821330488682, 4.794254355327886, 5.270566703481088, 3.273139170393918, 8.543705873875005, 0.4763123481532826, 5.392728416834967, -0.5984740615070813, -0.005603073416135371, -7.052399295891113E-4, 1.505763025995231, -0.005385555261534942, 4.877217749886824E-4, 6.338074989711939, 0.6134446550142058, 0.0, 0.0064884949349651375, 1.128177838008472, 0.0034285836924723813
0.00243, 0.5000691122744024, -5.653476914317324, -8.250474684635979, 3.8059265343589437, 2.8516446560185607, 6.657571190377505, 12.056401218994992, -13.458362652109047, 5.207887967473069, -0.005487586929996546, -4.096456737713841E-4, 1.5056203652416895, -0.005530375671108052, 4.5243441488289007E-4, 6.336153261316873, 0.6159795502828596, 0.0, 0.005628466957775166, 1.2129739050628183, 0.0034285738934462942
0.00244, 0.5061462856478934, 15.468672333804928, -24.280206011731924, 25.13390535859722, 3.4554299259315573, 28.58933528452878, 49.414111370329096, -43.4165962754375, 19.136390263705575, -0.005630066780032457, -7.728704471807582E-4, 1.5058050442614792, -0.005373507681273333, 5.163113484216351E-4, 6.3380145164609, 0.6185144455515132, 0.0, 0.006926202627626402, 1.094947861035124, 0.003428619672847642
0.00245, 0.48337718125936546, 0.18211916499552167, 46.561097634672635, 9.43802811748827, 3.7154177009859564, 13.153445818474227, -37.12306951718448, 52.0547066202978, -5.493608985625167, -0.005413729460046729, -6.232796547206317E-4, 1.50561027116354, -0.005338485813544082, 5.480360082179851E-4, 6.334140648148151, 0.621049340820167, 0.0, 0.007395809257624117, 1.0610608019406171, 0.003428648904577396
0.00246, 0.5183158489045847, -44.030440428026864, 27.340133128115834, -34.445267177135285, 3.1442531333537485, -31.301014043781535, -61.78540030525114, 49.96763562295372, -22.627502494837888, -0.005629197225072232, -5.29415528267587E-4, 1.505785187525477, -0.005594336757794384, 4.945550609897378E-4, 6.338752335390944, 0.6235842360888207, 0.0, 0.005655931898424579, 1.2149844240998617, 0.0034285838929904635
0.00247, 0.49908435638098814, 28.78583181335881, 45.13049102976788, 38.32331591949963, 2.720478360997512, 41.04379428049714, -6.807175110268087, 44.73905595456163, 0.39143507520625526, -0.00562395932726574, -3.8900595988712713E-4, 1.505749038000656, -0.005678971782293844, 4.440184149152309E-4, 6.337698755144036, 0.6261191313574745, 0.0, 0.0052701027793843475, 1.2603771925836411, 0.0034289004971902186
0.00248, 0.502727328462031, -1.1882218778305664, -47.32425041269432, 8.087507783833185, 3.1646544125022027, 11.252162196335387, 55.411758196527565, -70.3721388934103, 23.047888480715976, -0.005491755002348993, -3.189521169636312E-4, 1.5056506152997542, -0.005672822201997688, 5.000193166123267E-4, 6.336343971193411, 0.6286540266261282, 0.0, 0.005447436292310677, 1.2413633167076232, 0.0034286670311654216
0.00249, 0.5250761444232879, -19.927331199044854, -36.564685716140154, -10.456909440119396, 3.7098230323628236, -6.747086407756573, 26.1077762760206, -42.55029424480927, 5.985608528669116, -0.00562963266882614, -7.275803672038394E-4, 1.50582846480008, -0.00546014869176728, 5.580963901449797E-4, 6.338774156378606, 0.631188921894782, 0.0, 0.007111796875164828, 1.0878972297743275, 0.0034286376511604147
0.0025, 0.5147484439987163, 3.7841127617429424, 29.022630155359472, 13.14505523570574, 3.4337440694802925, 16.57879930518603, -15.877574919653787, 30.706294015113343, -1.6836638597538718, -0.005586901000237713, -5.279588257495974E-4, 1.5057651901836095, -0.005592023368571839, 5.33081194083723E-4, 6.338194629629632, 0.6337238171634357, 0.0, 0.006282518425263058, 1.159019860422952, 0.0034285822482530612
0.00251, 0.5278790478216279, -21.14189501166877, -16.07243343835487, -11.777087073625136, 3.5768259703681444, -8.200261103256992, 4.295346364729853, -23.695806436645995, 7.623372998291124, -0.005611564861288685, -5.851922835136851E-4, 1.5058028237673375, -0.005580694714699099, 5.543221369240992E-4, 6.3401380761316855, 0.6362587124320895, 0.0, 0.006524642033511602, 1.13882586644335, 0.0034286790009252837
0.00252, 0.5138798600378115, -19.93708579549727, -59.94296579838887, -10.482643698219347, 3.637655363496196, -6.844988334723151, 49.46032210016953, -77.37144503940812, 17.42847924101925, -0.005687846113160822, -6.457608542190509E-4, 1.5058844941774332, -0.005615982287354396, 5.73897028412625E-4, 6.338007983539095, 0.6387936077007432, 0.0, 0.006429910985280496, 1.1487057467092696, 0.0034286001953598502
0.00253, 0.5342980044134176, -10.715559019998617, -5.70966062105436, -1.2671757629237288, 4.3115534691214, 3.044377706197672, 4.442484858130609, -5.055835374526231, -0.653825246528129, -0.005706757433944703, -9.59738807623822E-4, 1.5059538895183078, -0.005389110360219196, 6.420917338983153E-4, 6.339975421810697, 0.641328502969397, 0.0, 0.008486848756071847, 1.0011781653441842, 0.003428587916756506
0.00254, 0.5239791173456235, -16.384598692106668, -39.08020820816012, -6.920226540319128, 3.667796315889976, -3.2524302244291516, 32.1599816678411, -46.79508694997894, 7.714878741818814, -0.0057390091387415935, -6.774875580029493E-4, 1.5059398352090496, -0.005637372647537558, 5.75851066798914E-4, 6.338990658436211, 0.6438633982380507, 0.0, 0.006597133257015348, 1.1370460078486513, 0.003428873273816278
0.00255, 0.5394736118238429, 5.720750649468417, 13.444418945096775, 15.223535596229832, 4.710443708013809, 19.933979304243643, 1.7791166511330805, 7.0198151003576985, 6.424603844739075, -0.005784988130117476, -0.0011885034373397584, 1.5060618655609093, -0.00527994651965798, 6.834618268802621E-4, 6.340433611111111, 0.6463982935067045, 0.0, 0.010036431967359545, 0.9230703788594933, 0.0034285948691951465
0.00256, 0.5319163563629651, 3.6336907039227633, 74.28305284542725, 12.979429083825492, 3.893693298485888, 16.87312238231138, -61.30362376160185, 84.25089693016378, -9.967844084736525, -0.0057116945664198214, -6.532920054055361E-4, 1.5059304124903374, -0.00567028933650883, 6.118867754945445E-4, 6.338093230452674, 0.6489331887753582, 0.0, 0.006680663947477054, 1.1328731116759907, 0.0034286181657137973
0.00257, 0.5164986072168636, -46.498791589048324, -130.13081413920776, -37.0982360247825, 4.094300486499042, -33.00393553828346, 93.03257811442529, -156.07787603773107, 25.947061898523323, -0.005767638535001585, -7.913388799411485E-4, 1.5060028028522878, -0.005616948897632596, 6.406492425721594E-4, 6.337762139917698, 0.651468084044012, 0.0, 0.00725714205211833, 1.08836021110808, 0.0034285793069158154
0.00258, 0.5268203504458596, 14.573820671649763, 34.27800170469463, 24.207567215964474, 5.042344823667672, 29.249912039632147, -10.070434488730118, 34.65987151235435, -0.3818698076597187, -0.005933709942295728, -0.001404667248987538, 1.5062390587705896, -0.005269803160817036, 7.407604675088459E-4, 6.33879720164609, 0.6540029793126657, 0.0, 0.010860067862966132, 0.8908434536113143, 0.003428574366461279
0.00259, 0.5430061461074026, 66.95839564820454, 95.88989968334586, 76.1738208940463, 4.004414425005242, 80.17823531905154, -19.71607878929964, 88.64726182752878, 7.242637855817079, -0.005698053667012748, -6.367390770005178E-4, 1.5059309200577948, -0.005705882867764686, 6.445682777524564E-4, 6.340936388888889, 0.6565378745813195, 0.0, 0.006908300187987235, 1.1183869258301762, 0.003428583116264517
0.0026, 0.5822596197535653, -1.6154865043616022, -81.33600690395895, 7.429089715395262, 5.192170495374913, 12.621260210770174, 88.76509661935418, -108.03702332127853, 26.701016417319583, -0.00561400715282829, -9.863246557146592E-4, 1.5059354841585535, -0.005408001374313976, 7.803188772003448E-4, 6.347206903292187, 0.6590727698499732, 0.0, 0.00977190902281219, 0.9415553071250974, 0.0034285755835494923
0.00261, 0.5445490695944932, 18.327953433441888, 27.968439659579435, 27.48514160080487, 5.1988989021328225, 32.68404050293769, -0.48329805877444937, 32.01894125241891, -4.050501592839478, -0.00570576704689277, -0.0011601649786922603, 1.506026874027701, -0.005323660761306335, 7.780586931058254E-4, 6.340758672839502, 0.661607665118627, 0.0, 0.010946642095503329, 0.890739688429685, 0.003428740209566727
0.00262, 0.5419861805236093, 3.818462102609368, 98.97236315997648, 12.654087714326549, 4.988590177137771, 17.64267789146432, -86.31827544564993, 123.82458884495752, -24.85222568498103, -0.005526497621257579, -8.423356256213423E-4, 1.5058336844297446, -0.005451103287900876, 7.669412922646398E-4, 6.342384567901237, 0.6641425603872807, 0.0, 0.009755666889631616, 0.944748859271107, 0.0034286518065299604
0.00263, 0.5421628943923044, -193.6874309704878, -317.7805075781265, -184.62891694966453, 4.049972263544513, -180.57894468612002, 133.15159062846197, -364.77043372742656, 46.98992614930004, -0.005687535233333589, -5.75376159906038E-4, 1.5059251139286438, -0.005777411643276783, 6.65252569849232E-4, 6.340576646090541, 0.6666774556559345, 0.0, 0.007031578025305095, 1.1142174177716702, 0.0034285924786479514
0.00264, 0.577811340883022, -5723.508657553461, -6455.073973197525, -5713.272639476904, 6.666556399959505, -5706.606083076945, 741.801333720621, -6580.67792013991, 125.60394694238482, -0.006451286982869281, -0.002588361638371929, 1.5068909962283847, -0.004859285962331315, 9.963606178339628E-4, 6.346449855967082, 0.6692123509245882, 0.0, 0.019184222890311683, 0.675419554951772, 0.0034286006282511056
0.00265, 0.5500512101861136, 208.65203343762033, 408.58793046862604, 260.83847307001065, 9.08833727184366, 269.9268103418543, -147.7494573986154, 453.5423681123445, -44.95443764371842, -0.033015276073700334, -0.032015407556775524, 1.5336297823799812, -0.002272383944104762, 0.0012725154271799551, 6.341285411522633, 0.671747246193242, 0.0, 0.3064805906965536, 0.16919657355862228, 0.0034287841541532724
0.00266, 0.642580225854398, 5732.587744300305, 6386.07918285853, 5741.177987553446, 4.96433264977604, 5746.142320203222, -644.901195305085, 6464.498666720647, -78.41948386211655, -0.0054550469076361, -6.644820621810458E-4, 1.5057677957579982, -0.005581887724358044, 7.913228789029903E-4, 6.357490956790127, 0.6742821414618957, 0.0, 0.009275311447473221, 0.9738096084697427, 0.0034285737314836374
0.00267, 0.6418052899908597, 11.45672515779911, -43.13510976564757, 20.311522962978255, 5.785800238386799, 26.097323201365054, 63.44663272862571, -65.29282671967115, 22.157716954023588, -0.0056441857872979815, -0.0011546961399194699, 1.506019237850747, -0.005393529415899315, 9.040397685208035E-4, 6.3569120164609085, 0.6768170367305495, 0.0, 0.011568995265943606, 0.8730390961855247, 0.003428606713998826
0.00268, 0.6785766045562437, -4006.648809196493, -4667.756051753349, -3998.208170185224, 5.849486151589768, -3992.3586840336343, 669.5478815681257, -4769.068939624953, 101.31288787160312, -0.00540034507442083, -9.848817550951795E-4, 1.5057815615339587, -0.005319353337126625, 9.038900178009747E-4, 6.362988251028803, 0.6793519319992032, 0.0, 0.012775939484783238, 0.831814082829097, 0.003428573728251035
0.00269, 0.6812322265711568, -2194.4280603444017, -2704.3669617627047, -2155.849886989845, 9.54402161678743, -2146.3058653730573, 548.5170747728603, -2816.848077958388, 112.48111619568316, -0.024774524683804325, -0.023932672874383516, 1.5254373757292445, -0.0022363704329460654, 0.0013945186235252577, 6.3626056172839505, 0.681886827267857, 0.0, 0.3298826060677878, 0.16390120458257357, 0.0034289256191646386
0.0027, 0.6835226957758628, -196.85027305364835, -170.41550411147236, -172.21713462509712, 9.705502854075851, -162.51163177102126, -1.8016305136251438, -172.0964606442002, 1.6809565327278326, -0.015877967266321978, -0.014612278709760023, 1.516563866512965, -0.002717004511978683, 0.0014513159554167283, 6.363340010288068, 0.6844217225365107, 0.0, 0.2014702606722691, 0.20998754734883263, 0.0034290670745652733
0.00271, 0.6863517691722917, 189.47215911651293, 94.43137004190038, 229.2183922474469, 9.652008840668767, 238.87040108811567, 134.78702220554632, 107.66756361902372, -13.236193577123345, -0.02571441550396865, -0.024862612047941622, 1.5263872381292658, -0.0022650985443501146, 0.0014132950883230875, 6.362385216049376, 0.6869566178051645, 0.0, 0.3257417336685221, 0.16534744522777375, 0.003428597927886687
0.00272, 0.6888268303668527, 1145.5521600344334, 1122.5645165946426, 1168.610994804565, 9.617987049765972, 1178.228981854331, 46.04647820992278, 1124.8336967116707, -2.2691801170280894, -0.014973304345271363, -0.014281691872734087, 1.515639072182855, -0.002090160480942438, 0.0013985480084051619, 6.3636839609053535, 0.6894915130738182, 0.0, 0.3938713927385806, 0.15055326411380499, 0.003428715814587279
0.00273, 0.6912307251555652, -972.9754189625983, -904.2081702691169, -941.9126905434983, 9.603052607779956, -932.3096379357183, -37.70452027438165, -935.0840795812884, 30.8759093121715, -0.020244806838796307, -0.019596939198542548, 1.5209136545333277, -0.002060611632843394, 0.0014127439925896348, 6.36481104938272, 0.692026408342472, 0.0, 0.4092980251679591, 0.14786957281310384, 0.0034286557665542026
0.00274, 0.6938597914790099, 1332.5320244127013, 1333.9236937753637, 1362.524556877669, 10.113985853243703, 1372.6385427309128, 28.60086310230516, 1338.159481071316, -4.235787295952151, -0.019618919768315524, -0.01888995679702685, 1.5203442750886265, -0.0022852823602179974, 0.0015563193889293217, 6.364263744855968, 0.6945613036111257, 0.0, 0.32736235362872207, 0.16554405188120863, 0.0034285715227333102
0.00275, 0.6963868356700488, 44.729193700352624, 13.786432404586058, 65.87486937158478, 9.627459766412013, 75.5023291379968, 52.088436966999225, 31.228661813935304, -17.442229409349245, -0.013882435083390359, -0.013345581213137647, 1.514550363481349, -0.0019407334638008773, 0.0014038795935481657, 6.364580102880663, 0.6970961988797795, 0.0, 0.4700036847256427, 0.13832627875468312, 0.0034294989796234128
0.00276, 0.6989527578443235, -2032.197294322258, -1993.8924518884714, -2002.7462236410977, 9.956172742189985, -1992.7900508989078, -8.853771752625704, -2014.4864922252866, 20.594040336815194, -0.019405353599977745, -0.018837909692671045, 1.5201041808497668, -0.0020506928187724203, 0.0014832489114657219, 6.365260524691356, 0.6996310941484332, 0.0, 0.42310908562646965, 0.1459669764650922, 0.0034286456160405963
0.00277, 0.7014888262520662, 988.709043737504, 999.1804761856266, 1024.3749477022454, 10.014810284919628, 1034.389757987165, 25.194471516618236, 996.7049024889197, 2.475573696706917, -0.02358546242527124, -0.023100552295998746, 1.5242921706970527, -0.0019978672028736657, 0.0015129570736011739, 6.364692530864198, 0.702165989417087, 0.0, 0.4498530173264984, 0.1417323641144659, 0.0034286882128955706
0.00278, 0.7039697894497419, 2129.539036225917, 2134.1541107484218, 2151.6652139975913, 10.046102924469071, 2161.71131692206, 17.511103249168052, 2128.9945022401976, 5.159608508224417, -0.014684615652263203, -0.014245785322926781, 1.5153934204799508, -0.0019448231123144542, 0.0015059927829780314, 6.364562191358034, 0.7047008846857407, 0.0, 0.47818240435453463, 0.13763510867236248, 0.003428662454472606
0.00279, 0.7064987993920242, 11.849513746657607, 28.23517884039845, 31.994235344440842, 10.166602271909964, 42.160837616350804, 3.759056504042619, 12.832671709210329, 15.402507131188122, -0.013417662501596074, -0.01303783999478256, 1.514139409849424, -0.0019282493768228548, 0.0015484268700093407, 6.36489128600823, 0.7072357799543945, 0.0, 0.48969424686706864, 0.1361705925633894, 0.0034285778355773408
0.0028, 0.7090946591988434, 708.9418097568677, 709.7997335100774, 730.8253040176962, 10.348532627479115, 741.1738366451754, 21.025570507619186, 707.579599349569, 2.2201341605084832, -0.014628038391682726, -0.014277975047459483, 1.5153674392829672, -0.0019406975157729921, 0.0015906341715497495, 6.365171152263373, 0.7097706752230482, 0.0, 0.4869615842197248, 0.13671507974443858, 0.003428726211992433
0.00281, 0.7116227714035501, 589.2234383953584, 584.791317934926, 604.1789320119698, 10.287599114188525, 614.4665311261583, 19.387614077043573, 582.8892025078718, 1.9021154270542835, -0.010032714699976486, -0.00976138180481184, 1.510764793361114, -0.001841721797607076, 0.0015703889024424305, 6.36476122427984, 0.712305570491702, 0.0, 0.5415280591972637, 0.12979841370650888, 0.003428734308416477
0.00282, 0.7140863084586482, -360.9659672512519, -340.82973464374226, -343.41656471138936, 10.479501770034485, -332.9370629413549, -2.5868300676472558, -355.0270360627336, 14.197301418991323, -0.011814703707496, -0.011564360138919375, 1.512565516059906, -0.0018612368175158988, 0.001610893248939274, 6.366114351851849, 0.7148404657603556, 0.0, 0.5345462296927054, 0.1307981178277598, 0.0034285852163131007
0.00283, 0.7166184730847082, 420.87425476303304, 425.8228898803807, 438.2750520802426, 10.591757144989764, 448.8668092252323, 12.452162199861451, 416.51485337807094, 9.308036502309777, -0.011756200239256005, -0.011538527775005195, 1.512518112864718, -0.0018672732624903541, 0.001649600798239544, 6.367090020576136, 0.7173753610290095, 0.0, 0.5348346229492562, 0.13091723229684613, 0.0034285810515612253
0.00284, 0.7192148110985582, -192.08140160737656, -194.53403082349013, -177.6194896119005, 10.634585558014216, -166.98490405388628, 16.91454121158954, -202.19313809490203, 7.659107271411891, -0.009805177165526369, -0.009657192571230992, 1.5105714725228074, -0.0018149784000006288, 0.0016669938057052502, 6.366982520576138, 0.7199102562976631, 0.0, 0.5670147730773792, 0.12729754263316728, 0.0034285915487866476
0.00285, 0.7216888441073465, 435.27805341738286, 446.8266983245464, 453.9046795366286, 10.797817834942295, 464.70249737157087, 7.077981212082725, 435.0901536739454, 11.736544650600976, -0.01267332137551101, -0.012571937295006122, 1.5134566188143097, -0.001799293815199846, 0.0016979097346949568, 6.367444351851856, 0.722445151566317, 0.0, 0.5795174595413846, 0.12606449393461366, 0.003428583851706918
0.00286, 0.7242209565592891, 116.84834821867025, 111.7275541583733, 128.16522549097948, 10.919520648746719, 139.0847461397262, 16.43767133260611, 102.08560094097969, 9.641953217393601, -0.007726877550902532, -0.007668014233164832, 1.5085233853988664, -0.0017938101523547532, 0.0017349468346170539, 6.367982613168727, 0.7249800468349706, 0.0, 0.5862816342696201, 0.1254815746527098, 0.003428571512082188
0.00287, 0.7267322187372982, 333.47355298066566, 328.4264581259101, 351.1561026236889, 10.990522203418045, 362.14662482710696, 22.72964449777879, 325.8436209665666, 2.582837159343477, -0.012115411609177278, -0.012138136931913214, 1.5129172807087568, -0.0017333538427742635, 0.001756079165510199, 6.368061255144033, 0.7275149421036244, 1.8992235440715866E-8, 0.625976245923127, 0.12157925171682381, 0.0034285956759414335
0.00288, 0.7292728433272542, 509.4207229765894, 505.1544712096108, 518.3432222610309, 11.012503475877462, 529.3557257369083, 13.188751051420159, 500.5523742894548, 4.602096920156003, -0.006134658620483832, -0.006196811864694119, 1.5069360352350598, -0.001697363214914033, 0.0017595164591243208, 6.368363518518514, 0.7300498373722781, 1.643630206068529E-5, 0.6522482550292017, 0.11924370463295864, 0.0034285736017646133
0.00289, 0.7317744876630652, -912.5075062317808, -912.4509163319565, -898.4727301016959, 11.14564202655766, -887.3270880751382, 13.97818623026039, -923.9183875143187, 11.46747118236221, -0.00968310682392214, -0.009791208808303718, 1.5104954507311914, -0.0016821694396310192, 0.001790271424012598, 6.369252304526746, 0.7325847326409319, 8.897420462080743E-5, 0.6657873005243591, 0.11816148886671772, 0.003428641114097091
0.0029, 0.7343479643017301, 1141.9312796943789, 1142.4965606463709, 1157.0853997163883, 11.27720223048432, 1168.3626019468727, 14.588839070017345, 1131.2176179131059, 11.278942733265085, -0.010491561027241225, -0.010675956446793325, 1.5113187456023827, -0.0016422636028947896, 0.0018266590224468894, 6.369080411522635, 0.7351196279095856, 2.420023100863993E-4, 0.6960295548119577, 0.11569908364217349, 0.0034285928028120276
0.00291, 0.7368463948977181, -282.1093020554015, -283.13100288264917, -276.01930981414466, 11.403902569229542, -264.6154072449151, 7.111693068504251, -294.9630732132905, 11.832070330641315, -0.0042307865888837155, -0.004463669826038379, 1.5050685570058753, -0.0016238388199540893, 0.0018567220571087527, 6.3703689506172845, 0.7376545231782394, 4.90414557180277E-4, 0.7124445425213092, 0.11448973710497796, 0.0034286279327223335
0.00292, 0.7393239670223174, -144.8041873562789, -127.99813140102606, -127.82160718335605, 11.53875272705671, -116.28285445629933, 0.17652421767005125, -152.1353744397504, 24.137243038724343, -0.011838533724670877, -0.012114979523871763, 1.5126904263563234, -0.0016194681739874978, 0.0018959139731883822, 6.370605380658432, 0.7401894184468931, 8.562734986562997E-4, 0.7193054405394663, 0.11407278335810665, 0.0034289212073372226
0.00293, 0.741873609834891, 1854.0357170401026, 1846.2591236785995, 1861.0725638555234, 11.752500944239882, 1872.8250647997634, 14.813440176924098, 1837.2430702742572, 9.016053404342392, -0.004922175654828417, -0.0052730420436824, 1.5057992205830624, -0.0016340882266665984, 0.0019849546155205813, 6.370526625514406, 0.7427243137155469, 0.0013828024890392987, 0.7130387507712779, 0.11470360503458879, 0.0034292634287069633
0.00294, 0.7443890538636798, -253.07089313837213, -269.81224398774776, -248.81632859274882, 11.725008149331673, -237.09132044341715, 20.99591539499888, -280.61739255815513, 10.805148570407358, -0.002986165253595109, -0.003378783496056434, 1.5038551805494338, -0.0015598933929844448, 0.0019525116354457694, 6.3714320473251025, 0.7452592089842006, 0.001927666996486014, 0.7696941019760031, 0.11052684959981866, 0.003428634606847019
0.00295, 0.7468725259421585, 38.30679509029163, 41.76154037633341, 47.01166933841051, 11.98543606967592, 58.99710540808643, 5.250128962077116, 15.882971056840809, 25.8785693194926, -0.006130500162698, -0.006635876319719958, 1.5070299817694657, -0.0015444516347511658, 0.0020498277917731234, 6.371480709876538, 0.7477941042528544, 0.0027707988916901424, 0.7850878017944726, 0.10956184010357245, 0.0034285725395485234
0.00296, 0.7493940694722844, 665.0596983759378, 657.8226855191638, 669.0266861672644, 12.140055797962987, 681.1667419652274, 11.204000648100639, 645.7678629685241, 12.054822550639617, -0.0028032637798162613, -0.0033479368874140838, 1.5037176790822284, -0.0015452967322395958, 0.002089969839837418, 6.372176666666671, 0.7503289995215081, 0.003697626268054929, 0.7883602205049687, 0.10945761467985708, 0.0034285730725585888
0.00297, 0.7519596506642413, -308.1410584272177, -317.7313248444939, -303.97331934828446, 12.280433305807716, -291.69288604247674, 13.758005496209561, -330.2092342737285, 12.477909429234616, -0.0029550740092659355, -0.0035751830904652776, 1.5038830096698275, -0.0015013976663214193, 0.002121506747520761, 6.373044927983541, 0.7528638947901619, 0.004757098703611997, 0.8259632151465338, 0.1070572846261498, 0.003428703892960199
0.00298, 0.7544312489188247, 50.38511060368251, 42.832642347763645, 56.39353511068626, 12.403913285324585, 68.79744839601085, 13.560892762922792, 21.645631453017906, 21.18701089474574, -0.004274528958364068, -0.004948645151098192, 1.5052120738143493, -0.0014897175167808098, 0.0021638337095149333, 6.373252664609056, 0.7553987900588156, 0.006011696830195154, 0.8391239179049489, 0.10633350556249693, 0.003428772617795502
0.00299, 0.7569742149958268, 354.5427186545447, 344.68106999189695, 358.3455557289121, 12.592398775489418, 370.9379545044015, 13.664485737015152, 329.4743029105283, 15.20676708136865, -0.002714502826941697, -0.003505045196766899, 1.5036751111737894, -0.0014466472769821396, 0.0022371896468073417, 6.37382783950618, 0.7579336853274694, 0.0074963363281267065, 0.8780044593608815, 0.10406862002500751, 0.0034285812427288665
0.003, 0.7594615222947314, -2.51503498775786, -14.258048642243555, 1.0897152315022327, 12.731814650200691, 13.821529881702924, 15.347763873745741, -21.059472552936267, 6.801423910692713, -0.0025817121720307706, -0.003398966351572204, 1.5035534541476856, -0.0014341509736997661, 0.0022514051532412, 6.373693971193417, 0.7604685805961231, 0.00901645583340968, 0.8924026559346953, 0.1033406252785655, 0.0034285720167498137
0.00301, 0.7619937067896388, 278.1658003812447, 274.5120694897069, 281.96008063111634, 12.799272735977443, 294.7593533670938, 7.448011141409353, 247.81103147394174, 26.70103801576514, -0.002726511234452219, -0.003628256547115284, 1.503703566394184, -0.0013829281088960559, 0.002284673421559121, 6.375034372427985, 0.7630034758647769, 0.01075016958194155, 0.9404320497455961, 0.10077888482296361, 0.0034287868205033515
0.00302, 0.7645410452140801, 96.97594490921473, 94.25840489686433, 98.71466499204763, 13.106591741969858, 111.82125673401748, 4.456260095183332, 63.37126009020806, 30.88714480665628, -0.0012535683081371148, -0.0022398638501431854, 1.502265537908261, -0.0014077782311080122, 0.0023940737731140828, 6.375729351851853, 0.7655383711334306, 0.012922926185405187, 0.9228010941062768, 0.10184960704588308, 0.003428881611483789
0.00303, 0.767055008292662, -54.91917681114532, -69.09528744139166, -51.790046562323795, 13.239125322673205, -38.55092123965059, 17.305240879067814, -83.541821945165, 14.44653450377334, -0.0022634852046529534, -0.0033405146037471327, 1.5032888294334337, -0.0013709740688836076, 0.0024480034679777874, 6.376248055555554, 0.7680732664020844, 0.015088934680547839, 0.9590719721993114, 0.10001528348942867, 0.0034291178936921105
0.00304, 0.7695478921338209, 208.129769636547, 199.04113938750854, 210.218361145224, 13.379627766609499, 223.5979889118335, 11.177221757715403, 180.08629647724413, 18.954842910264396, -0.001515788061938062, -0.0026607962690123306, 1.502552314050542, -0.0013342011260770355, 0.002479209333151304, 6.376672788065848, 0.7706081616707381, 0.017419764168132686, 0.9964867895547184, 0.09822752065027136, 0.0034285806890147373
0.00305, 0.772035766806664, -88.57887074772859, -98.71102612420749, -86.83504476045046, 13.60835918024593, -73.22668558020453, 11.875981363757111, -120.35892756663564, 21.647901442428147, -0.0012697387553859355, -0.002498171114335076, 1.5023321505404759, -0.0013263844050877159, 0.0025548167640368565, 6.377809588477366, 0.7731430569393919, 0.020141943973716173, 1.0077697925177393, 0.09778307835912435, 0.003428612790117524
0.00306, 0.7745490469948653, 269.38286696307784, 263.17592850935716, 272.0367544144938, 13.741742143606674, 285.7784965581005, 8.860825905136632, 232.54101857537356, 30.634909933983614, -0.001938721015928035, -0.0032518492669664804, 1.5030109462643135, -0.0012861950945900731, 0.0025993233456285186, 6.378561388888888, 0.7756779522080456, 0.022859978546604955, 1.0499518277746493, 0.09590329948445618, 0.003428700618343171
0.00307, 0.7770515139791818, 505.2308179143333, 489.18886278873714, 505.2083462276678, 14.064973793640759, 519.2733200213086, 16.019483438930656, 462.5866916168706, 26.602171171866544, 1.6469690457272812E-5, -0.0014091234537757858, 1.5010946847904747, -0.001292483581693549, 0.0027180767259266077, 6.379835637860085, 0.7782128474766994, 0.02616350843522869, 1.0479223219504827, 0.09610057951365449, 0.003428572066984169
0.00308, 0.7795895670510726, 109.18178352887347, 89.39048259796621, 108.53771834804435, 14.13894729268521, 122.67666564072957, 19.147235750078085, 73.72920603973188, 15.661276558234341, 4.7357844627478893E-4, -0.0010523404669395334, 1.5006405572676318, -0.0012181277838176244, 0.0027440466970319465, 6.379677592592592, 0.7807477427453531, 0.029240328756416006, 1.1260183117963698, 0.09280868217808212, 0.003428772048517807
0.00309, 0.782106524740671, -29.20983192122102, -42.050344622996306, -29.938836370619327, 14.34001243601587, -15.598823934603457, 12.111508252377028, -66.8992584364293, 24.848913813433004, 5.377743067835577E-4, -0.0010639258056873127, 1.5005953499397777, -0.001208972185882566, 0.0028106722983534363, 6.380871296296292, 0.7832826380140069, 0.03274407694403849, 1.1395423544769852, 0.09235605019971699, 0.003428698708994822
0.0031, 0.7845704555046499, -53.77426576906905, -71.31405906439294, -54.22572516214304, 14.534355918200216, -39.69136924394283, 17.088333902249936, -91.97926282158912, 20.665203757196178, 3.341117721604161E-4, -0.0013786471481892278, 1.5008212786178283, -0.0011681246543094983, 0.002880883574659142, 6.3811618312757235, 0.7858175332826606, 0.036469285726083815, 1.1868514677639799, 0.09059414685197151, 0.003428580142816837
0.00311, 0.7870797852221454, 164.5754603685977, 155.11265236343195, 164.19695926465582, 14.702159679145725, 178.89911894380154, 9.08430690122389, 120.89658190704269, 34.21607045638927, 2.8102110053501847E-4, -0.0015119889336177009, 1.5008876430674514, -0.0011349176896824486, 0.002927927723835168, 6.382068827160503, 0.7883524285513144, 0.04030744457840859, 1.2272732429571684, 0.08918543274022125, 0.0034285714487965043
0.00312, 0.7896054830629028, 112.38380206566191, 105.07364927096624, 110.8802657432577, 14.99345124048154, 125.87371698373923, 5.806616472291391, 63.16323783164972, 41.910411439316526, 0.0011199017130390156, -8.111318912889913E-4, 1.5000837841722197, -0.0011320487899156642, 0.003063082394243671, 6.383242438271601, 0.7908873238199681, 0.04480715573903221, 1.2344967118430628, 0.0890193303713705, 0.0034294805357789567
0.00313, 0.7921207399039543, 78.1208593172254, 67.50223079327309, 77.02666938924693, 15.248280382617164, 92.2749497718641, 9.524438595973844, 33.42997731887591, 34.07225347439717, 8.176142292013562E-4, -0.0012156062513455177, 1.5004100223417516, -0.0011144498612686085, 0.003147670341815482, 6.38378411522634, 0.7934222190886219, 0.04935689197452056, 1.2582967383217012, 0.08826753617678822, 0.003428595279097538
0.00314, 0.7945720422980813, 80.91635813720458, 71.16260765117919, 78.92481338808173, 15.467729384431925, 94.39254277251365, 7.762205736902576, 23.435601222435853, 47.72700642874334, 0.0014929013406067048, -6.592829592417947E-4, 1.4997602628826794, -0.0010936940308094484, 0.003245878330657948, 6.385068137860081, 0.7959571143572756, 0.05415371714128605, 1.286038755881562, 0.08740318958396674, 0.0034288952695167084
0.00315, 0.7970819827756782, 230.39173700918099, 209.62959704207103, 228.79073966400114, 15.792232261594986, 244.58297192559613, 19.161142621930146, 179.8692620253187, 29.760335016752315, 0.0012039613804372628, -0.0011079087524965474, 1.500086876168184, -0.0010843542629167737, 0.003396224395850584, 6.385682129629628, 0.7984920096259294, 0.059581074242588385, 1.3008538756827268, 0.0869962142475187, 0.003428604112833469
0.00316, 0.7996146081301743, 338.8671215152205, 319.06923442942025, 335.4300059290087, 15.891285353912348, 351.32129128292104, 16.36077149958852, 289.1183542937616, 29.950880135658593, 0.0025929408543828784, 1.924951643211371E-4, 1.4987004682258454, -0.001009091102873279, 0.0034095367929350205, 6.386656008230453, 0.8010269048945831, 0.06426009103567791, 1.3954321067574944, 0.08408511046908994, 0.003428684083739665
0.00317, 0.8021361985795908, -52.55851158526335, -64.40194903058286, -56.287370912588635, 16.232585047277123, -40.054785865311516, 8.114578117994187, -110.3532874026357, 45.951338372052845, 0.002821932703651342, 2.7374802806165183E-4, 1.4985130294294418, -0.0010126239857579091, 0.0035608086613475995, 6.387547757201653, 0.8035618001632369, 0.07021887875760009, 1.3949834015269598, 0.08418725085979509, 0.003428572324792617
0.00318, 0.8045991001746229, 104.3600779845595, 85.62244609175886, 101.2751361541431, 16.444848409425724, 117.71998456356883, 15.652690062384204, 57.27097693508067, 28.35146915667819, 0.002341992446772459, -3.326758540796766E-4, 1.4990148873270508, -9.767356411785819E-4, 0.0036514039420307174, 6.388580390946503, 0.8060966954318906, 0.07590084721087874, 1.4441259748390025, 0.08282935142207498, 0.003428803106222772
0.00319, 0.8071114599058696, 198.24276127435576, 181.37908830648263, 193.88298521563715, 16.656115326935925, 210.53910054257307, 12.503896909154525, 134.7600723207586, 46.61901598572402, 0.003320215371832292, 5.451044993401977E-4, 1.4980547962607897, -9.440308873284475E-4, 0.0037191417598205416, 6.3898537037037055, 0.8086315907005444, 0.08173953579112368, 1.4904766218513836, 0.08161664479438026, 0.0034285935429200776
0.0032, 0.8095664813042024, 91.05719136325428, 82.62586305571398, 86.75251316131323, 16.998388393744868, 103.7509015550581, 4.126650105599313, 4.860495564795436, 77.76536749091854, 0.003288531908442468, 3.1417367822638836E-4, 1.4981292816196723, -9.229526200972471E-4, 0.0038973108503133264, 6.390760740740737, 0.811166485969198, 0.08855245191535292, 1.5223409767725182, 0.08084226096891853, 0.0034285764324843014
0.00321, 0.8120644966494112, 126.36247602107203, 105.76916498944394, 121.46252915048723, 17.39421617568241, 138.85674532616963, 15.69336416104326, 52.81945998666179, 52.949705002782146, 0.003754981435118089, 5.702752416795155E-4, 1.4977135334421825, -9.300960383225506E-4, 0.004114802231761124, 6.392384135802464, 0.8137013812378519, 0.09595781077133278, 1.5166287304224433, 0.08107864184909051, 0.0034285724902420158
0.00322, 0.8145814449878304, 59.606919499514795, 31.290718789688288, 54.54411832975308, 17.59364268768718, 72.13776101744025, 23.253399540064773, -1.3587935882143, 32.64951237790259, 0.0038918682888450093, 5.699211394466313E-4, 1.4975915403421287, -8.538173165910856E-4, 0.004175764465989463, 6.392778281893007, 0.8162362765065055, 0.10248273200421282, 1.6254381473244652, 0.07839911503078688, 0.0034286870671118674
0.00323, 0.8170977962804474, 88.6950421783858, 70.86991696781735, 83.45635244322554, 17.855389796381893, 101.31174223960744, 12.586435475408315, 15.997749364657132, 54.872167603160214, 0.004039583511542943, 5.673273630470449E-4, 1.497468598437743, -8.243724470543156E-4, 0.0042966285955502136, 6.394491111111108, 0.8187711717751593, 0.10966698438113603, 1.6715757391876047, 0.07738953519691322, 0.003428571453660786
0.00324, 0.8195719003097357, 116.70360992057796, 101.19157007607274, 111.12456034952844, 18.187832727257206, 129.31239307678564, 9.932990273455747, 37.35744209299937, 63.83412798307336, 0.004315355920558037, 6.498176290676274E-4, 1.4972332159606871, -7.988259872929064E-4, 0.004464364278783316, 6.395514485596711, 0.821306067043813, 0.11753584319693576, 1.7129068301965003, 0.07652897442468257, 0.003428571650848003
0.00325, 0.8220488367637816, 86.44465289954938, 67.54218030836948, 80.52002519401731, 18.52045078029575, 99.04047597431305, 12.977844885647713, 12.187460088674912, 55.35472021969456, 0.004596802203408793, 7.497072300906638E-4, 1.496989173605258, -7.818769366161088E-4, 0.004628971909934238, 6.397329567901234, 0.8238409623124668, 0.12566196634664542, 1.7419588951729934, 0.07596611723773408, 0.003428680539579614
0.00326, 0.8244917892394266, 90.14818820897746, 72.13862806816307, 84.07303064204758, 18.800224923981755, 102.87325556602934, 11.934402573884412, 9.834281987947977, 62.30434608021509, 0.00472809873494283, 7.126220475274656E-4, 1.4968871837127915, -7.416728927451612E-4, 0.004757149580160525, 6.3984523765432035, 0.8263758575811205, 0.13357183436022527, 1.807296299629149, 0.0746567272104145, 0.003428581991885434
0.00327, 0.8269929511406411, 111.00052444774037, 92.21486638713453, 104.5607679317897, 19.177553846281782, 123.73832177807148, 12.345901544655291, 17.67027516542583, 74.5445912217087, 0.005027228096335911, 8.010343821969182E-4, 1.4966381353386213, -7.294445021879278E-4, 0.004955638216326921, 6.399925442386829, 0.8289107528497743, 0.1424625184428104, 1.82999706412566, 0.07426801472970189, 0.0034287545662287033
0.00328, 0.8294725836896963, 123.50879551051818, 105.63597446364656, 116.79384912114432, 19.50352648577032, 136.29737560691464, 11.157874657497807, 24.22470386539571, 81.41127059825085, 0.0052580871994923496, 8.018906895360835E-4, 1.496440594472825, -6.871869892765748E-4, 0.005143383499232841, 6.4016145576131755, 0.831445648118428, 0.15156138453372056, 1.9012769089352335, 0.07293674114116995, 0.003428788526634527
0.00329, 0.8319409048150147, 106.70541507328237, 90.6642854095517, 99.55399266678721, 19.90244789810818, 119.45644056489539, 8.889707257235434, 10.246247258156766, 80.41803815139492, 0.005616939155960663, 9.215884005255903E-4, 1.4961310534585477, -6.803597395724705E-4, 0.005375710495007543, 6.403030051440329, 0.8339805433870818, 0.16125646075752875, 1.915829591458379, 0.07273296429382063, 0.0034286731926402273
0.0033, 0.8344029560990289, 118.843578123187, 98.80140387420792, 111.52262889330461, 20.25818896870062, 131.78081786200522, 12.721225019096657, 9.23033956641146, 89.57106430779646, 0.005767568027399909, 8.564152776118263E-4, 1.4960220636564745, -6.48877689166233E-4, 0.005560030438954316, 6.403977530864193, 0.8365154386557355, 0.17085751721199724, 1.9714865670208142, 0.07177152308556276, 0.003428571429039692
0.00331, 0.8368432903744747, 162.62743101246951, 145.83508366854144, 154.80113153215746, 20.67099620983013, 175.47212774198758, 8.9660478636161, 40.96226420012707, 104.87281946841436, 0.006184375443351655, 9.708504211998128E-4, 1.4956583469878295, -6.235529563088177E-4, 0.005837077978460659, 6.405855709876545, 0.8390503339243893, 0.18145734641200548, 2.017801678233857, 0.07101463386832532, 0.003429768080329668
0.00332, 0.8393603422971725, 109.15051251179996, 86.11997444824821, 100.89398206635985, 21.086263297716556, 121.98024536407641, 14.774007618111762, 10.479493538613452, 75.64048090963476, 0.006544056813239031, 0.0010578618481294265, 1.495353180153874, -6.098356556203474E-4, 0.006096030620729952, 6.407927458847739, 0.841585229193043, 0.19226261334015068, 2.044667043869563, 0.07061752459381901, 0.003428784283037504
0.00333, 0.8418168495026042, 117.45130053320462, 91.40590651907317, 109.01644722087167, 21.393995174669346, 130.41044239554103, 17.610540701798442, 6.732932255678345, 84.67297426339482, 0.006705530751569657, 0.0010272589788686295, 1.4952194209836907, -5.566859748266208E-4, 0.0062349577475276485, 6.409467160493832, 0.8441201244616968, 0.20222425699876265, 2.1420401058168475, 0.06906298936295872, 0.003428595196456422
0.00334, 0.8442576421568214, 161.4085180408549, 143.302004194645, 152.4981266966856, 21.819639241879614, 174.31776593856523, 9.19612250204039, 25.177198247421508, 118.12480594722349, 0.0071048454648119696, 0.0010961789552260573, 1.4948755333762211, -5.290949768322483E-4, 0.0065377614864181605, 6.41155393004115, 0.8466550197303505, 0.21393856802151098, 2.195554911951336, 0.06828433710101851, 0.0034286179056076337
0.00335, 0.8467241493045381, 163.40200993963398, 144.77031401764313, 154.05388101698142, 22.286725410412796, 176.34060642739422, 9.2835669993382, 26.465918503397386, 118.30439551424575, 0.007476199656669839, 0.0011540351913367586, 1.4945671887010525, -5.159459576164758E-4, 0.006838110422949556, 6.413166203703708, 0.8491899149990043, 0.22594270961947352, 2.2228993803016146, 0.06793070582737809, 0.0034285784808201214
0.00336, 0.8491573851426235, 174.2459057590285, 152.59810359122932, 164.41592144702904, 22.723690836276504, 187.13961228330555, 11.817817855799833, 29.742643027340804, 122.85546056388851, 0.007885032592603283, 0.0012294341701608847, 1.4942146489461887, -4.878494838819939E-4, 0.007143447906324391, 6.415132232510281, 0.851724810267658, 0.23823771848959024, 2.2788142861517233, 0.06715881938800138, 0.003428571476714109
0.00337, 0.8515899163767403, 183.09478105863542, 165.17762346872198, 172.76803031499554, 23.175160844841095, 195.94319115983663, 7.590406846273902, 28.14997322876769, 137.02765023995428, 0.008308162573122058, 0.001303363911626, 1.4938490245272136, -4.624238997426576E-4, 0.007467222561238715, 6.4172082818930045, 0.8542597055363118, 0.25111543004914083, 2.330579049745551, 0.06647461158025349, 0.0034289584646511814
0.00338, 0.8540606120524822, 189.58268042146685, 168.80091438154477, 178.7274606257595, 23.665846081236218, 202.39330670699573, 9.926546244214794, 27.09173319670539, 141.7091811848394, 0.008759245776397587, 0.0013715754891771455, 1.4934698429042317, -4.543523162801892E-4, 0.007842022603500632, 6.41888462962963, 0.8567946008049655, 0.2647005061900517, 2.3489620933545963, 0.06627941344838786, 0.0034287762005457702
