phi0, phi, F_fitted, mu_kT_from_fit, P_from_fit
1.8828000000e-03, 6.4143964051e-01, -2.3919979916e-03, 7.1305304569e+00, 1.2452167252e+01
1.8904587940e-03, 6.4404113096e-01, -2.3786703312e-03, 7.4474646347e+00, 1.2718011137e+01
1.8981175879e-03, 6.4664262140e-01, -2.3647658276e-03, 7.7615110460e+00, 1.2980106563e+01
1.9057763819e-03, 6.4924411185e-01, -2.3502897607e-03, 8.0726696909e+00, 1.3238475512e+01
1.9134351759e-03, 6.5184560229e-01, -2.3352474106e-03, 8.3809405695e+00, 1.3493139615e+01
1.9210939698e-03, 6.5444709274e-01, -2.3196440574e-03, 8.6863236815e+00, 1.3744120155e+01
1.9287527638e-03, 6.5704858318e-01, -2.3034849809e-03, 8.9888190272e+00, 1.3991438080e+01
1.9364115578e-03, 6.5965007363e-01, -2.2867754612e-03, 9.2884266065e+00, 1.4235114006e+01
1.9440703518e-03, 6.6225156408e-01, -2.2695207783e-03, 9.5851464193e+00, 1.4475168222e+01
1.9517291457e-03, 6.6485305452e-01, -2.2517262122e-03, 9.8789784658e+00, 1.4711620701e+01
1.9593879397e-03, 6.6742448344e-01, -2.2333970429e-03, 1.0169922746e+01, 1.4944491103e+01
1.9670467337e-03, 6.6999563166e-01, -2.2145385503e-03, 1.0457979259e+01, 1.5173798782e+01
1.9747055276e-03, 6.7256677987e-01, -2.1951560146e-03, 1.0743148007e+01, 1.5399562790e+01
1.9823643216e-03, 6.7513792809e-01, -2.1752547156e-03, 1.1025428987e+01, 1.5621801887e+01
1.9900231156e-03, 6.7770907630e-01, -2.1548399334e-03, 1.1304822202e+01, 1.5840534544e+01
1.9976819095e-03, 6.8028022452e-01, -2.1339169480e-03, 1.1581327650e+01, 1.6055778946e+01
2.0053407035e-03, 6.8285137273e-01, -2.1124910394e-03, 1.1854945331e+01, 1.6267553003e+01
2.0129994975e-03, 6.8542252095e-01, -2.0905674876e-03, 1.2125675246e+01, 1.6475874352e+01
2.0206582915e-03, 6.8799366916e-01, -2.0681515725e-03, 1.2393517395e+01, 1.6680760362e+01
2.0283170854e-03, 6.9053916854e-01, -2.0452485742e-03, 1.2658471777e+01, 1.6882228140e+01
2.0359758794e-03, 6.9308452748e-01, -2.0218637727e-03, 1.2920538393e+01, 1.7080294534e+01
2.0436346734e-03, 6.9562988642e-01, -1.9980024480e-03, 1.3179717243e+01, 1.7274976142e+01
2.0512934673e-03, 6.9817524536e-01, -1.9736698800e-03, 1.3436008326e+01, 1.7466289313e+01
2.0589522613e-03, 7.0072060430e-01, -1.9488713489e-03, 1.3689411642e+01, 1.7654250153e+01
2.0666110553e-03, 7.0326596323e-01, -1.9236121345e-03, 1.3939927193e+01, 1.7838874528e+01
2.0742698492e-03, 7.0581132217e-01, -1.8978975168e-03, 1.4187554976e+01, 1.8020178071e+01
2.0819286432e-03, 7.0835668111e-01, -1.8717327759e-03, 1.4432294994e+01, 1.8198176184e+01
2.0895874372e-03, 7.1090204005e-01, -1.8451231919e-03, 1.4674147245e+01, 1.8372884046e+01
2.0972462312e-03, 7.1341212527e-01, -1.8180740445e-03, 1.4913111729e+01, 1.8544316609e+01
2.1049050251e-03, 7.1592168434e-01, -1.7905906140e-03, 1.5149188447e+01, 1.8712488613e+01
2.1125638191e-03, 7.1843124341e-01, -1.7626781802e-03, 1.5382377399e+01, 1.8877414580e+01
2.1202226131e-03, 7.2094080248e-01, -1.7343420231e-03, 1.5612678585e+01, 1.9039108825e+01
2.1278814070e-03, 7.2345036155e-01, -1.7055874229e-03, 1.5840092003e+01, 1.9197585455e+01
2.1355402010e-03, 7.2595992062e-01, -1.6764196594e-03, 1.6064617656e+01, 1.9352858376e+01
2.1431989950e-03, 7.2846947968e-01, -1.6468440126e-03, 1.6286255542e+01, 1.9504941294e+01
2.1508577889e-03, 7.3097903875e-01, -1.6168657627e-03, 1.6505005662e+01, 1.9653847721e+01
2.1585165829e-03, 7.3348859782e-01, -1.5864901895e-03, 1.6720868015e+01, 1.9799590976e+01
2.1661753769e-03, 7.3597758223e-01, -1.5557225730e-03, 1.6933842602e+01, 1.9942184191e+01
2.1738341709e-03, 7.3846606182e-01, -1.5245681933e-03, 1.7143929422e+01, 2.0081640311e+01
2.1814929648e-03, 7.4095454141e-01, -1.4930323304e-03, 1.7351128476e+01, 2.0217972102e+01
2.1891517588e-03, 7.4344302100e-01, -1.4611202642e-03, 1.7555439764e+01, 2.0351192149e+01
2.1968105528e-03, 7.4593150059e-01, -1.4288372748e-03, 1.7756863285e+01, 2.0481312862e+01
2.2044693467e-03, 7.4841998018e-01, -1.3961886421e-03, 1.7955399040e+01, 2.0608346479e+01
2.2121281407e-03, 7.5090845977e-01, -1.3631796462e-03, 1.8151047028e+01, 2.0732305068e+01
2.2197869347e-03, 7.5339693936e-01, -1.3298155670e-03, 1.8343807250e+01, 2.0853200532e+01
2.2274457286e-03, 7.5588541895e-01, -1.2961016846e-03, 1.8533679706e+01, 2.0971044608e+01
2.2351045226e-03, 7.5831087357e-01, -1.2620432789e-03, 1.8720664395e+01, 2.1085848873e+01
2.2427633166e-03, 7.6073503258e-01, -1.2276456300e-03, 1.8904761317e+01, 2.1197624747e+01
2.2504221106e-03, 7.6315919159e-01, -1.1929140178e-03, 1.9085970474e+01, 2.1306383493e+01
2.2580809045e-03, 7.6558335059e-01, -1.1578537224e-03, 1.9264291864e+01, 2.1412136222e+01
2.2657396985e-03, 7.6800750960e-01, -1.1224700237e-03, 1.9439725487e+01, 2.1514893894e+01
2.2733984925e-03, 7.7043166861e-01, -1.0867682018e-03, 1.9612271344e+01, 2.1614667322e+01
2.2810572864e-03, 7.7285582761e-01, -1.0507535366e-03, 1.9781929435e+01, 2.1711467175e+01
2.2887160804e-03, 7.7527998662e-01, -1.0144313082e-03, 1.9948699759e+01, 2.1805303976e+01
2.2963748744e-03, 7.7770414563e-01, -9.7780679648e-04, 2.0112582317e+01, 2.1896188111e+01
2.3040336683e-03, 7.8005979932e-01, -9.4088528152e-04, 2.0273577108e+01, 2.1984129825e+01
2.3116924623e-03, 7.8241337836e-01, -9.0367204331e-04, 2.0431684133e+01, 2.2069139229e+01
2.3193512563e-03, 7.8476695739e-01, -8.6617236183e-04, 2.0586903392e+01, 2.2151226301e+01
2.3270100503e-03, 7.8712053643e-01, -8.2839151709e-04, 2.0739234884e+01, 2.2230400885e+01
2.3346688442e-03, 7.8947411546e-01, -7.9033478908e-04, 2.0888678609e+01, 2.2306672699e+01
2.3423276382e-03, 7.9182769450e-01, -7.5200745782e-04, 2.1035234569e+01, 2.2380051332e+01
2.3499864322e-03, 7.9418127354e-01, -7.1341480328e-04, 2.1178902762e+01, 2.2450546248e+01
2.3576452261e-03, 7.9653485257e-01, -6.7456210549e-04, 2.1319683188e+01, 2.2518166789e+01
2.3653040201e-03, 7.9888843161e-01, -6.3545464442e-04, 2.1457575848e+01, 2.2582922175e+01
2.3729628141e-03, 8.0111892727e-01, -5.9609770009e-04, 2.1592580742e+01, 2.2644821507e+01
2.3806216080e-03, 8.0334447507e-01, -5.5649655248e-04, 2.1724697869e+01, 2.2703873770e+01
2.3882804020e-03, 8.0557002287e-01, -5.1665648161e-04, 2.1853927230e+01, 2.2760087833e+01
2.3959391960e-03, 8.0779557068e-01, -4.7658276747e-04, 2.1980268824e+01, 2.2813472451e+01
2.4035979899e-03, 8.1002111848e-01, -4.3628069005e-04, 2.2103722652e+01, 2.2864036269e+01
2.4112567839e-03, 8.1224666628e-01, -3.9575552936e-04, 2.2224288714e+01, 2.2911787821e+01
2.4189155779e-03, 8.1447221408e-01, -3.5501256540e-04, 2.2341967009e+01, 2.2956735532e+01
2.4265743719e-03, 8.1669776188e-01, -3.1405707816e-04, 2.2456757538e+01, 2.2998887723e+01
2.4342331658e-03, 8.1892330968e-01, -2.7289434765e-04, 2.2568660300e+01, 2.3038252608e+01
2.4418919598e-03, 8.2099047105e-01, -2.3152965385e-04, 2.2677675296e+01, 2.3074838300e+01
2.4495507538e-03, 8.2305191501e-01, -1.8996827678e-04, 2.2783802526e+01, 2.3108652809e+01
2.4572095477e-03, 8.2511335897e-01, -1.4821549643e-04, 2.2887041989e+01, 2.3139704046e+01
2.4648683417e-03, 8.2717480293e-01, -1.0627659281e-04, 2.2987393686e+01, 2.3167999823e+01
2.4725271357e-03, 8.2923624688e-01, -6.4156845894e-05, 2.3084857616e+01, 2.3193547856e+01
2.4801859296e-03, 8.3129769084e-01, -2.1861535700e-05, 2.3179433780e+01, 2.3216355764e+01
2.4878447236e-03, 8.3335913480e-01, 2.0604057776e-05, 2.3271122177e+01, 2.3236431075e+01
2.4955035176e-03, 8.3542057876e-01, 6.3234654538e-05, 2.3359922808e+01, 2.3253781222e+01
2.5031623116e-03, 8.3748202271e-01, 1.0602497458e-04, 2.3445835673e+01, 2.3268413548e+01
2.5108211055e-03, 8.3938039847e-01, 1.4896973792e-04, 2.3528860771e+01, 2.3280335307e+01
2.5184798995e-03, 8.4127125265e-01, 1.9206366454e-04, 2.3608998103e+01, 2.3289553665e+01
2.5261386935e-03, 8.4316210684e-01, 2.3530147445e-04, 2.3686247668e+01, 2.3296075698e+01
2.5337974874e-03, 8.4505296102e-01, 2.7867788765e-04, 2.3760609467e+01, 2.3299908400e+01
2.5414562814e-03, 8.4694381520e-01, 3.2218762413e-04, 2.3832083500e+01, 2.3301058680e+01
2.5491150754e-03, 8.4883466938e-01, 3.6582540392e-04, 2.3900669766e+01, 2.3299533362e+01
2.5567738693e-03, 8.5072552357e-01, 4.0958594699e-04, 2.3966368265e+01, 2.3295339191e+01
2.5644326633e-03, 8.5261637775e-01, 4.5346397336e-04, 2.4029178999e+01, 2.3288482830e+01
2.5720914573e-03, 8.5450723193e-01, 4.9745420302e-04, 2.4089101966e+01, 2.3278970861e+01
2.5797502513e-03, 8.5624638143e-01, 5.4155135597e-04, 2.4146137166e+01, 2.3266809792e+01
2.5874090452e-03, 8.5797698255e-01, 5.8575015223e-04, 2.4200284600e+01, 2.3252006049e+01
2.5950678392e-03, 8.5970758367e-01, 6.3004531178e-04, 2.4251544268e+01, 2.3234565987e+01
2.6027266332e-03, 8.6143818480e-01, 6.7443155463e-04, 2.4299916169e+01, 2.3214495882e+01
2.6103854271e-03, 8.6316878592e-01, 7.1890360078e-04, 2.4345400304e+01, 2.3191801939e+01
2.6180442211e-03, 8.6489938704e-01, 7.6345617023e-04, 2.4387996672e+01, 2.3166490289e+01
2.6257030151e-03, 8.6662998817e-01, 8.0808398298e-04, 2.4427705274e+01, 2.3138566993e+01
2.6333618090e-03, 8.6836058929e-01, 8.5278175904e-04, 2.4464526110e+01, 2.3108038039e+01
2.6410206030e-03, 8.7009119042e-01, 8.9754421840e-04, 2.4498459179e+01, 2.3074909349e+01
2.6486793970e-03, 8.7168631186e-01, 9.4236608106e-04, 2.4529504482e+01, 2.3039186773e+01
2.6563381910e-03, 8.7327238678e-01, 9.8724206703e-04, 2.4557662018e+01, 2.3000876096e+01
2.6639969849e-03, 8.7485846170e-01, 1.0321668963e-03, 2.4582931788e+01, 2.2959983035e+01
2.6716557789e-03, 8.7644453662e-01, 1.0771352889e-03, 2.4605313792e+01, 2.2916513242e+01
2.6793145729e-03, 8.7803061155e-01, 1.1221419648e-03, 2.4624808029e+01, 2.2870472305e+01
2.6869733668e-03, 8.7961668647e-01, 1.1671816440e-03, 2.4641414499e+01, 2.2821865747e+01
2.6946321608e-03, 8.8120276139e-01, 1.2122490465e-03, 2.4655133204e+01, 2.2770699029e+01
2.7022909548e-03, 8.8278883631e-01, 1.2573388923e-03, 2.4665964141e+01, 2.2716977550e+01
2.7099497487e-03, 8.8437491123e-01, 1.3024459015e-03, 2.4673907313e+01, 2.2660706649e+01
2.7176085427e-03, 8.8582835042e-01, 1.3475647939e-03, 2.4678962718e+01, 2.2601891602e+01
2.7252673367e-03, 8.8727350507e-01, 1.3926902897e-03, 2.4681130357e+01, 2.2540537628e+01
2.7329261307e-03, 8.8871865972e-01, 1.4378171088e-03, 2.4680410229e+01, 2.2476649888e+01
2.7405849246e-03, 8.9016381437e-01, 1.4829399712e-03, 2.4676802335e+01, 2.2410233483e+01
2.7482437186e-03, 8.9160896902e-01, 1.5280535969e-03, 2.4670306674e+01, 2.2341293459e+01
2.7559025126e-03, 8.9305412367e-01, 1.5731527059e-03, 2.4660923247e+01, 2.2269834805e+01
2.7635613065e-03, 8.9449927832e-01, 1.6182320183e-03, 2.4648652053e+01, 2.2195862455e+01
2.7712201005e-03, 8.9594443298e-01, 1.6632862540e-03, 2.4633493093e+01, 2.2119381289e+01
2.7788788945e-03, 8.9738958763e-01, 1.7083101330e-03, 2.4615446367e+01, 2.2040396132e+01
2.7865376884e-03, 8.9871411948e-01, 1.7532983753e-03, 2.4594511874e+01, 2.1958911756e+01
2.7941964824e-03, 9.0002984496e-01, 1.7982457010e-03, 2.4570689615e+01, 2.1874932883e+01
2.8018552764e-03, 9.0134557044e-01, 1.8431468299e-03, 2.4543979590e+01, 2.1788464181e+01
2.8095140704e-03, 9.0266129591e-01, 1.8879964822e-03, 2.4514381798e+01, 2.1699510267e+01
2.8171728643e-03, 9.0397702139e-01, 1.9327893779e-03, 2.4481896240e+01, 2.1608075710e+01
2.8248316583e-03, 9.0529274687e-01, 1.9775202368e-03, 2.4446522915e+01, 2.1514165026e+01
2.8324904523e-03, 9.0660847234e-01, 2.0221837791e-03, 2.4408261824e+01, 2.1417782686e+01
2.8401492462e-03, 9.0792419782e-01, 2.0667747247e-03, 2.4367112966e+01, 2.1318933109e+01
2.8478080402e-03, 9.0923992329e-01, 2.1112877937e-03, 2.4323076342e+01, 2.1217620670e+01
2.8554668342e-03, 9.1044422507e-01, 2.1557177060e-03, 2.4276151952e+01, 2.1113849696e+01
2.8631256281e-03, 9.1163919334e-01, 2.2000591816e-03, 2.4226339795e+01, 2.1007624465e+01
2.8707844221e-03, 9.1283416161e-01, 2.2443069405e-03, 2.4173639871e+01, 2.0898949213e+01
2.8784432161e-03, 9.1402912987e-01, 2.2884557028e-03, 2.4118052182e+01, 2.0787828129e+01
2.8861020101e-03, 9.1522409814e-01, 2.3325001884e-03, 2.4059576726e+01, 2.0674265358e+01
2.8937608040e-03, 9.1641906641e-01, 2.3764351174e-03, 2.3998213503e+01, 2.0558265001e+01
2.9014195980e-03, 9.1761403468e-01, 2.4202552097e-03, 2.3933962514e+01, 2.0439831116e+01
2.9090783920e-03, 9.1880900295e-01, 2.4639551853e-03, 2.3866823759e+01, 2.0318967718e+01
2.9167371859e-03, 9.2000397122e-01, 2.5075297643e-03, 2.3796797237e+01, 2.0195678780e+01
2.9243959799e-03, 9.2108937617e-01, 2.5509736666e-03, 2.3723882949e+01, 2.0069968233e+01
2.9320547739e-03, 9.2216609116e-01, 2.5942816123e-03, 2.3648080894e+01, 1.9941839966e+01
2.9397135678e-03, 9.2324280615e-01, 2.6374483213e-03, 2.3569391073e+01, 1.9811297831e+01
2.9473723618e-03, 9.2431952114e-01, 2.6804685136e-03, 2.3487813486e+01, 1.9678345636e+01
2.9550311558e-03, 9.2539623613e-01, 2.7233369093e-03, 2.3403348132e+01, 1.9542987152e+01
2.9626899497e-03, 9.2647295112e-01, 2.7660482284e-03, 2.3315995012e+01, 1.9405226109e+01
2.9703487437e-03, 9.2754966611e-01, 2.8085971908e-03, 2.3225754125e+01, 1.9265066200e+01
2.9780075377e-03, 9.2862638110e-01, 2.8509785165e-03, 2.3132625472e+01, 1.9122511081e+01
2.9856663317e-03, 9.2970309609e-01, 2.8931869256e-03, 2.3036609053e+01, 1.8977564368e+01
2.9933251256e-03, 9.3067388194e-01, 2.9352171380e-03, 2.2937704867e+01, 1.8830229641e+01
3.0009839196e-03, 9.3163511296e-01, 2.9770638738e-03, 2.2835912915e+01, 1.8680510444e+01
3.0086427136e-03, 9.3259634398e-01, 3.0187218530e-03, 2.2731233196e+01, 1.8528410285e+01
3.0163015075e-03, 9.3355757500e-01, 3.0601857955e-03, 2.2623665711e+01, 1.8373932634e+01
3.0239603015e-03, 9.3451880601e-01, 3.1014504213e-03, 2.2513210459e+01, 1.8217080930e+01
3.0316190955e-03, 9.3548003703e-01, 3.1425104505e-03, 2.2399867441e+01, 1.8057858574e+01
3.0392778894e-03, 9.3644126805e-01, 3.1833606031e-03, 2.2283636657e+01, 1.7896268934e+01
3.0469366834e-03, 9.3740249906e-01, 3.2239955990e-03, 2.2164518106e+01, 1.7732315344e+01
3.0545954774e-03, 9.3836373008e-01, 3.2644101583e-03, 2.2042511789e+01, 1.7566001103e+01
3.0622542714e-03, 9.3922625364e-01, 3.3045990010e-03, 2.1917617705e+01, 1.7397329480e+01
3.0699130653e-03, 9.4007877736e-01, 3.3445568470e-03, 2.1789835855e+01, 1.7226303709e+01
3.0775718593e-03, 9.4093130107e-01, 3.3842784163e-03, 2.1659166239e+01, 1.7052926993e+01
3.0852306533e-03, 9.4178382479e-01, 3.4237584291e-03, 2.1525608856e+01, 1.6877202502e+01
3.0928894472e-03, 9.4263634850e-01, 3.4629916052e-03, 2.1389163707e+01, 1.6699133377e+01
3.1005482412e-03, 9.4348887222e-01, 3.5019726646e-03, 2.1249830791e+01, 1.6518722724e+01
3.1082070352e-03, 9.4434139593e-01, 3.5406963274e-03, 2.1107610109e+01, 1.6335973623e+01
3.1158658291e-03, 9.4519391965e-01, 3.5791573136e-03, 2.0962501660e+01, 1.6150889120e+01
3.1235246231e-03, 9.4604644336e-01, 3.6173503432e-03, 2.0814505446e+01, 1.5963472234e+01
3.1311834171e-03, 9.4680171834e-01, 3.6552701361e-03, 2.0663621464e+01, 1.5773725951e+01
3.1388422111e-03, 9.4754758824e-01, 3.6929114124e-03, 2.0509849716e+01, 1.5581653231e+01
3.1465010050e-03, 9.4829345815e-01, 3.7302688921e-03, 2.0353190202e+01, 1.5387257005e+01
3.1541597990e-03, 9.4903932805e-01, 3.7673372951e-03, 2.0193642922e+01, 1.5190540173e+01
3.1618185930e-03, 9.4978519796e-01, 3.8041113416e-03, 2.0031207875e+01, 1.4991505609e+01
3.1694773869e-03, 9.5053106786e-01, 3.8405857514e-03, 1.9865885061e+01, 1.4790156160e+01
3.1771361809e-03, 9.5127693776e-01, 3.8767552445e-03, 1.9697674481e+01, 1.4586494642e+01
3.1847949749e-03, 9.5202280767e-01, 3.9126145411e-03, 1.9526576135e+01, 1.4380523848e+01
3.1924537688e-03, 9.5276867757e-01, 3.9481583610e-03, 1.9352590023e+01, 1.4172246542e+01
3.2001125628e-03, 9.5342205648e-01, 3.9833814243e-03, 1.9175716143e+01, 1.3961665461e+01
3.2077713568e-03, 9.5406545072e-01, 4.0182784510e-03, 1.8995954498e+01, 1.3748783318e+01
3.2154301508e-03, 9.5470884496e-01, 4.0528441610e-03, 1.8813305086e+01, 1.3533602798e+01
3.2230889447e-03, 9.5535223920e-01, 4.0870732745e-03, 1.8627767908e+01, 1.3316126562e+01
3.2307477387e-03, 9.5599563343e-01, 4.1209605113e-03, 1.8439342963e+01, 1.3096357246e+01
3.2384065327e-03, 9.5663902767e-01, 4.1545005915e-03, 1.8248030252e+01, 1.2874297458e+01
3.2460653266e-03, 9.5728242191e-01, 4.1876882351e-03, 1.8053829774e+01, 1.2649949786e+01
3.2537241206e-03, 9.5792581615e-01, 4.2205181621e-03, 1.7856741530e+01, 1.2423316790e+01
3.2613829146e-03, 9.5856921039e-01, 4.2529850924e-03, 1.7656765520e+01, 1.2194401007e+01
3.2690417085e-03, 9.5916730114e-01, 4.2850837462e-03, 1.7453901743e+01, 1.1963204951e+01
3.2767005025e-03, 9.5971130008e-01, 4.3168088433e-03, 1.7248150200e+01, 1.1729731112e+01
3.2843592965e-03, 9.6025529902e-01, 4.3481551039e-03, 1.7039510890e+01, 1.1493981957e+01
3.2920180905e-03, 9.6079929796e-01, 4.3791172478e-03, 1.6827983814e+01, 1.1255959928e+01
3.2996768844e-03, 9.6134329690e-01, 4.4096899951e-03, 1.6613568972e+01, 1.1015667449e+01
3.3073356784e-03, 9.6188729584e-01, 4.4398680658e-03, 1.6396266363e+01, 1.0773106916e+01
3.3149944724e-03, 9.6243129478e-01, 4.4696461799e-03, 1.6176075988e+01, 1.0528280707e+01
3.3226532663e-03, 9.6297529372e-01, 4.4990190574e-03, 1.5952997846e+01, 1.0281191176e+01
3.3303120603e-03, 9.6351929266e-01, 4.5279814183e-03, 1.5727031938e+01, 1.0031840656e+01
3.3379708543e-03, 9.6406301211e-01, 4.5565279826e-03, 1.5498178263e+01, 9.7802314585e+00
3.3456296482e-03, 9.6457680092e-01, 4.5846534703e-03, 1.5266436823e+01, 9.5263658739e+00
3.3532884422e-03, 9.6509058974e-01, 4.6123526013e-03, 1.5031807615e+01, 9.2702461717e+00
3.3609472362e-03, 9.6560437855e-01, 4.6396200958e-03, 1.4794290641e+01, 9.0118746004e+00
3.3686060302e-03, 9.6611816736e-01, 4.6664506737e-03, 1.4553885901e+01, 8.7512533885e+00
3.3762648241e-03, 9.6663195617e-01, 4.6928390550e-03, 1.4310593395e+01, 8.4883847439e+00
3.3839236181e-03, 9.6714574499e-01, 4.7187799597e-03, 1.4064413122e+01, 8.2232708547e+00
3.3915824121e-03, 9.6765953380e-01, 4.7442681078e-03, 1.3815345082e+01, 7.9559138892e+00
3.3992412060e-03, 9.6817332261e-01, 4.7692982193e-03, 1.3563389276e+01, 7.6863159963e+00
3.4069000000e-03, 9.6868711142e-01, 4.7938650142e-03, 1.3308545704e+01, 7.4144793052e+00

