phi0, phi, F_fitted, mu_kT_from_fit, P_from_fit
2.2276000000e-03, 6.4034300588e-01, -2.0136817173e-03, -3.0376273916e+00, 7.4890980230e-01
2.2368015075e-03, 6.4295270152e-01, -2.0197722938e-03, -2.5082402448e+00, 1.2741259471e+00
2.2460030151e-03, 6.4556239716e-01, -2.0247042987e-03, -1.9827974278e+00, 1.7932712048e+00
2.2552045226e-03, 6.4817209279e-01, -2.0284863967e-03, -1.4612989408e+00, 2.3063876986e+00
2.2644060302e-03, 6.5078178843e-01, -2.0311272521e-03, -9.4374478358e-01, 2.8135168670e+00
2.2736075377e-03, 6.5339148407e-01, -2.0326355296e-03, -4.3013495628e-01, 3.3146994777e+00
2.2828090452e-03, 6.5600117970e-01, -2.0330198936e-03, 7.9530541143e-02, 3.8099756409e+00
2.2920105528e-03, 6.5861087534e-01, -2.0322890086e-03, 5.8525170868e-01, 4.2993848231e+00
2.3012120603e-03, 6.6121462388e-01, -2.0304515391e-03, 1.0870285463e+00, 4.7829658592e+00
2.3104135678e-03, 6.6381245448e-01, -2.0275161497e-03, 1.5848610541e+00, 5.2607569656e+00
2.3196150754e-03, 6.6641028507e-01, -2.0234915047e-03, 2.0787492320e+00, 5.7327957522e+00
2.3288165829e-03, 6.6900811567e-01, -2.0183862688e-03, 2.5686930800e+00, 6.1991192348e+00
2.3380180905e-03, 6.7160594627e-01, -2.0122091064e-03, 3.0546925982e+00, 6.6597638460e+00
2.3472195980e-03, 6.7420377687e-01, -2.0049686820e-03, 3.5367477864e+00, 7.1147654476e+00
2.3564211055e-03, 6.7680160747e-01, -1.9966736602e-03, 4.0148586448e+00, 7.5641593408e+00
2.3656226131e-03, 6.7939942845e-01, -1.9873327054e-03, 4.4890251733e+00, 8.0079802780e+00
2.3748241206e-03, 6.8199334580e-01, -1.9769544821e-03, 4.9592473719e+00, 8.4462624726e+00
2.3840256281e-03, 6.8458726315e-01, -1.9655476549e-03, 5.4255252406e+00, 8.8790396100e+00
2.3932271357e-03, 6.8718118050e-01, -1.9531208882e-03, 5.8878587795e+00, 9.3063448576e+00
2.4024286432e-03, 6.8977509785e-01, -1.9396828465e-03, 6.3462479885e+00, 9.7282108745e+00
2.4116301508e-03, 6.9236901521e-01, -1.9252421944e-03, 6.8006928675e+00, 1.0144669822e+01
2.4208316583e-03, 6.9496293256e-01, -1.9098075963e-03, 7.2511934167e+00, 1.0555753370e+01
2.4300331658e-03, 6.9755684991e-01, -1.8933877168e-03, 7.6977496361e+00, 1.0961492713e+01
2.4392346734e-03, 7.0013686860e-01, -1.8759912203e-03, 8.1403615255e+00, 1.1361918571e+01
2.4484361809e-03, 7.0270377487e-01, -1.8576267713e-03, 8.5790290851e+00, 1.1757061204e+01
2.4576376884e-03, 7.0527068114e-01, -1.8383030344e-03, 9.0137523148e+00, 1.2146950418e+01
2.4668391960e-03, 7.0783758741e-01, -1.8180286741e-03, 9.4445312146e+00, 1.2531615575e+01
2.4760407035e-03, 7.1040449368e-01, -1.7968123548e-03, 9.8713657845e+00, 1.2911085600e+01
2.4852422111e-03, 7.1297139995e-01, -1.7746627411e-03, 1.0294256025e+01, 1.3285388991e+01
2.4944437186e-03, 7.1553830623e-01, -1.7515884974e-03, 1.0713201935e+01, 1.3654553823e+01
2.5036452261e-03, 7.1810481631e-01, -1.7275982883e-03, 1.1128203515e+01, 1.4018607759e+01
2.5128467337e-03, 7.2064662032e-01, -1.7027007783e-03, 1.1539260765e+01, 1.4377578059e+01
2.5220482412e-03, 7.2318842432e-01, -1.6769046318e-03, 1.1946373686e+01, 1.4731491584e+01
2.5312497487e-03, 7.2573022833e-01, -1.6502185134e-03, 1.2349542277e+01, 1.5080374802e+01
2.5404512563e-03, 7.2827203234e-01, -1.6226510875e-03, 1.2748766537e+01, 1.5424253801e+01
2.5496527638e-03, 7.3081383634e-01, -1.5942110187e-03, 1.3144046468e+01, 1.5763154291e+01
2.5588542714e-03, 7.3335564035e-01, -1.5649069715e-03, 1.3535382069e+01, 1.6097101612e+01
2.5680557789e-03, 7.3589744436e-01, -1.5347476104e-03, 1.3922773340e+01, 1.6426120740e+01
2.5772572864e-03, 7.3843065709e-01, -1.5037415999e-03, 1.4306220281e+01, 1.6750236297e+01
2.5864587940e-03, 7.4095584393e-01, -1.4718976044e-03, 1.4685722893e+01, 1.7069472552e+01
2.5956603015e-03, 7.4348103077e-01, -1.4392242885e-03, 1.5061281174e+01, 1.7383853430e+01
2.6048618090e-03, 7.4600621761e-01, -1.4057303167e-03, 1.5432895126e+01, 1.7693402520e+01
2.6140633166e-03, 7.4853140445e-01, -1.3714243535e-03, 1.5800564748e+01, 1.7998143078e+01
2.6232648241e-03, 7.5105659129e-01, -1.3363150633e-03, 1.6164290039e+01, 1.8298098032e+01
2.6324663317e-03, 7.5358177813e-01, -1.3004111108e-03, 1.6524071001e+01, 1.8593289991e+01
2.6416678392e-03, 7.5610606262e-01, -1.2637211603e-03, 1.6879907633e+01, 1.8883741249e+01
2.6508693467e-03, 7.5858177990e-01, -1.2262538765e-03, 1.7231799936e+01, 1.9169473791e+01
2.6600708543e-03, 7.6105749718e-01, -1.1880179237e-03, 1.7579747908e+01, 1.9450509295e+01
2.6692723618e-03, 7.6353321446e-01, -1.1490219665e-03, 1.7923751550e+01, 1.9726869144e+01
2.6784738693e-03, 7.6600893174e-01, -1.1092746695e-03, 1.8263810863e+01, 1.9998574425e+01
2.6876753769e-03, 7.6848464902e-01, -1.0687846970e-03, 1.8599925845e+01, 2.0265645935e+01
2.6968768844e-03, 7.7096036630e-01, -1.0275607136e-03, 1.8932096498e+01, 2.0528104190e+01
2.7060783920e-03, 7.7343608358e-01, -9.8561138388e-04, 1.9260322821e+01, 2.0785969426e+01
2.7152798995e-03, 7.7587113964e-01, -9.4294537222e-04, 1.9584604814e+01, 2.1039261603e+01
2.7244814070e-03, 7.7827018640e-01, -8.9957134317e-04, 1.9904942477e+01, 2.1288000413e+01
2.7336829146e-03, 7.8066923315e-01, -8.5549796124e-04, 2.0221335811e+01, 2.1532205283e+01
2.7428844221e-03, 7.8306827991e-01, -8.1073389092e-04, 2.0533784814e+01, 2.1771895379e+01
2.7520859296e-03, 7.8546732666e-01, -7.6528779671e-04, 2.0842289487e+01, 2.2007089609e+01
2.7612874372e-03, 7.8786637342e-01, -7.1916834312e-04, 2.1146849831e+01, 2.2237806633e+01
2.7704889447e-03, 7.9026542018e-01, -6.7238419465e-04, 2.1447465845e+01, 2.2464064858e+01
2.7796904523e-03, 7.9266143930e-01, -6.2494401579e-04, 2.1744137529e+01, 2.2685882452e+01
2.7888919598e-03, 7.9496457107e-01, -5.7685647107e-04, 2.2036864883e+01, 2.2903277340e+01
2.7980934673e-03, 7.9726770283e-01, -5.2813022496e-04, 2.2325647907e+01, 2.3116267212e+01
2.8072949749e-03, 7.9957083459e-01, -4.7877394199e-04, 2.2610486601e+01, 2.3324869527e+01
2.8164964824e-03, 8.0187396635e-01, -4.2879628664e-04, 2.2891380965e+01, 2.3529101515e+01
2.8256979899e-03, 8.0417709812e-01, -3.7820592342e-04, 2.3168331000e+01, 2.3728980182e+01
2.8348994975e-03, 8.0648022988e-01, -3.2701151684e-04, 2.3441336704e+01, 2.3924522313e+01
2.8441010050e-03, 8.0878336164e-01, -2.7522173139e-04, 2.3710398079e+01, 2.4115744475e+01
2.8533025126e-03, 8.1101960040e-01, -2.2284523158e-04, 2.3975515124e+01, 2.4302663023e+01
2.8625040201e-03, 8.1319718093e-01, -1.6989068191e-04, 2.4236687839e+01, 2.4485294101e+01
2.8717055276e-03, 8.1537476146e-01, -1.1636674688e-04, 2.4493916224e+01, 2.4663653644e+01
2.8809070352e-03, 8.1755234198e-01, -6.2282090992e-05, 2.4747200279e+01, 2.4837757388e+01
2.8901085427e-03, 8.1972992251e-01, -7.6453787493e-06, 2.4996540004e+01, 2.5007620864e+01
2.8993100503e-03, 8.2190750304e-01, 4.7534725346e-05, 2.5241935399e+01, 2.5173259408e+01
2.9085115578e-03, 8.2408508357e-01, 1.0324955679e-04, 2.5483386465e+01, 2.5334688162e+01
2.9177130653e-03, 8.2625583845e-01, 1.5949045109e-04, 2.5720893201e+01, 2.5491922077e+01
2.9269145729e-03, 8.2828136983e-01, 2.1624874373e-04, 2.5954455606e+01, 2.5644975915e+01
2.9361160804e-03, 8.3030690122e-01, 2.7351577022e-04, 2.6184073682e+01, 2.5793864253e+01
2.9453175879e-03, 8.3233243260e-01, 3.3128286605e-04, 2.6409747428e+01, 2.5938601488e+01
2.9545190955e-03, 8.3435796398e-01, 3.8954136672e-04, 2.6631476844e+01, 2.6079201835e+01
2.9637206030e-03, 8.3638349536e-01, 4.4828260773e-04, 2.6849261931e+01, 2.6215679334e+01
2.9729221106e-03, 8.3840902674e-01, 5.0749792458e-04, 2.7063102687e+01, 2.6348047850e+01
2.9821236181e-03, 8.4043455813e-01, 5.6717865276e-04, 2.7272999113e+01, 2.6476321078e+01
2.9913251256e-03, 8.4238205733e-01, 6.2731612777e-04, 2.7478951210e+01, 2.6600512544e+01
3.0005266332e-03, 8.4426470398e-01, 6.8790168512e-04, 2.7680958977e+01, 2.6720635609e+01
3.0097281407e-03, 8.4614735064e-01, 7.4892666029e-04, 2.7879022413e+01, 2.6836703469e+01
3.0189296482e-03, 8.4802999729e-01, 8.1038238880e-04, 2.8073141520e+01, 2.6948729160e+01
3.0281311558e-03, 8.4991264395e-01, 8.7226020612e-04, 2.8263316297e+01, 2.7056725559e+01
3.0373326633e-03, 8.5179529061e-01, 9.3455144777e-04, 2.8449546745e+01, 2.7160705388e+01
3.0465341709e-03, 8.5367793726e-01, 9.9724744924e-04, 2.8631832862e+01, 2.7260681215e+01
3.0557356784e-03, 8.5555429216e-01, 1.0603395460e-03, 2.8810174649e+01, 2.7356665455e+01
3.0649371859e-03, 8.5730405725e-01, 1.1238190736e-03, 2.8984572107e+01, 2.7448670376e+01
3.0741386935e-03, 8.5905382234e-01, 1.1876773676e-03, 2.9155025234e+01, 2.7536708099e+01
3.0833402010e-03, 8.6080358742e-01, 1.2519057633e-03, 2.9321534032e+01, 2.7620790599e+01
3.0925417085e-03, 8.6255335251e-01, 1.3164955963e-03, 2.9484098500e+01, 2.7700929709e+01
3.1017432161e-03, 8.6430311760e-01, 1.3814382022e-03, 2.9642718638e+01, 2.7777137123e+01
3.1109447236e-03, 8.6605288269e-01, 1.4467249163e-03, 2.9797394446e+01, 2.7849424393e+01
3.1201462312e-03, 8.6780264777e-01, 1.5123470743e-03, 2.9948125925e+01, 2.7917802939e+01
3.1293477387e-03, 8.6948064353e-01, 1.5782960116e-03, 3.0094913073e+01, 2.7982284044e+01
3.1385492462e-03, 8.7110212200e-01, 1.6445630636e-03, 3.0237755891e+01, 2.8042878860e+01
3.1477507538e-03, 8.7272360046e-01, 1.7111395660e-03, 3.0376654380e+01, 2.8099598408e+01
3.1569522613e-03, 8.7434507893e-01, 1.7780168542e-03, 3.0511608539e+01, 2.8152453580e+01
3.1661537688e-03, 8.7596655739e-01, 1.8451862636e-03, 3.0642618368e+01, 2.8201455142e+01
3.1753552764e-03, 8.7758803586e-01, 1.9126391299e-03, 3.0769683867e+01, 2.8246613736e+01
3.1845567839e-03, 8.7920951432e-01, 1.9803667884e-03, 3.0892805036e+01, 2.8287939879e+01
3.1937582915e-03, 8.8082411050e-01, 2.0483605748e-03, 3.1011981875e+01, 2.8325443969e+01
3.2029597990e-03, 8.8233215827e-01, 2.1166118244e-03, 3.1127214384e+01, 2.8359136283e+01
3.2121613065e-03, 8.8384020605e-01, 2.1851118728e-03, 3.1238502564e+01, 2.8389026981e+01
3.2213628141e-03, 8.8534825382e-01, 2.2538520555e-03, 3.1345846413e+01, 2.8415126107e+01
3.2305643216e-03, 8.8685630159e-01, 2.3228237079e-03, 3.1449245933e+01, 2.8437443589e+01
3.2397658291e-03, 8.8836434936e-01, 2.3920181657e-03, 3.1548701123e+01, 2.8455989244e+01
3.2489673367e-03, 8.8987239714e-01, 2.4614267642e-03, 3.1644211983e+01, 2.8470772778e+01
3.2581688442e-03, 8.9138044491e-01, 2.5310408390e-03, 3.1735778513e+01, 2.8481803786e+01
3.2673703518e-03, 8.9282517348e-01, 2.6008517256e-03, 3.1823400713e+01, 2.8489091755e+01
3.2765718593e-03, 8.9422053412e-01, 2.6708507594e-03, 3.1907078583e+01, 2.8492646066e+01
3.2857733668e-03, 8.9561589476e-01, 2.7410292760e-03, 3.1986812123e+01, 2.8492475996e+01
3.2949748744e-03, 8.9701125540e-01, 2.8113786109e-03, 3.2062601334e+01, 2.8488590716e+01
3.3041763819e-03, 8.9840661604e-01, 2.8818900995e-03, 3.2134446214e+01, 2.8480999296e+01
3.3133778894e-03, 8.9980197668e-01, 2.9525550774e-03, 3.2202346765e+01, 2.8469710706e+01
3.3225793970e-03, 9.0119733732e-01, 3.0233648801e-03, 3.2266302986e+01, 2.8454733816e+01
3.3317809045e-03, 9.0258768800e-01, 3.0943108430e-03, 3.2326314877e+01, 2.8436077397e+01
3.3409824121e-03, 9.0390369104e-01, 3.1653843017e-03, 3.2382382438e+01, 2.8413750125e+01
3.3501839196e-03, 9.0521969408e-01, 3.2365765916e-03, 3.2434505669e+01, 2.8387760580e+01
3.3593854271e-03, 9.0653569713e-01, 3.3078790483e-03, 3.2482684571e+01, 2.8358117248e+01
3.3685869347e-03, 9.0785170017e-01, 3.3792830072e-03, 3.2526919142e+01, 2.8324828522e+01
3.3777884422e-03, 9.0911517755e-01, 3.4507798039e-03, 3.2567209384e+01, 2.8287902705e+01
3.3869899497e-03, 9.1037618617e-01, 3.5223607739e-03, 3.2603555295e+01, 2.8247348006e+01
3.3961914573e-03, 9.1163719479e-01, 3.5940172525e-03, 3.2635956877e+01, 2.8203172550e+01
3.4053929648e-03, 9.1286700711e-01, 3.6657405755e-03, 3.2664414129e+01, 2.8155384371e+01
3.4145944724e-03, 9.1407378279e-01, 3.7375220781e-03, 3.2688927051e+01, 2.8103991418e+01
3.4237959799e-03, 9.1528055846e-01, 3.8093530960e-03, 3.2709495643e+01, 2.8049001552e+01
3.4329974874e-03, 9.1648733414e-01, 3.8812249647e-03, 3.2726119906e+01, 2.7990422553e+01
3.4421989950e-03, 9.1765770935e-01, 3.9531290195e-03, 3.2738799838e+01, 2.7928262115e+01
3.4514005025e-03, 9.1878657398e-01, 4.0250565961e-03, 3.2747535441e+01, 2.7862527853e+01
3.4606020101e-03, 9.1991543861e-01, 4.0969990300e-03, 3.2752326713e+01, 2.7793227298e+01
3.4698035176e-03, 9.2104430325e-01, 4.1689476565e-03, 3.2753173656e+01, 2.7720367902e+01
3.4790050251e-03, 9.2217316788e-01, 4.2408938113e-03, 3.2750076269e+01, 2.7643957040e+01
3.4882065327e-03, 9.2330203251e-01, 4.3128288298e-03, 3.2743034552e+01, 2.7564002007e+01
3.4974080402e-03, 9.2443089714e-01, 4.3847440475e-03, 3.2732048505e+01, 2.7480510021e+01
3.5066095477e-03, 9.2555976177e-01, 4.4566308000e-03, 3.2717118128e+01, 2.7393488227e+01
3.5158110553e-03, 9.2659388974e-01, 4.5284804227e-03, 3.2698243422e+01, 2.7302943692e+01
3.5250125628e-03, 9.2762492980e-01, 4.6002842511e-03, 3.2675424385e+01, 2.7208883411e+01
3.5342140704e-03, 9.2865596986e-01, 4.6720336207e-03, 3.2648661019e+01, 2.7111314305e+01
3.5434155779e-03, 9.2968700992e-01, 4.7437198670e-03, 3.2617953323e+01, 2.7010243226e+01
3.5526170854e-03, 9.3071804998e-01, 4.8153343255e-03, 3.2583301296e+01, 2.6905676951e+01
3.5618185930e-03, 9.3174909004e-01, 4.8868683318e-03, 3.2544704940e+01, 2.6797622189e+01
3.5710201005e-03, 9.3278013010e-01, 4.9583132212e-03, 3.2502164254e+01, 2.6686085580e+01
3.5802216080e-03, 9.3376664853e-01, 5.0296603293e-03, 3.2455679239e+01, 2.6571073695e+01
3.5894231156e-03, 9.3470289376e-01, 5.1009009917e-03, 3.2405249893e+01, 2.6452593039e+01
3.5986246231e-03, 9.3563913899e-01, 5.1720265437e-03, 3.2350876217e+01, 2.6330650049e+01
3.6078261307e-03, 9.3657538421e-01, 5.2430283210e-03, 3.2292558212e+01, 2.6205251097e+01
3.6170276382e-03, 9.3751162944e-01, 5.3138976589e-03, 3.2230295877e+01, 2.6076402490e+01
3.6262291457e-03, 9.3844787467e-01, 5.3846258931e-03, 3.2164089211e+01, 2.5944110470e+01
3.6354306533e-03, 9.3938411990e-01, 5.4552043589e-03, 3.2093938216e+01, 2.5808381218e+01
3.6446321608e-03, 9.4032036513e-01, 5.5256243919e-03, 3.2019842891e+01, 2.5669220851e+01
3.6538336683e-03, 9.4116457629e-01, 5.5958773276e-03, 3.1941803236e+01, 2.5526635425e+01
3.6630351759e-03, 9.4200707752e-01, 5.6659545015e-03, 3.1859819252e+01, 2.5380630935e+01
3.6722366834e-03, 9.4284957875e-01, 5.7358472491e-03, 3.1773890937e+01, 2.5231213315e+01
3.6814381910e-03, 9.4369207998e-01, 5.8055469059e-03, 3.1684018293e+01, 2.5078388441e+01
3.6906396985e-03, 9.4453458121e-01, 5.8750448073e-03, 3.1590201318e+01, 2.4922162129e+01
3.6998412060e-03, 9.4537708244e-01, 5.9443322890e-03, 3.1492440014e+01, 2.4762540140e+01
3.7090427136e-03, 9.4621958367e-01, 6.0134006863e-03, 3.1390734380e+01, 2.4599528175e+01
3.7182442211e-03, 9.4701943236e-01, 6.0822413347e-03, 3.1285084416e+01, 2.4433131878e+01
3.7274457286e-03, 9.4777362391e-01, 6.1508455699e-03, 3.1175490122e+01, 2.4263356841e+01
3.7366472362e-03, 9.4852781547e-01, 6.2192047272e-03, 3.1061951498e+01, 2.4090208597e+01
3.7458487437e-03, 9.4928200703e-01, 6.2873101422e-03, 3.0944468545e+01, 2.3913692627e+01
3.7550502513e-03, 9.5003619859e-01, 6.3551531503e-03, 3.0823041261e+01, 2.3733814357e+01
3.7642517588e-03, 9.5079039015e-01, 6.4227250872e-03, 3.0697669648e+01, 2.3550579161e+01
3.7734532663e-03, 9.5154458171e-01, 6.4900172881e-03, 3.0568353704e+01, 2.3363992360e+01
3.7826547739e-03, 9.5229877327e-01, 6.5570210888e-03, 3.0435093431e+01, 2.3174059223e+01
3.7918562814e-03, 9.5296692356e-01, 6.6237278246e-03, 3.0297888828e+01, 2.2980784969e+01
3.8010577889e-03, 9.5363369410e-01, 6.6901288310e-03, 3.0156739895e+01, 2.2784174764e+01
3.8102592965e-03, 9.5430046464e-01, 6.7562154436e-03, 3.0011646632e+01, 2.2584233727e+01
3.8194608040e-03, 9.5496723518e-01, 6.8219789979e-03, 2.9862609039e+01, 2.2380966926e+01
3.8286623116e-03, 9.5563400572e-01, 6.8874108293e-03, 2.9709627117e+01, 2.2174379380e+01
3.8378638191e-03, 9.5630077626e-01, 6.9525022734e-03, 2.9552700864e+01, 2.1964476062e+01
3.8470653266e-03, 9.5696754680e-01, 7.0172446656e-03, 2.9391830282e+01, 2.1751261894e+01
3.8562668342e-03, 9.5759394882e-01, 7.0816293414e-03, 2.9227015370e+01, 2.1534741755e+01
3.8654683417e-03, 9.5817756176e-01, 7.1456476364e-03, 2.9058256128e+01, 2.1314920475e+01
3.8746698492e-03, 9.5876117469e-01, 7.2092908861e-03, 2.8885552556e+01, 2.1091802837e+01
3.8838713568e-03, 9.5934478763e-01, 7.2725504258e-03, 2.8708904654e+01, 2.0865393582e+01
3.8930728643e-03, 9.5992840057e-01, 7.3354175912e-03, 2.8528312422e+01, 2.0635697404e+01
3.9022743719e-03, 9.6051201350e-01, 7.3978837178e-03, 2.8343775860e+01, 2.0402718954e+01
3.9114758794e-03, 9.6109562644e-01, 7.4599401409e-03, 2.8155294969e+01, 2.0166462836e+01
3.9206773869e-03, 9.6167923938e-01, 7.5215781963e-03, 2.7962869748e+01, 1.9926933616e+01
3.9298788945e-03, 9.6219741113e-01, 7.5827892192e-03, 2.7766500196e+01, 1.9684135813e+01
3.9390804020e-03, 9.6271542167e-01, 7.6435645452e-03, 2.7566186315e+01, 1.9438073906e+01
3.9482819095e-03, 9.6323343220e-01, 7.7038955099e-03, 2.7361928104e+01, 1.9188752330e+01
3.9574834171e-03, 9.6375144273e-01, 7.7637734487e-03, 2.7153725563e+01, 1.8936175482e+01
3.9666849246e-03, 9.6426945327e-01, 7.8231896972e-03, 2.6941578692e+01, 1.8680347716e+01
3.9758864322e-03, 9.6478746380e-01, 7.8821355907e-03, 2.6725487492e+01, 1.8421273345e+01
3.9850879397e-03, 9.6530547434e-01, 7.9406024649e-03, 2.6505451961e+01, 1.8158956644e+01
3.9942894472e-03, 9.6583187001e-01, 7.9985816551e-03, 2.6281472101e+01, 1.7893401849e+01
4.0034909548e-03, 9.6636669215e-01, 8.0560644970e-03, 2.6053547910e+01, 1.7624613154e+01
4.0126924623e-03, 9.6690151429e-01, 8.1130423260e-03, 2.5821679390e+01, 1.7352594718e+01
4.0218939698e-03, 9.6743633643e-01, 8.1695064776e-03, 2.5585866540e+01, 1.7077350660e+01
4.0310954774e-03, 9.6797115857e-01, 8.2254482873e-03, 2.5346109360e+01, 1.6798885061e+01
4.0402969849e-03, 9.6850598071e-01, 8.2808590907e-03, 2.5102407850e+01, 1.6517201967e+01
4.0494984925e-03, 9.6904080285e-01, 8.3357302231e-03, 2.4854762010e+01, 1.6232305384e+01
4.0587000000e-03, 9.6957562498e-01, 8.3900530201e-03, 2.4603171841e+01, 1.5944199286e+01

