phi0, phi, F_fitted, mu_kT_from_fit, P_from_fit
2.2429000000e-03, 6.4475227919e-01, -2.1161181442e-03, 6.6021941745e+00, 1.0554209402e+01
2.2470346734e-03, 6.4592846203e-01, -2.1095539735e-03, 6.6979858273e+00, 1.0630492577e+01
2.2511693467e-03, 6.4710464488e-01, -2.1028952255e-03, 6.7938247896e+00, 1.0706718742e+01
2.2553040201e-03, 6.4828082773e-01, -2.0961418533e-03, 6.8897110614e+00, 1.0782888382e+01
2.2594386935e-03, 6.4945701058e-01, -2.0892938102e-03, 6.9856446426e+00, 1.0859001982e+01
2.2635733668e-03, 6.5063319343e-01, -2.0823510497e-03, 7.0816255333e+00, 1.0935060022e+01
2.2677080402e-03, 6.5180937628e-01, -2.0753135249e-03, 7.1776537335e+00, 1.1011062978e+01
2.2718427136e-03, 6.5298555913e-01, -2.0681811892e-03, 7.2737292431e+00, 1.1087011323e+01
2.2759773869e-03, 6.5416174198e-01, -2.0609539959e-03, 7.3698520621e+00, 1.1162905526e+01
2.2801120603e-03, 6.5533375870e-01, -2.0536318983e-03, 7.4660221907e+00, 1.1238746054e+01
2.2842467337e-03, 6.5650422267e-01, -2.0462148497e-03, 7.5622396286e+00, 1.1314533369e+01
2.2883814070e-03, 6.5767468664e-01, -2.0387028033e-03, 7.6585043761e+00, 1.1390267930e+01
2.2925160804e-03, 6.5884515062e-01, -2.0310957126e-03, 7.7548164330e+00, 1.1465950195e+01
2.2966507538e-03, 6.6001561459e-01, -2.0233935307e-03, 7.8511757993e+00, 1.1541580615e+01
2.3007854271e-03, 6.6118607857e-01, -2.0155962111e-03, 7.9475824752e+00, 1.1617159640e+01
2.3049201005e-03, 6.6235654254e-01, -2.0077037069e-03, 8.0440364604e+00, 1.1692687717e+01
2.3090547739e-03, 6.6352700652e-01, -1.9997159715e-03, 8.1405377552e+00, 1.1768165289e+01
2.3131894472e-03, 6.6469809871e-01, -1.9916329583e-03, 8.2370863593e+00, 1.1843592794e+01
2.3173241206e-03, 6.6587001424e-01, -1.9834546204e-03, 8.3336822730e+00, 1.1918970672e+01
2.3214587940e-03, 6.6704192978e-01, -1.9751809112e-03, 8.4303254961e+00, 1.1994299354e+01
2.3255934673e-03, 6.6821384531e-01, -1.9668117841e-03, 8.5270160287e+00, 1.2069579272e+01
2.3297281407e-03, 6.6938576084e-01, -1.9583471922e-03, 8.6237538707e+00, 1.2144810853e+01
2.3338628141e-03, 6.7055767637e-01, -1.9497870889e-03, 8.7205390222e+00, 1.2219994522e+01
2.3379974874e-03, 6.7172959190e-01, -1.9411314276e-03, 8.8173714831e+00, 1.2295130700e+01
2.3421321608e-03, 6.7290150743e-01, -1.9323801615e-03, 8.9142512535e+00, 1.2370219806e+01
2.3462668342e-03, 6.7407214317e-01, -1.9235332439e-03, 9.0111783334e+00, 1.2445262255e+01
2.3504015075e-03, 6.7523472351e-01, -1.9145906281e-03, 9.1081527227e+00, 1.2520258460e+01
2.3545361809e-03, 6.7639730384e-01, -1.9055522674e-03, 9.2051744215e+00, 1.2595208831e+01
2.3586708543e-03, 6.7755988417e-01, -1.8964181151e-03, 9.3022434297e+00, 1.2670113775e+01
2.3628055276e-03, 6.7872246451e-01, -1.8871881246e-03, 9.3993597474e+00, 1.2744973696e+01
2.3669402010e-03, 6.7988504484e-01, -1.8778622490e-03, 9.4965233745e+00, 1.2819788995e+01
2.3710748744e-03, 6.8104762518e-01, -1.8684404418e-03, 9.5937343111e+00, 1.2894560070e+01
2.3752095477e-03, 6.8221020551e-01, -1.8589226563e-03, 9.6909925572e+00, 1.2969287317e+01
2.3793442211e-03, 6.8337278584e-01, -1.8493088456e-03, 9.7882981127e+00, 1.3043971129e+01
2.3834788945e-03, 6.8453563599e-01, -1.8395989632e-03, 9.8856509777e+00, 1.3118611897e+01
2.3876135678e-03, 6.8569853699e-01, -1.8297929623e-03, 9.9830511522e+00, 1.3193210007e+01
2.3917482412e-03, 6.8686143799e-01, -1.8198907963e-03, 1.0080498636e+01, 1.3267765845e+01
2.3958829146e-03, 6.8802433899e-01, -1.8098924183e-03, 1.0177993429e+01, 1.3342279792e+01
2.4000175879e-03, 6.8918723999e-01, -1.7997977819e-03, 1.0275535532e+01, 1.3416752229e+01
2.4041522613e-03, 6.9035014099e-01, -1.7896068401e-03, 1.0373124945e+01, 1.3491183531e+01
2.4082869347e-03, 6.9151304199e-01, -1.7793195464e-03, 1.0470761666e+01, 1.3565574074e+01
2.4124216080e-03, 6.9267594299e-01, -1.7689358540e-03, 1.0568445697e+01, 1.3639924229e+01
2.4165562814e-03, 6.9383414504e-01, -1.7584557163e-03, 1.0666177038e+01, 1.3714234365e+01
2.4206909548e-03, 6.9498843514e-01, -1.7478790865e-03, 1.0763955688e+01, 1.3788504849e+01
2.4248256281e-03, 6.9614272524e-01, -1.7372059180e-03, 1.0861781648e+01, 1.3862736046e+01
2.4289603015e-03, 6.9729701534e-01, -1.7264361640e-03, 1.0959654917e+01, 1.3936928316e+01
2.4330949749e-03, 6.9845130544e-01, -1.7155697779e-03, 1.1057575495e+01, 1.4011082019e+01
2.4372296482e-03, 6.9960559554e-01, -1.7046067129e-03, 1.1155543383e+01, 1.4085197512e+01
2.4413643216e-03, 7.0075988564e-01, -1.6935469224e-03, 1.1253558581e+01, 1.4159275149e+01
2.4454989950e-03, 7.0191417574e-01, -1.6823903596e-03, 1.1351621087e+01, 1.4233315283e+01
2.4496336683e-03, 7.0306839286e-01, -1.6711369779e-03, 1.1449730904e+01, 1.4307318262e+01
2.4537683417e-03, 7.0422239100e-01, -1.6597867305e-03, 1.1547888030e+01, 1.4381284435e+01
2.4579030151e-03, 7.0537638915e-01, -1.6483395708e-03, 1.1646092465e+01, 1.4455214145e+01
2.4620376884e-03, 7.0653038729e-01, -1.6367954521e-03, 1.1744344209e+01, 1.4529107737e+01
2.4661723618e-03, 7.0768438544e-01, -1.6251543276e-03, 1.1842643264e+01, 1.4602965549e+01
2.4703070352e-03, 7.0883838358e-01, -1.6134161507e-03, 1.1940989627e+01, 1.4676787920e+01
2.4744417085e-03, 7.0999238172e-01, -1.6015808747e-03, 1.2039383300e+01, 1.4750575185e+01
2.4785763819e-03, 7.1114637987e-01, -1.5896484528e-03, 1.2137824283e+01, 1.4824327679e+01
2.4827110553e-03, 7.1230037801e-01, -1.5776188384e-03, 1.2236312575e+01, 1.4898045733e+01
2.4868457286e-03, 7.1345463381e-01, -1.5654919848e-03, 1.2334848176e+01, 1.4971729675e+01
2.4909804020e-03, 7.1460890195e-01, -1.5532678453e-03, 1.2433431087e+01, 1.5045379832e+01
2.4951150754e-03, 7.1576317009e-01, -1.5409463731e-03, 1.2532061308e+01, 1.5118996530e+01
2.4992497487e-03, 7.1691743822e-01, -1.5285275216e-03, 1.2630738837e+01, 1.5192580091e+01
2.5033844221e-03, 7.1807170636e-01, -1.5160112441e-03, 1.2729463677e+01, 1.5266130835e+01
2.5075190955e-03, 7.1922597450e-01, -1.5033974938e-03, 1.2828235825e+01, 1.5339649081e+01
2.5116537688e-03, 7.2038024264e-01, -1.4906862242e-03, 1.2927055284e+01, 1.5413135145e+01
2.5157884422e-03, 7.2153451077e-01, -1.4778773884e-03, 1.3025922051e+01, 1.5486589341e+01
2.5199231156e-03, 7.2267670721e-01, -1.4649709398e-03, 1.3124836128e+01, 1.5560011982e+01
2.5240577889e-03, 7.2381329540e-01, -1.4519668318e-03, 1.3223797515e+01, 1.5633403376e+01
2.5281924623e-03, 7.2494988359e-01, -1.4388650175e-03, 1.3322806211e+01, 1.5706763833e+01
2.5323271357e-03, 7.2608647178e-01, -1.4256654502e-03, 1.3421862216e+01, 1.5780093659e+01
2.5364618090e-03, 7.2722305998e-01, -1.4123680834e-03, 1.3520965531e+01, 1.5853393156e+01
2.5405964824e-03, 7.2835964817e-01, -1.3989728703e-03, 1.3620116156e+01, 1.5926662629e+01
2.5447311558e-03, 7.2949623636e-01, -1.3854797642e-03, 1.3719314090e+01, 1.5999902376e+01
2.5488658291e-03, 7.3063282455e-01, -1.3718887184e-03, 1.3818559333e+01, 1.6073112695e+01
2.5530005025e-03, 7.3177456046e-01, -1.3581996862e-03, 1.3917851886e+01, 1.6146293884e+01
2.5571351759e-03, 7.3292444707e-01, -1.3444126208e-03, 1.4017191748e+01, 1.6219446236e+01
2.5612698492e-03, 7.3407433368e-01, -1.3305274757e-03, 1.4116578920e+01, 1.6292570043e+01
2.5654045226e-03, 7.3522422028e-01, -1.3165442041e-03, 1.4216013401e+01, 1.6365665597e+01
2.5695391960e-03, 7.3637410689e-01, -1.3024627593e-03, 1.4315495191e+01, 1.6438733186e+01
2.5736738693e-03, 7.3752399350e-01, -1.2882830946e-03, 1.4415024291e+01, 1.6511773096e+01
2.5778085427e-03, 7.3867388010e-01, -1.2740051634e-03, 1.4514600701e+01, 1.6584785612e+01
2.5819432161e-03, 7.3982376671e-01, -1.2596289188e-03, 1.4614224420e+01, 1.6657771018e+01
2.5860778894e-03, 7.4097214929e-01, -1.2451543142e-03, 1.4713895448e+01, 1.6730729596e+01
2.5902125628e-03, 7.4210557958e-01, -1.2305813030e-03, 1.4813613786e+01, 1.6803661623e+01
2.5943472362e-03, 7.4323900988e-01, -1.2159098384e-03, 1.4913379434e+01, 1.6876567379e+01
2.5984819095e-03, 7.4437244017e-01, -1.2011398737e-03, 1.5013192391e+01, 1.6949447140e+01
2.6026165829e-03, 7.4550587046e-01, -1.1862713622e-03, 1.5113052657e+01, 1.7022301178e+01
2.6067512563e-03, 7.4663930076e-01, -1.1713042573e-03, 1.5212960233e+01, 1.7095129767e+01
2.6108859296e-03, 7.4777273105e-01, -1.1562385121e-03, 1.5312915118e+01, 1.7167933179e+01
2.6150206030e-03, 7.4890616134e-01, -1.1410740801e-03, 1.5412917312e+01, 1.7240711680e+01
2.6191552764e-03, 7.5003959163e-01, -1.1258109146e-03, 1.5512966817e+01, 1.7313465540e+01
2.6232899497e-03, 7.5116353227e-01, -1.1104489687e-03, 1.5613063630e+01, 1.7386195023e+01
2.6274246231e-03, 7.5228503636e-01, -1.0949881959e-03, 1.5713207753e+01, 1.7458900394e+01
2.6315592965e-03, 7.5340654044e-01, -1.0794285495e-03, 1.5813399186e+01, 1.7531581915e+01
2.6356939698e-03, 7.5452804453e-01, -1.0637699826e-03, 1.5913637928e+01, 1.7604239847e+01
2.6398286432e-03, 7.5564954861e-01, -1.0480124487e-03, 1.6013923979e+01, 1.7676874448e+01
2.6439633166e-03, 7.5677105269e-01, -1.0321559011e-03, 1.6114257340e+01, 1.7749485976e+01
2.6480979899e-03, 7.5789255678e-01, -1.0162002930e-03, 1.6214638010e+01, 1.7822074687e+01
2.6522326633e-03, 7.5901406086e-01, -1.0001455777e-03, 1.6315065990e+01, 1.7894640835e+01
2.6563673367e-03, 7.6012787417e-01, -9.8399170855e-04, 1.6415541279e+01, 1.7967184673e+01
2.6605020101e-03, 7.6123399668e-01, -9.6773863887e-04, 1.6516063878e+01, 1.8039706452e+01
2.6646366834e-03, 7.6234011920e-01, -9.5138632194e-04, 1.6616633786e+01, 1.8112206421e+01
2.6687713568e-03, 7.6344624172e-01, -9.3493471105e-04, 1.6717251004e+01, 1.8184684828e+01
2.6729060302e-03, 7.6455236424e-01, -9.1838375952e-04, 1.6817915531e+01, 1.8257141921e+01
2.6770407035e-03, 7.6565848675e-01, -9.0173342064e-04, 1.6918627367e+01, 1.8329577942e+01
2.6811753769e-03, 7.6676460927e-01, -8.8498364772e-04, 1.7019386513e+01, 1.8401993137e+01
2.6853100503e-03, 7.6787073179e-01, -8.6813439405e-04, 1.7120192969e+01, 1.8474387746e+01
2.6894447236e-03, 7.6897704130e-01, -8.5118561294e-04, 1.7221046734e+01, 1.8546762011e+01
2.6935793970e-03, 7.7008407911e-01, -8.3413725769e-04, 1.7321947808e+01, 1.8619116170e+01
2.6977140704e-03, 7.7119111691e-01, -8.1698928161e-04, 1.7422896192e+01, 1.8691450461e+01
2.7018487437e-03, 7.7229815472e-01, -7.9974163799e-04, 1.7523891885e+01, 1.8763765119e+01
2.7059834171e-03, 7.7340519253e-01, -7.8239428013e-04, 1.7624934888e+01, 1.8836060380e+01
2.7101180905e-03, 7.7451223033e-01, -7.6494716134e-04, 1.7726025200e+01, 1.8908336476e+01
2.7142527638e-03, 7.7561926814e-01, -7.4740023492e-04, 1.7827162822e+01, 1.8980593639e+01
2.7183874372e-03, 7.7672630595e-01, -7.2975345417e-04, 1.7928347753e+01, 1.9052832099e+01
2.7225221106e-03, 7.7783334375e-01, -7.1200677240e-04, 1.8029579993e+01, 1.9125052086e+01
2.7266567839e-03, 7.7891437914e-01, -6.9416014290e-04, 1.8130859543e+01, 1.9197253827e+01
2.7307914573e-03, 7.7999279899e-01, -6.7621351897e-04, 1.8232186403e+01, 1.9269437547e+01
2.7349261307e-03, 7.8107121883e-01, -6.5816685393e-04, 1.8333560572e+01, 1.9341603473e+01
2.7390608040e-03, 7.8214963868e-01, -6.4002010106e-04, 1.8434982050e+01, 1.9413751826e+01
2.7431954774e-03, 7.8322805852e-01, -6.2177321367e-04, 1.8536450838e+01, 1.9485882830e+01
2.7473301508e-03, 7.8430647837e-01, -6.0342614507e-04, 1.8637966935e+01, 1.9557996705e+01
2.7514648241e-03, 7.8538489821e-01, -5.8497884856e-04, 1.8739530342e+01, 1.9630093670e+01
2.7555994975e-03, 7.8646331806e-01, -5.6643127743e-04, 1.8841141058e+01, 1.9702173944e+01
2.7597341709e-03, 7.8753209816e-01, -5.4778338498e-04, 1.8942799084e+01, 1.9774237743e+01
2.7638688442e-03, 7.8859538718e-01, -5.2903512453e-04, 1.9044504419e+01, 1.9846285282e+01
2.7680035176e-03, 7.8965867619e-01, -5.1018644937e-04, 1.9146257064e+01, 1.9918316777e+01
2.7721381910e-03, 7.9072196521e-01, -4.9123731281e-04, 1.9248057018e+01, 1.9990332439e+01
2.7762728643e-03, 7.9178525423e-01, -4.7218766814e-04, 1.9349904281e+01, 2.0062332481e+01
2.7804075377e-03, 7.9284854324e-01, -4.5303746866e-04, 1.9451798854e+01, 2.0134317113e+01
2.7845422111e-03, 7.9391183226e-01, -4.3378666769e-04, 1.9553740737e+01, 2.0206286544e+01
2.7886768844e-03, 7.9497512128e-01, -4.1443521852e-04, 1.9655729929e+01, 2.0278240982e+01
2.7928115578e-03, 7.9603099111e-01, -3.9498307445e-04, 1.9757766430e+01, 2.0350180633e+01
2.7969462312e-03, 7.9707254819e-01, -3.7543018878e-04, 1.9859850241e+01, 2.0422105704e+01
2.8010809045e-03, 7.9811410527e-01, -3.5577651482e-04, 1.9961981361e+01, 2.0494016397e+01
2.8052155779e-03, 7.9915566235e-01, -3.3602200587e-04, 2.0064159791e+01, 2.0565912918e+01
2.8093502513e-03, 8.0019721943e-01, -3.1616661523e-04, 2.0166385530e+01, 2.0637795466e+01
2.8134849246e-03, 8.0123877651e-01, -2.9621029620e-04, 2.0268658579e+01, 2.0709664243e+01
2.8176195980e-03, 8.0228033359e-01, -2.7615300208e-04, 2.0370978937e+01, 2.0781519448e+01
2.8217542714e-03, 8.0332189067e-01, -2.5599468617e-04, 2.0473346605e+01, 2.0853361280e+01
2.8258889447e-03, 8.0436198342e-01, -2.3573530179e-04, 2.0575761582e+01, 2.0925189936e+01
2.8300236181e-03, 8.0537149664e-01, -2.1537480222e-04, 2.0678223868e+01, 2.0997005611e+01
2.8341582915e-03, 8.0638100985e-01, -1.9491314077e-04, 2.0780733464e+01, 2.1068808501e+01
2.8382929648e-03, 8.0739052307e-01, -1.7435027074e-04, 2.0883290369e+01, 2.1140598799e+01
2.8424276382e-03, 8.0840003629e-01, -1.5368614544e-04, 2.0985894584e+01, 2.1212376698e+01
2.8465623116e-03, 8.0940954950e-01, -1.3292071816e-04, 2.1088546109e+01, 2.1284142390e+01
2.8506969849e-03, 8.1041906272e-01, -1.1205394221e-04, 2.1191244942e+01, 2.1355896064e+01
2.8548316583e-03, 8.1142857594e-01, -9.1085770891e-05, 2.1293991086e+01, 2.1427637910e+01
2.8589663317e-03, 8.1243808915e-01, -7.0016157501e-05, 2.1396784538e+01, 2.1499368116e+01
2.8631010050e-03, 8.1343024314e-01, -4.8845055342e-05, 2.1499625301e+01, 2.1571086869e+01
2.8672356784e-03, 8.1441661072e-01, -2.7572417718e-05, 2.1602513372e+01, 2.1642794356e+01
2.8713703518e-03, 8.1540297830e-01, -6.1981979290e-06, 2.1705448753e+01, 2.1714490760e+01
2.8755050251e-03, 8.1638934588e-01, 1.5277650722e-05, 2.1808431444e+01, 2.1786176267e+01
2.8796396985e-03, 8.1737571346e-01, 3.6855174933e-05, 2.1911461444e+01, 2.1857851058e+01
2.8837743719e-03, 8.1836208104e-01, 5.8534421404e-05, 2.2014538753e+01, 2.1929515315e+01
2.8879090452e-03, 8.1934844862e-01, 8.0315436831e-05, 2.2117663372e+01, 2.2001169220e+01
2.8920437186e-03, 8.2033481620e-01, 1.0219826791e-04, 2.2220835301e+01, 2.2072812952e+01
2.8961783920e-03, 8.2130204426e-01, 1.2418296135e-04, 2.2324054538e+01, 2.2144446689e+01
2.9003130653e-03, 8.2224628236e-01, 1.4626956384e-04, 2.2427321086e+01, 2.2216070609e+01
2.9044477387e-03, 8.2319052047e-01, 1.6845812208e-04, 2.2530634942e+01, 2.2287684889e+01
2.9085824121e-03, 8.2413475858e-01, 1.9074868276e-04, 2.2633996109e+01, 2.2359289705e+01
2.9127170854e-03, 8.2507899668e-01, 2.1314129260e-04, 2.2737404584e+01, 2.2430885230e+01
2.9168517588e-03, 8.2602323479e-01, 2.3563599828e-04, 2.2840860369e+01, 2.2502471640e+01
2.9209864322e-03, 8.2696747289e-01, 2.5823284650e-04, 2.2944363464e+01, 2.2574049105e+01
2.9251211055e-03, 8.2791171100e-01, 2.8093188396e-04, 2.3047913868e+01, 2.2645617798e+01
2.9292557789e-03, 8.2885195796e-01, 3.0373315736e-04, 2.3151511581e+01, 2.2717177890e+01
2.9333904523e-03, 8.2977103201e-01, 3.2663671340e-04, 2.3255156604e+01, 2.2788729551e+01
2.9375251256e-03, 8.3069010606e-01, 3.4964259878e-04, 2.3358848937e+01, 2.2860272948e+01
2.9416597990e-03, 8.3160918011e-01, 3.7275086019e-04, 2.3462588579e+01, 2.2931808251e+01
2.9457944724e-03, 8.3252825415e-01, 3.9596154433e-04, 2.3566375530e+01, 2.3003335626e+01
2.9499291457e-03, 8.3344732820e-01, 4.1927469790e-04, 2.3670209791e+01, 2.3074855238e+01
2.9540638191e-03, 8.3436640225e-01, 4.4269036761e-04, 2.3774091361e+01, 2.3146367253e+01
2.9581984925e-03, 8.3528547630e-01, 4.6620860014e-04, 2.3878020241e+01, 2.3217871835e+01
2.9623331658e-03, 8.3620455034e-01, 4.8982944219e-04, 2.3981996430e+01, 2.3289369148e+01
2.9664678392e-03, 8.3709254899e-01, 5.1355294047e-04, 2.4086019929e+01, 2.3360859353e+01
2.9706025126e-03, 8.3797561059e-01, 5.3737914167e-04, 2.4190090737e+01, 2.3432342611e+01
2.9747371859e-03, 8.3885867218e-01, 5.6130809250e-04, 2.4294208854e+01, 2.3503819084e+01
2.9788718593e-03, 8.3974173378e-01, 5.8533983964e-04, 2.4398374281e+01, 2.3575288931e+01
2.9830065327e-03, 8.4062479537e-01, 6.0947442979e-04, 2.4502587018e+01, 2.3646752311e+01
2.9871412060e-03, 8.4150785697e-01, 6.3371190967e-04, 2.4606847064e+01, 2.3718209381e+01
2.9912758794e-03, 8.4239091857e-01, 6.5805232595e-04, 2.4711154419e+01, 2.3789660298e+01
2.9954105528e-03, 8.4327398016e-01, 6.8249572535e-04, 2.4815509084e+01, 2.3861105219e+01
2.9995452261e-03, 8.4413888262e-01, 7.0704215455e-04, 2.4919911058e+01, 2.3932544298e+01
3.0036798995e-03, 8.4499123863e-01, 7.3169166027e-04, 2.5024360342e+01, 2.4003977690e+01
3.0078145729e-03, 8.4584359465e-01, 7.5644428919e-04, 2.5128856935e+01, 2.4075405549e+01
3.0119492462e-03, 8.4669595066e-01, 7.8130008802e-04, 2.5233400838e+01, 2.4146828028e+01
3.0160839196e-03, 8.4754830667e-01, 8.0625910344e-04, 2.5337992050e+01, 2.4218245277e+01
3.0202185930e-03, 8.4840066268e-01, 8.3132138217e-04, 2.5442630571e+01, 2.4289657448e+01
3.0243532663e-03, 8.4925301870e-01, 8.5648697090e-04, 2.5547316402e+01, 2.4361064692e+01
3.0284879397e-03, 8.5010537471e-01, 8.8175591633e-04, 2.5652049543e+01, 2.4432467158e+01
3.0326226131e-03, 8.5094867050e-01, 9.0712826515e-04, 2.5756829993e+01, 2.4503864993e+01
3.0367572864e-03, 8.5177038637e-01, 9.3260406406e-04, 2.5861657752e+01, 2.4575258347e+01
3.0408919598e-03, 8.5259210224e-01, 9.5818335977e-04, 2.5966532821e+01, 2.4646647365e+01
3.0450266332e-03, 8.5341381811e-01, 9.8386619897e-04, 2.6071455199e+01, 2.4718032194e+01
3.0491613065e-03, 8.5423553397e-01, 1.0096526284e-03, 2.6176424887e+01, 2.4789412980e+01
3.0532959799e-03, 8.5505724984e-01, 1.0355426946e-03, 2.6281441884e+01, 2.4860789866e+01
3.0574306533e-03, 8.5587896571e-01, 1.0615364445e-03, 2.6386506191e+01, 2.4932162997e+01
3.0615653266e-03, 8.5670068158e-01, 1.0876339246e-03, 2.6491617807e+01, 2.5003532516e+01
3.0657000000e-03, 8.5752239745e-01, 1.1138351818e-03, 2.6596776733e+01, 2.5074898565e+01

