This fits B3 to B3 into the virial expansion since maxPower is set to 1.
Number of particles: 108
dryVolFracMax: 2.051
dryVolFracIncrement: 0.05
Initial configuration: FCC
Dry microgel radius [nm]: 50.0
Box length [units of dry radius]: 3.7487800910004525
Number of monomers: 0.0
Number of chains: 0.0
Flory interaction parameter (chi): 0.0
Young's calibration factor: 1.0
x-link fraction: 3.0E-5
betaEpsilon: 135.0
Tstar: 0.007407407407407408
MC steps: 20000
Equilibration steps: 10000.0
Snapshot interval: 100
Displacement tolerance: 0.1
Particle radius change tolerance: 0.0
Particle radius bin width: 0.001
g(r) bin width: 0.005
phi0, phi, rho, mu_virialFit/kT, Z_measured, Z_virial_Fit, <F_total_virialFit>/V, QMelting, <F_id>/V, <F_ex_virialFit>/V, <F_FR>/V, <alpha>, Zeta, B2_rho, B2_phi0, B2_HS, B2*, <F_ex_virialFit>/N, <F_ex_measuredTI>/N, mu_measuredTI/kT, P_virialFit*, P_measured*, <F_ex_measuredTI>/V, <F_total_measuredTI>/V
0.05, 0.0, 0.05000000000000001, -2.8089154308460293, 1.075048683408066, 1.0807544075844209, -0.19448349192152253, 1.695103009688705, -0.1982773524986409, 0.0037938605771183497, 0.0, 0.5, 0.0, 1.420000310006263, 1.420000310006263, 2.0943951023931953, 0.6780002055885617, 0.07587721154236698, 0.07302434945418955, -2.817474017110562, 0.054037720379221055, 0.053752434170403304, 0.0036512174727094783, -0.19462613502593143
0.1, 0.0, 0.1, -1.9298734549069732, 1.161971357320617, 1.1810175993370569, -0.31108910542440305, 1.8137977751615892, -0.3272399869412872, 0.016150881516884156, 0.0, 0.5, 0.0, 1.420000310006263, 1.420000310006263, 2.0943951023931953, 0.6780002055885617, 0.16150881516884155, 0.15104153048837676, -1.959386981603878, 0.1181017599337057, 0.1161971357320617, 0.015104153048837677, -0.31213583389244953
0.15, 0.0, 0.14999999999999997, -1.3092503751673759, 1.2485196721623064, 1.300789575257908, -0.3915059925637924, 1.8974973269423714, -0.430040214195706, 0.03853422163191354, 0.0, 0.5, 0.0, 1.420000310006263, 1.420000310006263, 2.0943951023931953, 0.6780002055885617, 0.2568948108794237, 0.23295431517891535, -1.3854607739634857, 0.19511843628868614, 0.18727795082434592, 0.0349431472768373, -0.3950970669188687
0.2, 0.0, 0.20000000000000004, -0.777147154831838, 1.3203715942308976, 1.4400703353469746, -0.44344349803576266, 1.9538753427349311, -0.5158505377705854, 0.07240703973482275, 0.0, 0.5, 0.0, 1.420000310006263, 1.420000310006263, 2.0943951023931953, 0.6780002055885617, 0.36203519867411366, 0.31442070981816206, -0.9444603848038668, 0.288014067069395, 0.26407431884617955, 0.06288414196363243, -0.45296639580695297
0.25, 0.0, 0.25000000000000006, -0.280319279381549, 1.4309927462427905, 1.5988598796042564, -0.4697947897464514, 1.98689786206648, -0.5890272843846792, 0.1192324946382278, 0.0, 0.5, 0.0, 1.420000310006263, 1.420000310006263, 2.0943951023931953, 0.6780002055885617, 0.4769299785529111, 0.3975664337213033, -0.5275499575746225, 0.3997149699010642, 0.3577481865606977, 0.09939160843032585, -0.48963567595435337
0.3, 0.0, 0.29999999999999993, 0.2049497778008067, 1.5584971797573322, 1.777158208029753, -0.4716625290686837, 1.9992029854379147, -0.6521362742234285, 0.18047374515474474, 0.0, 0.5, 0.0, 1.420000310006263, 1.420000310006263, 2.0943951023931953, 0.6780002055885617, 0.6015791505158159, 0.4872071399920265, -0.12808326099540346, 0.5331474624089257, 0.46754915392719953, 0.1461621419976079, -0.5059741322258205
0.35, 0.0, 0.34999999999999987, 0.691311134268789, 1.6730272455794113, 1.974965320623465, -0.44927896522413624, 1.9876453686456692, -0.7068729153211261, 0.2575939500969898, 0.0, 0.5, 0.0, 1.420000310006263, 1.420000310006263, 2.0943951023931953, 0.6780002055885617, 0.7359827145628284, 0.5818219463227143, 0.23521229098462193, 0.6912378622182125, 0.5855595359527938, 0.20363768121294995, -0.503235234108176
0.4, 0.0, 0.4000000000000001, 1.1863163797863614, 1.7911213375507442, 2.192281217385393, -0.4023859350396128, 1.953569765193202, -0.7544422033171926, 0.3520562682775798, 0.0, 0.5, 0.0, 1.420000310006263, 1.420000310006263, 2.0943951023931953, 0.6780002055885617, 0.8801406706939493, 0.6793404046038799, 0.584356233861643, 0.8769124869541575, 0.7164485350202978, 0.271736161841552, -0.48270604147564056
0.45, 0.0, 0.44999999999999996, 1.6948364445881143, 1.982463773506617, 2.4291058983155356, -0.3304212541773395, 1.9031224360443209, -0.795745112686469, 0.4653238585091295, 0.0, 0.5, 0.0, 1.420000310006263, 1.420000310006263, 2.0943951023931953, 0.6780002055885617, 1.0340530189091768, 0.7833668089511687, 0.997508109821188, 1.093097654241991, 0.8921086980779775, 0.3525150640280259, -0.44323004865844307
0.5, 0.0, 0.5, 2.2201971656436346, 2.1403829106289933, 2.6854393634138938, -0.2326210988851295, 1.8278098844614752, -0.8314809784893857, 0.5988598796042562, 0.0, 0.5, 0.0, 1.420000310006263, 1.420000310006263, 2.0943951023931953, 0.6780002055885617, 1.1977197592085125, 0.8949672752329861, 1.3723882288832079, 1.3427196817069469, 1.0701914553144967, 0.44748363761649307, -0.38399734087289267
0.55, 0.0, 0.5499999999999998, 2.764770727097974, 2.3360548787030253, 2.961281612680466, -0.1080809870703704, 1.7330324097935703, -0.8622084774459454, 0.754127490375575, 0.0, 0.5, 0.0, 1.420000310006263, 1.420000310006263, 2.0943951023931953, 0.6780002055885617, 1.371140891591955, 1.0127161879782092, 1.7811192895067878, 1.6287048869742557, 1.2848301832866635, 0.5569939033880149, -0.3052145740579305
0.6, 0.0, 0.5999999999999999, 3.330308661989943, 2.490212169657749, 3.2566326461152544, 0.04420560952481334, 1.6084853903976928, -0.88838424011089, 0.9325898496357033, 0.0, 0.5, 0.0, 1.420000310006263, 1.420000310006263, 2.0943951023931953, 0.6780002055885617, 1.554316416059506, 1.1355381289277227, 2.1451098984006545, 1.9539795876691521, 1.494127301794649, 0.6813228773566334, -0.20706136275425657
0.65, 0.0, 0.65, 3.9181411038181433, 2.7381525765660344, 3.571492463718259, 0.22532161606492496, 1.465278331587601, -0.9103885001323322, 1.1357101161972571, 0.0, 0.5, 0.0, 1.420000310006263, 1.420000310006263, 2.0943951023931953, 0.6780002055885617, 1.7472463326111647, 1.2644823248390793, 2.6020372088938335, 2.3214701014168684, 1.7797991747679225, 0.8219135111454016, -0.08847498898693062
0.7, 0.0, 0.7, 4.529301986378849, 2.93872828527131, 3.9058610654894776, 0.43640864462256046, 1.2946037092169964, -0.9285428042502909, 1.3649514488728514, 0.0, 0.5, 0.0, 1.420000310006263, 1.420000310006263, 2.0943951023931953, 0.6780002055885617, 1.9499306412469306, 1.4005746429172425, 3.0128132078309937, 2.7341027458426344, 2.057109799689917, 0.9804022500420697, 0.05185944579177881
0.75, 0.0, 0.7500000000000001, 5.16461094452511, 3.280243640842271, 4.2597384514289125, 0.6786543698221488, 1.1149563218212877, -0.9431226366529553, 1.621777006475104, 0.0, 0.5, 0.0, 1.420000310006263, 1.420000310006263, 2.0943951023931953, 0.6780002055885617, 2.162369341966805, 1.5458230601811989, 3.568569852152863, 3.194803838571685, 2.4601827306317037, 1.1593672951358993, 0.21624465848294405
0.8, 0.0, 0.8000000000000004, 5.824728728574316, 3.4654005751732124, 4.633124621536564, 0.9532832856302019, 0.8864511781259085, -0.9543666621864287, 1.9076499478166307, 0.0, 0.5, 0.0, 1.420000310006263, 1.420000310006263, 2.0943951023931953, 0.6780002055885617, 2.384562434770787, 1.6988749495167714, 3.9713171969569485, 3.706499697229253, 2.7723204601385714, 1.3590999596134177, 0.40473329742698894
0.85, 0.0, 0.8500000000000002, 6.510195789554702, 3.820693556380544, 5.026019575812428, 1.2615497816809342, 0.6588211149107748, -0.9624836500291108, 2.224033431710045, 0.0, 0.5, 0.0, 1.420000310006263, 1.420000310006263, 2.0943951023931953, 0.6780002055885617, 2.616509919658876, 1.8588802926785968, 4.54724014314254, 4.272116639440565, 3.2475895229234633, 1.5800482487768077, 0.6175645987476969
0.9, 0.0, 0.9000000000000002, 7.221459818810928, 4.176464556259137, 5.438423314256507, 1.604732854098979, 0.3949990292073653, -0.9676577628689872, 2.572390616967966, 0.0, 0.5, 0.0, 1.420000310006263, 1.420000310006263, 2.0943951023931953, 0.6780002055885617, 2.8582117966310725, 2.0300769944290136, 5.131366258611498, 4.894580982830858, 3.758818100633224, 1.8270692949861127, 0.8594115321171255
0.95, 0.0, 0.9500000000000003, 7.958895831749802, 4.546904141954174, 5.8703358368688034, 1.9841319951369507, 0.12115294534977217, -0.9700526672660578, 2.9541846624030086, 0.0, 0.5, 0.0, 1.420000310006263, 1.420000310006263, 2.0943951023931953, 0.6780002055885617, 3.1096680656873765, 2.211651703674772, 5.73744777482257, 5.576819045025365, 4.319558934856467, 2.101069118491034, 1.1310164512249763
1.0, 0.0, 1.0000000000000002, 8.722821094058276, 4.951258210742045, 6.321757143649313, 2.401063950408963, -0.19156125073671149, -0.9698147764188261, 3.370878726827789, 0.0, 0.5, 0.0, 1.420000310006263, 1.420000310006263, 2.0943951023931953, 0.6780002055885617, 3.370878726827788, 2.4037727416263275, 6.385216175949547, 6.3217571436493145, 4.951258210742046, 2.403772741626328, 1.4339579652075019
1.05, 0.0, 1.0500000000000003, 9.513506402400953, 5.395743313868757, 6.79268723459804, 2.85686012619306, -0.5203309735393682, -0.9670758428618638, 3.823935969054924, 0.0, 0.5, 0.0, 1.420000310006263, 1.420000310006263, 2.0943951023931953, 0.6780002055885617, 3.641843780052308, 2.607214751986992, 7.081933453606355, 7.132321596327944, 5.665530479562197, 2.7375754895863427, 1.770499646724479
1.1, 0.0, 1.1000000000000003, 10.331184738461413, 5.903597321610198, 7.28312610971498, 3.3528644916210784, -0.8598978071049523, -0.9619550562759513, 4.31481954789703, 0.0, 0.5, 0.0, 1.420000310006263, 1.420000310006263, 2.0943951023931953, 0.6780002055885617, 3.922563225360935, 2.8233207007520646, 7.852413425747761, 8.011438720686481, 6.4939570537712195, 3.105652770827272, 2.1436977145513207
1.15, 0.0, 1.1500000000000001, 11.176057997710135, 6.408843316344382, 7.793073769000134, 3.8904318630165022, -1.2311245682437884, -0.9545607591502174, 4.844992622166719, 0.0, 0.5, 0.0, 1.420000310006263, 1.420000310006263, 2.0943951023931953, 0.6780002055885617, 4.213037062753669, 3.0523496447803353, 8.63114012708105, 8.962034834350156, 7.37016981379604, 3.510202091497386, 2.555641332347169
1.2, 0.0, 1.2000000000000006, 12.048302285059155, 7.016674134595065, 8.322530212453511, 4.470926487126774, -1.611754499513089, -0.9449918635498457, 5.41591835067662, 0.0, 0.5, 0.0, 1.420000310006263, 1.420000310006263, 2.0943951023931953, 0.6780002055885617, 4.513265292230514, 3.2952805729397143, 9.524461487909909, 9.987036254944218, 8.420008961514082, 3.9543366875276593, 3.0093448239778136
1.25, 0.0, 1.2500000000000002, 12.948072128761938, 7.615252029300779, 8.871495440075094, 5.095720860858558, -2.018550134381299, -0.9333390313807703, 6.029059892239328, 0.0, 0.5, 0.0, 1.420000310006263, 1.420000310006263, 2.0943951023931953, 0.6780002055885617, 4.8232479137914614, 3.552932991329792, 10.421513795525954, 11.08936930009387, 9.519065036625975, 4.44116623916224, 3.50782720778147
1.3, 0.0, 1.300000000000001, 13.875503867350092, 8.318392484507815, 9.439969451864904, 5.76619474013075, -2.4218221472386094, -0.9196856655367354, 6.685880405667485, 0.0, 0.5, 0.0, 1.420000310006263, 1.420000310006263, 2.0943951023931953, 0.6780002055885617, 5.142984927436523, 3.8259763489255767, 11.436918321482057, 12.271960287424385, 10.813910229860166, 4.973769253603253, 4.054083588066518
1.35, 0.0, 1.3500000000000008, 14.830718397020119, 8.980626962000661, 10.02795224782292, 6.483734301416224, -2.873401082328458, -0.9041087483574585, 7.387843049773682, 0.0, 0.5, 0.0, 1.420000310006263, 1.420000310006263, 2.0943951023931953, 0.6780002055885617, 5.472476333165687, 4.114504054120538, 12.425420832152712, 13.53773553456095, 12.1238463987009, 5.55458047306273, 4.650471724705271
1.4, 0.0, 1.4000000000000006, 15.813823419130495, 9.85359248967603, 10.63544382794915, 7.249731427653887, -3.256499537623239, -0.8866795557166581, 8.136410983370546, 0.0, 0.5, 0.0, 1.420000310006263, 1.420000310006263, 2.0943951023931953, 0.6780002055885617, 5.811722130978959, 4.420393308192807, 13.640643258071226, 14.889621359128816, 13.795029485546449, 6.188550631469933, 5.301871075753274
1.45, 0.0, 1.4500000000000002, 16.82491529313359, 10.659371969693208, 11.262444192243592, 8.065583096290492, -3.70838101202321, -0.8674642689801974, 8.93304736527069, 0.0, 0.5, 0.0, 1.420000310006263, 1.420000310006263, 2.0943951023931953, 0.6780002055885617, 6.160722320876338, 4.745034070109069, 14.806154819815934, 16.33054407875321, 15.456089356055154, 6.880299401658151, 6.012835132677954
1.5, 0.0, 1.5000000000000009, 17.864080575253432, 11.63646042368637, 11.908953340706264, 8.932690851820759, -4.111292715859939, -0.8465245024659921, 9.779215354286752, 0.0, 0.5, 0.0, 1.420000310006263, 1.420000310006263, 2.0943951023931953, 0.6780002055885617, 6.51947690285783, 5.0888493065330405, 16.16096006190875, 17.863430011059407, 17.454690635529563, 7.633273959799565, 6.786749457333573
1.55, 0.0, 1.5500000000000007, 18.931397304772894, 12.556969303429971, 12.574971273337141, 9.852460348725423, -4.555743699733, -0.8239177605058896, 10.676378109231312, 0.0, 0.5, 0.0, 1.420000310006263, 1.420000310006263, 2.0943951023931953, 0.6780002055885617, 6.887985876923424, 5.4525263776282955, 17.477935835570598, 19.49120547367258, 19.463302420316463, 8.451415885323861, 7.627498124817972
1.6, 0.0, 1.6000000000000003, 20.02693608603626, 13.641454130734004, 13.260497990136228, 10.826300953440057, -4.940668634308313, -0.7996978354769447, 11.625998788917002, 0.0, 0.5, 0.0, 1.420000310006263, 1.420000310006263, 2.0943951023931953, 0.6780002055885617, 7.2662492430731245, 5.836451829121494, 18.978094812682407, 21.21679678421797, 21.826326609174412, 9.338322926594392, 8.538625091117447
1.65, 0.0, 1.6500000000000004, 21.150761003904137, 14.677436880873643, 13.965533491103537, 11.855625396120992, -5.370066448283621, -0.7739151560354556, 12.629540552156447, 0.0, 0.5, 0.0, 1.420000310006263, 1.420000310006263, 2.0943951023931953, 0.6780002055885617, 7.654267001306936, 6.241208442048663, 20.44960583441597, 23.04313026032084, 24.217770853441515, 10.297993929380295, 9.52407877334484
1.7, 0.0, 1.7000000000000006, 22.302930402507265, 15.808200158640815, 14.690077776239065, 12.941849464655947, -5.752604706511028, -0.7466170931063144, 13.688466557762261, 0.0, 0.5, 0.0, 1.420000310006263, 1.420000310006263, 2.0943951023931953, 0.6780002055885617, 8.052039151624857, 6.666209983574891, 22.03522361685905, 24.97313221960642, 26.873940269689395, 11.332556972077318, 10.585939878971004
1.75, 0.0, 1.7500000000000009, 23.48349755108629, 17.05970561084048, 15.434130845542809, 14.086391734701099, -6.085552711698908, -0.7178482298459554, 14.804239964547055, 0.0, 0.5, 0.0, 1.420000310006263, 1.420000310006263, 2.0943951023931953, 0.6780002055885617, 8.459565694026884, 7.11340199883582, 23.7629086211929, 27.00972897969993, 29.854484818970857, 12.44845349796269, 11.730605268116735
1.8, 0.0, 1.800000000000001, 24.692511216011074, 18.34209628888128, 16.197692699014762, 15.29067333059337, -6.420400353340951, -0.6876506007300722, 15.978323931323441, 0.0, 0.5, 0.0, 1.420000310006263, 1.420000310006263, 2.0943951023931953, 0.6780002055885617, 8.876846628513018, 7.583688813161654, 25.543756990526227, 29.15584685822659, 33.01577331998632, 13.650639863690984, 12.962989262960912
1.85, 0.0, 1.8500000000000012, 25.93001615440961, 19.532658856185513, 16.980763336654938, 16.556117712846152, -6.776732945321756, -0.6560639040578957, 17.212181616904047, 0.0, 0.5, 0.0, 1.420000310006263, 1.420000310006263, 2.0943951023931953, 0.6780002055885617, 9.303881955083263, 8.07499259751274, 27.253022316369663, 31.414412172811655, 36.135418883943224, 14.938736305398578, 14.282672401340683
1.9, 0.0, 1.9000000000000008, 27.196053541954495, 20.82718089437483, 17.783342758463316, 17.884150488633246, -7.1426244119528235, -0.6231256914682188, 18.507276180101464, 0.0, 0.5, 0.0, 1.420000310006263, 1.420000310006263, 2.0943951023931953, 0.6780002055885617, 9.740671673737609, 8.586317892543645, 29.085537896672044, 33.78835124108031, 39.5716436993122, 16.314003995832934, 15.690878304364714
1.95, 0.0, 1.9500000000000008, 28.490661345072816, 22.311018273627546, 18.60543096443992, 19.276199242234153, -7.202832539714098, -0.5888715374941822, 19.865070779728335, 0.0, 0.5, 0.0, 1.420000310006263, 1.420000310006263, 2.0943951023931953, 0.6780002055885617, 10.187215784476065, 9.120420034675382, 31.129452904459757, 36.280590380657856, 43.50648563357373, 17.784819067617, 17.19594753012282
2.0, 0.0, 2.000000000000001, 29.81387464602448, 23.23894421053315, 19.447027954584733, 20.733693382879512, -8.152392034469175, -0.5533351917177609, 21.287028574597272, 0.0, 0.5, 0.0, 1.420000310006263, 1.420000310006263, 2.0943951023931953, 0.6780002055885617, 10.64351428729863, 9.67162502030227, 32.63390163497654, 38.89405590916948, 46.47788842106632, 19.34325004060455, 18.789914848886788
2.05, 0.0, 2.0500000000000007, 31.165725927834554, 24.57965903595564, 20.308133728897765, 22.258064007820433, -8.55143182825914, -0.5165487157004434, 22.774612723520878, 0.0, 0.5, 0.0, 1.420000310006263, 1.420000310006263, 2.0943951023931953, 0.6780002055885617, 11.109567182205302, 10.237168640445587, 34.56485269313272, 41.631674144240435, 50.388301023709076, 20.98619571291346, 20.469646997213015
