This fits B3 to B6 into the virial expansion since maxPower is set to 4.
Number of particles: 108
dryVolFracMax: 0.007
dryVolFracIncrement: 1.0E-4
Initial configuration: FCC
Dry microgel radius [nm]: 50.0
Box length [units of dry radius]: 46.15848127347998
Number of monomers: 2916666.666666667
Number of chains: 145.83333333333334
Flory interaction parameter (chi): 0.0
Young's calibration factor: 1.0
x-link fraction: 5.0E-5
MC steps: 100000
Equilibration steps: 10000.0
Snapshot interval: 100
Displacement tolerance: 0.1
Particle radius change tolerance: 0.0
Particle radius bin width: 0.001
g(r) bin width: 0.005
phi0, phi, rho, mu/kT, Z_measured, Z_virial_Fit, <F_total>/V, QMelting, <F_id>/V, <F_ex>/V, <F_FR>/V, <alpha>, Zeta, B2_rho, B2_phi0, B2_HS, B2*
2.0E-4, 0.050689639947746216, 4.774648292756861E-5, -9.621382461509876, 1.0331175829171535, 1.1475683587961636, -5.141795264895682E-4, 1.500514302497337, -5.213638970822166E-4, 7.184370592648351E-6, 0.0, 6.327999999999999, 0.050697905373074816, 3199.203125415848, 763.7534870474594, 4245.6873723897315, 0.7535182986436284
3.0E-4, 0.07602803455269352, 7.161972439135293E-5, -9.075046696685732, 1.0626035467360493, 1.215586032842112, -7.3701227990142E-4, 1.500737377625156, -7.530065463303081E-4, 1.5994266428888188E-5, 0.0, 6.327999999999999, 0.07604685805961223, 3199.203125415848, 763.7534870474594, 4245.6873723897315, 0.7535182986436284
4.0E-4, 0.10136193440979639, 9.549296585513724E-5, -8.6537159729265, 1.3005016713807818, 1.2784710317146637, -9.484539945010361E-4, 1.50095095530207, -9.765371141186377E-4, 2.8083119617601528E-5, 0.0, 6.327999999999999, 0.10139581074614963, 3199.203125415848, 763.7534870474594, 4245.6873723897315, 0.7535182986436284
5.0E-4, 0.12668951643947537, 1.1936620731892148E-4, -8.30502416284215, 1.19819465759818, 1.3356299568432863, -0.0011507683183403865, 1.501152951122215, -0.0011940355932402447, 4.326727489985822E-5, 0.0, 6.327999999999999, 0.12674476343268704, 3199.203125415848, 763.7534870474594, 4245.6873723897315, 0.7535182986436284
6.0E-4, 0.1519991762591733, 1.4323944878270585E-4, -8.005745490529916, 1.3059500908504846, 1.386781338023387, -0.0013453803655987513, 1.501349362049133, -0.001406727072591923, 6.134670699317159E-5, 0.0, 6.327999999999999, 0.15209371611922445, 3199.203125415848, 763.7534870474594, 4245.6873723897315, 0.7535182986436284
7.0E-4, 0.17730339995482283, 1.6711269024649017E-4, -7.743318308477392, 1.2779005116965192, 1.4319670036322936, -0.0015333066122857565, 1.5015375675918143, -0.0016154210498813184, 8.211443759556194E-5, 0.0, 6.327999999999999, 0.17744266880576187, 3199.203125415848, 763.7534870474594, 4245.6873723897315, 0.7535182986436284
8.0E-4, 0.20260770574659498, 1.9098593171027449E-4, -7.50986557202918, 1.2629845939889306, 1.4715634508452349, -0.0017153265900233699, 1.501719873654877, -0.0018206928681456847, 1.0536627812231495E-4, 0.0, 6.327999999999999, 0.2027916214922993, 3199.203125415848, 763.7534870474594, 4245.6873723897315, 0.7535182986436284
9.0E-4, 0.22789411969195808, 2.148591731740588E-4, -7.299762326867485, 1.5868145952338006, 1.5062932158513251, -0.001892061812833401, 1.5019039916921388, -0.0020229727110088343, 1.3091089817543323E-4, 0.0, 6.327999999999999, 0.2281405741788367, 3199.203125415848, 763.7534870474594, 4245.6873723897315, 0.7535182986436284
0.001, 0.2531565659054242, 2.38732414637843E-4, -7.108486498488591, 1.471950386032552, 1.5372362440695462, -0.002064014266620219, 1.5020740685107208, -0.0022225944863660013, 1.5858021974578235E-4, 0.0, 6.327999999999999, 0.2534895268653741, 3199.203125415848, 763.7534870474594, 4245.6873723897315, 0.7535182986436284
0.0011, 0.27840853478768923, 2.626056561016274E-4, -6.932013807503182, 1.6034046368354886, 1.5658412603647283, -0.002231584805553992, 1.502246315705006, -0.0024198249427019227, 1.8824013714793087E-4, 0.0, 6.327999999999999, 0.27883847955191154, 3199.203125415848, 763.7534870474594, 4245.6873723897315, 0.7535182986436284
0.0012, 0.30366263866449944, 2.864788975654117E-4, -6.766471123658897, 1.8875062484383152, 1.5939371392635335, -0.0023950805423587763, 1.5024178695936967, -0.00261488210504646, 2.1980156268768352E-4, 0.0, 6.327999999999999, 0.30418743223844896, 3199.203125415848, 763.7534870474594, 4245.6873723897315, 0.7535182986436284
0.0013, 0.328871601425102, 3.10352139029196E-4, -6.607923570015102, 1.7692458505767399, 1.6237442751704365, -0.0025547157235311846, 1.502576784164279, -0.002807947521593494, 2.5323179806230946E-4, 0.0, 6.327999999999999, 0.3295363849249864, 3199.203125415848, 763.7534870474594, 4245.6873723897315, 0.7535182986436284
0.0014, 0.35408508242714404, 3.342253804929803E-4, -6.452235678845835, 2.059533262697868, 1.6578859525837084, -0.002710608488108889, 1.5027424856559606, -0.002999174719602353, 2.88566231493464E-4, 0.0, 6.327999999999999, 0.3548853376115238, 3199.203125415848, 763.7534870474594, 4245.6873723897315, 0.7535182986436284
0.0015, 0.3792185162580294, 3.580986219567647E-4, -6.294975846621523, 1.8613654907767518, 1.6993997163113983, -0.002862774872491114, 1.5028898473820689, -0.003188695233083918, 3.259203605928044E-4, 0.0, 6.327999999999999, 0.3802342902980612, 3199.203125415848, 763.7534870474594, 4245.6873723897315, 0.7535182986436284
0.0016, 0.40438384684521317, 3.8197186342054886E-4, -6.131347275342249, 1.6641058923725556, 1.751748741687314, -0.0030111208751478894, 1.5030341530316769, -0.0033766230161081877, 3.655021409602983E-4, 0.0, 6.327999999999999, 0.40558324298459864, 3199.203125415848, 763.7534870474594, 4245.6873723897315, 0.7535182986436284
0.0017, 0.42952360354591396, 4.0584510488433315E-4, -5.956135743032041, 2.0446440796194976, 1.8188332047870088, -0.003155433088100056, 1.5031925751980932, -0.0035630577486152858, 4.0762466051522963E-4, 0.0, 6.327999999999999, 0.43093219567113605, 3199.203125415848, 763.7534870474594, 4245.6873723897315, 0.7535182986436284
0.0018, 0.4546019115015354, 4.297183463481176E-4, -5.763668419874154, 2.4061595532764786, 1.9050016526437556, -0.003295368222251695, 1.503349986809729, -0.003748087361811589, 4.527191395598943E-4, 0.0, 6.327999999999999, 0.45628114835767347, 3199.203125415848, 763.7534870474594, 4245.6873723897315, 0.7535182986436284
0.0019, 0.4796218915401157, 4.535915878119019E-4, -5.547780140206134, 2.880091043865489, 2.015062373464538, -0.0034304417441472345, 1.5035088862345172, -0.003931790000723226, 5.013482565759918E-4, 0.0, 6.327999999999999, 0.4816301010442109, 3199.203125415848, 763.7534870474594, 4245.6873723897315, 0.7535182986436284
0.002, 0.5046190011308439, 4.7746482927568624E-4, -5.301784832042661, 2.928104390786754, 2.154294766846026, -0.003560015772749313, 1.5036421839823368, -0.004114235572503025, 5.542197997537121E-4, 0.0, 6.327999999999999, 0.5069790537307483, 3199.203125415848, 763.7534870474594, 4245.6873723897315, 0.7535182986436284
0.0021, 0.5295701476933998, 5.013380707394704E-4, -5.018450592118857, 2.5495166173570993, 2.3284607139905598, -0.003683286340098898, 1.5037507278457065, -0.0042954869843524115, 6.122006442535136E-4, 0.0, 6.327999999999999, 0.5323280064172856, 3199.203125415848, 763.7534870474594, 4245.6873723897315, 0.7535182986436284
0.0022, 0.5544251008588603, 5.252113122032547E-4, -4.689977387589778, 2.894787808360503, 2.543815947922137, -0.0037992700899513714, 1.5038833393729643, -0.0044756011451519695, 6.763310552005983E-4, 0.0, 6.327999999999999, 0.557676959103823, 3199.203125415848, 763.7534870474594, 4245.6873723897315, 0.7535182986436284
0.0023, 0.5793112414404217, 5.490845536670391E-4, -4.3079766830033215, 3.5431161847236776, 2.8071214237023883, -0.003906790468217698, 1.504031652188946, -0.004654629784629776, 7.478393164120776E-4, 0.0, 6.327999999999999, 0.5830259117903603, 3199.203125415848, 763.7534870474594, 4245.6873723897315, 0.7535182986436284
0.0024, 0.6047318114606397, 5.729577951308231E-4, -3.863452500386412, 3.254771863651247, 3.125654688646553, -0.004004463444961314, 1.5041126006955579, -0.004832620129818146, 8.281566848568321E-4, 0.0, 6.327999999999999, 0.6083748644768977, 3199.203125415848, 763.7534870474594, 4245.6873723897315, 0.7535182986436284
0.0025, 0.6297911067840275, 5.968310365946075E-4, -3.3467835610858536, 3.4274914696438827, 3.5072212525394915, -0.004090682797740443, 1.5042124951491092, -0.005009615468588517, 9.189326708480743E-4, 0.0, 6.327999999999999, 0.6337238171634351, 3199.203125415848, 763.7534870474594, 4245.6873723897315, 0.7535182986436284
0.0026, 0.6547085503655703, 6.207042780583919E-4, -2.747706254572601, 3.546648072403482, 3.960165957851627, -0.004163604978920726, 1.5042957269362431, -0.005185655622889315, 0.0010220506439685883, 0.0, 6.327999999999999, 0.6590727698499724, 3199.203125415848, 763.7534870474594, 4245.6873723897315, 0.7535182986436284
0.0027, 0.6795070695680064, 6.445775195221761E-4, -2.0552982467956635, 3.8465219319499573, 4.4933843499549475, -0.004221133584351551, 1.5043739962323517, -0.005360777349080229, 0.0011396437647286778, 0.0, 6.327999999999999, 0.6844217225365098, 3199.203125415848, 763.7534870474594, 4245.6873723897315, 0.7535182986436284
0.0028, 0.704142799877559, 6.684507609859605E-4, -1.257962588425948, 4.112015027750522, 5.116334047339004, -0.0042609034369273276, 1.504426265490041, -0.005535014678884134, 0.0012741112419568067, 0.0, 6.327999999999999, 0.7097706752230472, 3199.203125415848, 763.7534870474594, 4245.6873723897315, 0.7535182986436284
0.0029, 0.7285576346319024, 6.923240024497446E-4, -0.34341221766515506, 4.3876393092692165, 5.839046111826851, -0.0042802642956526644, 1.5044611927030167, -0.005708399211575585, 0.0014281349159229201, 0.0, 6.327999999999999, 0.7351196279095845, 3199.203125415848, 763.7534870474594, 4245.6873723897315, 0.7535182986436284
0.003, 0.7526592367918996, 7.161972439135289E-4, 0.7013452226912102, 4.9853309806221375, 6.672136418791074, -0.004276264198629883, 1.5044937021679168, -0.005880960365824366, 0.001604696167194483, 0.0, 6.327999999999999, 0.7604685805961219, 3199.203125415848, 763.7534870474594, 4245.6873723897315, 0.7535182986436284
0.0031, 0.7761954957252009, 7.400704853773128E-4, 1.8900223158001772, 5.851695771928763, 7.626817027369729, -0.004245632446701279, 1.5045134075334794, -0.0060527255979264645, 0.0018070931512251848, 0.0, 6.327999999999999, 0.7858175332826592, 3199.203125415848, 763.7534870474594, 4245.6873723897315, 0.7535182986436284
0.0032, 0.7988765725429001, 7.639437268410973E-4, 3.2370665970331034, 6.947102226624049, 8.714907550682401, -0.004184762233173634, 1.5045249474933111, -0.006223720591850007, 0.002038958358676373, 0.0, 6.327999999999999, 0.8111664859691966, 3199.203125415848, 763.7534870474594, 4245.6873723897315, 0.7535182986436284
0.0033, 0.8201501716544299, 7.878169683048817E-4, 4.757675113689613, 8.616580737289503, 9.948846526046069, -0.004089692924033631, 1.504549707796044, -0.006393969425504765, 0.0023042765014711346, 0.0, 6.327999999999999, 0.836515438655734, 3199.203125415848, 763.7534870474594, 4245.6873723897315, 0.7535182986436284
0.0034, 0.8396795522329047, 8.116902097686655E-4, 6.467808848010724, 10.761661873088396, 11.341702785191142, -0.003956091992260198, 1.5046036531066367, -0.006563494716841305, 0.002607402724581107, 0.0, 6.327999999999999, 0.8618643913422713, 3199.203125415848, 763.7534870474594, 4245.6873723897315, 0.7535182986436284
0.0035, 0.8574838451129269, 8.355634512324502E-4, 8.384207027277894, 13.124282502440444, 12.907186824477566, -0.003779236609202801, 1.5046827226029043, -0.006732317752748799, 0.0029530811435459978, 0.0, 6.327999999999999, 0.8872133440288087, 3199.203125415848, 763.7534870474594, 4245.6873723897315, 0.7535182986436284
0.0036, 0.873709064358473, 8.594366926962345E-4, 10.524401340091206, 15.523445798804174, 14.659662175110542, -0.003553994895485286, 1.5047695978826554, -0.006900458603211013, 0.003346463707725727, 0.0, 6.327999999999999, 0.912562296715346, 3199.203125415848, 763.7534870474594, 4245.6873723897315, 0.7535182986436284
0.0037, 0.8884843618725338, 8.833099341600185E-4, 12.906730074257684, 18.160671142564745, 16.61415677335672, -0.003274806833484265, 1.504904257141584, -0.007067936222769608, 0.003793129389285343, 0.0, 6.327999999999999, 0.9379112494018834, 3199.203125415848, 763.7534870474594, 4245.6873723897315, 0.7535182986436284
0.0038, 0.9019010955450877, 9.071831756238029E-4, 15.550352188837017, 20.746055243159145, 18.786374330760175, -0.002935664843098789, 1.50503848986628, -0.007234768541011389, 0.0042991036979126, 0.0, 6.327999999999999, 0.9632602020884208, 3199.203125415848, 763.7534870474594, 4245.6873723897315, 0.7535182986436284
0.0039, 0.9140195141621433, 9.310564170875872E-4, 18.475261330610344, 23.286010374890456, 21.19270570435824, -0.002530094022256538, 1.5051796934492538, -0.007400972543524751, 0.004870878521268213, 0.0, 6.327999999999999, 0.9886091547749581, 3199.203125415848, 763.7534870474594, 4245.6873723897315, 0.7535182986436284
0.004, 0.9249313296824508, 9.549296585513715E-4, 21.702299803418015, 25.840740537211374, 23.85024026689763, -0.0020511320533792626, 1.5053226512260753, -0.007566564344548088, 0.005515432291168826, 0.0, 6.327999999999999, 1.0139581074614956, 3199.203125415848, 763.7534870474594, 4245.6873723897315, 0.7535182986436284
0.0041, 0.9346423159240704, 9.788029000151557E-4, 25.25317249735096, 28.662179923976918, 26.776777277050346, -0.0014913087768467087, 1.5055427652130677, -0.007731559252349385, 0.006240250475502676, 0.0, 6.327999999999999, 1.0393070601480332, 3199.203125415848, 763.7534870474594, 4245.6873723897315, 0.7535182986436284
0.0042, 0.9432345569121885, 0.0010026761414789404, 29.150460783602462, 31.098192512286296, 29.9908372496298, -8.426254323459946E-4, 1.5056638780734979, -0.007895971828223965, 0.00705334639587797, 0.0, 6.327999999999999, 1.0646560128345706, 3199.203125415848, 763.7534870474594, 4245.6873723897315, 0.7535182986436284
0.0043, 0.9507529394464084, 0.0010265493829427243, 33.41763637982911, 33.52903264987782, 33.511673325806385, -9.653356886678982E-5, 1.5057772528208497, -0.008059815939870624, 0.007963282371003834, 0.0, 6.327999999999999, 1.0900049655211081, 3199.203125415848, 763.7534870474594, 4245.6873723897315, 0.7535182986436284
0.0044, 0.9572107539180459, 0.0010504226244065088, 38.079075190091935, 35.81219823794318, 37.35928264332418, 7.560863760040452E-4, 1.5058326911737985, -0.008223104809800184, 0.008979191185804229, 0.0, 6.327999999999999, 1.1153539182076455, 3199.203125415848, 763.7534870474594, 4245.6873723897315, 0.7535182986436284
