This fits B3 to B7 into the virial expansion since maxPower is set to 5.
Number of particles: 108
dryVolFracMax: 0.007
dryVolFracIncrement: 1.0E-4
Initial configuration: FCC
Dry microgel radius [nm]: 50.0
Box length [units of dry radius]: 46.15848127347998
Number of monomers: 2916666.666666667
Number of chains: 145.83333333333334
Flory interaction parameter (chi): 0.0
Young's calibration factor: 1.0
x-link fraction: 5.0E-5
MC steps: 100000
Equilibration steps: 10000.0
Snapshot interval: 100
Displacement tolerance: 0.1
Particle radius change tolerance: 0.0
Particle radius bin width: 0.001
g(r) bin width: 0.005
phi0, phi, rho, mu/kT, Z_measured, Z_virial_Fit, <F_total>/V, QMelting, <F_id>/V, <F_ex>/V, <F_FR>/V, <alpha>, Zeta, B2_rho, B2_phi0, B2_HS, B2*
2.0E-4, 0.050689639947746216, 4.774648292756861E-5, -9.751190072396293, 1.0331175829171535, 1.0657736877994888, -5.164719755043161E-4, 1.500516594946352, -5.213638970822166E-4, 4.891921577900497E-6, 0.0, 6.327999999999999, 0.050697905373074816, 3199.203125415848, 763.7534870474594, 4245.6873723897315, 0.7535182986436284
3.0E-4, 0.07602803455269352, 7.161972439135293E-5, -9.31052764145101, 1.0626035467360493, 1.072958672616663, -7.436624280349116E-4, 1.5007440277732895, -7.530065463303081E-4, 9.344118295396445E-6, 0.0, 6.327999999999999, 0.07604685805961223, 3199.203125415848, 763.7534870474594, 4245.6873723897315, 0.7535182986436284
4.0E-4, 0.10136193440979639, 9.549296585513724E-5, -8.98532223902426, 1.3005016713807818, 1.0877925856612989, -9.619116100085743E-4, 1.5009644129175774, -9.765371141186377E-4, 1.4625504110063326E-5, 0.0, 6.327999999999999, 0.10139581074614963, 3199.203125415848, 763.7534870474594, 4245.6873723897315, 0.7535182986436284
5.0E-4, 0.12668951643947537, 1.1936620731892148E-4, -8.706585767919337, 1.19819465759818, 1.120662550265623, -0.0011730413601229886, 1.5011752241639975, -0.0011940355932402447, 2.0994233117256062E-5, 0.0, 6.327999999999999, 0.12674476343268704, 3199.203125415848, 763.7534870474594, 4245.6873723897315, 0.7535182986436284
6.0E-4, 0.1519991762591733, 1.4323944878270585E-4, -8.441587878315922, 1.3059500908504846, 1.176751930424135, -0.0013777256924086816, 1.5013817073759428, -0.001406727072591923, 2.900138018324123E-5, 0.0, 6.327999999999999, 0.15209371611922445, 3199.203125415848, 763.7534870474594, 4245.6873723897315, 0.7535182986436284
7.0E-4, 0.17730339995482283, 1.6711269024649017E-4, -8.17413095761136, 1.2779005116965192, 1.2570829357699074, -0.0015760755260130178, 1.5015803365055416, -0.0016154210498813184, 3.934552386830051E-5, 0.0, 6.327999999999999, 0.17744266880576187, 3199.203125415848, 763.7534870474594, 4245.6873723897315, 0.7535182986436284
8.0E-4, 0.20260770574659498, 1.9098593171027449E-4, -7.897409748320911, 1.2629845939889306, 1.3594838575548656, -0.001767936450061067, 1.5017724835149147, -0.0018206928681456847, 5.2756418084617674E-5, 0.0, 6.327999999999999, 0.2027916214922993, 3199.203125415848, 763.7534870474594, 4245.6873723897315, 0.7535182986436284
9.0E-4, 0.22789411969195808, 2.148591731740588E-4, -7.6105059094872525, 1.5868145952338006, 1.47948093563405, -0.001953067057705834, 1.5019649969370112, -0.0020229727110088343, 6.990565330300034E-5, 0.0, 6.327999999999999, 0.2281405741788367, 3199.203125415848, 763.7534870474594, 4245.6873723897315, 0.7535182986436284
0.001, 0.2531565659054242, 2.38732414637843E-4, -7.31625381058125, 1.471950386032552, 1.6111148564538489, -0.0021312522782435117, 1.5021413065223441, -0.0022225944863660013, 9.134220812248945E-5, 0.0, 6.327999999999999, 0.2534895268653741, 3199.203125415848, 763.7534870474594, 4245.6873723897315, 0.7535182986436284
0.0011, 0.27840853478768923, 2.626056561016274E-4, -7.019738381721941, 1.6034046368354886, 1.747681882044213, -0.0023023741506850138, 1.502317105050137, -0.0024198249427019227, 1.1745079201690906E-4, 0.0, 6.327999999999999, 0.27883847955191154, 3199.203125415848, 763.7534870474594, 4245.6873723897315, 0.7535182986436284
0.0012, 0.30366263866449944, 2.864788975654117E-4, -6.72713933311408, 1.8875062484383152, 1.8823996100148428, -0.002466451224974053, 1.502489240276312, -0.00261488210504646, 1.4843088007240716E-4, 0.0, 6.327999999999999, 0.30418743223844896, 3199.203125415848, 763.7534870474594, 4245.6873723897315, 0.7535182986436284
0.0013, 0.328871601425102, 3.10352139029196E-4, -6.444797055133289, 1.7692458505767399, 2.008997364555366, -0.0026236531810634534, 1.5026457216218112, -0.002807947521593494, 1.842943405300404E-4, 0.0, 6.327999999999999, 0.3295363849249864, 3199.203125415848, 763.7534870474594, 4245.6873723897315, 0.7535182986436284
0.0014, 0.35408508242714404, 3.342253804929803E-4, -6.17844050063472, 2.059533262697868, 2.122231218439474, -0.002774295163654894, 1.5028061723315067, -0.002999174719602353, 2.2487955594745906E-4, 0.0, 6.327999999999999, 0.3548853376115238, 3199.203125415848, 763.7534870474594, 4245.6873723897315, 0.7535182986436284
0.0015, 0.3792185162580294, 3.580986219567647E-4, -5.932546296835881, 1.8613654907767518, 2.218323646033072, -0.0029188152942901833, 1.502945887803868, -0.003188695233083918, 2.6987993879373464E-4, 0.0, 6.327999999999999, 0.3802342902980612, 3199.203125415848, 763.7534870474594, 4245.6873723897315, 0.7535182986436284
0.0016, 0.40438384684521317, 3.8197186342054886E-4, -5.709812274046326, 1.6641058923725556, 2.2953278073063235, -0.0030577382738167943, 1.5030807704303457, -0.0033766230161081877, 3.1888474229139346E-4, 0.0, 6.327999999999999, 0.40558324298459864, 3199.203125415848, 763.7534870474594, 4245.6873723897315, 0.7535182986436284
0.0017, 0.42952360354591396, 4.0584510488433315E-4, -5.5107357540537425, 2.0446440796194976, 2.3534164628498035, -0.003191627681295582, 1.5032287697912887, -0.0035630577486152858, 3.71430067319704E-4, 0.0, 6.327999999999999, 0.43093219567113605, 3199.203125415848, 763.7534870474594, 4245.6873723897315, 0.7535182986436284
0.0018, 0.4546019115015354, 4.297183463481176E-4, -5.333290814646431, 2.4061595532764786, 2.3950955198945243, -0.003321029395618326, 1.5033756479830958, -0.003748087361811589, 4.2705796619326315E-4, 0.0, 6.327999999999999, 0.45628114835767347, 3199.203125415848, 763.7534870474594, 4245.6873723897315, 0.7535182986436284
0.0019, 0.4796218915401157, 4.535915878119019E-4, -5.172700940490867, 2.880091043865489, 2.4253422093359314, -0.0034464084565932773, 1.5035248529469631, -0.003931790000723226, 4.8538154412994884E-4, 0.0, 6.327999999999999, 0.4816301010442109, 3199.203125415848, 763.7534870474594, 4245.6873723897315, 0.7535182986436284
0.002, 0.5046190011308439, 4.7746482927568624E-4, -5.021304762032425, 2.928104390786754, 2.4516678937619885, -0.0035680816132807455, 1.5036502498228683, -0.004114235572503025, 5.461539592222794E-4, 0.0, 6.327999999999999, 0.5069790537307483, 3199.203125415848, 763.7534870474594, 4245.6873723897315, 0.7535182986436284
0.0021, 0.5295701476933998, 5.013380707394704E-4, -4.868513370411945, 2.5495166173570993, 2.4841055064851076, -0.003686147762626181, 1.5037535892682339, -0.0042954869843524115, 6.093392217262306E-4, 0.0, 6.327999999999999, 0.5323280064172856, 3199.203125415848, 763.7534870474594, 4245.6873723897315, 0.7535182986436284
0.0022, 0.5544251008588603, 5.252113122032547E-4, -4.70085818953379, 2.894787808360503, 2.535121621578213, -0.0038004184516703954, 1.5038844877346833, -0.0044756011451519695, 6.751826934815739E-4, 0.0, 6.327999999999999, 0.557676959103823, 3199.203125415848, 763.7534870474594, 4245.6873723897315, 0.7535182986436284
0.0023, 0.5793112414404217, 5.490845536670391E-4, -4.50212870390283, 3.5431161847236776, 2.6194531549145044, -0.003910350596351993, 1.5040352123170804, -0.004654629784629776, 7.442791882777827E-4, 0.0, 6.327999999999999, 0.5830259117903603, 3199.203125415848, 763.7534870474594, 4245.6873723897315, 0.7535182986436284
0.0024, 0.6047318114606397, 5.729577951308231E-4, -4.253599550069751, 3.254771863651247, 2.753868696211608, -0.0040149835558386015, 1.504123120806435, -0.004832620129818146, 8.176365739795443E-4, 0.0, 6.327999999999999, 0.6083748644768977, 3199.203125415848, 763.7534870474594, 4245.6873723897315, 0.7535182986436284
0.0025, 0.6297911067840275, 5.968310365946075E-4, -3.9343466203267097, 3.4274914696438827, 2.9568544720792467, -0.004112882691362544, 1.5042346950427312, -0.005009615468588517, 8.967327772259732E-4, 0.0, 6.327999999999999, 0.6337238171634351, 3199.203125415848, 763.7534870474594, 4245.6873723897315, 0.7535182986436284
0.0026, 0.6547085503655703, 6.207042780583919E-4, -3.5216519238616915, 3.546648072403482, 3.248224940071438, -0.004202091531371817, 1.5043342134886941, -0.005185655622889315, 9.835640915174977E-4, 0.0, 6.327999999999999, 0.6590727698499724, 3199.203125415848, 763.7534870474594, 4245.6873723897315, 0.7535182986436284
0.0027, 0.6795070695680064, 6.445775195221761E-4, -2.9914970179577844, 3.8465219319499573, 3.64865801374188, -0.0042800946595756475, 1.5044329573075756, -0.005360777349080229, 0.0010806826895045814, 0.0, 6.327999999999999, 0.6844217225365098, 3199.203125415848, 763.7534870474594, 4245.6873723897315, 0.7535182986436284
0.0028, 0.704142799877559, 6.684507609859605E-4, -2.3191448695775057, 4.112015027750522, 4.179154918704377, -0.004343793438591912, 1.5045091554917058, -0.005535014678884134, 0.001191221240292222, 0.0, 6.327999999999999, 0.7097706752230472, 3199.203125415848, 763.7534870474594, 4245.6873723897315, 0.7535182986436284
0.0029, 0.7285576346319024, 6.923240024497446E-4, -1.479810042008297, 4.3876393092692165, 4.860424679696074, -0.004389496679001212, 1.5045704250863652, -0.005708399211575585, 0.001318902532574373, 0.0, 6.327999999999999, 0.7351196279095845, 3199.203125415848, 763.7534870474594, 4245.6873723897315, 0.7535182986436284
0.003, 0.7526592367918996, 7.161972439135289E-4, -0.4494171262566793, 4.9853309806221375, 5.71219323864571, -0.004412928361412101, 1.504630366330699, -0.005880960365824366, 0.001468032004412265, 0.0, 6.327999999999999, 0.7604685805961219, 3199.203125415848, 763.7534870474594, 4245.6873723897315, 0.7535182986436284
0.0031, 0.7761954957252009, 7.400704853773128E-4, 0.794552644671068, 5.851695771928763, 6.752437203744904, -0.004409254517455735, 1.504677029604234, -0.0060527255979264645, 0.0016434710804707296, 0.0, 6.327999999999999, 0.7858175332826592, 3199.203125415848, 763.7534870474594, 4245.6873723897315, 0.7535182986436284
0.0032, 0.7988765725429001, 7.639437268410973E-4, 2.2721266467086325, 6.947102226624049, 7.996542229524422, -0.00437313137432346, 1.504713316634461, -0.006223720591850007, 0.0018505892175265468, 0.0, 6.327999999999999, 0.8111664859691966, 3199.203125415848, 763.7534870474594, 4245.6873723897315, 0.7535182986436284
0.0033, 0.8201501716544299, 7.878169683048817E-4, 3.9998180186264634, 8.616580737289503, 9.456386027933803, -0.004298776866441873, 1.5047587917384522, -0.006393969425504765, 0.0020951925590628924, 0.0, 6.327999999999999, 0.836515438655734, 3199.203125415848, 763.7534870474594, 4245.6873723897315, 0.7535182986436284
0.0034, 0.8396795522329047, 8.116902097686655E-4, 5.989514748730806, 10.761661873088396, 11.139346010424475, -0.004180067617077388, 1.504827628731454, -0.006563494716841305, 0.0023834270997639163, 0.0, 6.327999999999999, 0.8618643913422713, 3199.203125415848, 763.7534870474594, 4245.6873723897315, 0.7535182986436284
0.0035, 0.8574838451129269, 8.355634512324502E-4, 8.247280718155652, 13.124282502440444, 13.047231561038416, -0.004010663492025189, 1.5049141494857265, -0.006732317752748799, 0.00272165426072361, 0.0, 6.327999999999999, 0.8872133440288087, 3199.203125415848, 763.7534870474594, 4245.6873723897315, 0.7535182986436284
0.0036, 0.873709064358473, 8.594366926962345E-4, 10.772068719836682, 15.523445798804174, 15.17514094049875, -0.003784161827028356, 1.5049997648141984, -0.006900458603211013, 0.0031162967761826574, 0.0, 6.327999999999999, 0.912562296715346, 3199.203125415848, 763.7534870474594, 4245.6873723897315, 0.7535182986436284
0.0037, 0.8884843618725338, 8.833099341600185E-4, 13.55434546860138, 18.160671142564745, 17.51024282130635, -0.0034942834301615973, 1.5051237337382615, -0.007067936222769608, 0.0035736527926080106, 0.0, 6.327999999999999, 0.9379112494018834, 3199.203125415848, 763.7534870474594, 4245.6873723897315, 0.7535182986436284
0.0038, 0.9019010955450877, 9.071831756238029E-4, 16.574628614918385, 20.746055243159145, 20.0304824538386, -0.0031350924600832327, 1.5052379174832644, -0.007234768541011389, 0.0040996760809281566, 0.0, 6.327999999999999, 0.9632602020884208, 3199.203125415848, 763.7534870474594, 4245.6873723897315, 0.7535182986436284
0.0039, 0.9140195141621433, 9.310564170875872E-4, 19.801935772579817, 23.286010374890456, 22.70321246345395, -0.002701252280784958, 1.5053508517077823, -0.007400972543524751, 0.004699720262739793, 0.0, 6.327999999999999, 0.9886091547749581, 3199.203125415848, 763.7534870474594, 4245.6873723897315, 0.7535182986436284
0.004, 0.9249313296824508, 9.549296585513715E-4, 23.192145568750682, 25.840740537211374, 25.483748278598625, -0.002188319393250266, 1.5054598385659463, -0.007566564344548088, 0.0053782449512978225, 0.0, 6.327999999999999, 1.0139581074614956, 3199.203125415848, 763.7534870474594, 4245.6873723897315, 0.7535182986436284
0.0041, 0.9346423159240704, 9.788029000151557E-4, 26.68627072338186, 28.662179923976918, 28.313848189918247, -0.001593077544244795, 1.5056445339804658, -0.007731559252349385, 0.00613848170810459, 0.0, 6.327999999999999, 1.0393070601480332, 3199.203125415848, 763.7534870474594, 4245.6873723897315, 0.7535182986436284
0.0042, 0.9432345569121885, 0.0010026761414789404, 30.20864316378512, 31.098192512286296, 31.120118040373086, -9.139141123122741E-4, 1.5057351667534642, -0.007895971828223965, 0.006982057715911691, 0.0, 6.327999999999999, 1.0646560128345706, 3199.203125415848, 763.7534870474594, 4245.6873723897315, 0.7535182986436284
0.0043, 0.9507529394464084, 0.0010265493829427243, 33.66501117922389, 33.52903264987782, 33.81234054636013, -1.5124087092287242E-4, 1.5058319601229058, -0.008059815939870624, 0.007908575068947751, 0.0, 6.327999999999999, 1.0900049655211081, 3199.203125415848, 763.7534870474594, 4245.6873723897315, 0.7535182986436284
0.0044, 0.9572107539180459, 0.0010504226244065088, 36.94054861958725, 35.81219823794318, 36.281729249832665, 6.920387713874841E-4, 1.505896738778415, -0.008223104809800184, 0.008915143581187668, 0.0, 6.327999999999999, 1.1153539182076455, 3199.203125415848, 763.7534870474594, 4245.6873723897315, 0.7535182986436284
