This fits B3 to B11 into the virial expansion since maxPower is set to 9.
Number of particles: 108
dryVolFracMax: 0.007
dryVolFracIncrement: 1.0E-4
Initial configuration: FCC
Dry microgel radius [nm]: 50.0
Box length [units of dry radius]: 46.15848127347998
Number of monomers: 2916666.666666667
Number of chains: 145.83333333333334
Flory interaction parameter (chi): 0.0
Young's calibration factor: 1.0
x-link fraction: 5.0E-5
MC steps: 100000
Equilibration steps: 10000.0
Snapshot interval: 100
Displacement tolerance: 0.1
Particle radius change tolerance: 0.0
Particle radius bin width: 0.001
g(r) bin width: 0.005
phi0, phi, rho, mu/kT, Z_measured, Z_virial_Fit, <F_total>/V, QMelting, <F_id>/V, <F_ex>/V, <F_FR>/V, <alpha>, Zeta, B2_rho, B2_phi0, B2_HS, B2*
2.0E-4, 0.050689639947746216, 4.774648292756861E-5, -9.816838940769863, 1.0331175829171535, 1.0331279525528214, -5.180477590367161E-4, 1.5005181707298842, -5.213638970822166E-4, 3.3161380455005644E-6, 0.0, 6.327999999999999, 0.050697905373074816, 3199.203125415848, 763.7534870474594, 4245.6873723897315, 0.7535182986436284
3.0E-4, 0.07602803455269352, 7.161972439135293E-5, -9.3613720331148, 1.0626035467360493, 1.0649313256786508, -7.467289729774241E-4, 1.5007470943182322, -7.530065463303081E-4, 6.2775733528840285E-6, 0.0, 6.327999999999999, 0.07604685805961223, 3199.203125415848, 763.7534870474594, 4245.6873723897315, 0.7535182986436284
4.0E-4, 0.10136193440979639, 9.549296585513724E-5, -8.979267245902136, 1.3005016713807818, 1.1322078161814313, -9.655747428486174E-4, 1.5009680760504174, -9.765371141186377E-4, 1.096237127002029E-5, 0.0, 6.327999999999999, 0.10139581074614963, 3199.203125415848, 763.7534870474594, 4245.6873723897315, 0.7535182986436284
5.0E-4, 0.12668951643947537, 1.1936620731892148E-4, -8.627284060153539, 1.19819465759818, 1.2221371924315394, -0.0011756880592074619, 1.501177870863082, -0.0011940355932402447, 1.8347534032782804E-5, 0.0, 6.327999999999999, 0.12674476343268704, 3199.203125415848, 763.7534870474594, 4245.6873723897315, 0.7535182986436284
6.0E-4, 0.1519991762591733, 1.4323944878270585E-4, -8.301809071538328, 1.3059500908504846, 1.3163935808965677, -0.0013777060462151335, 1.5013816877297492, -0.001406727072591923, 2.9021026376789484E-5, 0.0, 6.327999999999999, 0.15209371611922445, 3199.203125415848, 763.7534870474594, 4245.6873723897315, 0.7535182986436284
7.0E-4, 0.17730339995482283, 1.6711269024649017E-4, -8.008955929954313, 1.2779005116965192, 1.3998482469334164, -0.0015723305780021215, 1.5015765915575308, -0.0016154210498813184, 4.3090471879196866E-5, 0.0, 6.327999999999999, 0.17744266880576187, 3199.203125415848, 763.7534870474594, 4245.6873723897315, 0.7535182986436284
8.0E-4, 0.20260770574659498, 1.9098593171027449E-4, -7.752874533767828, 1.2629845939889306, 1.464557675513409, -0.0017603998784658703, 1.5017649469433194, -0.0018206928681456847, 6.0292989679814525E-5, 0.0, 6.327999999999999, 0.2027916214922993, 3199.203125415848, 763.7534870474594, 4245.6873723897315, 0.7535182986436284
9.0E-4, 0.22789411969195808, 2.148591731740588E-4, -7.5316140758744305, 1.5868145952338006, 1.5105035180009185, -0.0019427819099626662, 1.501954711789268, -0.0020229727110088343, 8.019080104616808E-5, 0.0, 6.327999999999999, 0.2281405741788367, 3199.203125415848, 763.7534870474594, 4245.6873723897315, 0.7535182986436284
0.001, 0.2531565659054242, 2.38732414637843E-4, -7.336879600529175, 1.471950386032552, 1.5442783480339974, -0.002120220281840557, 1.502130274525941, -0.0022225944863660013, 1.0237420452544448E-4, 0.0, 6.327999999999999, 0.2534895268653741, 3199.203125415848, 763.7534870474594, 4245.6873723897315, 0.7535182986436284
0.0011, 0.27840853478768923, 2.626056561016274E-4, -7.155824641854959, 1.6034046368354886, 1.5766661164666196, -0.002293201464990437, 1.5023079323644424, -0.0024198249427019227, 1.266234777114857E-4, 0.0, 6.327999999999999, 0.27883847955191154, 3199.203125415848, 763.7534870474594, 4245.6873723897315, 0.7535182986436284
0.0012, 0.30366263866449944, 2.864788975654117E-4, -6.973724855358181, 1.8875062484383152, 1.6198476346089328, -0.002461877173074214, 1.502484666224412, -0.00261488210504646, 1.5300493197224586E-4, 0.0, 6.327999999999999, 0.30418743223844896, 3199.203125415848, 763.7534870474594, 4245.6873723897315, 0.7535182986436284
0.0013, 0.328871601425102, 3.10352139029196E-4, -6.776759063275072, 1.7692458505767399, 1.6847682690297574, -0.002626053107034793, 1.5026481215477827, -0.002807947521593494, 1.8189441455870067E-4, 0.0, 6.327999999999999, 0.3295363849249864, 3199.203125415848, 763.7534870474594, 4245.6873723897315, 0.7535182986436284
0.0014, 0.35408508242714404, 3.342253804929803E-4, -6.554382480675297, 2.059533262697868, 1.779036222346629, -0.0027852400368247963, 1.5028171172046765, -0.002999174719602353, 2.139346827775567E-4, 0.0, 6.327999999999999, 0.3548853376115238, 3199.203125415848, 763.7534870474594, 4245.6873723897315, 0.7535182986436284
0.0015, 0.3792185162580294, 3.580986219567647E-4, -6.300973221346379, 1.8613654907767518, 1.9055742251076486, -0.0029387533315980035, 1.5029658258411758, -0.003188695233083918, 2.4994190148591467E-4, 0.0, 6.327999999999999, 0.3802342902980612, 3199.203125415848, 763.7534870474594, 4245.6873723897315, 0.7535182986436284
0.0016, 0.40438384684521317, 3.8197186342054886E-4, -6.016589724479452, 1.6641058923725556, 2.0621240964508, -0.003085841372222037, 1.503108873528751, -0.0033766230161081877, 2.9078164388615077E-4, 0.0, 6.327999999999999, 0.40558324298459864, 3199.203125415848, 763.7534870474594, 4245.6873723897315, 0.7535182986436284
0.0017, 0.42952360354591396, 4.0584510488433315E-4, -5.706802901908168, 2.0446440796194976, 2.241601368090053, -0.003225820964620516, 1.5032629630746137, -0.0035630577486152858, 3.3723678399476953E-4, 0.0, 6.327999999999999, 0.43093219567113605, 3199.203125415848, 763.7534870474594, 4245.6873723897315, 0.7535182986436284
0.0018, 0.4546019115015354, 4.297183463481176E-4, -5.381667269027218, 2.4061595532764786, 2.433214929716738, -0.0033581982553495694, 1.503412816842827, -0.003748087361811589, 3.8988910646201995E-4, 0.0, 6.327999999999999, 0.45628114835767347, 3199.203125415848, 763.7534870474594, 4245.6873723897315, 0.7535182986436284
0.0019, 0.4796218915401157, 4.535915878119019E-4, -5.053972877835173, 2.880091043865489, 2.6242033664835342, -0.003482756154160116, 1.50356120064453, -0.003931790000723226, 4.4903384656310997E-4, 0.0, 6.327999999999999, 0.4816301010442109, 3199.203125415848, 763.7534870474594, 4245.6873723897315, 0.7535182986436284
0.002, 0.5046190011308439, 4.7746482927568624E-4, -4.736976480832585, 2.928104390786754, 2.801994243277788, -0.003599593369701599, 1.503681761579289, -0.004114235572503025, 5.146422028014257E-4, 0.0, 6.327999999999999, 0.5069790537307483, 3199.203125415848, 763.7534870474594, 4245.6873723897315, 0.7535182986436284
0.0021, 0.5295701476933998, 5.013380707394704E-4, -4.44184760231764, 2.5495166173570993, 2.956563968314006, -0.003709105383357055, 1.5037765468889646, -0.0042954869843524115, 5.863816009953564E-4, 0.0, 6.327999999999999, 0.5323280064172856, 3199.203125415848, 763.7534870474594, 4245.6873723897315, 0.7535182986436284
0.0022, 0.5544251008588603, 5.252113122032547E-4, -4.175084476244246, 2.894787808360503, 3.082762962649465, -0.0038119035771524397, 1.5038959728601653, -0.0044756011451519695, 6.636975679995298E-4, 0.0, 6.327999999999999, 0.557676959103823, 3199.203125415848, 763.7534870474594, 4245.6873723897315, 0.7535182986436284
0.0023, 0.5793112414404217, 5.490845536670391E-4, -3.93615743018586, 3.5431161847236776, 3.1823725948331223, -0.003908674881552267, 1.5040335366022808, -0.004654629784629776, 7.459549030775089E-4, 0.0, 6.327999999999999, 0.5830259117903603, 3199.203125415848, 763.7534870474594, 4245.6873723897315, 0.7535182986436284
0.0024, 0.6047318114606397, 5.729577951308231E-4, -3.7156245058049677, 3.254771863651247, 3.2656756335378105, -0.003999990334983552, 1.50410812758558, -0.004832620129818146, 8.326297948345936E-4, 0.0, 6.327999999999999, 0.6083748644768977, 3199.203125415848, 763.7534870474594, 4245.6873723897315, 0.7535182986436284
0.0025, 0.6297911067840275, 5.968310365946075E-4, -3.4939371328666686, 3.4274914696438827, 3.3523497479662794, -0.004086076495911124, 1.5042078888472799, -0.005009615468588517, 9.235389726773933E-4, 0.0, 6.327999999999999, 0.6337238171634351, 3199.203125415848, 763.7534870474594, 4245.6873723897315, 0.7535182986436284
0.0026, 0.6547085503655703, 6.207042780583919E-4, -3.241113725684288, 3.546648072403482, 3.471532768535795, -0.004166568396054773, 1.504298690353377, -0.005185655622889315, 0.0010190872268345422, 0.0, 6.327999999999999, 0.6590727698499724, 3199.203125415848, 763.7534870474594, 4245.6873723897315, 0.7535182986436284
0.0027, 0.6795070695680064, 6.445775195221761E-4, -2.9174073485399896, 3.8465219319499573, 3.6609579311494684, -0.004240266374490756, 1.5043931290224908, -0.005360777349080229, 0.0011205109745894733, 0.0, 6.327999999999999, 0.6844217225365098, 3199.203125415848, 763.7534870474594, 4245.6873723897315, 0.7535182986436284
0.0028, 0.704142799877559, 6.684507609859605E-4, -2.475031294853081, 4.112015027750522, 3.9651160897482356, -0.004304921420096432, 1.5044702834732102, -0.005535014678884134, 0.001230093258787702, 0.0, 6.327999999999999, 0.7097706752230472, 3199.203125415848, 763.7534870474594, 4245.6873723897315, 0.7535182986436284
0.0029, 0.7285576346319024, 6.923240024497446E-4, -1.8609347354248067, 4.3876393092692165, 4.4324688159756676, -0.004357074335734354, 1.5045380027430983, -0.005708399211575585, 0.0013513248758412304, 0.0, 6.327999999999999, 0.7351196279095845, 3199.203125415848, 763.7534870474594, 4245.6873723897315, 0.7535182986436284
0.003, 0.7526592367918996, 7.161972439135289E-4, -1.0205407032096785, 4.9853309806221375, 5.111810334407437, -0.004391972911848239, 1.5046094108811352, -0.005880960365824366, 0.0014889874539761264, 0.0, 6.327999999999999, 0.7604685805961219, 3199.203125415848, 763.7534870474594, 4245.6873723897315, 0.7535182986436284
0.0031, 0.7761954957252009, 7.400704853773128E-4, 0.0977282156686492, 5.851695771928763, 6.047956288751664, -0.004403588178151043, 1.5046713632649293, -0.0060527255979264645, 0.0016491374197754212, 0.0, 6.327999999999999, 0.7858175332826592, 3199.203125415848, 763.7534870474594, 4245.6873723897315, 0.7535182986436284
0.0032, 0.7988765725429001, 7.639437268410973E-4, 1.537403835998579, 6.947102226624049, 7.277022321911318, -0.004384745536765199, 1.5047249307969028, -0.006223720591850007, 0.0018389750550848079, 0.0, 6.327999999999999, 0.8111664859691966, 3199.203125415848, 763.7534870474594, 4245.6873723897315, 0.7535182986436284
0.0033, 0.8201501716544299, 7.878169683048817E-4, 3.3287706809152056, 8.616580737289503, 8.82164430209832, -0.004327379043516026, 1.5047873939155263, -0.006393969425504765, 0.0020665903819887393, 0.0, 6.327999999999999, 0.836515438655734, 3199.203125415848, 763.7534870474594, 4245.6873723897315, 0.7535182986436284
0.0034, 0.8396795522329047, 8.116902097686655E-4, 5.483974157817948, 10.761661873088396, 10.686583661949498, -0.00422290719974671, 1.5048704683141232, -0.006563494716841305, 0.0023405875170945944, 0.0, 6.327999999999999, 0.8618643913422713, 3199.203125415848, 763.7534870474594, 4245.6873723897315, 0.7535182986436284
0.0035, 0.8574838451129269, 8.355634512324502E-4, 7.9930071890028405, 13.124282502440444, 12.855254658830404, -0.004062716276628343, 1.5049662022703298, -0.006732317752748799, 0.002669601476120456, 0.0, 6.327999999999999, 0.8872133440288087, 3199.203125415848, 763.7534870474594, 4245.6873723897315, 0.7535182986436284
0.0036, 0.873709064358473, 8.594366926962345E-4, 10.82124803206733, 15.523445798804174, 15.287804336201361, -0.003838722377755905, 1.505054325364926, -0.006900458603211013, 0.0030617362254551084, 0.0, 6.327999999999999, 0.912562296715346, 3199.203125415848, 763.7534870474594, 4245.6873723897315, 0.7535182986436284
0.0037, 0.8884843618725338, 8.833099341600185E-4, 13.90932606628294, 18.160671142564745, 17.921469488551338, -0.0035439661421508865, 1.5051734164502506, -0.007067936222769608, 0.0035239700806187213, 0.0, 6.327999999999999, 0.9379112494018834, 3199.203125415848, 763.7534870474594, 4245.6873723897315, 0.7535182986436284
0.0038, 0.9019010955450877, 9.071831756238029E-4, 17.17619506946325, 20.746055243159145, 20.67402693040208, -0.003173174215390191, 1.5052759992385714, -0.007234768541011389, 0.004061594325621198, 0.0, 6.327999999999999, 0.9632602020884208, 3199.203125415848, 763.7534870474594, 4245.6873723897315, 0.7535182986436284
0.0039, 0.9140195141621433, 9.310564170875872E-4, 20.526393778631395, 23.286010374890456, 23.451242763697337, -0.002723199416536446, 1.5053727988435337, -0.007400972543524751, 0.004677773126988305, 0.0, 6.327999999999999, 0.9886091547749581, 3199.203125415848, 763.7534870474594, 4245.6873723897315, 0.7535182986436284
0.004, 0.9249313296824508, 9.549296585513715E-4, 23.86257013306949, 25.840740537211374, 26.15931205157949, -0.002193226976017016, 1.505464746148713, -0.007566564344548088, 0.005373337368531073, 0.0, 6.327999999999999, 1.0139581074614956, 3199.203125415848, 763.7534870474594, 4245.6873723897315, 0.7535182986436284
0.0041, 0.9346423159240704, 9.788029000151557E-4, 27.104437352724723, 28.662179923976918, 28.72336126122127, -0.0015846074165443928, 1.5056360638527655, -0.007731559252349385, 0.006146951835804992, 0.0, 6.327999999999999, 1.0393070601480332, 3199.203125415848, 763.7534870474594, 4245.6873723897315, 0.7535182986436284
0.0042, 0.9432345569121885, 0.0010026761414789404, 30.21541572515897, 31.098192512286296, 31.11316095692564, -9.001477250055474E-4, 1.5057214003661574, -0.007895971828223965, 0.006995824103218418, 0.0, 6.327999999999999, 1.0646560128345706, 3199.203125415848, 763.7534870474594, 4245.6873723897315, 0.7535182986436284
0.0043, 0.9507529394464084, 0.0010265493829427243, 33.238292473333736, 33.52903264987782, 33.37726443048177, -1.426615768433115E-4, 1.5058233808288264, -0.008059815939870624, 0.007917154363027312, 0.0, 6.327999999999999, 1.0900049655211081, 3199.203125415848, 763.7534870474594, 4245.6873723897315, 0.7535182986436284
0.0044, 0.9572107539180459, 0.0010504226244065088, 36.34130216782884, 35.81219823794318, 35.68684816780387, 6.874532883316097E-4, 1.505901324261471, -0.008223104809800184, 0.008910558098131793, 0.0, 6.327999999999999, 1.1153539182076455, 3199.203125415848, 763.7534870474594, 4245.6873723897315, 0.7535182986436284
