This fits B3 to B5 into the virial expansion since maxPower is set to 3.
Number of particles: 108
dryVolFracMax: 0.007
dryVolFracIncrement: 1.0E-4
Initial configuration: FCC
Dry microgel radius [nm]: 50.0
Box length [units of dry radius]: 46.15848127347998
Number of monomers: 2916666.666666667
Number of chains: 145.83333333333334
Flory interaction parameter (chi): 0.0
Young's calibration factor: 1.0
x-link fraction: 5.0E-5
MC steps: 100000
Equilibration steps: 10000.0
Snapshot interval: 100
Displacement tolerance: 0.1
Particle radius change tolerance: 0.0
Particle radius bin width: 0.001
g(r) bin width: 0.005
phi0, phi, rho, mu/kT, Z_measured, Z_virial_Fit, <F_total>/V, QMelting, <F_id>/V, <F_ex>/V, <F_FR>/V, <alpha>, Zeta, B2_rho, B2_phi0, B2_HS, B2*
2.0E-4, 0.050689639947746216, 4.774648292756861E-5, -9.61391919734803, 1.0331175829171535, 1.1523782186224076, -5.140528357647585E-4, 1.5005141758066123, -5.213638970822166E-4, 7.311061317458131E-6, 0.0, 6.327999999999999, 0.050697905373074816, 3199.203125415848, 763.7534870474594, 4245.6873723897315, 0.7535182986436284
3.0E-4, 0.07602803455269352, 7.161972439135293E-5, -9.06033828622194, 1.0626035467360493, 1.2248663679389704, -7.366235226396647E-4, 1.5007369888678943, -7.530065463303081E-4, 1.638302369064344E-5, 0.0, 6.327999999999999, 0.07604685805961223, 3199.203125415848, 763.7534870474594, 4245.6873723897315, 0.7535182986436284
4.0E-4, 0.10136193440979639, 9.549296585513724E-5, -8.630982059745326, 1.3005016713807818, 1.2924595673125137, -9.476188724580814E-4, 1.5009501201800268, -9.765371141186377E-4, 2.8918241660556302E-5, 0.0, 6.327999999999999, 0.10139581074614963, 3199.203125415848, 763.7534870474594, 4245.6873723897315, 0.7535182986436284
5.0E-4, 0.12668951643947537, 1.1936620731892148E-4, -8.274400686316088, 1.19819465759818, 1.3539125027951011, -0.0011492952282629526, 1.5011514780321376, -0.0011940355932402447, 4.4740364977292124E-5, 0.0, 6.327999999999999, 0.12674476343268704, 3199.203125415848, 763.7534870474594, 4245.6873723897315, 0.7535182986436284
6.0E-4, 0.1519991762591733, 1.4323944878270585E-4, -7.968096903721621, 1.3059500908504846, 1.4084401952484056, -0.0013430900055470582, 1.501347071689081, -0.001406727072591923, 6.363706704486483E-5, 0.0, 6.327999999999999, 0.15209371611922445, 3199.203125415848, 763.7534870474594, 4245.6873723897315, 0.7535182986436284
7.0E-4, 0.17730339995482283, 1.6711269024649017E-4, -7.700063440301063, 1.2779005116965192, 1.4557180003437051, -0.001530047267855032, 1.5015343082473835, -0.0016154210498813184, 8.537378202628624E-5, 0.0, 6.327999999999999, 0.17744266880576187, 3199.203125415848, 763.7534870474594, 4245.6873723897315, 0.7535182986436284
8.0E-4, 0.20260770574659498, 1.9098593171027449E-4, -7.46281713367114, 1.2629845939889306, 1.4958816085618867, -0.0017109854261970383, 1.5017155324910505, -0.0018206928681456847, 1.0970744194864649E-4, 0.0, 6.327999999999999, 0.2027916214922993, 3199.203125415848, 763.7534870474594, 4245.6873723897315, 0.7535182986436284
9.0E-4, 0.22789411969195808, 2.148591731740588E-4, -7.2509800624659375, 1.5868145952338006, 1.529527045193443, -0.0018865724972006407, 1.501898502376506, -0.0020229727110088343, 1.3640021380819365E-4, 0.0, 6.327999999999999, 0.2281405741788367, 3199.203125415848, 763.7534870474594, 4245.6873723897315, 0.7535182986436284
0.001, 0.2531565659054242, 2.38732414637843E-4, -7.060143980072543, 1.471950386032552, 1.557710670338476, -0.002057361249690588, 1.5020674154937912, -0.0022225944863660013, 1.6523323667541368E-4, 0.0, 6.327999999999999, 0.2534895268653741, 3199.203125415848, 763.7534870474594, 4245.6873723897315, 0.7535182986436284
0.0011, 0.27840853478768923, 2.626056561016274E-4, -6.886278874190564, 1.6034046368354886, 1.5819491789066928, -0.0022238045839018117, 1.5022385354833538, -0.0024198249427019227, 1.960203588001109E-4, 0.0, 6.327999999999999, 0.27883847955191154, 3199.203125415848, 763.7534870474594, 4245.6873723897315, 0.7535182986436284
0.0012, 0.30366263866449944, 2.864788975654117E-4, -6.725399965113845, 1.8875062484383152, 1.6042196006174094, -0.0023862602303299733, 1.502409049281668, -0.00261488210504646, 2.2862187471648675E-4, 0.0, 6.327999999999999, 0.30418743223844896, 3199.203125415848, 763.7534870474594, 4245.6873723897315, 0.7535182986436284
0.0013, 0.328871601425102, 3.10352139029196E-4, -6.573368454164429, 1.7692458505767399, 1.6269592999995477, -0.002544989259245273, 1.5025670576999932, -0.002807947521593494, 2.629582623482209E-4, 0.0, 6.327999999999999, 0.3295363849249864, 3199.203125415848, 763.7534870474594, 4245.6873723897315, 0.7535182986436284
0.0014, 0.35408508242714404, 3.342253804929803E-4, -6.425766323854674, 2.059533262697868, 1.6530659763916375, -0.0027001507994888025, 1.5027320279673406, -0.002999174719602353, 2.9902392011355044E-4, 0.0, 6.327999999999999, 0.3548853376115238, 3199.203125415848, 763.7534870474594, 4245.6873723897315, 0.7535182986436284
0.0015, 0.3792185162580294, 3.580986219567647E-4, -6.277814437128156, 1.8613654907767518, 1.685897663941816, -0.0028517943290535678, 1.5028788668386313, -0.003188695233083918, 3.369009040303504E-4, 0.0, 6.327999999999999, 0.3802342902980612, 3199.203125415848, 763.7534870474594, 4245.6873723897315, 0.7535182986436284
0.0016, 0.40438384684521317, 3.8197186342054886E-4, -6.124317122952106, 1.6641058923725556, 1.7292727316078274, -0.0029998503512869753, 1.5030228825078158, -0.0033766230161081877, 3.7677266482121256E-4, 0.0, 6.327999999999999, 0.40558324298459864, 3199.203125415848, 763.7534870474594, 4245.6873723897315, 0.7535182986436284
0.0017, 0.42952360354591396, 4.0584510488433315E-4, -5.9596235910708835, 2.0446440796194976, 1.7874698831570244, -0.0031441199635967587, 1.50318126207359, -0.0035630577486152858, 4.1893778501852716E-4, 0.0, 6.327999999999999, 0.43093219567113605, 3199.203125415848, 763.7534870474594, 4245.6873723897315, 0.7535182986436284
0.0018, 0.4546019115015354, 4.297183463481176E-4, -5.777600392400439, 2.4061595532764786, 1.8652281571663636, -0.003284263645742028, 1.5033388822332194, -0.003748087361811589, 4.6382371606956105E-4, 0.0, 6.327999999999999, 0.45628114835767347, 3199.203125415848, 763.7534870474594, 4245.6873723897315, 0.7535182986436284
0.0019, 0.4796218915401157, 4.535915878119019E-4, -5.571611335282549, 2.880091043865489, 1.9677469270224126, -0.0034197894852816876, 1.5034982339756517, -0.003931790000723226, 5.120005154415385E-4, 0.0, 6.327999999999999, 0.4816301010442109, 3199.203125415848, 763.7534870474594, 4245.6873723897315, 0.7535182986436284
0.002, 0.5046190011308439, 4.7746482927568624E-4, -5.334502559266843, 2.928104390786754, 2.1006859009213437, -0.003550040988776304, 1.5036322091983638, -0.004114235572503025, 5.641945837267212E-4, 0.0, 6.327999999999999, 0.5069790537307483, 3199.203125415848, 763.7534870474594, 4245.6873723897315, 0.7535182986436284
0.0021, 0.5295701476933998, 5.013380707394704E-4, -5.05859125441329, 2.5495166173570993, 2.270165121868937, -0.0036741845826049244, 1.5037416260882126, -0.0042954869843524115, 6.213024017474871E-4, 0.0, 6.327999999999999, 0.5323280064172856, 3199.203125415848, 763.7534870474594, 4245.6873723897315, 0.7535182986436284
0.0022, 0.5544251008588603, 5.252113122032547E-4, -4.735657007250869, 2.894787808360503, 2.482764967680582, -0.0037911968774905565, 1.5038752661605035, -0.0044756011451519695, 6.844042676614131E-4, 0.0, 6.327999999999999, 0.557676959103823, 3199.203125415848, 763.7534870474594, 4245.6873723897315, 0.7535182986436284
0.0023, 0.5793112414404217, 5.490845536670391E-4, -4.356935072009653, 3.5431161847236776, 2.745526150981273, -0.003899851750563424, 1.5040247134712919, -0.004654629784629776, 7.547780340663516E-4, 0.0, 6.327999999999999, 0.5830259117903603, 3199.203125415848, 763.7534870474594, 4245.6873723897315, 0.7535182986436284
0.0024, 0.6047318114606397, 5.729577951308231E-4, -3.9131110749661735, 3.254771863651247, 3.0659497192056064, -0.003998707284712636, 1.5041068445353092, -0.004832620129818146, 8.339128451055102E-4, 0.0, 6.327999999999999, 0.6083748644768977, 3199.203125415848, 763.7534870474594, 4245.6873723897315, 0.7535182986436284
0.0025, 0.6297911067840275, 5.968310365946075E-4, -3.3943168005434536, 3.4274914696438827, 3.451997054597803, -0.004086092595015979, 1.5042079049463846, -0.005009615468588517, 9.235228735725385E-4, 0.0, 6.327999999999999, 0.6337238171634351, 3199.203125415848, 763.7534870474594, 4245.6873723897315, 0.7535182986436284
0.0026, 0.6547085503655703, 6.207042780583919E-4, -2.7901268043744603, 3.546648072403482, 3.9120898742116736, -0.004160094564872717, 1.504292216522195, -0.005185655622889315, 0.0010255610580165982, 0.0, 6.327999999999999, 0.6590727698499724, 3199.203125415848, 763.7534870474594, 4245.6873723897315, 0.7535182986436284
0.0027, 0.6795070695680064, 6.445775195221761E-4, -2.0895556659151726, 3.8465219319499573, 4.45511022991064, -0.00421854450923278, 1.504371407157233, -0.005360777349080229, 0.001142232839847448, 0.0, 6.327999999999999, 0.6844217225365098, 3199.203125415848, 763.7534870474594, 4245.6873723897315, 0.7535182986436284
0.0028, 0.704142799877559, 6.684507609859605E-4, -1.2810557409476262, 4.112015027750522, 5.090400508367738, -0.004259004778443607, 1.5044243668315573, -0.005535014678884134, 0.0012760099004405273, 0.0, 6.327999999999999, 0.7097706752230472, 3199.203125415848, 763.7534870474594, 4245.6873723897315, 0.7535182986436284
0.0029, 0.7285576346319024, 6.923240024497446E-4, -0.35251530864797065, 4.3876393092692165, 5.8277634310656, -0.004278755313333559, 1.5044596837206976, -0.005708399211575585, 0.001429643898242025, 0.0, 6.327999999999999, 0.7351196279095845, 3199.203125415848, 763.7534870474594, 4245.6873723897315, 0.7535182986436284
0.003, 0.7526592367918996, 7.161972439135289E-4, 0.7087429670913368, 4.9853309806221375, 6.677462054296473, -0.004274780159950392, 1.5044922181292375, -0.005880960365824366, 0.001606180205873974, 0.0, 6.327999999999999, 0.7604685805961219, 3199.203125415848, 763.7534870474594, 4245.6873723897315, 0.7535182986436284
0.0031, 0.7761954957252009, 7.400704853773128E-4, 1.9159633239486809, 5.851695771928763, 7.650219769162199, -0.00424375395068715, 1.5045115290374653, -0.0060527255979264645, 0.0018089716472393142, 0.0, 6.327999999999999, 0.7858175332826592, 3199.203125415848, 763.7534870474594, 4245.6873723897315, 0.7535182986436284
0.0032, 0.7988765725429001, 7.639437268410973E-4, 3.2829579831759377, 6.947102226624049, 8.757220301574275, -0.00418202835722301, 1.5045222136173606, -0.006223720591850007, 0.002041692234626997, 0.0, 6.327999999999999, 0.8111664859691966, 3199.203125415848, 763.7534870474594, 4245.6873723897315, 0.7535182986436284
0.0033, 0.8201501716544299, 7.878169683048817E-4, 4.824108065053178, 8.616580737289503, 10.010107712253742, -0.0040856185196877295, 1.504545633391698, -0.006393969425504765, 0.0023083509058170358, 0.0, 6.327999999999999, 0.836515438655734, 3199.203125415848, 763.7534870474594, 4245.6873723897315, 0.7535182986436284
0.0034, 0.8396795522329047, 8.116902097686655E-4, 6.554364367642678, 10.761661873088396, 11.42098639673124, -0.003950189455655707, 1.504597750570032, -0.006563494716841305, 0.0026133052611855977, 0.0, 6.327999999999999, 0.8618643913422713, 3199.203125415848, 763.7534870474594, 4245.6873723897315, 0.7535182986436284
0.0035, 0.8574838451129269, 8.355634512324502E-4, 8.489248032628725, 13.124282502440444, 13.002421085347146, -0.0037710424519386897, 1.5046745284456402, -0.006732317752748799, 0.0029612753008101092, 0.0, 6.327999999999999, 0.8872133440288087, 3199.203125415848, 763.7534870474594, 4245.6873723897315, 0.7535182986436284
0.0036, 0.873709064358473, 8.594366926962345E-4, 10.644851117336692, 15.523445798804174, 14.767436843251268, -0.003543101441636729, 1.5047587044288069, -0.006900458603211013, 0.0033573571615742844, 0.0, 6.327999999999999, 0.912562296715346, 3199.203125415848, 763.7534870474594, 4245.6873723897315, 0.7535182986436284
0.0037, 0.8884843618725338, 8.833099341600185E-4, 13.0378370883621, 18.160671142564745, 16.729519070403107, -0.003260899368496363, 1.5048903496765962, -0.007067936222769608, 0.0038070368542732448, 0.0, 6.327999999999999, 0.9379112494018834, 3199.203125415848, 763.7534870474594, 4245.6873723897315, 0.7535182986436284
0.0038, 0.9019010955450877, 9.071831756238029E-4, 15.685441249357236, 20.746055243159145, 18.902613501571807, -0.0029185645402927925, 1.505021389563474, -0.007234768541011389, 0.004316204000718597, 0.0, 6.327999999999999, 0.9632602020884208, 3199.203125415848, 763.7534870474594, 4245.6873723897315, 0.7535182986436284
0.0039, 0.9140195141621433, 9.310564170875872E-4, 18.605471113240696, 23.286010374890456, 21.301126206336043, -0.002509806972681259, 1.5051594063996785, -0.007400972543524751, 0.004891165570843492, 0.0, 6.327999999999999, 0.9886091547749581, 3199.203125415848, 763.7534870474594, 4245.6873723897315, 0.7535182986436284
0.004, 0.9249313296824508, 9.549296585513715E-4, 21.81630672727602, 25.840740537211374, 23.939923589084156, -0.0020279047247403733, 1.5052994238974364, -0.007566564344548088, 0.005538659619807715, 0.0, 6.327999999999999, 1.0139581074614956, 3199.203125415848, 763.7534870474594, 4245.6873723897315, 0.7535182986436284
0.0041, 0.9346423159240704, 9.788029000151557E-4, 25.336900958003852, 28.662179923976918, 26.834332389014044, -0.0014656902272466125, 1.5055171466634676, -0.007731559252349385, 0.006265869025102773, 0.0, 6.327999999999999, 1.0393070601480332, 3199.203125415848, 763.7534870474594, 4245.6873723897315, 0.7535182986436284
0.0042, 0.9432345569121885, 0.0010026761414789404, 29.18677974183455, 31.098192512286296, 30.000139680133344, -8.155366045669837E-4, 1.5056367892457188, -0.007895971828223965, 0.007080435223656981, 0.0, 6.327999999999999, 1.0646560128345706, 3199.203125415848, 763.7534870474594, 4245.6873723897315, 0.7535182986436284
0.0043, 0.9507529394464084, 0.0010265493829427243, 33.38604230614992, 33.52903264987782, 33.45359287125898, -6.934399093015166E-5, 1.505750063242913, -0.008059815939870624, 0.007990471948940472, 0.0, 6.327999999999999, 1.0900049655211081, 3199.203125415848, 763.7534870474594, 4245.6873723897315, 0.7535182986436284
0.0044, 0.9572107539180459, 0.0010504226244065088, 37.95536136498521, 35.81219823794318, 37.211399706017914, 7.814741582702518E-4, 1.5058073033915322, -0.008223104809800184, 0.009004578968070436, 0.0, 6.327999999999999, 1.1153539182076455, 3199.203125415848, 763.7534870474594, 4245.6873723897315, 0.7535182986436284
