This fits B3 to B10 into the virial expansion since maxPower is set to 8.
Number of particles: 108
dryVolFracMax: 0.007
dryVolFracIncrement: 1.0E-4
Initial configuration: FCC
Dry microgel radius [nm]: 50.0
Box length [units of dry radius]: 46.15848127347998
Number of monomers: 2916666.666666667
Number of chains: 145.83333333333334
Flory interaction parameter (chi): 0.0
Young's calibration factor: 1.0
x-link fraction: 5.0E-5
MC steps: 100000
Equilibration steps: 10000.0
Snapshot interval: 100
Displacement tolerance: 0.1
Particle radius change tolerance: 0.0
Particle radius bin width: 0.001
g(r) bin width: 0.005
phi0, phi, rho, mu/kT, Z_measured, Z_virial_Fit, <F_total>/V, QMelting, <F_id>/V, <F_ex>/V, <F_FR>/V, <alpha>, Zeta, B2_rho, B2_phi0, B2_HS, B2*
2.0E-4, 0.050689639947746216, 4.774648292756861E-5, -9.808526800154722, 1.0331175829171535, 1.0371846770837674, -5.178445778853024E-4, 1.5005179675487328, -5.213638970822166E-4, 3.519319196914265E-6, 0.0, 6.327999999999999, 0.050697905373074816, 3199.203125415848, 763.7534870474594, 4245.6873723897315, 0.7535182986436284
3.0E-4, 0.07602803455269352, 7.161972439135293E-5, -9.35468772929351, 1.0626035467360493, 1.066128346694263, -7.46335975295224E-4, 1.50074670132055, -7.530065463303081E-4, 6.6705710350840945E-6, 0.0, 6.327999999999999, 0.07604685805961223, 3199.203125415848, 763.7534870474594, 4245.6873723897315, 0.7535182986436284
4.0E-4, 0.10136193440979639, 9.549296585513724E-5, -8.978177359649576, 1.3005016713807818, 1.1281632256757257, -9.650844364348564E-4, 1.5009675857440037, -9.765371141186377E-4, 1.1452677683781324E-5, 0.0, 6.327999999999999, 0.10139581074614963, 3199.203125415848, 763.7534870474594, 4245.6873723897315, 0.7535182986436284
5.0E-4, 0.12668951643947537, 1.1936620731892148E-4, -8.632213339878973, 1.19819465759818, 1.2135064484677627, -0.0011752462294598045, 1.5011774290333344, -0.0011940355932402447, 1.8789363780440236E-5, 0.0, 6.327999999999999, 0.12674476343268704, 3199.203125415848, 763.7534870474594, 4245.6873723897315, 0.7535182986436284
6.0E-4, 0.1519991762591733, 1.4323944878270585E-4, -8.310128153324614, 1.3059500908504846, 1.3061454997004258, -0.0013774297374029635, 1.5013814114209372, -0.001406727072591923, 2.9297335188959492E-5, 0.0, 6.327999999999999, 0.15209371611922445, 3199.203125415848, 763.7534870474594, 4245.6873723897315, 0.7535182986436284
7.0E-4, 0.17730339995482283, 1.6711269024649017E-4, -8.016512560371034, 1.2779005116965192, 1.3918241331776853, -0.0015722524556036936, 1.5015765134351322, -0.0016154210498813184, 4.316859427762475E-5, 0.0, 6.327999999999999, 0.17744266880576187, 3199.203125415848, 763.7534870474594, 4245.6873723897315, 0.7535182986436284
8.0E-4, 0.20260770574659498, 1.9098593171027449E-4, -7.755656931269108, 1.2629845939889306, 1.4620487149061012, -0.001760452101065829, 1.5017649991659192, -0.0018206928681456847, 6.0240767079855865E-5, 0.0, 6.327999999999999, 0.2027916214922993, 3199.203125415848, 763.7534870474594, 4245.6873723897315, 0.7535182986436284
9.0E-4, 0.22789411969195808, 2.148591731740588E-4, -7.527031770614012, 1.5868145952338006, 1.5152437574079238, -0.0019428158435628178, 1.5019547457228681, -0.0020229727110088343, 8.015686744601648E-5, 0.0, 6.327999999999999, 0.2281405741788367, 3199.203125415848, 763.7534870474594, 4245.6873723897315, 0.7535182986436284
0.001, 0.2531565659054242, 2.38732414637843E-4, -7.324438653805721, 1.471950386032552, 1.556005079398595, -0.002120049775483367, 1.502130104019584, -0.0022225944863660013, 1.0254471088263454E-4, 0.0, 6.327999999999999, 0.2534895268653741, 3199.203125415848, 763.7534870474594, 4245.6873723897315, 0.7535182986436284
0.0011, 0.27840853478768923, 2.626056561016274E-4, -7.13717699881057, 1.6034046368354886, 1.5932315414736637, -0.0022926546627565886, 1.5023073855622087, -0.0024198249427019227, 1.2717027994533402E-4, 0.0, 6.327999999999999, 0.27883847955191154, 3199.203125415848, 763.7534870474594, 4245.6873723897315, 0.7535182986436284
0.0012, 0.30366263866449944, 2.864788975654117E-4, -6.952200976285214, 1.8875062484383152, 1.637761674738526, -0.0024608430303933336, 1.5024836320817312, -0.00261488210504646, 1.540390746531267E-4, 0.0, 6.327999999999999, 0.30418743223844896, 3199.203125415848, 763.7534870474594, 4245.6873723897315, 0.7535182986436284
0.0013, 0.328871601425102, 3.10352139029196E-4, -6.756562972856619, 1.7692458505767399, 1.6999997353278822, -0.0026245123253195767, 1.5026465807660674, -0.002807947521593494, 1.8343519627391725E-4, 0.0, 6.327999999999999, 0.3295363849249864, 3199.203125415848, 763.7534870474594, 4245.6873723897315, 0.7535182986436284
0.0014, 0.35408508242714404, 3.342253804929803E-4, -6.539651848228922, 2.059533262697868, 1.7878867834971404, -0.0027832747677586167, 1.5028151519356103, -0.002999174719602353, 2.1589995184373624E-4, 0.0, 6.327999999999999, 0.3548853376115238, 3199.203125415848, 763.7534870474594, 4245.6873723897315, 0.7535182986436284
0.0015, 0.3792185162580294, 3.580986219567647E-4, -6.2948957308202225, 1.8613654907767518, 1.905456301430216, -0.0029365347623092003, 1.5029636072718868, -0.003188695233083918, 2.521604707747176E-4, 0.0, 6.327999999999999, 0.3802342902980612, 3199.203125415848, 763.7534870474594, 4245.6873723897315, 0.7535182986436284
0.0016, 0.40438384684521317, 3.8197186342054886E-4, -6.020731317343926, 1.6641058923725556, 2.052110629091216, -0.0030835984813793404, 1.5031066306379082, -0.0033766230161081877, 2.930245347288475E-4, 0.0, 6.327999999999999, 0.40558324298459864, 3199.203125415848, 763.7534870474594, 4245.6873723897315, 0.7535182986436284
0.0017, 0.42952360354591396, 4.0584510488433315E-4, -5.720752800601868, 2.0446440796194976, 2.2226641123575517, -0.003223796870179929, 1.5032609389801732, -0.0035630577486152858, 3.3926087843535687E-4, 0.0, 6.327999999999999, 0.43093219567113605, 3199.203125415848, 763.7534870474594, 4245.6873723897315, 0.7535182986436284
0.0018, 0.4546019115015354, 4.297183463481176E-4, -5.403047149274078, 2.4061595532764786, 2.408121322302601, -0.0033566023986524515, 1.50341122098613, -0.003748087361811589, 3.9148496315913746E-4, 0.0, 6.327999999999999, 0.45628114835767347, 3199.203125415848, 763.7534870474594, 4245.6873723897315, 0.7535182986436284
0.0019, 0.4796218915401157, 4.535915878119019E-4, -5.078800105603191, 2.880091043865489, 2.5970940188538556, -0.0034817210037884276, 1.5035601654941584, -0.003931790000723226, 4.500689969347988E-4, 0.0, 6.327999999999999, 0.4816301010442109, 3199.203125415848, 763.7534870474594, 4245.6873723897315, 0.7535182986436284
0.002, 0.5046190011308439, 4.7746482927568624E-4, -4.7603197292216874, 2.928104390786754, 2.777708696133381, -0.0035991434551873535, 1.503681311664775, -0.004114235572503025, 5.150921173156715E-4, 0.0, 6.327999999999999, 0.5069790537307483, 3199.203125415848, 763.7534870474594, 4245.6873723897315, 0.7535182986436284
0.0021, 0.5295701476933998, 5.013380707394704E-4, -4.458671995136029, 2.5495166173570993, 2.939817560588704, -0.0037091444802529088, 1.5037765859858605, -0.0042954869843524115, 5.863425040995029E-4, 0.0, 6.327999999999999, 0.5323280064172856, 3199.203125415848, 763.7534870474594, 4245.6873723897315, 0.7535182986436284
0.0022, 0.5544251008588603, 5.252113122032547E-4, -4.18115606297339, 2.894787808360503, 3.077299656554885, -0.0038122230530223344, 1.5038962923360353, -0.0044756011451519695, 6.633780921296351E-4, 0.0, 6.327999999999999, 0.557676959103823, 3199.203125415848, 763.7534870474594, 4245.6873723897315, 0.7535182986436284
0.0023, 0.5793112414404217, 5.490845536670391E-4, -3.9288654905851317, 3.5431161847236776, 3.190225567134476, -0.00390898293594269, 1.5040338446566712, -0.004654629784629776, 7.456468486870863E-4, 0.0, 6.327999999999999, 0.5830259117903603, 3199.203125415848, 763.7534870474594, 4245.6873723897315, 0.7535182986436284
0.0024, 0.6047318114606397, 5.729577951308231E-4, -3.6945859353261774, 3.254771863651247, 3.2866586812682073, -0.00399995852279237, 1.5041080957733888, -0.004832620129818146, 8.326616070257762E-4, 0.0, 6.327999999999999, 0.6083748644768977, 3199.203125415848, 763.7534870474594, 4245.6873723897315, 0.7535182986436284
0.0025, 0.6297911067840275, 5.968310365946075E-4, -3.4612698106908857, 3.4274914696438827, 3.383878430558241, -0.0040853969204676065, 1.5042072092718364, -0.005009615468588517, 9.242185481209107E-4, 0.0, 6.327999999999999, 0.6337238171634351, 3199.203125415848, 763.7534870474594, 4245.6873723897315, 0.7535182986436284
0.0026, 0.6547085503655703, 6.207042780583919E-4, -3.2013039686312883, 3.546648072403482, 3.508836161834182, -0.004165012685350736, 1.504297134642673, -0.005185655622889315, 0.0010206429375385784, 0.0, 6.327999999999999, 0.6590727698499724, 3199.203125415848, 763.7534870474594, 4245.6873723897315, 0.7535182986436284
0.0027, 0.6795070695680064, 6.445775195221761E-4, -2.8767477738693907, 3.8465219319499573, 3.6976924236007562, -0.004237736354730763, 1.5043905990027309, -0.005360777349080229, 0.0011230409943494661, 0.0, 6.327999999999999, 0.6844217225365098, 3199.203125415848, 763.7534870474594, 4245.6873723897315, 0.7535182986436284
0.0028, 0.704142799877559, 6.684507609859605E-4, -2.4406659353599442, 4.112015027750522, 3.9943354063975107, -0.004301481543841079, 1.5044668435969548, -0.005535014678884134, 0.001233533135043055, 0.0, 6.327999999999999, 0.7097706752230472, 3199.203125415848, 763.7534870474594, 4245.6873723897315, 0.7535182986436284
0.0029, 0.7285576346319024, 6.923240024497446E-4, -1.8396131681920886, 4.3876393092692165, 4.44784408861176, -0.004352957573258728, 1.5045338859806228, -0.005708399211575585, 0.0013554416383168566, 0.0, 6.327999999999999, 0.7351196279095845, 3199.203125415848, 763.7534870474594, 4245.6873723897315, 0.7535182986436284
0.003, 0.7526592367918996, 7.161972439135289E-4, -1.0172461801896473, 4.9853309806221375, 5.108936300790788, -0.0043875550085868105, 1.5046049929778738, -0.005880960365824366, 0.0014934053572375552, 0.0, 6.327999999999999, 0.7604685805961219, 3199.203125415848, 763.7534870474594, 4245.6873723897315, 0.7535182986436284
0.0031, 0.7761954957252009, 7.400704853773128E-4, 0.08105738504705684, 5.851695771928763, 6.025531432277262, -0.004399329793441095, 1.5046671048802194, -0.0060527255979264645, 0.0016533958044853692, 0.0, 6.327999999999999, 0.7858175332826592, 3199.203125415848, 763.7534870474594, 4245.6873723897315, 0.7535182986436284
0.0032, 0.7988765725429001, 7.639437268410973E-4, 1.5028035622533382, 6.947102226624049, 7.237659865023943, -0.004381107496832062, 1.5047212927569695, -0.006223720591850007, 0.0018426130950179448, 0.0, 6.327999999999999, 0.8111664859691966, 3199.203125415848, 763.7534870474594, 4245.6873723897315, 0.7535182986436284
0.0033, 0.8201501716544299, 7.878169683048817E-4, 3.282565174868104, 8.616580737289503, 8.772066429763072, -0.0043247222361290595, 1.5047847371081393, -0.006393969425504765, 0.002069247189375706, 0.0, 6.327999999999999, 0.836515438655734, 3199.203125415848, 763.7534870474594, 4245.6873723897315, 0.7535182986436284
0.0034, 0.8396795522329047, 8.116902097686655E-4, 5.4362370868868135, 10.761661873088396, 10.636983239967776, -0.004221394735945676, 1.504868955850322, -0.006563494716841305, 0.002342099980895629, 0.0, 6.327999999999999, 0.8618643913422713, 3199.203125415848, 763.7534870474594, 4245.6873723897315, 0.7535182986436284
0.0035, 0.8574838451129269, 8.355634512324502E-4, 7.956010226205224, 13.124282502440444, 12.817688169041503, -0.0040622404006906455, 1.504965726394392, -0.006732317752748799, 0.0026700773520581533, 0.0, 6.327999999999999, 0.8872133440288087, 3199.203125415848, 763.7534870474594, 4245.6873723897315, 0.7535182986436284
0.0036, 0.873709064358473, 8.594366926962345E-4, 10.806878273756809, 15.523445798804174, 15.273618995694505, -0.003838880873187323, 1.5050544838603575, -0.006900458603211013, 0.00306157773002369, 0.0, 6.327999999999999, 0.912562296715346, 3199.203125415848, 763.7534870474594, 4245.6873723897315, 0.7535182986436284
0.0037, 0.8884843618725338, 8.833099341600185E-4, 13.925672454792586, 18.160671142564745, 17.937979852048556, -0.003544110982885126, 1.505173561290985, -0.007067936222769608, 0.0035238252398844816, 0.0, 6.327999999999999, 0.9379112494018834, 3199.203125415848, 763.7534870474594, 4245.6873723897315, 0.7535182986436284
0.0038, 0.9019010955450877, 9.071831756238029E-4, 17.223815689747102, 20.746055243159145, 20.720956067942097, -0.0031725469138692963, 1.5052753719370506, -0.007234768541011389, 0.004062221627142093, 0.0, 6.327999999999999, 0.9632602020884208, 3199.203125415848, 763.7534870474594, 4245.6873723897315, 0.7535182986436284
0.0039, 0.9140195141621433, 9.310564170875872E-4, 20.59519746053062, 23.286010374890456, 23.51784581382617, -0.002721150504202039, 1.5053707499311992, -0.007400972543524751, 0.004679822039322712, 0.0, 6.327999999999999, 0.9886091547749581, 3199.203125415848, 763.7534870474594, 4245.6873723897315, 0.7535182986436284
0.004, 0.9249313296824508, 9.549296585513715E-4, 23.93079512503818, 25.840740537211374, 26.223622103221714, -0.0021894884833706723, 1.5054610076560666, -0.007566564344548088, 0.005377075861177416, 0.0, 6.327999999999999, 1.0139581074614956, 3199.203125415848, 763.7534870474594, 4245.6873723897315, 0.7535182986436284
0.0041, 0.9346423159240704, 9.788029000151557E-4, 27.14190606716145, 28.662179923976918, 28.755656723978973, -0.0015795438227711681, 1.5056310002589923, -0.007731559252349385, 0.006152015429578217, 0.0, 6.327999999999999, 1.0393070601480332, 3199.203125415848, 763.7534870474594, 4245.6873723897315, 0.7535182986436284
0.0042, 0.9432345569121885, 0.0010026761414789404, 30.194108001620485, 31.098192512286296, 31.086568525412076, -8.948488743874845E-4, 1.5057161015155394, -0.007895971828223965, 0.0070011229538364805, 0.0, 6.327999999999999, 1.0646560128345706, 3199.203125415848, 763.7534870474594, 4245.6873723897315, 0.7535182986436284
0.0043, 0.9507529394464084, 0.0010265493829427243, 33.15433196354201, 33.52903264987782, 33.289402196700394, -1.3865626444345414E-4, 1.5058193755164264, -0.008059815939870624, 0.00792115967542717, 0.0, 6.327999999999999, 1.0900049655211081, 3199.203125415848, 763.7534870474594, 4245.6873723897315, 0.7535182986436284
0.0044, 0.9572107539180459, 0.0010504226244065088, 36.25371399911543, 35.81219823794318, 35.597600228105875, 6.891967492655658E-4, 1.5058995808005369, -0.008223104809800184, 0.00891230155906575, 0.0, 6.327999999999999, 1.1153539182076455, 3199.203125415848, 763.7534870474594, 4245.6873723897315, 0.7535182986436284
