This fits B3 to B4 into the virial expansion since maxPower is set to 2.
Number of particles: 108
dryVolFracMax: 0.007
dryVolFracIncrement: 1.0E-4
Initial configuration: FCC
Dry microgel radius [nm]: 50.0
Box length [units of dry radius]: 46.15848127347998
Number of monomers: 2916666.666666667
Number of chains: 145.83333333333334
Flory interaction parameter (chi): 0.0
Young's calibration factor: 1.0
x-link fraction: 5.0E-5
MC steps: 100000
Equilibration steps: 10000.0
Snapshot interval: 100
Displacement tolerance: 0.1
Particle radius change tolerance: 0.0
Particle radius bin width: 0.001
g(r) bin width: 0.005
phi0, phi, rho, mu/kT, Z_measured, Z_virial_Fit, <F_total>/V, QMelting, <F_id>/V, <F_ex>/V, <F_FR>/V, <alpha>, Zeta, B2_rho, B2_phi0, B2_HS, B2*
2.0E-4, 0.050689639947746216, 4.774648292756861E-5, -9.69713043996308, 1.0331175829171535, 1.0978869080909106, -5.154241115116668E-4, 1.5005155470823592, -5.213638970822166E-4, 5.939785570549858E-6, 0.0, 6.327999999999999, 0.050697905373074816, 3199.203125415848, 763.7534870474594, 4245.6873723897315, 0.7535182986436284
3.0E-4, 0.07602803455269352, 7.161972439135293E-5, -9.23468349824117, 1.0626035467360493, 1.1118670366560757, -7.410170977105458E-4, 1.5007413824429652, -7.530065463303081E-4, 1.1989448619762353E-5, 0.0, 6.327999999999999, 0.07604685805961223, 3199.203125415848, 763.7534870474594, 4245.6873723897315, 0.7535182986436284
4.0E-4, 0.10136193440979639, 9.549296585513724E-5, -8.91879840114729, 1.3005016713807818, 1.1080356295753981, -9.574921197309293E-4, 1.5009599934272997, -9.765371141186377E-4, 1.9044994387708368E-5, 0.0, 6.327999999999999, 0.10139581074614963, 3199.203125415848, 763.7534870474594, 4245.6873723897315, 0.7535182986436284
5.0E-4, 0.12668951643947537, 1.1936620731892148E-4, -8.69073328615494, 1.19819465759818, 1.0905156978546413, -0.001167550594063278, 1.501169733397938, -0.0011940355932402447, 2.648499917696661E-5, 0.0, 6.327999999999999, 0.12674476343268704, 3199.203125415848, 763.7534870474594, 4245.6873723897315, 0.7535182986436284
6.0E-4, 0.1519991762591733, 1.4323944878270585E-4, -8.521274278639122, 1.3059500908504846, 1.0634302524995691, -0.0013729077937854092, 1.5013768894773196, -0.001406727072591923, 3.3819278806513815E-5, 0.0, 6.327999999999999, 0.15209371611922445, 3199.203125415848, 763.7534870474594, 4245.6873723897315, 0.7535182986436284
7.0E-4, 0.17730339995482283, 1.6711269024649017E-4, -8.392272913038594, 1.2779005116965192, 1.0309023045159453, -0.001574732161269594, 1.5015789931407981, -0.0016154210498813184, 4.068888861172445E-5, 0.0, 6.327999999999999, 0.17744266880576187, 3199.203125415848, 763.7534870474594, 4245.6873723897315, 0.7535182986436284
8.0E-4, 0.20260770574659498, 1.9098593171027449E-4, -8.290680251581707, 1.2629845939889306, 0.9970548649095328, -0.0017738267447013137, 1.5017783738095547, -0.0018206928681456847, 4.686612344437104E-5, 0.0, 6.327999999999999, 0.2027916214922993, 3199.203125415848, 763.7534870474594, 4245.6873723897315, 0.7535182986436284
9.0E-4, 0.22789411969195808, 2.148591731740588E-4, -8.206128016026181, 1.5868145952338006, 0.9660109446860947, -0.0019707181933362105, 1.5019826480726415, -0.0020229727110088343, 5.225451767262392E-5, 0.0, 6.327999999999999, 0.2281405741788367, 3199.203125415848, 763.7534870474594, 4245.6873723897315, 0.7535182986436284
0.001, 0.2531565659054242, 2.38732414637843E-4, -8.12979302139475, 1.471950386032552, 0.9418935548513956, -0.0021657056411849497, 1.5021757598852856, -0.0022225944863660013, 5.688884518105145E-5, 0.0, 6.327999999999999, 0.2534895268653741, 3199.203125415848, 763.7534870474594, 4245.6873723897315, 0.7535182986436284
0.0011, 0.27840853478768923, 2.626056561016274E-4, -8.053805735534675, 1.6034046368354886, 0.9288257064111978, -0.0023588898233313027, 1.5023736207227834, -0.0024198249427019227, 6.093511937061975E-5, 0.0, 6.327999999999999, 0.27883847955191154, 3199.203125415848, 763.7534870474594, 4245.6873723897315, 0.7535182986436284
0.0012, 0.30366263866449944, 2.864788975654117E-4, -7.970917277399461, 1.8875062484383152, 0.9309304103712659, -0.0025501915118877672, 1.5025729805632257, -0.00261488210504646, 6.469059315869292E-5, 0.0, 6.327999999999999, 0.30418743223844896, 3199.203125415848, 763.7534870474594, 4245.6873723897315, 0.7535182986436284
0.0013, 0.328871601425102, 3.10352139029196E-4, -7.8743001654828255, 1.7692458505767399, 0.9523306777373626, -0.002739363762614461, 1.5027614322033622, -0.002807947521593494, 6.858375897903307E-5, 0.0, 6.327999999999999, 0.3295363849249864, 3199.203125415848, 763.7534870474594, 4245.6873723897315, 0.7535182986436284
0.0014, 0.35408508242714404, 3.342253804929803E-4, -7.757423117980805, 2.059533262697868, 0.9971495195152515, -0.002926000370820553, 1.5029578775386723, -0.002999174719602353, 7.31743487818E-5, 0.0, 6.327999999999999, 0.3548853376115238, 3199.203125415848, 763.7534870474594, 4245.6873723897315, 0.7535182986436284
0.0015, 0.3792185162580294, 3.580986219567647E-4, -7.6139691520326656, 1.8613654907767518, 1.069509946710697, -0.0031095418990503667, 1.503136614408628, -0.003188695233083918, 7.915333403355152E-5, 0.0, 6.327999999999999, 0.3802342902980612, 3199.203125415848, 763.7534870474594, 4245.6873723897315, 0.7535182986436284
0.0016, 0.40438384684521317, 3.8197186342054886E-4, -7.43778016931334, 1.6641058923725556, 1.1735349703294609, -0.003289280090390944, 1.5033123122469199, -0.0033766230161081877, 8.734292571724366E-5, 0.0, 6.327999999999999, 0.40558324298459864, 3199.203125415848, 763.7534870474594, 4245.6873723897315, 0.7535182986436284
0.0017, 0.42952360354591396, 4.0584510488433315E-4, -7.222818370786893, 2.0446440796194976, 1.3133476013773082, -0.003464361174283056, 1.5035015032842762, -0.0035630577486152858, 9.869657433222967E-5, 0.0, 6.327999999999999, 0.43093219567113605, 3199.203125415848, 763.7534870474594, 4245.6873723897315, 0.7535182986436284
0.0018, 0.4546019115015354, 4.297183463481176E-4, -6.9631387171009935, 2.4061595532764786, 1.493070850860002, -0.0036337883919173282, 1.5036884069793948, -0.003748087361811589, 1.1429896989426113E-4, 0.0, 6.327999999999999, 0.45628114835767347, 3199.203125415848, 763.7534870474594, 4245.6873723897315, 0.7535182986436284
0.0019, 0.4796218915401157, 4.535915878119019E-4, -6.6528688448411435, 2.880091043865489, 1.7168277297833043, -0.003796423958787738, 1.5038748684491576, -0.003931790000723226, 1.35366041935488E-4, 0.0, 6.327999999999999, 0.4816301010442109, 3199.203125415848, 763.7534870474594, 4245.6873723897315, 0.7535182986436284
0.002, 0.5046190011308439, 4.7746482927568624E-4, -6.286194140312708, 2.928104390786754, 1.9887412491529823, -0.003950990612998567, 1.5040331588225861, -0.004114235572503025, 1.6324495950445722E-4, 0.0, 6.327999999999999, 0.5069790537307483, 3199.203125415848, 763.7534870474594, 4245.6873723897315, 0.7535182986436284
0.0021, 0.5295701476933998, 5.013380707394704E-4, -5.857346458843399, 2.5495166173570993, 2.312934419974794, -0.004096072853186298, 1.504163514358794, -0.0042954869843524115, 1.9941413116611407E-4, 0.0, 6.327999999999999, 0.5323280064172856, 3199.203125415848, 763.7534870474594, 4245.6873723897315, 0.7535182986436284
0.0022, 0.5544251008588603, 5.252113122032547E-4, -5.360595470741954, 2.894787808360503, 2.6935302532545045, -0.004230117940150168, 1.5043141872231631, -0.0044756011451519695, 2.454832050018019E-4, 0.0, 6.327999999999999, 0.557676959103823, 3199.203125415848, 763.7534870474594, 4245.6873723897315, 0.7535182986436284
0.0023, 0.5793112414404217, 5.490845536670391E-4, -4.790241932530201, 3.5431161847236776, 3.1346517599978814, -0.004351436716020514, 1.504476298436749, -0.004654629784629776, 3.0319306860926193E-4, 0.0, 6.327999999999999, 0.5830259117903603, 3199.203125415848, 763.7534870474594, 4245.6873723897315, 0.7535182986436284
0.0024, 0.6047318114606397, 5.729577951308231E-4, -4.14061239128845, 3.254771863651247, 3.640421951210679, -0.004458204280715514, 1.504566341531312, -0.004832620129818146, 3.744158491026321E-4, 0.0, 6.327999999999999, 0.6083748644768977, 3199.203125415848, 763.7534870474594, 4245.6873723897315, 0.7535182986436284
0.0025, 0.6297911067840275, 5.968310365946075E-4, -3.4060549707554975, 3.4274914696438827, 4.214963837898676, -0.004548460555476067, 1.5046702729068449, -0.005009615468588517, 4.6115491311245053E-4, 0.0, 6.327999999999999, 0.6337238171634351, 3199.203125415848, 763.7534870474594, 4245.6873723897315, 0.7535182986436284
0.0026, 0.6547085503655703, 6.207042780583919E-4, -2.5809359843921005, 3.546648072403482, 4.862400431067623, -0.0046201107561036625, 1.504752232713426, -0.005185655622889315, 5.655448667856527E-4, 0.0, 6.327999999999999, 0.6590727698499724, 3199.203125415848, 763.7534870474594, 4245.6873723897315, 0.7535182986436284
0.0027, 0.6795070695680064, 6.445775195221761E-4, -1.6596371879940444, 3.8465219319499573, 5.586854741723284, -0.004670925793294659, 1.5048237884412947, -0.005360777349080229, 6.898515557855695E-4, 0.0, 6.327999999999999, 0.6844217225365098, 3199.203125415848, 763.7534870474594, 4245.6873723897315, 0.7535182986436284
0.0028, 0.704142799877559, 6.684507609859605E-4, -0.6365535321951663, 4.112015027750522, 6.3924497808714325, -0.004698542613592201, 1.504863904666706, -0.005535014678884134, 8.364720652919333E-4, 0.0, 6.327999999999999, 0.7097706752230472, 3199.203125415848, 763.7534870474594, 4245.6873723897315, 0.7535182986436284
0.0029, 0.7285576346319024, 6.923240024497446E-4, 0.4939086904645693, 4.3876393092692165, 7.28330855951782, -0.004700464491574715, 1.5048813928989389, -0.005708399211575585, 0.0010079347200008704, 0.0, 6.327999999999999, 0.7351196279095845, 3199.203125415848, 763.7534870474594, 4245.6873723897315, 0.7535182986436284
0.003, 0.7526592367918996, 7.161972439135289E-4, 1.7373333842168739, 4.9853309806221375, 8.263554088668219, -0.004674061281699459, 1.5048914992509865, -0.005880960365824366, 0.0012068990841249071, 0.0, 6.327999999999999, 0.7604685805961219, 3199.203125415848, 763.7534870474594, 4245.6873723897315, 0.7535182986436284
0.0031, 0.7761954957252009, 7.400704853773128E-4, 3.0992959363523056, 5.851695771928763, 9.337309379328365, -0.004616569636533497, 1.5048843447233118, -0.0060527255979264645, 0.001436155961392968, 0.0, 6.327999999999999, 0.7858175332826592, 3199.203125415848, 763.7534870474594, 4245.6873723897315, 0.7535182986436284
0.0032, 0.7988765725429001, 7.639437268410973E-4, 4.585364299222879, 6.947102226624049, 10.508697442504076, -0.004525093196799624, 1.5048652784569372, -0.006223720591850007, 0.0016986273950503825, 0.0, 6.327999999999999, 0.8111664859691966, 3199.203125415848, 763.7534870474594, 4245.6873723897315, 0.7535182986436284
0.0033, 0.8201501716544299, 7.878169683048817E-4, 6.201099905696839, 8.616580737289503, 11.781841289201084, -0.004396602757645904, 1.5048566176296563, -0.006393969425504765, 0.0019973666678588615, 0.0, 6.327999999999999, 0.836515438655734, 3199.203125415848, 763.7534870474594, 4245.6873723897315, 0.7535182986436284
0.0034, 0.8396795522329047, 8.116902097686655E-4, 7.952058447912575, 10.761661873088396, 13.160863930425117, -0.0042279364147447835, 1.5048754975291212, -0.006563494716841305, 0.002335558302096521, 0.0, 6.327999999999999, 0.8618643913422713, 3199.203125415848, 763.7534870474594, 4245.6873723897315, 0.7535182986436284
0.0035, 0.8574838451129269, 8.355634512324502E-4, 9.843790543118521, 13.124282502440444, 14.649888377182029, -0.004015799693190906, 1.5049192856868923, -0.006732317752748799, 0.0027165180595578927, 0.0, 6.327999999999999, 0.8872133440288087, 3199.203125415848, 763.7534870474594, 4245.6873723897315, 0.7535182986436284
0.0036, 0.873709064358473, 8.594366926962345E-4, 11.881842305692139, 15.523445798804174, 16.253037640477498, -0.003756765661657133, 1.5049723686488272, -0.006900458603211013, 0.00314369294155388, 0.0, 6.327999999999999, 0.912562296715346, 3199.203125415848, 763.7534870474594, 4245.6873723897315, 0.7535182986436284
0.0037, 0.8884843618725338, 8.833099341600185E-4, 14.071755840769114, 18.160671142564745, 17.974434731317317, -0.0034472750338578233, 1.5050767253419577, -0.007067936222769608, 0.0036206611889117845, 0.0, 6.327999999999999, 0.9379112494018834, 3199.203125415848, 763.7534870474594, 4245.6873723897315, 0.7535182986436284
0.0038, 0.9019010955450877, 9.071831756238029E-4, 16.41906967202979, 20.746055243159145, 19.818202660707264, -0.0030836362590360555, 1.5051864612822172, -0.007234768541011389, 0.004151132281975334, 0.0, 6.327999999999999, 0.9632602020884208, 3199.203125415848, 763.7534870474594, 4245.6873723897315, 0.7535182986436284
0.0039, 0.9140195141621433, 9.310564170875872E-4, 18.929319113908875, 23.286010374890456, 21.788464439653087, -0.002662025602920123, 1.5053116250299174, -0.007400972543524751, 0.004738946940604628, 0.0, 6.327999999999999, 0.9886091547749581, 3199.203125415848, 763.7534870474594, 4245.6873723897315, 0.7535182986436284
0.004, 0.9249313296824508, 9.549296585513715E-4, 21.608036596673983, 25.840740537211374, 23.889343079160547, -0.0021784872203719175, 1.5054500063930678, -0.007566564344548088, 0.005388077124176171, 0.0, 6.327999999999999, 1.0139581074614956, 3199.203125415848, 763.7534870474594, 4245.6873723897315, 0.7535182986436284
0.0041, 0.9346423159240704, 9.788029000151557E-4, 24.46075195135787, 28.662179923976918, 26.12496159023542, -0.0016289332207665222, 1.5056803896569877, -0.007731559252349385, 0.006102626031582863, 0.0, 6.327999999999999, 1.0393070601480332, 3199.203125415848, 763.7534870474594, 4245.6873723897315, 0.7535182986436284
0.0042, 0.9432345569121885, 0.0010026761414789404, 27.492992660350858, 31.098192512286296, 28.49944298388349, -0.0010091437269899306, 1.5058303963681416, -0.007895971828223965, 0.006886828101234034, 0.0, 6.327999999999999, 1.0646560128345706, 3199.203125415848, 763.7534870474594, 4245.6873723897315, 0.7535182986436284
0.0043, 0.9507529394464084, 0.0010265493829427243, 30.710284078502923, 33.52903264987782, 31.016910271110408, -3.147669288152931E-4, 1.5059954861807983, -0.008059815939870624, 0.007745049011055331, 0.0, 6.327999999999999, 1.0900049655211081, 3199.203125415848, 763.7534870474594, 4245.6873723897315, 0.7535182986436284
0.0044, 0.9572107539180459, 0.0010504226244065088, 34.11814962880532, 35.81219823794318, 33.68148646292211, 4.5868086868871075E-4, 1.5061300966811138, -0.008223104809800184, 0.008681785678488894, 0.0, 6.327999999999999, 1.1153539182076455, 3199.203125415848, 763.7534870474594, 4245.6873723897315, 0.7535182986436284
