This fits B3 to B12 into the virial expansion since maxPower is set to 10.
Number of particles: 108
dryVolFracMax: 0.007
dryVolFracIncrement: 1.0E-4
Initial configuration: FCC
Dry microgel radius [nm]: 50.0
Box length [units of dry radius]: 46.15848127347998
Number of monomers: 2916666.666666667
Number of chains: 145.83333333333334
Flory interaction parameter (chi): 0.0
Young's calibration factor: 1.0
x-link fraction: 5.0E-5
MC steps: 100000
Equilibration steps: 10000.0
Snapshot interval: 100
Displacement tolerance: 0.1
Particle radius change tolerance: 0.0
Particle radius bin width: 0.001
g(r) bin width: 0.005
phi0, phi, rho, mu/kT, Z_measured, Z_virial_Fit, <F_total>/V, QMelting, <F_id>/V, <F_ex>/V, <F_FR>/V, <alpha>, Zeta, B2_rho, B2_phi0, B2_HS, B2*
2.0E-4, 0.050689639947746216, 4.774648292756861E-5, -9.823276796868695, 1.0331175829171535, 1.0305725433385085, -5.18233132220605E-4, 1.5005183561030682, -5.213638970822166E-4, 3.1307648616115778E-6, 0.0, 6.327999999999999, 0.050697905373074816, 3199.203125415848, 763.7534870474594, 4245.6873723897315, 0.7535182986436284
3.0E-4, 0.07602803455269352, 7.161972439135293E-5, -9.363974536454986, 1.0626035467360493, 1.066547119844977, -7.470310862822412E-4, 1.500747396431537, -7.530065463303081E-4, 5.975460048066872E-6, 0.0, 6.327999999999999, 0.07604685805961223, 3199.203125415848, 763.7534870474594, 4245.6873723897315, 0.7535182986436284
4.0E-4, 0.10136193440979639, 9.549296585513724E-5, -8.976102246392099, 1.3005016713807818, 1.138454392782719, -9.658690117845722E-4, 1.5009683703193535, -9.765371141186377E-4, 1.0668102334065513E-5, 0.0, 6.327999999999999, 0.10139581074614963, 3199.203125415848, 763.7534870474594, 4245.6873723897315, 0.7535182986436284
5.0E-4, 0.12668951643947537, 1.1936620731892148E-4, -8.620835419304225, 1.19819465759818, 1.2300221541476453, -0.0011758595073818239, 1.5011780423112564, -0.0011940355932402447, 1.8176085858420813E-5, 0.0, 6.327999999999999, 0.12674476343268704, 3199.203125415848, 763.7534870474594, 4245.6873723897315, 0.7535182986436284
6.0E-4, 0.1519991762591733, 1.4323944878270585E-4, -8.29667023105233, 1.3059500908504846, 1.3216975419867842, -0.0013777296979994643, 1.5013817113815335, -0.001406727072591923, 2.899737459245857E-5, 0.0, 6.327999999999999, 0.15209371611922445, 3199.203125415848, 763.7534870474594, 4245.6873723897315, 0.7535182986436284
7.0E-4, 0.17730339995482283, 1.6711269024649017E-4, -8.00921207003946, 1.2779005116965192, 1.3993471837294305, -0.0015722896482408288, 1.5015765506277694, -0.0016154210498813184, 4.3131401640489616E-5, 0.0, 6.327999999999999, 0.17744266880576187, 3199.203125415848, 763.7534870474594, 4245.6873723897315, 0.7535182986436284
8.0E-4, 0.20260770574659498, 1.9098593171027449E-4, -7.76034706975418, 1.2629845939889306, 1.4573496429013288, -0.0017604503948892452, 1.5017649974597427, -0.0018206928681456847, 6.024247325643943E-5, 0.0, 6.327999999999999, 0.2027916214922993, 3199.203125415848, 763.7534870474594, 4245.6873723897315, 0.7535182986436284
9.0E-4, 0.22789411969195808, 2.148591731740588E-4, -7.545308669671396, 1.5868145952338006, 1.4982414839430223, -0.0019430897085637251, 1.501955019587869, -0.0020229727110088343, 7.988300244510925E-5, 0.0, 6.327999999999999, 0.2281405741788367, 3199.203125415848, 763.7534870474594, 4245.6873723897315, 0.7535182986436284
0.001, 0.2531565659054242, 2.38732414637843E-4, -7.353488199309508, 1.471950386032552, 1.5305086424199044, -0.002120898017661032, 1.5021309522617616, -0.0022225944863660013, 1.0169646870496949E-4, 0.0, 6.327999999999999, 0.2534895268653741, 3199.203125415848, 763.7534870474594, 4245.6873723897315, 0.7535182986436284
0.0011, 0.27840853478768923, 2.626056561016274E-4, -7.170893885546192, 1.6034046368354886, 1.5656523132883842, -0.002294266446607131, 1.502308997346059, -0.0024198249427019227, 1.2555849609479174E-4, 0.0, 6.327999999999999, 0.27883847955191154, 3199.203125415848, 763.7534870474594, 4245.6873723897315, 0.7535182986436284
0.0012, 0.30366263866449944, 2.864788975654117E-4, -6.983042196440733, 1.8875062484383152, 1.615289412871795, -0.0024632405603376797, 1.5024860296116755, -0.00261488210504646, 1.5164154470878033E-4, 0.0, 6.327999999999999, 0.30418743223844896, 3199.203125415848, 763.7534870474594, 4245.6873723897315, 0.7535182986436284
0.0013, 0.328871601425102, 3.10352139029196E-4, -6.777561851647686, 1.7692458505767399, 1.6887589477412657, -0.002627540769797708, 1.5026496092105455, -0.002807947521593494, 1.804067517957859E-4, 0.0, 6.327999999999999, 0.3295363849249864, 3199.203125415848, 763.7534870474594, 4245.6873723897315, 0.7535182986436284
0.0014, 0.35408508242714404, 3.342253804929803E-4, -6.546113834109463, 2.059533262697868, 1.7914854048633817, -0.0027866372780436907, 1.5028185144458954, -0.002999174719602353, 2.1253744155866214E-4, 0.0, 6.327999999999999, 0.3548853376115238, 3199.203125415848, 763.7534870474594, 4245.6873723897315, 0.7535182986436284
0.0015, 0.3792185162580294, 3.580986219567647E-4, -6.285452457318505, 1.8613654907767518, 1.9241875833874051, -0.00293986078533786, 1.5029669332949156, -0.003188695233083918, 2.488344477460581E-4, 0.0, 6.327999999999999, 0.3802342902980612, 3199.203125415848, 763.7534870474594, 4245.6873723897315, 0.7535182986436284
0.0016, 0.40438384684521317, 3.8197186342054886E-4, -5.997605140097008, 1.6641058923725556, 2.082906092635468, -0.003086527932957433, 1.5031095600894864, -0.0033766230161081877, 2.900950831507547E-4, 0.0, 6.327999999999999, 0.40558324298459864, 3199.203125415848, 763.7534870474594, 4245.6873723897315, 0.7535182986436284
0.0017, 0.42952360354591396, 4.0584510488433315E-4, -5.689250323850795, 2.0446440796194976, 2.2597459687355066, -0.0032260612340898717, 1.5032632033440831, -0.0035630577486152858, 3.369965145254142E-4, 0.0, 6.327999999999999, 0.43093219567113605, 3199.203125415848, 763.7534870474594, 4245.6873723897315, 0.7535182986436284
0.0018, 0.4546019115015354, 4.297183463481176E-4, -5.370436485283142, 2.4061595532764786, 2.444184391496912, -0.00335808596050731, 1.5034127045479848, -0.003748087361811589, 3.900014013042788E-4, 0.0, 6.327999999999999, 0.45628114835767347, 3199.203125415848, 763.7534870474594, 4245.6873723897315, 0.7535182986436284
0.0019, 0.4796218915401157, 4.535915878119019E-4, -5.05282006096933, 2.880091043865489, 2.6247701433450605, -0.003482490331343955, 1.5035609348217138, -0.003931790000723226, 4.4929966937927153E-4, 0.0, 6.327999999999999, 0.4816301010442109, 3199.203125415848, 763.7534870474594, 4245.6873723897315, 0.7535182986436284
0.002, 0.5046190011308439, 4.7746482927568624E-4, -4.7476140564034255, 2.928104390786754, 2.791035025318016, -0.0035994397967735845, 1.503681608006361, -0.004114235572503025, 5.147957757294405E-4, 0.0, 6.327999999999999, 0.5069790537307483, 3199.203125415848, 763.7534870474594, 4245.6873723897315, 0.7535182986436284
0.0021, 0.5295701476933998, 5.013380707394704E-4, -4.4634384893615255, 2.5495166173570993, 2.9354426652495214, -0.0037093408036835023, 1.5037767823092911, -0.0042954869843524115, 5.861461806689091E-4, 0.0, 6.327999999999999, 0.5323280064172856, 3199.203125415848, 763.7534870474594, 4245.6873723897315, 0.7535182986436284
0.0022, 0.5544251008588603, 5.252113122032547E-4, -4.204253719940153, 2.894787808360503, 3.055212706597075, -0.0038127538877769885, 1.5038968231707899, -0.0044756011451519695, 6.628472573749807E-4, 0.0, 6.327999999999999, 0.557676959103823, 3199.203125415848, 763.7534870474594, 4245.6873723897315, 0.7535182986436284
0.0023, 0.5793112414404217, 5.490845536670391E-4, -3.9675421187159365, 3.5431161847236776, 3.1538748910940484, -0.00391026008030798, 1.5040351218010364, -0.004654629784629776, 7.443697043217953E-4, 0.0, 6.327999999999999, 0.5830259117903603, 3199.203125415848, 763.7534870474594, 4245.6873723897315, 0.7535182986436284
0.0024, 0.6047318114606397, 5.729577951308231E-4, -3.742885302357312, 3.254771863651247, 3.242425635097561, -0.004002288353027458, 1.504110425603624, -0.004832620129818146, 8.303317767906888E-4, 0.0, 6.327999999999999, 0.6083748644768977, 3199.203125415848, 763.7534870474594, 4245.6873723897315, 0.7535182986436284
0.0025, 0.6297911067840275, 5.968310365946075E-4, -3.511065138989422, 3.4274914696438827, 3.339977890594483, -0.004088915113101268, 1.50421072746447, -0.005009615468588517, 9.207003554872486E-4, 0.0, 6.327999999999999, 0.6337238171634351, 3199.203125415848, 763.7534870474594, 4245.6873723897315, 0.7535182986436284
0.0026, 0.6547085503655703, 6.207042780583919E-4, -3.2437976552997814, 3.546648072403482, 3.4738128721604937, -0.004169649592725844, 1.5043017715500482, -0.005185655622889315, 0.0010160060301634705, 0.0, 6.327999999999999, 0.6590727698499724, 3199.203125415848, 763.7534870474594, 4245.6873723897315, 0.7535182986436284
0.0027, 0.6795070695680064, 6.445775195221761E-4, -2.904189577782426, 3.8465219319499573, 3.678760067538235, -0.004243221353519789, 1.5043960840015198, -0.005360777349080229, 0.0011175559955604398, 0.0, 6.327999999999999, 0.6844217225365098, 3199.203125415848, 763.7534870474594, 4245.6873723897315, 0.7535182986436284
0.0028, 0.704142799877559, 6.684507609859605E-4, -2.447986181399144, 4.112015027750522, 3.995851230866492, -0.0043073880218985495, 1.5044727500750124, -0.005535014678884134, 0.0012276266569855847, 0.0, 6.327999999999999, 0.7097706752230472, 3199.203125415848, 763.7534870474594, 4245.6873723897315, 0.7535182986436284
0.0029, 0.7285576346319024, 6.923240024497446E-4, -1.8256540280608968, 4.3876393092692165, 4.47021713513351, -0.00435878272261289, 1.504539711129977, -0.005708399211575585, 0.0013496164889626946, 0.0, 6.327999999999999, 0.7351196279095845, 3199.203125415848, 763.7534870474594, 4245.6873723897315, 0.7535182986436284
0.003, 0.7526592367918996, 7.161972439135289E-4, -0.9853096412953048, 4.9853309806221375, 5.1482260374910425, -0.004392821348588955, 1.504610259317876, -0.005880960365824366, 0.0014881390172354104, 0.0, 6.327999999999999, 0.7604685805961219, 3199.203125415848, 763.7534870474594, 4245.6873723897315, 0.7535182986436284
0.0031, 0.7761954957252009, 7.400704853773128E-4, 0.12353927015997712, 5.851695771928763, 6.073904342519654, -0.004403689567267691, 1.5046714646540458, -0.0060527255979264645, 0.0016490360306587737, 0.0, 6.327999999999999, 0.7858175332826592, 3199.203125415848, 763.7534870474594, 4245.6873723897315, 0.7535182986436284
0.0032, 0.7988765725429001, 7.639437268410973E-4, 1.545535252050958, 6.947102226624049, 7.284738043189236, -0.004384427969360448, 1.504724613229498, -0.006223720591850007, 0.0018392926224895592, 0.0, 6.327999999999999, 0.8111664859691966, 3199.203125415848, 763.7534870474594, 4245.6873723897315, 0.7535182986436284
0.0033, 0.8201501716544299, 7.878169683048817E-4, 3.31447616701238, 8.616580737289503, 8.807034334883383, -0.004327130524047869, 1.5047871453960582, -0.006393969425504765, 0.0020668389014568966, 0.0, 6.327999999999999, 0.836515438655734, 3199.203125415848, 763.7534870474594, 4245.6873723897315, 0.7535182986436284
0.0034, 0.8396795522329047, 8.116902097686655E-4, 5.448082080401428, 10.761661873088396, 10.651133448079918, -0.0042232658560438854, 1.5048708269704203, -0.006563494716841305, 0.002340228860797419, 0.0, 6.327999999999999, 0.8618643913422713, 3199.203125415848, 763.7534870474594, 4245.6873723897315, 0.7535182986436284
0.0035, 0.8574838451129269, 8.355634512324502E-4, 7.942979515107625, 13.124282502440444, 12.806909292835826, -0.0040641219516321415, 1.5049676079453336, -0.006732317752748799, 0.0026681958011166573, 0.0, 6.327999999999999, 0.8872133440288087, 3199.203125415848, 763.7534870474594, 4245.6873723897315, 0.7535182986436284
0.0036, 0.873709064358473, 8.594366926962345E-4, 10.770565718843443, 15.523445798804174, 15.240192970522912, -0.00384136166276739, 1.5050569646499374, -0.006900458603211013, 0.003059096940443623, 0.0, 6.327999999999999, 0.912562296715346, 3199.203125415848, 763.7534870474594, 4245.6873723897315, 0.7535182986436284
0.0037, 0.8884843618725338, 8.833099341600185E-4, 13.874683125426966, 18.160671142564745, 17.89100555039022, -0.0035476574967801293, 1.50517710780488, -0.007067936222769608, 0.0035202787259894786, 0.0, 6.327999999999999, 0.9379112494018834, 3199.203125415848, 763.7534870474594, 4245.6873723897315, 0.7535182986436284
0.0038, 0.9019010955450877, 9.071831756238029E-4, 17.172373896239737, 20.746055243159145, 20.674806656475084, -0.003177348073817572, 1.505280173096999, -0.007234768541011389, 0.0040574204671938174, 0.0, 6.327999999999999, 0.9632602020884208, 3199.203125415848, 763.7534870474594, 4245.6873723897315, 0.7535182986436284
0.0039, 0.9140195141621433, 9.310564170875872E-4, 20.55940906644188, 23.286010374890456, 23.488365229994088, -0.0027270234314382335, 1.5053766228584355, -0.007400972543524751, 0.004673949112086517, 0.0, 6.327999999999999, 0.9886091547749581, 3199.203125415848, 763.7534870474594, 4245.6873723897315, 0.7535182986436284
0.004, 0.9249313296824508, 9.549296585513715E-4, 23.92281019178217, 25.840740537211374, 26.222351153455747, -0.0021958998653599853, 1.505467419038056, -0.007566564344548088, 0.005370664479188103, 0.0, 6.327999999999999, 1.0139581074614956, 3199.203125415848, 763.7534870474594, 4245.6873723897315, 0.7535182986436284
0.0041, 0.9346423159240704, 9.788029000151557E-4, 27.163218347246563, 28.662179923976918, 28.783345019946864, -0.001585784685611458, 1.5056372411218326, -0.007731559252349385, 0.006145774566737927, 0.0, 6.327999999999999, 1.0393070601480332, 3199.203125415848, 763.7534870474594, 4245.6873723897315, 0.7535182986436284
0.0042, 0.9432345569121885, 0.0010026761414789404, 30.230731737914617, 31.098192512286296, 31.12868293153224, -9.003542380060254E-4, 1.505721606879158, -0.007895971828223965, 0.00699561759021794, 0.0, 6.327999999999999, 1.0646560128345706, 3199.203125415848, 763.7534870474594, 4245.6873723897315, 0.7535182986436284
0.0043, 0.9507529394464084, 0.0010265493829427243, 33.178745979123, 33.52903264987782, 33.318409501789574, -1.4337150304835622E-4, 1.5058240907550313, -0.008059815939870624, 0.007916444436822268, 0.0, 6.327999999999999, 1.0900049655211081, 3199.203125415848, 763.7534870474594, 4245.6873723897315, 0.7535182986436284
0.0044, 0.9572107539180459, 0.0010504226244065088, 36.24140823254217, 35.81219823794318, 35.589621842529596, 6.84651170378494E-4, 1.505904126379424, -0.008223104809800184, 0.008907755980178678, 0.0, 6.327999999999999, 1.1153539182076455, 3199.203125415848, 763.7534870474594, 4245.6873723897315, 0.7535182986436284
