This fits B3 to B9 into the virial expansion since maxPower is set to 7.
Number of particles: 108
dryVolFracMax: 0.007
dryVolFracIncrement: 1.0E-4
Initial configuration: FCC
Dry microgel radius [nm]: 50.0
Box length [units of dry radius]: 46.15848127347998
Number of monomers: 2916666.666666667
Number of chains: 145.83333333333334
Flory interaction parameter (chi): 0.0
Young's calibration factor: 1.0
x-link fraction: 5.0E-5
MC steps: 100000
Equilibration steps: 10000.0
Snapshot interval: 100
Displacement tolerance: 0.1
Particle radius change tolerance: 0.0
Particle radius bin width: 0.001
g(r) bin width: 0.005
phi0, phi, rho, mu/kT, Z_measured, Z_virial_Fit, <F_total>/V, QMelting, <F_id>/V, <F_ex>/V, <F_FR>/V, <alpha>, Zeta, B2_rho, B2_phi0, B2_HS, B2*
2.0E-4, 0.050689639947746216, 4.774648292756861E-5, -9.715766257588852, 1.0331175829171535, 1.0877413153904207, -5.158294898911129E-4, 1.5005159524607385, -5.213638970822166E-4, 5.534407191103702E-6, 0.0, 6.327999999999999, 0.050697905373074816, 3199.203125415848, 763.7534870474594, 4245.6873723897315, 0.7535182986436284
3.0E-4, 0.07602803455269352, 7.161972439135293E-5, -9.250149302561688, 1.0626035467360493, 1.1082965104551508, -7.418690342510295E-4, 1.5007422343795058, -7.530065463303081E-4, 1.113751207927861E-5, 0.0, 6.327999999999999, 0.07604685805961223, 3199.203125415848, 763.7534870474594, 4245.6873723897315, 0.7535182986436284
4.0E-4, 0.10136193440979639, 9.549296585513724E-5, -8.906907612103314, 1.3005016713807818, 1.1298761184664976, -9.584422460786996E-4, 1.5009609435536475, -9.765371141186377E-4, 1.8094868039938065E-5, 0.0, 6.327999999999999, 0.10139581074614963, 3199.203125415848, 763.7534870474594, 4245.6873723897315, 0.7535182986436284
5.0E-4, 0.12668951643947537, 1.1936620731892148E-4, -8.621399762905869, 1.19819465759818, 1.1602158478357845, -0.0011675943569057871, 1.5011697771607804, -0.0011940355932402447, 2.6441236334457507E-5, 0.0, 6.327999999999999, 0.12674476343268704, 3199.203125415848, 763.7534870474594, 4245.6873723897315, 0.7535182986436284
6.0E-4, 0.1519991762591733, 1.4323944878270585E-4, -8.36234274165351, 1.3059500908504846, 1.2040915065976296, -0.001370290768535492, 1.5013742724520696, -0.001406727072591923, 3.6436304056430954E-5, 0.0, 6.327999999999999, 0.15209371611922445, 3199.203125415848, 763.7534870474594, 4245.6873723897315, 0.7535182986436284
7.0E-4, 0.17730339995482283, 1.6711269024649017E-4, -8.11268192759132, 1.2779005116965192, 1.263862946542839, -0.0015669396391334964, 1.5015712006186621, -0.0016154210498813184, 4.848141074782191E-5, 0.0, 6.327999999999999, 0.17744266880576187, 3199.203125415848, 763.7534870474594, 4245.6873723897315, 0.7535182986436284
8.0E-4, 0.20260770574659498, 1.9098593171027449E-4, -7.863049304876871, 1.2629845939889306, 1.3399416153074468, -0.0017576417954125977, 1.5017621888602661, -0.0018206928681456847, 6.305107273308718E-5, 0.0, 6.327999999999999, 0.2027916214922993, 3199.203125415848, 763.7534870474594, 4245.6873723897315, 0.7535182986436284
9.0E-4, 0.22789411969195808, 2.148591731740588E-4, -7.6088395728377245, 1.5868145952338006, 1.4311995875565735, -0.0019423353394634312, 1.5019542652187687, -0.0020229727110088343, 8.063737154540312E-5, 0.0, 6.327999999999999, 0.2281405741788367, 3199.203125415848, 763.7534870474594, 4245.6873723897315, 0.7535182986436284
0.001, 0.2531565659054242, 2.38732414637843E-4, -7.348622352084521, 1.471950386032552, 1.5353356741397635, -0.00212088875114177, 1.5021309429952423, -0.0022225944863660013, 1.017057352242313E-4, 0.0, 6.327999999999999, 0.2534895268653741, 3199.203125415848, 763.7534870474594, 4245.6873723897315, 0.7535182986436284
0.0011, 0.27840853478768923, 2.626056561016274E-4, -7.083135775570104, 1.6034046368354886, 1.6492119358324218, -0.002293163900060404, 1.5023078947995123, -0.0024198249427019227, 1.266610426415187E-4, 0.0, 6.327999999999999, 0.27883847955191154, 3199.203125415848, 763.7534870474594, 4245.6873723897315, 0.7535182986436284
0.0012, 0.30366263866449944, 2.864788975654117E-4, -6.814562799050293, 1.8875062484383152, 1.769171656015932, -0.0024590587836816123, 1.5024818478350195, -0.00261488210504646, 1.5582332136484769E-4, 0.0, 6.327999999999999, 0.30418743223844896, 3199.203125415848, 763.7534870474594, 4245.6873723897315, 0.7535182986436284
0.0013, 0.328871601425102, 3.10352139029196E-4, -6.545955120228399, 1.7692458505767399, 1.8913475543870721, -0.0026185349327036674, 1.5026406033734514, -0.002807947521593494, 1.8941258888982676E-4, 0.0, 6.327999999999999, 0.3295363849249864, 3199.203125415848, 763.7534870474594, 4245.6873723897315, 0.7535182986436284
0.0014, 0.35408508242714404, 3.342253804929803E-4, -6.280737142306144, 2.059533262697868, 2.0119667515252115, -0.0027716321142314043, 1.502803509282083, -0.002999174719602353, 2.275426053709485E-4, 0.0, 6.327999999999999, 0.3548853376115238, 3199.203125415848, 763.7534870474594, 4245.6873723897315, 0.7535182986436284
0.0015, 0.3792185162580294, 3.580986219567647E-4, -6.022253919733325, 1.8613654907767518, 2.1276567218838753, -0.002918471769833891, 1.5029455442794115, -0.003188695233083918, 2.702234632500274E-4, 0.0, 6.327999999999999, 0.3802342902980612, 3199.203125415848, 763.7534870474594, 4245.6873723897315, 0.7535182986436284
0.0016, 0.40438384684521317, 3.8197186342054886E-4, -5.773343520165241, 1.6641058923725556, 2.235754200511082, -0.003059249980684005, 1.503082282137213, -0.0033766230161081877, 3.17373035424183E-4, 0.0, 6.327999999999999, 0.40558324298459864, 3199.203125415848, 763.7534870474594, 4245.6873723897315, 0.7535182986436284
0.0017, 0.42952360354591396, 4.0584510488433315E-4, -5.535923948468574, 2.0446440796194976, 2.3346167365410504, -0.003194220409804143, 1.5032313625197973, -0.0035630577486152858, 3.688373388111427E-4, 0.0, 6.327999999999999, 0.43093219567113605, 3199.203125415848, 763.7534870474594, 4245.6873723897315, 0.7535182986436284
0.0018, 0.4546019115015354, 4.297183463481176E-4, -5.3105912085816795, 2.4061595532764786, 2.423934314237577, -0.0033236675174532, 1.5033782861049305, -0.003748087361811589, 4.2441984435838935E-4, 0.0, 6.327999999999999, 0.45628114835767347, 3199.203125415848, 763.7534870474594, 4245.6873723897315, 0.7535182986436284
0.0019, 0.4796218915401157, 4.535915878119019E-4, -5.096229829068699, 2.880091043865489, 2.5050361901075453, -0.0034478703230188075, 1.5035263148133888, -0.003931790000723226, 4.8391967770441903E-4, 0.0, 6.327999999999999, 0.4816301010442109, 3199.203125415848, 763.7534870474594, 4245.6873723897315, 0.7535182986436284
0.002, 0.5046190011308439, 4.7746482927568624E-4, -4.889641025951018, 2.928104390786754, 2.581185822341064, -0.0035670570656679947, 1.5036492252752556, -0.004114235572503025, 5.471785068350304E-4, 0.0, 6.327999999999999, 0.5069790537307483, 3199.203125415848, 763.7534870474594, 4245.6873723897315, 0.7535182986436284
0.0021, 0.5295701476933998, 5.013380707394704E-4, -4.685197019019116, 2.5495166173570993, 2.657854496572381, -0.003681351280167183, 1.503748792785775, -0.0042954869843524115, 6.141357041852284E-4, 0.0, 6.327999999999999, 0.5323280064172856, 3199.203125415848, 763.7534870474594, 4245.6873723897315, 0.7535182986436284
0.0022, 0.5544251008588603, 5.252113122032547E-4, -4.47453306726533, 2.894787808360503, 2.7429619796941394, -0.0037907100444340798, 1.503874779327447, -0.0044756011451519695, 6.848911007178895E-4, 0.0, 6.327999999999999, 0.557676959103823, 3199.203125415848, 763.7534870474594, 4245.6873723897315, 0.7535182986436284
0.0023, 0.5793112414404217, 5.490845536670391E-4, -4.246291662855138, 3.5431161847236776, 2.847070261195028, -0.0038948554660658535, 1.5040197171867944, -0.004654629784629776, 7.597743185639223E-4, 0.0, 6.327999999999999, 0.5830259117903603, 3199.203125415848, 763.7534870474594, 4245.6873723897315, 0.7535182986436284
0.0024, 0.6047318114606397, 5.729577951308231E-4, -3.9859360885706234, 3.254771863651247, 2.983514169229376, -0.003993200852983036, 1.5041013381035795, -0.004832620129818146, 8.394192768351098E-4, 0.0, 6.327999999999999, 0.6083748644768977, 3199.203125415848, 763.7534870474594, 4245.6873723897315, 0.7535182986436284
0.0025, 0.6297911067840275, 5.968310365946075E-4, -3.6756532407576996, 3.4274914696438827, 3.168450376364806, -0.0040847734563681385, 1.504206585807737, -0.005009615468588517, 9.248420122203788E-4, 0.0, 6.327999999999999, 0.6337238171634351, 3199.203125415848, 763.7534870474594, 4245.6873723897315, 0.7535182986436284
0.0026, 0.6547085503655703, 6.207042780583919E-4, -3.2943682726695815, 3.546648072403482, 3.4208040376921485, -0.00416813618094079, 1.5043002581382632, -0.005185655622889315, 0.0010175194419485244, 0.0, 6.327999999999999, 0.6590727698499724, 3199.203125415848, 763.7534870474594, 4245.6873723897315, 0.7535182986436284
0.0027, 0.6795070695680064, 6.445775195221761E-4, -2.817896236771781, 3.8465219319499573, 3.762090031719767, -0.00424131122743425, 1.5043941738754343, -0.005360777349080229, 0.0011194661216459797, 0.0, 6.327999999999999, 0.6844217225365098, 3199.203125415848, 763.7534870474594, 4245.6873723897315, 0.7535182986436284
0.0028, 0.704142799877559, 6.684507609859605E-4, -2.2192585086223344, 4.112015027750522, 4.216083502212928, -0.004301709264347771, 1.5044670713174617, -0.005535014678884134, 0.001233305414536363, 0.0, 6.327999999999999, 0.7097706752230472, 3199.203125415848, 763.7534870474594, 4245.6873723897315, 0.7535182986436284
0.0029, 0.7285576346319024, 6.923240024497446E-4, -1.4691943655722186, 4.3876393092692165, 4.808312126875418, -0.004346068420255568, 1.5045269968276196, -0.005708399211575585, 0.001362330791320017, 0.0, 6.327999999999999, 0.7351196279095845, 3199.203125415848, 763.7534870474594, 4245.6873723897315, 0.7535182986436284
0.003, 0.7526592367918996, 7.161972439135289E-4, -0.5369006748357092, 4.9853309806221375, 5.565340266510667, -0.004370408143888546, 1.5045878461131756, -0.005880960365824366, 0.0015105522219358196, 0.0, 6.327999999999999, 0.7604685805961219, 3199.203125415848, 763.7534870474594, 4245.6873723897315, 0.7535182986436284
0.0031, 0.7761954957252009, 7.400704853773128E-4, 0.6089647797715294, 5.851695771928763, 6.51381287603558, -0.004370003796681447, 1.5046377788834597, -0.0060527255979264645, 0.0016827218012450173, 0.0, 6.327999999999999, 0.7858175332826592, 3199.203125415848, 763.7534870474594, 4245.6873723897315, 0.7535182986436284
0.0032, 0.7988765725429001, 7.639437268410973E-4, 1.9989782330823447, 6.947102226624049, 7.679224786459798, -0.004339388721363458, 1.504679573981501, -0.006223720591850007, 0.0018843318704865487, 0.0, 6.327999999999999, 0.8111664859691966, 3199.203125415848, 763.7534870474594, 4245.6873723897315, 0.7535182986436284
0.0033, 0.8201501716544299, 7.878169683048817E-4, 3.661302469804106, 8.616580737289503, 9.084378694679643, -0.004272391470367641, 1.504732406342378, -0.006393969425504765, 0.0021215779551371243, 0.0, 6.327999999999999, 0.836515438655734, 3199.203125415848, 763.7534870474594, 4245.6873723897315, 0.7535182986436284
0.0034, 0.8396795522329047, 8.116902097686655E-4, 5.619653721525588, 10.761661873088396, 10.747492925675743, -0.004162216879276625, 1.5048097779936531, -0.006563494716841305, 0.0024012778375646793, 0.0, 6.327999999999999, 0.8618643913422713, 3199.203125415848, 763.7534870474594, 4245.6873723897315, 0.7535182986436284
0.0035, 0.8574838451129269, 8.355634512324502E-4, 7.890837136953026, 13.124282502440444, 12.679917759439576, -0.004001580733155272, 1.5049050667268566, -0.006732317752748799, 0.002730737019593527, 0.0, 6.327999999999999, 0.8872133440288087, 3199.203125415848, 763.7534870474594, 4245.6873723897315, 0.7535182986436284
0.0036, 0.873709064358473, 8.594366926962345E-4, 10.481802471840012, 15.523445798804174, 14.883416842693151, -0.003782908897410244, 1.5049985118845803, -0.006900458603211013, 0.0031175497058007692, 0.0, 6.327999999999999, 0.912562296715346, 3199.203125415848, 763.7534870474594, 4245.6873723897315, 0.7535182986436284
0.0037, 0.8884843618725338, 8.833099341600185E-4, 13.386169085111046, 18.160671142564745, 17.34696793320404, -0.003498612969730151, 1.5051280632778299, -0.007067936222769608, 0.0035693232530394567, 0.0, 6.327999999999999, 0.9379112494018834, 3199.203125415848, 763.7534870474594, 4245.6873723897315, 0.7535182986436284
0.0038, 0.9019010955450877, 9.071831756238029E-4, 16.5801667685076, 20.746055243159145, 20.043034952234848, -0.003141455755680379, 1.5052442807788615, -0.007234768541011389, 0.00409331278533101, 0.0, 6.327999999999999, 0.9632602020884208, 3199.203125415848, 763.7534870474594, 4245.6873723897315, 0.7535182986436284
0.0039, 0.9140195141621433, 9.310564170875872E-4, 20.017936378505546, 23.286010374890456, 22.92326104840629, -0.0027050211776340127, 1.5053546206046313, -0.007400972543524751, 0.004695951365890738, 0.0, 6.327999999999999, 0.9886091547749581, 3199.203125415848, 763.7534870474594, 4245.6873723897315, 0.7535182986436284
0.004, 0.9249313296824508, 9.549296585513715E-4, 23.626131681137117, 25.840740537211374, 25.913530103988137, -0.002184304594903929, 1.5054558237676, -0.007566564344548088, 0.00538225974964416, 0.0, 6.327999999999999, 1.0139581074614956, 3199.203125415848, 763.7534870474594, 4245.6873723897315, 0.7535182986436284
0.0041, 0.9346423159240704, 9.788029000151557E-4, 27.29776126259916, 28.662179923976918, 28.908341842373375, -0.0015764409421914777, 1.5056278973784125, -0.007731559252349385, 0.006155118310157907, 0.0, 6.327999999999999, 1.0393070601480332, 3199.203125415848, 763.7534870474594, 4245.6873723897315, 0.7535182986436284
0.0042, 0.9432345569121885, 0.0010026761414789404, 30.885206801048376, 31.098192512286296, 31.764443423226908, -8.81589583773117E-4, 1.505702842224925, -0.007895971828223965, 0.007014382244450848, 0.0, 6.327999999999999, 1.0646560128345706, 3199.203125415848, 763.7534870474594, 4245.6873723897315, 0.7535182986436284
0.0043, 0.9507529394464084, 0.0010265493829427243, 34.19235143774751, 33.52903264987782, 34.293658139538366, -1.039963322112536E-4, 1.5057847155841944, -0.008059815939870624, 0.00795581960765937, 0.0, 6.327999999999999, 1.0900049655211081, 3199.203125415848, 763.7534870474594, 4245.6873723897315, 0.7535182986436284
0.0044, 0.9572107539180459, 0.0010504226244065088, 36.9657494286283, 35.81219823794318, 36.254849558545175, 7.467453072227508E-4, 1.5058420322425796, -0.008223104809800184, 0.008969850117022934, 0.0, 6.327999999999999, 1.1153539182076455, 3199.203125415848, 763.7534870474594, 4245.6873723897315, 0.7535182986436284
