This fits B3 to B5 into the virial expansion since maxPower is set to 3.
===== Virial Coefficients for Hertzian Microgels =====
x-link fraction: 5.0E-5
Young's calibration: 1.0
chi: 0.0
Dry radius [nm]: 50.0
Number of density points: 45
Dry volume fraction range: phi0_min = 1.0E-4, phi0_max = 0.004499999999999999

===== B2 at Each Density Point =====
phi0, B2_rho, B2_phi0, B2_HS, B2*
1.0E-4, 3199.203125415848, 763.7534870474594, 4245.6873723897315, 0.7535182986436284
2.0E-4, 3199.203125415848, 763.7534870474594, 4245.6873723897315, 0.7535182986436284
3.0E-4, 3199.203125415848, 763.7534870474594, 4245.6873723897315, 0.7535182986436284
4.0E-4, 3199.203125415848, 763.7534870474594, 4245.6873723897315, 0.7535182986436284
5.0E-4, 3199.203125415848, 763.7534870474594, 4245.6873723897315, 0.7535182986436284
6.0E-4, 3199.203125415848, 763.7534870474594, 4245.6873723897315, 0.7535182986436284
7.0E-4, 3199.203125415848, 763.7534870474594, 4245.6873723897315, 0.7535182986436284
8.0E-4, 3199.203125415848, 763.7534870474594, 4245.6873723897315, 0.7535182986436284
9.0E-4, 3199.203125415848, 763.7534870474594, 4245.6873723897315, 0.7535182986436284
0.001, 3199.203125415848, 763.7534870474594, 4245.6873723897315, 0.7535182986436284
0.0011, 3199.203125415848, 763.7534870474594, 4245.6873723897315, 0.7535182986436284
0.0012, 3199.203125415848, 763.7534870474594, 4245.6873723897315, 0.7535182986436284
0.0013, 3199.203125415848, 763.7534870474594, 4245.6873723897315, 0.7535182986436284
0.0014, 3199.203125415848, 763.7534870474594, 4245.6873723897315, 0.7535182986436284
0.0015, 3199.203125415848, 763.7534870474594, 4245.6873723897315, 0.7535182986436284
0.0016, 3199.203125415848, 763.7534870474594, 4245.6873723897315, 0.7535182986436284
0.0017, 3199.203125415848, 763.7534870474594, 4245.6873723897315, 0.7535182986436284
0.0018, 3199.203125415848, 763.7534870474594, 4245.6873723897315, 0.7535182986436284
0.0019, 3199.203125415848, 763.7534870474594, 4245.6873723897315, 0.7535182986436284
0.002, 3199.203125415848, 763.7534870474594, 4245.6873723897315, 0.7535182986436284
0.0021, 3199.203125415848, 763.7534870474594, 4245.6873723897315, 0.7535182986436284
0.0022, 3199.203125415848, 763.7534870474594, 4245.6873723897315, 0.7535182986436284
0.0023, 3199.203125415848, 763.7534870474594, 4245.6873723897315, 0.7535182986436284
0.0024, 3199.203125415848, 763.7534870474594, 4245.6873723897315, 0.7535182986436284
0.0025, 3199.203125415848, 763.7534870474594, 4245.6873723897315, 0.7535182986436284
0.0026, 3199.203125415848, 763.7534870474594, 4245.6873723897315, 0.7535182986436284
0.0027, 3199.203125415848, 763.7534870474594, 4245.6873723897315, 0.7535182986436284
0.0028, 3199.203125415848, 763.7534870474594, 4245.6873723897315, 0.7535182986436284
0.0029, 3199.203125415848, 763.7534870474594, 4245.6873723897315, 0.7535182986436284
0.003, 3199.203125415848, 763.7534870474594, 4245.6873723897315, 0.7535182986436284
0.0031, 3199.203125415848, 763.7534870474594, 4245.6873723897315, 0.7535182986436284
0.0032, 3199.203125415848, 763.7534870474594, 4245.6873723897315, 0.7535182986436284
0.0033, 3199.203125415848, 763.7534870474594, 4245.6873723897315, 0.7535182986436284
0.0034, 3199.203125415848, 763.7534870474594, 4245.6873723897315, 0.7535182986436284
0.0035, 3199.203125415848, 763.7534870474594, 4245.6873723897315, 0.7535182986436284
0.0036, 3199.203125415848, 763.7534870474594, 4245.6873723897315, 0.7535182986436284
0.0037, 3199.203125415848, 763.7534870474594, 4245.6873723897315, 0.7535182986436284
0.0038, 3199.203125415848, 763.7534870474594, 4245.6873723897315, 0.7535182986436284
0.0039, 3199.203125415848, 763.7534870474594, 4245.6873723897315, 0.7535182986436284
0.004, 3199.203125415848, 763.7534870474594, 4245.6873723897315, 0.7535182986436284
0.0041, 3199.203125415848, 763.7534870474594, 4245.6873723897315, 0.7535182986436284
0.0042, 3199.203125415848, 763.7534870474594, 4245.6873723897315, 0.7535182986436284
0.0043, 3199.203125415848, 763.7534870474594, 4245.6873723897315, 0.7535182986436284
0.0044, 3199.203125415848, 763.7534870474594, 4245.6873723897315, 0.7535182986436284
0.0045, 3199.203125415848, 763.7534870474594, 4245.6873723897315, 0.7535182986436284

===== Virial Coefficients in RHO-SPACE (from OLS fit) =====
Coefficient, Value
B3, 1372655.3897875387
B4, -3.499021766969552E10
B5, 5.904960707838994E13

===== Virial Coefficients in PHI0-SPACE =====
Conversion: rho = (0.75/pi) * phi0
B_n_tilde = B_n * (0.75/pi)^(n-1)

Coefficient, Value
B3_tilde, 78231.97621479823
B4_tilde, -4.760809635934674E8
B5_tilde, 1.9180617066968564E11
