This fits B3 to B5 into the virial expansion since maxPower is set to 3.
Number of particles: 108
dryVolFracMax: 0.0036
dryVolFracIncrement: 1.4E-4
Initial configuration: FCC
Dry microgel radius [nm]: 50.0
Box length [units of dry radius]: 49.90418802469545
Number of monomers: 2916666.666666667
Number of chains: 145.83333333333334
Flory interaction parameter (chi): 0.0
Young's calibration factor: 1.0
x-link fraction: 5.0E-5
MC steps: 100000
Equilibration steps: 10000.0
Snapshot interval: 100
Displacement tolerance: 0.1
Particle radius change tolerance: 0.05
Particle radius bin width: 0.001
g(r) bin width: 0.005
phi0, phi, rho, mu/kT, Z_measured, Z_virial_Fit, <F_total>/V, QMelting, <F_id>/V, <F_ex>/V, <F_FR>/V, <alpha>, Zeta, B2_rho, B2_phi0, B2_HS, B2*
2.8E-4, 0.07098239861255044, 6.684507609859604E-5, -8.703282385312075, 1.2274498038990176, 1.2071321241672828, -6.571470641490721E-4, 1.5006592298945236, -7.074179436530934E-4, 1.4071113818554409E-5, 3.619976568546686E-5, 6.329078364197533, 0.07097706752230473, 3200.838947499419, 764.1440108033884, 4247.858284611127, 0.7535182986436286
4.2E-4, 0.10646586617214955, 1.0026761414789407E-4, -8.01009238130336, 1.0976786508283487, 1.3065915416327634, -9.419863997422398E-4, 1.5009429279190438, -0.0010204718964694165, 3.142345732232243E-5, 4.7062039404854296E-5, 6.329426903292177, 0.1064656012834571, 3201.3677822912828, 764.2702608101945, 4248.560105380199, 0.7535182986436285
5.6E-4, 0.14196045727455384, 1.336901521971921E-4, -7.4402952327143135, 1.4793283200661114, 1.4055000891098697, -0.0011938532613024494, 1.5012014945710834, -0.001322168935242073, 5.5524653931062395E-5, 7.279102000856124E-5, 6.330516265432099, 0.14195413504460946, 3203.0210358194518, 764.6649460169828, 4250.754151007419, 0.7535182986436285
7.0E-4, 0.17744634886518967, 1.6711269024649006E-4, -7.096559743234343, 1.2486787430252013, 1.5063330074205952, -0.0014399822000839598, 1.5014447947108154, -0.001615421049881318, 8.635255644268833E-5, 8.908629335466961E-5, 6.331211100823043, 0.17744266880576182, 3204.075839203883, 764.9167617759161, 4252.153988790164, 0.7535182986436285
8.4E-4, 0.21292551997464382, 2.0053522829578812E-4, -6.298106126949303, 1.4508640393665189, 1.61268010091476, -0.001668549696348096, 1.5016792572380306, -0.0019019433648426623, 1.2403621341733893E-4, 1.0935745507722723E-4, 6.331900432098764, 0.21293120256691417, 3205.12251580434, 765.1666374080881, 4253.543041454633, 0.7535182986436285
9.8E-4, 0.24841313811622504, 2.3395776634508613E-4, -6.120171457363636, 1.6246297383738173, 1.7290340821224448, -0.0018610667842668324, 1.501878280692797, -0.0021828691769168102, 1.688774530241214E-4, 1.5292493962585634E-4, 6.332750401234568, 0.24841973632806652, 3206.4134177793494, 765.474817553643, 4255.256207514878, 0.7535182986436284
0.00112, 0.28390688428837213, 2.673803043943841E-4, -5.984509900125088, 1.6318441145626368, 1.861032102645974, -0.0020774387707430827, 1.5020970450828353, -0.002459003966355918, 2.2146185768206345E-4, 1.601033379307717E-4, 6.334522551440324, 0.2839082700892189, 3209.1060091970066, 766.1176264044134, 4258.829566546111, 0.7535182986436283
0.00126, 0.31938198747321717, 3.0080284244368206E-4, -4.584154009043332, 1.9470309768698693, 2.0143353048608756, -0.00226068713731719, 1.5022962616698279, -0.0027309499902333227, 2.823880295268354E-4, 1.8787482338929694E-4, 6.33566797325103, 0.3193968038503712, 3210.847156073517, 766.5332946024819, 4261.140256120131, 0.7535182986436286
0.0014, 0.35483761423500587, 3.3422538049298007E-4, -3.6518664861893875, 2.8893658247688085, 2.196562858119548, -0.0023831962553419726, 1.5024577450095178, -0.0029991747196023515, 3.5282606973494025E-4, 2.6315239452543874E-4, 6.337440586419756, 0.3548853376115236, 3213.542932999561, 767.1768639373613, 4264.717842664341, 0.7535182986436286
0.00154, 0.3903103372186127, 3.6764791854227823E-4, -4.511776298475933, 2.593625455009673, 2.4156098781432216, -0.002503752969808305, 1.502574239916433, -0.0032640516023416362, 4.340924273378506E-4, 3.262062051954806E-4, 6.3394697325102864, 0.39037387137267593, 3216.630695031244, 767.9140128230121, 4268.815635693711, 0.7535182986436285
0.00168, 0.4257608168346349, 4.0107045659157624E-4, -2.8201143870680205, 2.7472111566867277, 2.6798512061584634, -0.0026835838503258764, 1.5027679667046159, -0.003525885873492983, 5.276730771805966E-4, 3.146289459865099E-4, 6.340827901234573, 0.4258624051338283, 3218.698531971275, 768.407672528783, 4271.559878194195, 0.7535182986436284
0.00182, 0.46117801234678785, 4.344929946408742E-4, 0.7842619928049697, 3.5718753558018643, 3.0002651911981437, -0.002690523735829392, 1.5028263819567746, -0.0037849317005278263, 6.36143807414016E-4, 4.582641572844183E-4, 6.343557849794237, 0.46135093889498063, 3222.8576095372405, 769.4005791587721, 4277.079422408917, 0.7535182986436285
0.00196, 0.4966481790497473, 4.6791553269017225E-4, 0.5991841397203039, 3.525540785905443, 3.386607093900355, -0.0026288298912291765, 1.5027863484035562, -0.004041404021609224, 7.616440404869258E-4, 6.509300898931218E-4, 6.346032088477364, 0.49683947265613304, 3226.6302067688193, 770.3012204053229, 4282.086065563264, 0.7535182986436284
0.0021, 0.5320889600825945, 5.013380707394702E-4, -1.9171060932341755, 4.9196102415939595, 3.851693996332503, -0.002647226756512704, 1.5028948784220513, -0.00429548698435241, 9.077824731318802E-4, 7.404777547078256E-4, 6.350014578189304, 0.5323280064172854, 3232.708691978247, 771.7523518567099, 4290.152870603524, 0.7535182986436286
0.00224, 0.5674717168490474, 5.347606087887681E-4, 2.309725803757554, 4.5863695566455895, 4.40708758924961, -0.0027526934560340357, 1.502986806984478, -0.004547340124455383, 0.0010776379784989735, 7.17008689922374E-4, 6.354064526748976, 0.5678165401784377, 3238.897963959819, 773.2299317017211, 4298.366701631535, 0.7535182986436285
0.00238, 0.6028795846902558, 5.681831468380663E-4, 11.03133996195713, 6.082005799906428, 5.065656660511573, -0.0024881525926974415, 1.5028587823282, -0.0047971029938343145, 0.00127495745916124, 0.0010339929419756332, 6.357604722222222, 0.6033050739395901, 3244.3146802521687, 774.5230774616018, 4305.555267990308, 0.7535182986436285
0.00252, 0.6382178697350035, 6.016056848873642E-4, 3.7049257972621055, 6.025363851367543, 5.844599440787673, -0.0020085186070402895, 1.5024050273896234, -0.005044898696178134, 0.0015062208631994054, 0.0015301592259384397, 6.364196738683127, 0.6387936077007424, 3254.416955951004, 776.934818132522, 4318.96207671283, 0.7535182986436285
0.00266, 0.6737345752866462, 6.350282229366621E-4, 0.06395703274412345, 5.846299898267875, 6.746111353143578, -0.0022383271274493176, 1.5026071703590682, -0.005290836634523421, 0.0017683625370187054, 0.001284146970055398, 6.359529866255147, 0.6742821414618948, 3247.2628021275364, 775.226889715555, 4309.467743481181, 0.7535182986436285
0.0028, 0.7090701094090931, 6.684507609859605E-4, 13.168486698703344, 6.85902615538857, 7.80509614730101, -0.0020014977161291816, 1.5024607766424964, -0.005535014678884134, 0.0020792323710068913, 0.001454284591748061, 6.364370586419759, 0.7097706752230472, 3254.6836613186288, 776.9984893489319, 4319.316023482411, 0.7535182986436284
0.00294, 0.7443302849222593, 7.018732990352581E-4, 24.484934231296194, 7.323937074726145, 9.03045684010145, -0.0013489603336877252, 1.5018756854158628, -0.00577752089934227, 0.002440318566300884, 0.001988241999353661, 6.369485267489712, 0.7452592089841995, 3262.536779036507, 778.8732831041563, 4329.737957139516, 0.7535182986436284
0.00308, 0.7795134941804184, 7.352958370845565E-4, 40.24694754747384, 8.881595651202996, 10.443854197655705, -3.5139010928572374E-4, 1.5010068368523906, -0.006018434968330649, 0.0028618719683515155, 0.0028051728906934095, 6.378373045267489, 0.7807477427453519, 3276.2131660107525, 782.1382799900393, 4347.88799675881, 0.7535182986436285
0.00322, 0.8145164830223655, 7.687183751338544E-4, 72.96978746519284, 11.011931798861772, 12.066164998903355, 0.0013636401675453918, 1.4995175141000816, -0.006257829307468573, 0.003354069111420971, 0.004267400363592994, 6.392381450617285, 0.8162362765065042, 3297.846609518385, 787.3028841955478, 4376.597908046395, 0.7535182986436288
0.00336, 0.8490506304261383, 8.021409131831523E-4, 164.19256906809068, 13.919967969829234, 13.920785336214292, 0.004562487684177335, 1.4966739280252812, -0.006495770034601285, 0.00392946551274144, 0.0071287922060371805, 6.413866039094645, 0.8517248102676566, 3331.210362375691, 795.2678934765528, 4420.8752041881935, 0.7535182986436285
