phi0, phi, rho, Z_fit_curve, F_ex_fit_per_V, mu_kT, PV_NkT, alpha
1.3999999999999996E-4, 0.03549188163836877, 3.342253804929801E-5, 1.0431783941830233, 2.2538106610600487E-6, -20.40265527118584, -12.693692545421534, 6.328621316872426
1.467334669338677E-4, 0.037198871060524365, 3.503003486930433E-5, 1.044162038379168, 2.4340966619267178E-6, -19.515582961269462, -11.244635418479781, 6.3286416518633954
1.5346693386773545E-4, 0.03890586048267996, 3.663753168931065E-5, 1.0451950921095214, 2.619265530856488E-6, -18.670641617205234, -9.925015618976452, 6.328661986854366
1.6020040080160316E-4, 0.04061284990483554, 3.824502850931696E-5, 1.046290679383652, 2.8093375034442338E-6, -17.866420363292267, -8.720672352124641, 6.328682321845335
1.669338677354709E-4, 0.042319839326991134, 3.985252532932328E-5, 1.0474609592699844, 3.0043632490572314E-6, -17.101541509512476, -7.619591376801349, 6.328702656836305
1.7366733466933862E-4, 0.04402682874914673, 4.14600221493296E-5, 1.0487171541233504, 3.2044219067302786E-6, -16.37466001814743, -6.611493496069339, 6.3287229918272745
1.8040080160320636E-4, 0.04573381817130232, 4.3067518969335916E-5, 1.0500695776535947, 3.4096191754962844E-6, -15.684462975707772, -5.687515111013035, 6.328743326818244
1.871342685370741E-4, 0.047440807593457916, 4.4675015789342234E-5, 1.0515276628213681, 3.6200854588553926E-6, -15.02966907015038, -4.8399576506503905, 6.328763661809214
1.9386773547094184E-4, 0.049147797015613504, 4.628251260934855E-5, 1.053099989547644, 3.835974063060271E-6, -14.40902807335829, -4.062089133439636, 6.328783996800183
2.0060120240480956E-4, 0.05085478643776909, 4.7890009429354864E-5, 1.054794312224008, 4.057459448870645E-6, -13.821320328858487, -3.3479856123144627, 6.3288043317911535
2.073346693386773E-4, 0.052561775859924685, 4.949750624936118E-5, 1.0566175870111532, 4.284735536406286E-6, -13.26535624475254, -2.6924034373521155, 6.328824666782123
2.1406813627254502E-4, 0.05426876528208028, 5.11050030693675E-5, 1.0585759989135108, 4.51801406270473E-6, -12.739975791835318, -2.090675551500018, 6.328845001773093
2.2080160320641276E-4, 0.05597575470423587, 5.271249988937382E-5, 1.0606749886183264, 4.757522991567676E-6, -12.244048006876627, -1.5386266899757355, 6.328865336764062
2.2753507014028047E-4, 0.05768274412639146, 5.431999670938013E-5, 1.0629192790879531, 5.003504975258876E-6, -11.776470501041022, -1.0325035683049584, 6.328885671755032
2.3426853707414822E-4, 0.059389733548547055, 5.592749352938645E-5, 1.0653129018945369, 5.256215867595266E-6, -11.33616897342086, -0.5689170441811982, 6.328906006746002
2.4100200400801596E-4, 0.06109672297070264, 5.7534990349392766E-5, 1.0678592232866866, 5.515923287953539E-6, -10.922096729657488, -0.14479391218433793, 6.328926341736971
2.477354709418837E-4, 0.06280371239285823, 5.9142487169399084E-5, 1.0705609699781273, 5.782905235695036E-6, -10.533234205625737, 0.24266350058902048, 6.328946676727941
2.5446893787575144E-4, 0.06451070181501382, 6.07499839894054E-5, 1.0734202546487477, 6.0574487544935E-6, -10.16858849615694, 0.5960113821356898, 6.328967011718911
2.612024048096192E-4, 0.06621769123716942, 6.235748080941172E-5, 1.0764386011488238, 6.339848646032479E-6, -9.82719288877527, 0.9175932727266679, 6.32898734670988
2.679358717434869E-4, 0.067924680659325, 6.396497762941803E-5, 1.0796169693976254, 6.630406232522173E-6, -9.50810640242255, 1.2095646075261282, 6.32900768170085
2.7466933867735456E-4, 0.06963167008148059, 6.557247444942434E-5, 1.0829557799679554, 6.9294281674694675E-6, -9.210413331146844, 1.4739137009018815, 6.32902801669182
2.8140280561122236E-4, 0.07133857877250974, 6.717997126943068E-5, 1.0864550734701284, 7.237234371579467E-6, -8.933222792729445, 1.7124797677475696, 6.329049677379451
2.8813627254509005E-4, 0.07304518068525825, 6.878746808943698E-5, 1.0901146613404686, 7.554166750400371E-6, -8.675668282225862, 1.9269684658435784, 6.329076375714392
2.948697394789578E-4, 0.0747517825980068, 7.03949649094433E-5, 1.093932989189423, 7.88050857636229E-6, -8.436907230395198, 2.118965354864968, 6.329103074049334
3.0160320641282553E-4, 0.07645838451075535, 7.200246172944962E-5, 1.097908559495017, 8.216577030027256E-6, -8.2161205669939, 2.2899475969899585, 6.329129772384275
3.083366733466933E-4, 0.07816498642350388, 7.360995854945593E-5, 1.1020394533318676, 8.562689380027901E-6, -8.012512288907882, 2.4412941672972703, 6.329156470719217
3.15070140280561E-4, 0.07987158833625242, 7.521745536946225E-5, 1.1063233529151684, 8.919162070636348E-6, -7.825309033099047, 2.574294796289946, 6.329183169054158
3.2180360721442876E-4, 0.08157819024900097, 7.682495218946857E-5, 1.1107575637818892, 9.286309853222777E-6, -7.653759654340599, 2.6901578296710316, 6.3292098673891
3.285370741482965E-4, 0.0832847921617495, 7.843244900947489E-5, 1.1153390366036133, 9.664444960931195E-6, -7.497134807716692, 2.7900171601450277, 6.329236565724041
3.3527054108216424E-4, 0.08499139407449804, 8.003994582948121E-5, 1.1200643886257915, 1.0053876325889685E-5, -7.3547265358610705, 2.8749383611560964, 6.329263264058983
3.42004008016032E-4, 0.08669799598724659, 8.164744264948753E-5, 1.1249299247284994, 1.0454908838262293E-5, -7.225847860910009, 2.9459241320151888, 6.329289962393925
3.487374749498997E-4, 0.08840459789999514, 8.325493946949384E-5, 1.129931658104117, 1.0867842646441006E-5, -7.109832381144726, 3.003919146964819, 6.329316660728866
3.554709418837674E-4, 0.09011119981274367, 8.486243628950016E-5, 1.1350653305476655, 1.1292972497667202E-5, -7.006033872297913, 3.049814386709728, 6.329343359063808
3.6220440881763516E-4, 0.09181780172549221, 8.646993310950648E-5, 1.1403264323558309, 1.1730587118363929E-5, -6.9138258935000545, 3.0844510192647028, 6.329370057398749
3.689378757515029E-4, 0.09352440363824074, 8.80774299295128E-5, 1.1457102218310444, 1.2180968633453662E-5, -6.832601397839882, 3.108623887214755, 6.329396755733691
3.756713426853706E-4, 0.09523100555098928, 8.96849267495191E-5, 1.1512117443872387, 1.2644392023927773E-5, -6.761772347514835, 3.1230846502975234, 6.329423454068632
3.8240480961923833E-4, 0.09693760746373782, 9.129242356952542E-5, 1.1568258512542469, 1.3121124621929287E-5, -6.70076933354573, 3.1285446253325166, 6.329450152403574
3.891382765531061E-4, 0.09864420937648638, 9.289992038953175E-5, 1.162547217778056, 1.3611425642603178E-5, -6.649041200031549, 3.1256773597061764, 6.329476850738515
3.9587174348697376E-4, 0.10035081128923488, 9.450741720953804E-5, 1.168370361314438, 1.4115545751964089E-5, -6.606054672918959, 3.1151209696985163, 6.329503549073457
4.026052104208415E-4, 0.10205741320198343, 9.611491402954436E-5, 1.174289658713753, 1.4633726670026178E-5, -6.57129399326122, 3.0974802707541387, 6.329530247408398
4.0933867735470924E-4, 0.10376401511473196, 9.772241084955068E-5, 1.1802993633949772, 1.5166200808435364E-5, -6.544260554942807, 3.073328723235365, 6.32955694574334
4.16072144288577E-4, 0.1054706170274805, 9.9329907669557E-5, 1.1863936220073128, 1.571319094184079E-5, -6.5244725468432145, 3.043210214152572, 6.329583644078282
4.2280561122244484E-4, 0.10717747869608668, 1.0093740448956334E-4, 1.1925668096924618, 1.627494211273547E-5, -6.511464599416726, 3.0076406927562003, 6.329612425179579
4.295390781563124E-4, 0.10888470402289342, 1.0254490130956963E-4, 1.1988130527781455, 1.6851673363159084E-5, -6.504787435661122, 2.9671096756379236, 6.329644122153773
4.3627254509018016E-4, 0.1105919293497002, 1.0415239812957595E-4, 1.2051258339271782, 1.744353337277141E-5, -6.504007526452891, 2.9220816350546244, 6.329675819127968
4.430060120240479E-4, 0.11229915467650697, 1.0575989494958227E-4, 1.2114990310340021, 1.805070384758818E-5, -6.508706750221635, 2.8729972825291146, 6.329707516102164
4.4973947895791564E-4, 0.11400638000331376, 1.0736739176958859E-4, 1.217926492304648, 1.867335569265338E-5, -6.518482056940407, 2.8202747583359162, 6.329739213076358
4.564729458917834E-4, 0.11571360533012053, 1.0897488858959491E-4, 1.2244020504231332, 1.9311648869661556E-5, -6.53294513640636, 2.7643107362337096, 6.329770910050553
4.6320641282565113E-4, 0.1174208306569273, 1.1058238540960123E-4, 1.2309195363008687, 1.996573228290942E-5, -6.551722090786526, 2.7054814517197086, 6.329802607024749
4.6993987975951887E-4, 0.11912805598373408, 1.1218988222960754E-4, 1.2374727924093336, 2.0635743692798402E-5, -6.574453111404568, 2.644143661133441, 6.329834303998943
4.766733466933866E-4, 0.12083528131054085, 1.1379737904961386E-4, 1.2440556856965734, 2.132180965611288E-5, -6.6007921597428645, 2.5806355381141124, 6.329866000973138
4.8340681362725436E-4, 0.12254250663734763, 1.1540487586962018E-4, 1.2506621200882417, 2.2024045492296485E-5, -6.630406652635428, 2.515277513191687, 6.329897697947334
4.901402805611221E-4, 0.1242497319641544, 1.170123726896265E-4, 1.2572860485741433, 2.274255527495243E-5, -6.662977151626172, 2.448373061659968, 6.329929394921528
4.968737474949898E-4, 0.12595695729096118, 1.1861986950963282E-4, 1.2639214848814424, 2.347743184779376E-5, -6.6981970564685955, 2.380209444323168, 6.329961091895723
5.036072144288576E-4, 0.12766418261776796, 1.2022736632963914E-4, 1.2705625147359074, 2.4228756864271816E-5, -6.735772302740795, 2.3110584052199874, 6.329992788869919
5.103406813627253E-4, 0.12937140794457472, 1.2183486314964545E-4, 1.2772033067127395, 2.4996600850113247E-5, -6.775421063551636, 2.241176829997204, 6.330024485844113
5.170741482965931E-4, 0.1310786332713815, 1.2344235996965177E-4, 1.2838381226787756, 2.5781023287998763E-5, -6.816873455312913, 2.1708073682249642, 6.330056182818308
5.238076152304608E-4, 0.13278585859818828, 1.250498567896581E-4, 1.2904613278279904, 2.6582072723619455E-5, -6.859871247552738, 2.1001790226096113, 6.330087879792503
5.305410821643286E-4, 0.13449308392499504, 1.266573536096644E-4, 1.29706740031245, 2.7399786892349288E-5, -6.904167576744566, 2.029507707762374, 6.330119576766698
5.372745490981962E-4, 0.1362003092518018, 1.282648504296707E-4, 1.3036509404710273, 2.8234192865777545E-5, -6.949526664127895, 1.9589967809168949, 6.330151273740893
5.440080160320638E-4, 0.13790753457860858, 1.2987234724967702E-4, 1.3102066796583816, 2.908530721734733E-5, -6.995723537495223, 1.8888375467544911, 6.330182970715088
5.507414829659317E-4, 0.1396147599054154, 1.3147984406968336E-4, 1.3167294886768668, 2.9953136206350756E-5, -7.042543756919998, 1.8192097382876526, 6.330214667689283
5.574749498997993E-4, 0.1413219852322221, 1.3308734088968965E-4, 1.3232143858141983, 3.083767597953728E-5, -7.0897831444013475, 1.7502819755641719, 6.330246364663478
5.64208416833667E-4, 0.1430286340888722, 1.3469483770969597E-4, 1.3296564060284888, 3.173889413956032E-5, -7.137247517399972, 1.6822122037898402, 6.330277384357186
5.709418837675348E-4, 0.1447349370634283, 1.363023345297023E-4, 1.336050936214002, 3.2656773574889435E-5, -7.1847524262408395, 1.6151481123179288, 6.330307997682603
5.776753507014025E-4, 0.14644124003798437, 1.379098313497086E-4, 1.3423935635285278, 3.359129236823339E-5, -7.232122895357181, 1.549227535821146, 6.330338611008019
5.844088176352703E-4, 0.14814754301254043, 1.3951732816971493E-4, 1.3486799688013071, 3.4542408533190366E-5, -7.279193168351647, 1.484578838841803, 6.330369224333435
5.91142284569138E-4, 0.1498538459870965, 1.4112482498972124E-4, 1.3549060147321745, 3.5510071217350224E-5, -7.325806456848602, 1.421321284810458, 6.3303998376588515
5.978757515030058E-4, 0.1515601489616526, 1.4273232180972756E-4, 1.3610677516322052, 3.649422099424043E-5, -7.371814693113697, 1.35956539052515, 6.3304304509842675
6.046092184368735E-4, 0.15326645193620866, 1.4433981862973388E-4, 1.3671614227942983, 3.749479016782671E-5, -7.417078286414925, 1.2994132669980532, 6.3304610643096835
6.113426853707412E-4, 0.15497275491076473, 1.459473154497402E-4, 1.373183469497734, 3.851170308887143E-5, -7.461465883101227, 1.240958947498087, 6.3304916776350995
6.18076152304609E-4, 0.15667905788532083, 1.4755481226974652E-4, 1.3791305356508525, 3.9544876482458985E-5, -7.5048541303723155, 1.184288703548281, 6.330522290960516
6.248096192384767E-4, 0.1583853608598769, 1.4916230908975284E-4, 1.3849994720761245, 4.059421978600557E-5, -7.547127443716126, 1.1294813495717075, 6.330552904285932
6.315430861723445E-4, 0.16009166383443296, 1.5076980590975915E-4, 1.3907873404420337, 4.165963549707835E-5, -7.588177777988465, 1.0766085368238734, 6.330583517611348
6.382765531062122E-4, 0.16179796680898903, 1.5237730272976547E-4, 1.3964914168462648, 4.2741019530355146E-5, -7.627904402109117, 1.0257350371977283, 6.330614130936764
6.4501002004008E-4, 0.16350426978354513, 1.539847995497718E-4, 1.4021091950548368, 4.3838261583066625E-5, -7.666213677351428, 0.9769190174374943, 6.330644744262181
6.517434869739476E-4, 0.16521057275810117, 1.5559229636977808E-4, 1.4076383894019238, 4.495124550826779E-5, -7.703018839198252, 0.9302123042597389, 6.330675357587597
6.584769539078154E-4, 0.16691687573265726, 1.5719979318978443E-4, 1.4130769373552152, 4.607984969529802E-5, -7.738239782740432, 0.8856606408366401, 6.330705970913013
6.652104208416831E-4, 0.16862317870721333, 1.5880729000979072E-4, 1.4184230017517385, 4.7223947456792E-5, -7.771802851593266, 0.8433039350633781, 6.33073658423843
6.719438877755509E-4, 0.17032948168176942, 1.6041478682979706E-4, 1.4236749727092255, 4.838340742161969E-5, -7.803640630305501, 0.8031764999997181, 6.330767197563846
6.786773547094186E-4, 0.17203578465632546, 1.6202228364980335E-4, 1.4288314692181143, 4.955809393313562E-5, -7.83369174023474, 0.7653072868471108, 6.330797810889262
6.854108216432863E-4, 0.17374208763088153, 1.6362978046980967E-4, 1.4338913404194837, 5.074786745213093E-5, -7.861900638867347, 0.7297201107922443, 6.330828424214678
6.92144288577154E-4, 0.17544839060543763, 1.65237277289816E-4, 1.4388536665741505, 5.195258496389109E-5, -7.8882174225547725, 0.6964338700294449, 6.330859037540095
6.988777555110218E-4, 0.1771546935799937, 1.668447741098223E-4, 1.4437177597284172, 5.3172100388768186E-5, -7.9125976326432985, 0.6654627582483421, 6.330889650865511
7.056112224448896E-4, 0.1788617712080059, 1.6845227092982865E-4, 1.4484884399673725, 5.440715373058379E-5, -7.935002064971306, 0.6368164708533088, 6.330940895164809
7.123446893787572E-4, 0.18056900376670929, 1.7005976774983494E-4, 1.4531613739322466, 5.565692055618628E-5, -7.9553965827098905, 0.6105004051636113, 6.330996265658884
7.190781563126249E-4, 0.18227623632541268, 1.7166726456984126E-4, 1.457735524980189, 5.692107429708046E-5, -7.97375193252102, 0.5865158548264374, 6.331051636152958
7.258116232464926E-4, 0.1839834688841161, 1.7327476138984758E-4, 1.4622111330871326, 5.819946135429614E-5, -7.990043564009259, 0.5648601986573359, 6.331107006647033
7.325450901803604E-4, 0.1856907014428195, 1.748822582098539E-4, 1.4665886689866012, 5.9491927149643345E-5, -8.00425145244132, 0.5455270841114218, 6.331162377141108
7.392785571142281E-4, 0.18739793400152288, 1.7648975502986022E-4, 1.4708688331326651, 6.079831654556719E-5, -8.016359924709175, 0.5285066055722772, 6.331217747635183
7.460120240480959E-4, 0.1891051665602263, 1.7809725184986654E-4, 1.4750525543993265, 6.211847426467558E-5, -8.026357488510724, 0.513785477637205, 6.331273118129257
7.527454909819636E-4, 0.1908123991189297, 1.7970474866987285E-4, 1.4791409885222666, 6.345224530843073E-5, -8.034236664724794, 0.5013472035618921, 6.331328488623332
7.594789579158312E-4, 0.19251963167763309, 1.8131224548987915E-4, 1.4831355162889102, 6.479947537450921E-5, -8.039993822953694, 0.49117223902154944, 6.331383859117407
7.662124248496991E-4, 0.1942268642363365, 1.829197423098855E-4, 1.4870377414829254, 6.616001127234167E-5, -8.043629020209819, 0.48323815133398756, 6.331439229611481
7.729458917835667E-4, 0.1959340967950399, 1.8452723912989178E-4, 1.4908494885891133, 6.75337013363587E-5, -8.0451458427208, 0.4775197742808358, 6.3314946001055565
7.796793587174346E-4, 0.19764132935374332, 1.8613473594989813E-4, 1.4945728002649166, 6.892039583647822E-5, -8.04455125082775, 0.473989358658536, 6.331549970599631
7.864128256513023E-4, 0.19934856191244674, 1.8774223276990445E-4, 1.4982099345846553, 7.031994738537705E-5, -8.04185542695293, 0.4726167186781563, 6.331605341093706
7.9314629258517E-4, 0.2010557944711501, 1.8934972958991074E-4, 1.5017633620626754, 7.173221134211052E-5, -8.03707162661015, 0.4733693743321838, 6.33166071158778
7.998797595190378E-4, 0.20276302702985355, 1.9095722640991708E-4, 1.505235762461659, 7.3157046211642E-5, -8.03021603243544, 0.47621268983331405, 6.331716082081855
8.066132264529054E-4, 0.2044702595885569, 1.9256472322992337E-4, 1.508630021392339, 7.459431403986696E-5, -8.021307611210151, 0.481110008233145, 6.33177145257593
8.133466933867733E-4, 0.20617749214726033, 1.9417222004992972E-4, 1.511949226710884, 7.604388080371962E-5, -8.01036797385414, 0.48802278231309476, 6.3318268230700046
8.200801603206409E-4, 0.20788472470596372, 1.95779716869936E-4, 1.5151966647202801, 7.750561679596758E-5, -7.9974212383622945, 0.49691070184525754, 6.33188219356408
8.268136272545087E-4, 0.20959195726466712, 1.9738721368994233E-4, 1.5183758161820209, 7.89793970043041E-5, -7.982493895660424, 0.5077318173069252, 6.331937564058154
8.335470941883765E-4, 0.21129918982337056, 1.9899471050994867E-4, 1.5214903521444179, 8.04651014843666E-5, -7.965614678354596, 0.5204426601368168, 6.331992934552229
8.402805611222442E-4, 0.2130063884868276, 2.0060220732995496E-4, 1.5245439556824467, 8.196258083929214E-5, -7.946814432351748, 0.5349983596069177, 6.332047734172045
8.470140280561119E-4, 0.21471280755961888, 2.0220970414996128E-4, 1.5275368042415027, 8.347094479131797E-5, -7.926125991322118, 0.5513527563934741, 6.332089403683908
8.537474949899796E-4, 0.2164192266324102, 2.038172009699676E-4, 1.5304770808088248, 8.499088002919319E-5, -7.903584053982311, 0.5694585129135374, 6.332131073195772
8.604809619238473E-4, 0.2181256457052015, 2.0542469778997392E-4, 1.5333691724154666, 8.652229015268445E-5, -7.879225064172755, 0.5892672204998038, 6.332172742707635
8.67214428857715E-4, 0.21983206477799278, 2.0703219460998024E-4, 1.5362176329931196, 8.806508559113443E-5, -7.853087093704283, 0.6107295034796294, 6.332214412219498
8.739478957915828E-4, 0.2215384838507841, 2.0863969142998655E-4, 1.5390271782359117, 8.961918393280444E-5, -7.8252097279499955, 0.6337951202209262, 6.332256081731361
8.806813627254505E-4, 0.22324490292357538, 2.1024718824999287E-4, 1.5418026803234273, 9.118451024583525E-5, -7.795633954155219, 0.6584130612089565, 6.332297751243225
8.874148296593182E-4, 0.22495132199636667, 2.118546850699992E-4, 1.5445491625113126, 9.276099739055465E-5, -7.7644020524449, 0.6845316442076967, 6.332339420755088
8.94148296593186E-4, 0.22665774106915798, 2.134621818900055E-4, 1.5472717935958242, 9.43485863228497E-5, -7.731557489496991, 0.712098606570409, 6.332381090266951
9.008817635270536E-4, 0.22836416014194924, 2.150696787100118E-4, 1.5499758822586294, 9.59472263883499E-5, -7.69714481486428, 0.7410611947442323, 6.332422759778814
9.076152304609215E-4, 0.23007057921474056, 2.1667717553001815E-4, 1.552666871298285, 9.755687560717498E-5, -7.661209559913793, 0.7713662510297323, 6.3324644292906775
9.143486973947892E-4, 0.23177699828753187, 2.1828467235002446E-4, 1.5553503317545605, 9.917750094900488E-5, -7.623798139362524, 0.8029602976408937, 6.332506098802541
9.21082164328657E-4, 0.23348341736032316, 2.1989216917003078E-4, 1.5580319569320717, 1.0080907859825069E-4, -7.5849577553820895, 0.8357896181174952, 6.332547768314405
9.278156312625247E-4, 0.23518983643311447, 2.214996659900371E-4, 1.5607175563293465, 1.02451594209116E-4, -7.54473630424889, 0.8698003361365284, 6.332589437826268
9.345490981963923E-4, 0.23689625550590573, 2.231071628100434E-4, 1.563413049479646, 1.0410504315033668E-4, -7.503182285515654, 0.9049384917660236, 6.332631107338131
9.412825651302602E-4, 0.23860267457869705, 2.2471465963004974E-4, 1.5661244597098005, 1.0576943073942087E-4, -7.460344713675378, 0.941150115212864, 6.332672776849995
9.480160320641278E-4, 0.24030909365148834, 2.2632215645005603E-4, 1.568857907823131, 1.0744477246619951E-4, -7.416273032299137, 0.9783812980983794, 6.332714446361858
9.547494989979956E-4, 0.24201551272427962, 2.2792965327006235E-4, 1.5716196057127494, 1.091310942055246E-4, -7.371017030615688, 1.0165782623133188, 6.332756115873721
9.614829659318634E-4, 0.24372193179707094, 2.295371500900687E-4, 1.5744158499112788, 1.1082843241895877E-4, -7.3246267625145665, 1.0556874264851377, 6.332797785385584
9.68216432865731E-4, 0.24542835086986223, 2.3114464691007498E-4, 1.5772530150831396, 1.1253683434530535E-4, -7.277152467943416, 1.0956554701026753, 6.332839454897448
9.749498997995988E-4, 0.24713476994265351, 2.327521437300813E-4, 1.5801375474653876, 1.142563581798514E-4, -7.2286444966748995, 1.1364293953366742, 6.332881124409311
9.816833667334664E-4, 0.24884130457429532, 2.3435964055008762E-4, 1.5830775538922233, 1.1598744719323624E-4, -7.179153234420434, 1.1779565865910646, 6.332927275971695
9.884168336673342E-4, 0.2505481858824886, 2.3596713737009394E-4, 1.5860828500023962, 1.1773095565571484E-4, -7.1287290312643155, 1.220184867825457, 6.332986873685641
9.951503006012021E-4, 0.2522550671906819, 2.3757463419010028E-4, 1.5891553029989294, 1.1948586951860986E-4, -7.077422132395745, 1.2630625576803978, 6.333046471399588
0.0010018837675350696, 0.2539619484988752, 2.3918213101010657E-4, 1.5923015790037838, 1.2125229278991111E-4, -7.025282611106389, 1.3065385224504957, 6.333106069113534
0.0010086172344689374, 0.2556688298070685, 2.407896278301129E-4, 1.5955283823537174, 1.2303034115703293E-4, -6.972360304039368, 1.3505622269277213, 6.3331656668274805
0.0010153507014028051, 0.2573757111152618, 2.423971246501192E-4, 1.5988424488574358, 1.2482014209610394E-4, -6.91870474865439, 1.3950837831597396, 6.3332252645414275
0.0010220841683366729, 0.2590825924234551, 2.4400462147012553E-4, 1.602250539042443, 1.2662183496933127E-4, -6.864365122896471, 1.4400539971449504, 6.333284862255374
0.0010288176352705406, 0.2607894737316484, 2.4561211829013185E-4, 1.6057594313972916, 1.2843557111038838E-4, -6.809390187026079, 1.4854244135137598, 6.33334445996932
0.0010355511022044086, 0.26249635503984176, 2.472196151101382E-4, 1.6093759156147756, 1.3026151389779658E-4, -6.753828227600409, 1.5311473582137716, 6.333404057683267
0.001042284569138276, 0.264203236348035, 2.488271119301445E-4, 1.6131067858417416, 1.3209983881625988E-4, -6.697727003579287, 1.5771759792315947, 6.333463655397213
0.001049018036072144, 0.26591011765622835, 2.5043460875015083E-4, 1.616958833940958, 1.3395073350595566E-4, -6.64113369452022, 1.6234642853939791, 6.333523253111159
0.0010557515030060116, 0.26761699896442165, 2.520421055701571E-4, 1.620938842770326, 1.3581439779975022E-4, -6.584094850848836, 1.6699671832683731, 6.333582850825106
0.0010624849699398793, 0.2693238802726149, 2.536496023901634E-4, 1.625053579485139, 1.3769104374836296E-4, -6.526656346178747, 1.7166405121906771, 6.333642448539052
0.001069218436873747, 0.27103076158080824, 2.5525709921016976E-4, 1.6293097888683081, 1.3958089563348504E-4, -6.468863331643417, 1.7634410774683293, 6.3337020462529985
0.0010759519038076148, 0.2727376428890015, 2.5686459603017605E-4, 1.633714186694048, 1.4148418996887108E-4, -6.41076019223538, 1.8103266817621042, 6.3337616439669455
0.0010826853707414826, 0.27444452419719484, 2.584720928501824E-4, 1.6382734531300847, 1.4340117548943755E-4, -6.352390505111727, 1.8572561546956738, 6.333821241680892
0.0010894188376753505, 0.27615140550538814, 2.6007958967018874E-4, 1.6429942261834833, 1.4533211312842438E-4, -6.293796999844912, 1.9041893807157726, 6.333880839394838
0.001096152304609218, 0.27785828681358143, 2.6168708649019503E-4, 1.6478830951951322, 1.472772759826446E-4, -6.235021520599814, 1.951087325226448, 6.333940437108785
0.001102885771543086, 0.2795651681217748, 2.632945833102014E-4, 1.652946594387831, 1.492369492659111E-4, -6.176104990203279, 1.9979120590338533, 6.334000034822731
0.0011096192384769535, 0.28127204942996803, 2.6490208013020766E-4, 1.658191196472779, 1.5121143025068808E-4, -6.117087376087767, 2.0446267811225187, 6.334059632536677
0.001116352705410821, 0.28297893073816127, 2.6650957695021396E-4, 1.6636233063193728, 1.5320102819806316E-4, -6.058007658084185, 2.0911958397906756, 6.334119230250624
0.001123086172344689, 0.2846855208009826, 2.681170737702203E-4, 1.669249464729168, 1.5520612059039928E-4, -5.998903798030001, 2.137584752181645, 6.334179343460582
0.0011298196392785565, 0.28639176666472776, 2.697245705902266E-4, 1.6750759643816584, 1.5722705280705527E-4, -5.939812711183047, 2.183760222221796, 6.334240065893102
0.0011365531062124245, 0.28809801252847295, 2.7133206741023294E-4, 1.6811087226108745, 1.5926410380961924E-4, -5.880770239400056, 2.2296901570075938, 6.334300788325621
0.001143286573146292, 0.28980425839221813, 2.7293956423023923E-4, 1.6873538110452015, 1.6131762990955785E-4, -5.821811126067792, 2.275343681657295, 6.33436151075814
0.00115002004008016, 0.29151050425596337, 2.745470610502456E-4, 1.693817202930894, 1.6338799888489526E-4, -5.76296899275349, 2.3206911526586316, 6.334422233190659
0.0011567535070140275, 0.2932167501197085, 2.7615455787025186E-4, 1.7005047672774054, 1.6547558984221036E-4, -5.70427631755339, 2.365704169739109, 6.334482955623178
0.0011634869739478952, 0.2949229959834537, 2.7776205469025816E-4, 1.707422263097086, 1.6758079306775444E-4, -5.645764415113432, 2.410355586281258, 6.334543678055697
0.001170220440881763, 0.2966292418471989, 2.793695515102645E-4, 1.7145753337437353, 1.697040098678166E-4, -5.5874634183003815, 2.4546195183088497, 6.3346044004882165
0.001176953907815631, 0.29833548771094415, 2.8097704833027085E-4, 1.7219695013535823, 1.718456523985004E-4, -5.529402261487768, 2.498471352077445, 6.334665122920735
0.0011836873747494985, 0.3000417335746893, 2.8258454515027714E-4, 1.729610161392855, 1.7400614348507895E-4, -5.471608665452239, 2.5418877502769037, 6.334725845353255
0.0011904208416833662, 0.30174797943843445, 2.8419204197028343E-4, 1.7375025773159074, 1.7618591643108212E-4, -5.41410912382762, 2.58484665689678, 6.334786567785773
0.0011971543086172337, 0.30345422530217964, 2.857995387902897E-4, 1.7456518753374022, 1.783854148173154E-4, -5.356928891120485, 2.6273273007496685, 6.334847290218293
0.001203887775551102, 0.3051604711659249, 2.874070356102961E-4, 1.7540630393222556, 1.806050922909646E-4, -5.3000919722384, 2.669310197706423, 6.3349080126508115
0.0012106212424849694, 0.30686671702967006, 2.890145324303024E-4, 1.7627409057971388, 1.8284541234501577E-4, -5.243621113522144, 2.710777151645049, 6.334968735083331
0.0012173547094188372, 0.30857296289341524, 2.906220292503087E-4, 1.7716901590867697, 1.8510684808814226E-4, -5.18753779524707, 2.751711254152701, 6.33502945751585
0.001224088176352705, 0.3102792087571604, 2.9222952607031505E-4, 1.7809153265783453, 1.873898820053025E-4, -5.131862225577292, 2.7920968829944117, 6.335090179948369
0.0012308216432865727, 0.3119854546209056, 2.9383702289032134E-4, 1.7904207741176044, 1.896950057092378E-4, -5.0766133359366625, 2.8319196993846933, 6.335150902380888
0.0012375551102204404, 0.31369170048465084, 2.954445197103277E-4, 1.8002107015394775, 1.9202271968309721E-4, -5.021808777783659, 2.8711666440745662, 6.335211624813407
0.0012442885771543081, 0.31539794634839596, 2.97052016530334E-4, 1.8102891383365327, 1.9437353301439663E-4, -4.967464920756211, 2.90982593228537, 6.335272347245926
0.0012510220440881759, 0.3171041922121412, 2.986595133503403E-4, 1.8206599394681378, 1.9674796312056176E-4, -4.913596852167031, 2.9478870475104957, 6.335333069678446
0.0012577555110220434, 0.3188104380758864, 3.002670101703466E-4, 1.8313267813130987, 1.9914653546628457E-4, -4.860218377818143, 2.98534073421376, 6.335393792110964
0.0012644889779559112, 0.3205166020590817, 3.018745069903529E-4, 1.8422972925539929, 2.0157103145913708E-4, -4.8073420241199, 3.0221789894374442, 6.335463524167671
0.0012712224448897791, 0.3222227251020023, 3.034820038103593E-4, 1.8535727687285508, 2.0402140107464935E-4, -4.754979041480429, 3.058395053356029, 6.335537761036471
0.0012779559118236469, 0.32392884814492273, 3.050895006303656E-4, 1.8651542713317832, 2.0649757501522788E-4, -4.703139408941669, 3.0939833987932657, 6.3356119979052705
0.0012846893787575144, 0.3256349711878432, 3.066969974503719E-4, 1.8770447249185425, 2.0900010827394215E-4, -4.651831840043866, 3.1289397197242153, 6.33568623477407
0.0012914228456913821, 0.3273410942307636, 3.083044942703782E-4, 1.8892468574739532, 2.1152956236363023E-4, -4.601063789881558, 3.163260918794909, 6.335760471642869
0.0012981563126252499, 0.3290472172736841, 3.099119910903845E-4, 1.9017631972821474, 2.1408650499032267E-4, -4.550841463343247, 3.196945093866917, 6.335834708511669
0.0013048897795591176, 0.3307533403166045, 3.115194879103908E-4, 1.9145960699559104, 2.166715097202726E-4, -4.501169824491429, 3.229991523628934, 6.335908945380469
0.0013116232464929854, 0.33245946335952503, 3.1312698473039716E-4, 1.9277475956290004, 2.1928515564085944E-4, -4.452052607069678, 3.2624006522851503, 6.335983182249269
0.0013183567134268533, 0.33416558640244554, 3.147344815504035E-4, 1.941219686313165, 2.2192802701563447E-4, -4.403492326112148, 3.294174073347343, 6.3360574191180685
0.0013250901803607208, 0.335871709445366, 3.163419783704098E-4, 1.9550140434220546, 2.2460071293380564E-4, -4.355490290616554, 3.3253145125633985, 6.336131655986868
0.0013318236472945886, 0.33757783248828643, 3.179494751904161E-4, 1.969132155462972, 2.2730380695443314E-4, -4.308046617283063, 3.3558258099807983, 6.336205892855668
0.0013385571142284563, 0.33928395553120694, 3.1955697201042243E-4, 1.9835752958988941, 2.3003790674563555E-4, -4.261160245257493, 3.385712901204212, 6.336280129724468
0.0013452905811623243, 0.3409900785741274, 3.211644688304288E-4, 1.998344521181549, 2.3280361371910458E-4, -4.214828951894271, 3.4149817978301704, 6.336354366593268
0.0013520240480961918, 0.34269620161704784, 3.2277196565043507E-4, 2.0134406689575313, 2.3560153266019514E-4, -4.169049369474442, 3.4436395671200537, 6.336428603462068
0.0013587575150300595, 0.3444023246599683, 3.2437946247044136E-4, 2.028864356448298, 2.384322713539326E-4, -4.12381700288998, 3.471694310900249, 6.336502840330867
0.0013654909819639273, 0.3461084477028888, 3.259869592904477E-4, 2.044615979005454, 2.412964402071897E-4, -4.079126248237092, 3.499155143744144, 6.336577077199667
0.001372224448897795, 0.34781457074580924, 3.27594456110454E-4, 2.0606957088421796, 2.441946518674036E-4, -4.034970412322815, 3.5260321704285134, 6.336651314068467
0.0013789579158316626, 0.3495206937887297, 3.292019529304603E-4, 2.0771034939420705, 2.4712752083804856E-4, -3.9913417330382766, 3.552336462708888, 6.336725550937267
0.0013856913827655307, 0.35122681683165025, 3.308094497504667E-4, 2.093839057145981, 2.500956630912681E-4, -3.9482314005826864, 3.5780800354308093, 6.336799787806067
0.0013924248496993983, 0.35293293987457064, 3.32416946570473E-4, 2.110901895417543, 2.530996956779057E-4, -3.9056295795135774, 3.603275821994157, 6.3368740246748665
0.001399158316633266, 0.3546390629174911, 3.3402444339047927E-4, 2.1282912792881286, 2.5614023633529874E-4, -3.8635254315930645, 3.6279376492037865, 6.336948261543666
0.0014058917835671335, 0.3563447839851964, 3.3563194021048556E-4, 2.146011572887871, 2.592196887912577E-4, -3.8219071394212865, 3.6520802115066857, 6.337032920305634
0.0014126252505010013, 0.3580504476278711, 3.372394370304919E-4, 2.164057087484957, 2.6233717721279003E-4, -3.7807619307965274, 3.675719044683521, 6.337119067909484
0.0014193587174348692, 0.3597561112705457, 3.3884693385049825E-4, 2.182425656391226, 2.654930666537012E-4, -3.7400761038272305, 3.6988704989544887, 6.337205215513333
0.0014260921843687368, 0.3614617749132203, 3.4045443067050454E-4, 2.2011156424676446, 2.6868797392473273E-4, -3.699835052723071, 3.7215517115826064, 6.337291363117183
0.0014328256513026047, 0.3631674385558949, 3.420619274905109E-4, 2.2201251820731467, 2.7192251453913923E-4, -3.660023294274796, 3.7437805789525056, 6.337377510721033
0.0014395591182364722, 0.3648731021985695, 3.436694243105172E-4, 2.239452185593151, 2.751973023135414E-4, -3.6206244949725845, 3.7655757281775366, 6.337463658324882
0.00144629258517034, 0.36657876584124405, 3.4527692113052347E-4, 2.2590943381483135, 2.7851294896872193E-4, -3.5816214987632176, 3.7869564882331392, 6.337549805928732
0.0014530260521042077, 0.3682844294839187, 3.468844179505298E-4, 2.2790491004841686, 2.818700637307131E-4, -3.5429963553925057, 3.807942860662861, 6.3376359535325815
0.0014597595190380757, 0.36999009312659337, 3.4849191477053616E-4, 2.299313710040631, 2.8526925293247937E-4, -3.5047303493378976, 3.828555489854907, 6.337722101136431
0.0014664929859719432, 0.3716957567692679, 3.5009941159054245E-4, 2.319885182200783, 2.887111196165124E-4, -3.466804029280848, 3.8488156329339933, 6.337808248740281
0.001473226452905811, 0.3734014204119425, 3.5170690841054874E-4, 2.34076031171931, 2.921962631386709E-4, -3.4291972381090843, 3.868745129275559, 6.33789439634413
0.0014799599198396787, 0.3751070840546171, 3.533144052305551E-4, 2.361935674328652, 2.957252787735564E-4, -3.391889143416743, 3.888366369676863, 6.33798054394798
0.0014866933867735467, 0.3768127476972918, 3.5492190205056143E-4, 2.3834076285227392, 2.992987573218139E-4, -3.3548582684876993, 3.907702265187069, 6.33806669155183
0.0014934268537074142, 0.37851841133996633, 3.565293988705677E-4, 2.405172317517945, 3.0291728471954166E-4, -3.3180825237165803, 3.926776215650761, 6.338152839155679
0.001500160320641282, 0.38022407498264094, 3.58136895690574E-4, 2.427225671388539, 3.0658144165028E-4, -3.281539238473631, 3.945612077947444, 6.338238986759529
0.0015068937875751497, 0.3819297386253156, 3.5974439251058036E-4, 2.449563409377684, 3.1029180315978827E-4, -3.245205193347221, 3.9642341339952134, 6.338325134363378
0.0015136272545090174, 0.38363540226799014, 3.6135188933058665E-4, 2.47218104238104, 3.1404893827395526E-4, -3.2090566527864213, 3.982667058492468, 6.338411281967228
0.001520360721442885, 0.38534106591066475, 3.6295938615059294E-4, 2.495073875602372, 3.17853409620161E-4, -3.173069398075224, 4.000935886460522, 6.338497429571078
0.001527094188376753, 0.3870467295533394, 3.6456688297059934E-4, 2.5182370113800965, 3.217057730523732E-4, -3.1372187606496253, 4.019065980578941, 6.338583577174927
0.0015338276553106206, 0.388752393196014, 3.6617437979060563E-4, 2.5416653521821386, 3.2560657728035794E-4, -3.1014796556966173, 4.0370829983679295, 6.338669724778777
0.0015405611222444884, 0.39045803604613943, 3.677818766106119E-4, 2.5653551541071726, 3.2955693368971056E-4, -3.0658266160480685, 4.055012859201359, 6.338758642284571
0.001547294589178356, 0.39216345017822407, 3.693893734306182E-4, 2.5893165216705127, 3.335631426525438E-4, -3.030233826312177, 4.072881711208087, 6.338878028711746
0.0015540280561122239, 0.3938688643103088, 3.7099687025062456E-4, 2.613526798741887, 3.376195129198478E-4, -2.9946751572421904, 4.090715898056534, 6.3389974151389215
0.0015607615230460916, 0.3955742784423935, 3.726043670706309E-4, 2.637980121594561, 3.4172656180415364E-4, -2.9591242003011535, 4.108541925662207, 6.339116801566097
0.0015674949899799591, 0.39727969257447815, 3.742118638906372E-4, 2.6626704440809865, 3.458847976912371E-4, -2.923554302393262, 4.126386428847187, 6.339236187993272
0.001574228456913827, 0.39898510670656284, 3.7581936071064354E-4, 2.687591541602899, 3.5009471969999796E-4, -2.8879386007724923, 4.144276137930771, 6.3393555744204475
0.0015809619238476946, 0.40069052083864753, 3.7742685753064983E-4, 2.712737015238435, 3.5435681734841704E-4, -2.8522500580448304, 4.162237845342227, 6.339474960847623
0.0015876953907815624, 0.40239593497073217, 3.790343543506561E-4, 2.738100296021142, 3.5867157022599915E-4, -2.8164614973087843, 4.180298372197269, 6.339594347274798
0.00159442885771543, 0.40410134910281686, 3.8064185117066247E-4, 2.763674649369788, 3.6303944767288266E-4, -2.7805456373315534, 4.198484534950919, 6.3397137337019736
0.001601162324649298, 0.40580676323490156, 3.822493479906688E-4, 2.7894531796666717, 3.6746090846593156E-4, -2.7444751278175485, 4.21682311205305, 6.339833120129149
0.0016078957915831656, 0.40751217736698625, 3.838568448106751E-4, 2.8154288349808585, 3.719364005120753E-4, -2.7082225846776304, 4.235340810706793, 6.339952506556324
0.0016146292585170333, 0.4092175914990709, 3.854643416306814E-4, 2.841594411934455, 3.7646636054918697E-4, -2.671760625301858, 4.254064233718804, 6.3400718929835
0.001621362725450901, 0.4109230056311556, 3.8707183845068774E-4, 2.8679425607087294, 3.8105121385475745E-4, -2.6350619038260175, 4.273019846450043, 6.340191279410675
0.0016280961923847688, 0.4126284197632403, 3.8867933527069403E-4, 2.8944657901873594, 3.8569137396252974E-4, -2.598099146329249, 4.292233943922916, 6.34031066583785
0.0016348296593186365, 0.41433383389532497, 3.902868320907004E-4, 2.9211564732331663, 3.903872423875498E-4, -2.560845185980779, 4.3117326180707325, 6.340430052265026
0.0016415631262525045, 0.41603924802740966, 3.918943289107067E-4, 2.948006852097131, 3.951392083596544E-4, -2.5232729980613766, 4.331541725198297, 6.340549438692201
0.001648296593186372, 0.4177446621594943, 3.93501825730713E-4, 2.97500904395345, 3.9994764856584426E-4, -2.485355734891806, 4.35168685361154, 6.340668825119376
0.0016550300601202398, 0.419450076291579, 3.951093225507193E-4, 3.002155046560591, 4.048129269015843E-4, -2.4470667605922785, 4.372193291502999, 6.340788211546552
0.0016617635270541073, 0.4211554904236636, 3.967168193707256E-4, 3.0294367440428953, 4.09735394231497E-4, -2.408379685677346, 4.3930859950729495, 6.340907597973727
0.0016684969939879755, 0.4228609045557484, 3.98324316190732E-4, 3.0568459127898535, 4.147153881594272E-4, -2.3692684014515595, 4.414389556925086, 6.341026984400902
0.001675230460921843, 0.424566318687833, 3.999318130107383E-4, 3.0843742274703203, 4.1975323280828174E-4, -2.329707114192888, 4.436128174743581, 6.341146370828078
0.0016819639278557107, 0.42627103266454935, 4.015393098307446E-4, 3.1120116143589946, 4.2484857494654737E-4, -2.28967037906419, 4.458325620312208, 6.3412630546896285
0.0016886973947895785, 0.4279740462639427, 4.031468066507509E-4, 3.139747172455685, 4.300007393377591E-4, -2.2491331337786633, 4.4810052088430465, 6.341373175177518
0.0016954308617234462, 0.429677059863336, 4.047543034707572E-4, 3.1675763061569437, 4.352116070353993E-4, -2.208070731955045, 4.504189768675419, 6.341483295665407
0.001702164328657314, 0.43138007346272933, 4.0636180029076356E-4, 3.195490345540515, 4.4048144601588E-4, -2.166458976148152, 4.527901611360775, 6.341593416153296
0.0017088977955911817, 0.4330830870621226, 4.0796929711076985E-4, 3.2234805506189392, 4.45810509826959E-4, -2.124274150547387, 4.552162502132055, 6.341703536641186
0.0017156312625250495, 0.43478610066151596, 4.095767939307762E-4, 3.251538117960944, 4.511990374301229E-4, -2.081493053277967, 4.576993630830314, 6.341813657129074
0.0017223647294589172, 0.43648911426090925, 4.111842907507825E-4, 3.279654187401647, 4.5664725305421633E-4, -2.0380930283330216, 4.602415583240934, 6.341923777616963
0.0017290981963927847, 0.43819212786030254, 4.127917875707888E-4, 3.3078198488343453, 4.621553660602389E-4, -1.9940519970611024, 4.628448312928692, 6.3420338981048525
0.0017358316633266525, 0.4398951414596959, 4.143992843907951E-4, 3.3360261490838514, 4.677235708176646E-4, -1.9493484892270534, 4.655111113541646, 6.342144018592742
0.0017425651302605204, 0.4415981550590892, 4.1600678121080147E-4, 3.364264098852699, 4.7335204659229536E-4, -1.903961673577277, 4.68242259164776, 6.342254139080631
0.001749298597194388, 0.4433011686584825, 4.1761427803080776E-4, 3.3925246797407294, 4.790409574459087E-4, -1.8578713879354494, 4.710400640086409, 6.34236425956852
0.0017560320641282557, 0.4450041822578758, 4.1922177485081405E-4, 3.4207988513286836, 4.8479045214781824E-4, -1.811058168747383, 4.739062411899721, 6.34247438005641
0.0017627655310621234, 0.44670719585726915, 4.208292716708204E-4, 3.449077558325234, 4.906006640983581E-4, -1.7635032801130692, 4.768424294812703, 6.342584500544299
0.0017694989979959912, 0.44841020945666243, 4.224367684908267E-4, 3.4773517377718353, 4.964717112646711E-4, -1.7151887422069092, 4.798501886350394, 6.342694621032188
0.001776232464929859, 0.4501132230560558, 4.2404426531083303E-4, 3.505612326299717, 5.02403696128613E-4, -1.6660973591450066, 4.829309969540311, 6.3428047415200774
0.0017829659318637269, 0.4518162366554491, 4.256517621308394E-4, 3.533850267434836, 5.083967056473083E-4, -1.6162127461969547, 4.860862489284841, 6.342914862007967
0.0017896993987975944, 0.4535192502548424, 4.2725925895084567E-4, 3.5620565189490314, 5.144508112258355E-4, -1.5655193563607537, 4.893172529401711, 6.343024982495856
0.0017964328657314621, 0.4552222638542357, 4.2886675577085196E-4, 3.5902220602476014, 5.20566068702865E-4, -1.5140025062866287, 4.926252290320415, 6.343135102983745
0.0018031663326653297, 0.456925277453629, 4.3047425259085825E-4, 3.618337899792458, 5.2674251834872E-4, -1.4616484014637325, 4.9601130675417835, 6.3432452234716346
0.0018098997995991976, 0.45862829105302233, 4.320817494108646E-4, 3.6463950825548963, 5.329801848764184E-4, -1.408444160728073, 4.994765230778489, 6.343355343959524
0.0018166332665330654, 0.4603313046524157, 4.3368924623087094E-4, 3.6743846974927834, 5.392790774653648E-4, -1.3543778400067146, 5.03021820387235, 6.343465464447413
0.0018233667334669331, 0.4620349022688974, 4.3529674305087723E-4, 3.7023048916549506, 5.456422397512883E-4, -1.2994384552722473, 5.066480445505209, 6.34358614556273
0.0018301002004008009, 0.4637390839024675, 4.369042398708836E-4, 3.730146942904767, 5.520697180235234E-4, -1.2436160047333544, 5.103559430675901, 6.343717387305475
0.0018368336673346686, 0.4654432655360376, 4.3851173669088987E-4, 3.7578951367425226, 5.585584482887864E-4, -1.1869014901930819, 5.141461633007761, 6.343848629048219
0.0018435671342685361, 0.46714744716960765, 4.4011923351089616E-4, 3.7855408131797574, 5.65108378598372E-4, -1.1292869375563004, 5.1801925079043025, 6.343979870790964
0.0018503006012024043, 0.4688516288031778, 4.4172673033090256E-4, 3.8130753937996182, 5.71719441783523E-4, -1.0707654164559992, 5.219756476579343, 6.344111112533708
0.0018570340681362718, 0.47055581043674793, 4.4333422715090885E-4, 3.840490389278198, 5.783915555573724E-4, -1.0113310590176383, 5.260156910936899, 6.344242354276453
0.0018637675350701396, 0.472259992070318, 4.4494172397091514E-4, 3.8677774068974173, 5.851246226298396E-4, -0.9509790776616773, 5.301396119405437, 6.344373596019197
0.001870501002004007, 0.4739641737038881, 4.4654922079092143E-4, 3.8949281580390824, 5.919185308358014E-4, -0.889705782007611, 5.343475333644086, 6.344504837761941
0.001877234468937875, 0.4756683553374582, 4.481567176109278E-4, 3.9219344656633126, 5.987731532763392E-4, -0.8275085947496318, 5.386394696271565, 6.344636079504686
0.0018839679358717428, 0.4773725369710284, 4.497642144309341E-4, 3.9487882717550633, 6.056883484730814E-4, -0.764386066601538, 5.430153249491529, 6.3447673212474305
0.0018907014028056103, 0.47907671860459844, 4.513717112509404E-4, 3.975481644747653, 6.126639605355058E-4, -0.7003378901511198, 5.474748924794722, 6.344898562990175
0.0018974348697394783, 0.4807809002381686, 4.5297920807094676E-4, 4.002006786902395, 6.196998193415842E-4, -0.6353649127435534, 5.520178533593271, 6.34502980473292
0.0019041683366733458, 0.48248508187173866, 4.5458670489095305E-4, 4.028356041652923, 6.267957407310833E-4, -0.5694691482327241, 5.566437758960561, 6.345161046475664
0.0019109018036072135, 0.4841892635053087, 4.5619420171095934E-4, 4.054521900900333, 6.339515267120678E-4, -0.5026537876711947, 5.613521148403359, 6.345292288218409
0.0019176352705410813, 0.4858934451388789, 4.578016985309657E-4, 4.080497012255854, 6.411669656802281E-4, -0.43492320887643804, 5.6614221077094, 6.345423529961153
0.0019243687374749492, 0.487597626772449, 4.5940919535097203E-4, 4.106274186229875, 6.484418326510315E-4, -0.3662829848320198, 5.710132895930423, 6.345554771703898
0.0019311022044088168, 0.4893018084060191, 4.610166921709783E-4, 4.131846403355382, 6.557758895045858E-4, -0.2967398909475439, 5.759644621453862, 6.345686013446643
0.0019378356713426845, 0.49100599003958917, 4.626241889909846E-4, 4.15720682124612, 6.631688852433218E-4, -0.22630191111247616, 5.809947239242402, 6.345817255189387
0.0019445691382765523, 0.49271017167315934, 4.6423168581099096E-4, 4.182348781581872, 6.70620556262046E-4, -0.15497824250455883, 5.861029549265167, 6.345948496932132
0.00195130260521042, 0.4944143533067294, 4.6583918263099725E-4, 4.207265817014026, 6.781306266306283E-4, -0.08277929921400913, 5.912879196058336, 6.3460797386748755
0.0019580360721442877, 0.49611853494029956, 4.674466794510036E-4, 4.231951657990912, 6.856988083889972E-4, -0.009716714523733318, 5.965482669580326, 6.34621098041762
0.0019647695390781553, 0.49782334199965506, 4.690541762710099E-4, 4.25642018240454, 6.933341561603085E-4, 0.06419665804598694, 6.01882530723755, 6.346370093190491
0.0019715030060120232, 0.49952840658727526, 4.7066167309101623E-4, 4.280653972415486, 7.010310123041095E-4, 0.13894674503965004, 6.072891297200449, 6.346540682269885
0.0019782364729458908, 0.5012334711748954, 4.722691699110225E-4, 4.304639208667936, 7.087852303830399E-4, 0.2145182547012453, 6.127663682983497, 6.346711271349279
0.0019849699398797587, 0.5029385357625155, 4.738766667310288E-4, 4.328370479218663, 7.165964784663645E-4, 0.2908946799964028, 6.183124369347864, 6.346881860428673
0.0019917034068136267, 0.5046436003501358, 4.754841635510352E-4, 4.351842602611484, 7.244644142491105E-4, 0.36805830301150505, 6.239254129504915, 6.347052449508067
0.001998436873747494, 0.5063486649377559, 4.770916603710415E-4, 4.375050634095125, 7.323886854185011E-4, 0.44599020077976315, 6.2960326136813745, 6.34722303858746
0.0020051703406813617, 0.508053729525376, 4.786991571910478E-4, 4.397989871719396, 7.403689300312004E-4, 0.5246702525379475, 6.353438359028101, 6.347393627666854
0.0020119038076152297, 0.5097587941129961, 4.803066540110541E-4, 4.42065586230764, 7.484047769021852E-4, 0.6040771484817525, 6.411448800957429, 6.347564216746248
0.002018637274549097, 0.5114638587006163, 4.8191415083106043E-4, 4.443044407301848, 7.564958460041754E-4, 0.6841883999812222, 6.470040285847108, 6.347734805825642
0.002025370741482965, 0.5131689232882364, 4.835216476510667E-4, 4.465151568470475, 7.64641748878019E-4, 0.7649803513386209, 6.529188085207901, 6.347905394905036
0.0020321042084168327, 0.5148739878758566, 4.8512914447107307E-4, 4.486973673480975, 7.728420890533638E-4, 0.8464281930886298, 6.588866411301902, 6.348075983984429
0.0020388376753507007, 0.5165790524634768, 4.867366412910794E-4, 4.508507321322043, 7.810964624798589E-4, 0.92850597682968, 6.649048434198808, 6.348246573063823
0.0020455711422845686, 0.518284117051097, 4.883441381110858E-4, 4.5297493875847294, 7.894044579681743E-4, 1.0111866317351148, 6.70970630041694, 6.348417162143217
0.002052304609218436, 0.5199891816387171, 4.89951634931092E-4, 4.550697029583745, 7.977656576410403E-4, 1.0944419825810852, 6.770811152987143, 6.3485877512226105
0.0020590380761523037, 0.5216942462263372, 4.915591317510983E-4, 4.571347691321023, 8.061796373937113E-4, 1.178242769475704, 6.83233315310137, 6.348758340302004
0.0020657715430861716, 0.5233993108139574, 4.931666285711047E-4, 4.591699108292019, 8.146459673637092E-4, 1.2625586692630328, 6.894241503352897, 6.3489289293813975
0.0020725050100200396, 0.5251043754015776, 4.94774125391111E-4, 4.611749312113389, 8.231642124099112E-4, 1.3473583185883289, 6.956504472512211, 6.3490995184607915
0.002079238476953907, 0.5268094399891977, 4.963816222111173E-4, 4.631496634989148, 8.31733932599841E-4, 1.432609338706935, 7.019089421945633, 6.349270107540185
0.0020859719438877746, 0.5285145045768178, 4.979891190311236E-4, 4.650939713993452, 8.403546837062103E-4, 1.5182783620027656, 7.081962833622587, 6.349440696619579
0.002092705410821642, 0.530219569164438, 4.995966158511299E-4, 4.670077495174922, 8.490260177108442E-4, 1.6043310603485352, 7.1450903398569, 6.349611285698972
0.0020994388777555105, 0.5319246337520582, 5.012041126711363E-4, 4.688909237471208, 8.577474833172472E-4, 1.6907321751598683, 7.208436754610428, 6.349781874778366
0.002106172344689378, 0.5336266630958991, 5.028116094911426E-4, 4.7074412799332634, 8.66522027231708E-4, 1.7774455493335333, 7.271966106565801, 6.349961271514225
0.0021129058116232456, 0.5353284165084874, 5.044191063111489E-4, 4.725667415640203, 8.75346147500157E-4, 1.8644341610262316, 7.335641673911254, 6.350141468946125
0.002119639278557113, 0.5370301699210757, 5.060266031311552E-4, 4.743587250936599, 8.842190792043968E-4, 1.9516601592767946, 7.399426020840236, 6.350321666378027
0.002126372745490981, 0.5387319233336639, 5.076340999511615E-4, 4.761201331654746, 8.931403634391292E-4, 2.039084901521081, 7.463281035805441, 6.350501863809927
0.002133106212424849, 0.5404336767462523, 5.092415967711679E-4, 4.778510533174838, 9.021095406894757E-4, 2.12666899306862, 7.527167971610529, 6.3506820612418275
0.0021398396793587166, 0.5421354301588406, 5.108490935911742E-4, 4.79551606314601, 9.111261513838811E-4, 2.214372328449095, 7.591047487220884, 6.350862258673729
0.002146573146292584, 0.5438371835714289, 5.124565904111804E-4, 4.812219463987205, 9.201897364529065E-4, 2.30215413479582, 7.65487969147496, 6.351042456105629
0.0021533066132264525, 0.5455389369840172, 5.140640872311868E-4, 4.828622615177252, 9.292998378928278E-4, 2.389973017184768, 7.718624188612874, 6.35122265353753
0.00216004008016032, 0.5472406903966055, 5.156715840511931E-4, 4.844727735318173, 9.384559993347724E-4, 2.4777870059982128, 7.7822401256685705, 6.351402850969431
0.0021667735470941875, 0.5489424438091937, 5.172790808711994E-4, 4.860537383980358, 9.476577666175908E-4, 2.5655536063255937, 7.845686241753544, 6.351583048401332
0.002173507014028055, 0.5506441972217819, 5.188865776912057E-4, 4.876054463315128, 9.569046883655136E-4, 2.653229849443758, 7.908920919273983, 6.351763245833232
0.0021802404809619235, 0.5523459506343703, 5.204940745112121E-4, 4.891282219438935, 9.661963165694233E-4, 2.7407723464065725, 7.971902237090749, 6.351943443265133
0.0021869739478957905, 0.5540477040469585, 5.221015713312183E-4, 4.906224243586863, 9.755322071713837E-4, 2.8281373436812887, 8.034588025563522, 6.352123640697034
0.0021937074148296585, 0.5557494574595468, 5.237090681512247E-4, 4.92088447302487, 9.849119206518774E-4, 2.9152807810154773, 8.096935923671476, 6.352303838128934
0.002200440881763526, 0.5574512108721351, 5.25316564971231E-4, 4.935267191725558, 9.943350226207636E-4, 3.0021583514171457, 8.158903438074953, 6.352484035560836
0.0022071743486973936, 0.5591529642847234, 5.269240617912373E-4, 4.949377030804783, 0.0010038010844088466, 3.0887255633482806, 8.220448004226578, 6.352664232992736
0.002213907815631262, 0.5608547176973118, 5.285315586112437E-4, 4.963218968708077, 0.0010133096836625055, 3.1749378051082457, 8.28152704948477, 6.3528444304246365
0.0022206412825651295, 0.5625564711099, 5.3013905543125E-4, 4.97679833115248, 0.0010228604049390784, 3.2607504114951262, 8.342098058347036, 6.353024627856538
0.002227374749498997, 0.5642582245224883, 5.317465522512563E-4, 4.9901207908294225, 0.0010324528403029866, 3.3461187327266995, 8.402118639759431, 6.353204825288438
0.0022341082164328645, 0.5659599779350766, 5.333540490712626E-4, 5.003192366838931, 0.0010420865899234983, 3.430998205612205, 8.461546596481483, 6.353385022720339
0.0022408416833667325, 0.5676622172206727, 5.349615458912689E-4, 5.016022031208877, 0.0010517626574891546, 3.515344427114698, 8.520339996680951, 6.35356840782388
0.0022475751503006, 0.5693678576173239, 5.365690427112751E-4, 5.028632209072072, 0.0010614891064003526, 3.599113230185395, 8.57845724758998, 6.353774106628896
0.0022543086172344675, 0.571073498013975, 5.381765395312814E-4, 5.041011757600131, 0.0010712558608017946, 3.682260761986222, 8.635857171364774, 6.353979805433914
0.002261042084168336, 0.5727791384106264, 5.397840363512879E-4, 5.053168070932543, 0.0010810625598746577, 3.7647435645450744, 8.69249908319604, 6.354185504238932
0.002267775551102204, 0.5744847788072777, 5.413915331712942E-4, 5.0651088830188655, 0.0010909088538829433, 3.8465186577602304, 8.74834287155081, 6.354391203043948
0.0022745090180360714, 0.5761904192039288, 5.429990299913005E-4, 5.076842265530473, 0.0011007944047638218, 3.9275436248991475, 8.803349080729436, 6.354596901848966
0.002281242484969939, 0.57789605960058, 5.446065268113068E-4, 5.088376625505219, 0.0011107188867168164, 4.007776700529748, 8.857478995625538, 6.354802600653984
0.0022879759519038065, 0.5796016999972311, 5.462140236313131E-4, 5.09972070273281, 0.0011206819867890846, 4.087176860950849, 8.910694728803454, 6.3550082994590005
0.0022947094188376744, 0.5813073403938823, 5.478215204513194E-4, 5.110883566878329, 0.0011306834054578916, 4.165703917183655, 8.962959309916888, 6.355213998264018
0.002301442885771542, 0.5830129807905334, 5.494290172713257E-4, 5.121874614350787, 0.001140722857208563, 4.243318610423358, 9.014236777372858, 6.355419697069036
0.00230817635270541, 0.5847186211871848, 5.510365140913321E-4, 5.13270356489781, 0.001150800071109067, 4.319982710107499, 9.064492272391899, 6.3556253958740525
0.0023149098196392774, 0.586424261583836, 5.526440109113384E-4, 5.143380457955175, 0.0011609147913789301, 4.395659114597789, 9.113692135479534, 6.35583109467907
0.0023216432865731454, 0.5881299019804871, 5.542515077313447E-4, 5.1539156487176, 0.0011710667779535368, 4.470311954398216, 9.161804005189945, 6.356036793484088
0.002328376753507013, 0.5898355423771383, 5.55859004551351E-4, 5.164319803966777, 0.0011812558070423453, 4.543906698091836, 9.208796919399399, 6.3562424922891045
0.002335110220440881, 0.5915411827737895, 5.574665013713574E-4, 5.174603897626014, 0.0011914816716815987, 4.616410260940537, 9.254641419014517, 6.356448191094122
0.0023418436873747484, 0.5932468231704408, 5.590739981913637E-4, 5.184779206069919, 0.0012017441822795814, 4.687791116077288, 9.299309654020673, 6.35665388989914
0.002348577154308616, 0.594952463567092, 5.606814950113699E-4, 5.194857303161825, 0.0012120431671557106, 4.75801940856137, 9.342775492190247, 6.356859588704157
0.0023553106212424843, 0.5966581039637432, 5.622889918313763E-4, 5.204850055047189, 0.001222378473071991, 4.827067072048466, 9.385014630137338, 6.357065287509174
0.002362044088176352, 0.5983637443603944, 5.638964886513826E-4, 5.214769614693466, 0.0012327499657561018, 4.894907948314223, 9.426004707007644, 6.357270986314192
0.0023687775551102194, 0.6000693847570455, 5.655039854713889E-4, 5.2246284161697645, 0.0012431575304166394, 4.961517909495996, 9.4657254206339, 6.357476685119209
0.002375511022044087, 0.6017750251536967, 5.671114822913952E-4, 5.234439168686151, 0.0012536010722496854, 5.0268749832056905, 9.504158646307138, 6.357682383924226
0.002382244488977955, 0.6034792684795888, 5.687189791114015E-4, 5.244191471976933, 0.001264067221193578, 5.0909594804817555, 9.541288558162906, 6.357861233640119
0.0023889779559118224, 0.6051807176639624, 5.703264759314078E-4, 5.2538749190519525, 0.0012745423243042328, 5.153754126535577, 9.577101753066609, 6.357986385177762
0.00239571142284569, 0.6068821668483361, 5.719339727514141E-4, 5.2635496284616465, 0.001285052787698783, 5.215244194486103, 9.611587377277045, 6.3581115367154055
0.0024024448897795583, 0.6085836160327099, 5.735414695714206E-4, 5.273229345382163, 0.0012955985994116195, 5.275417641939339, 9.64473725566087, 6.35823668825305
0.0024091783567134263, 0.6102850652170836, 5.751489663914269E-4, 5.282928056662115, 0.0013061797698493277, 5.3342652505632095, 9.67654602365522, 6.358361839790693
0.002415911823647294, 0.6119865144014572, 5.767564632114332E-4, 5.2926599834363515, 0.0013167963322351303, 5.391780768530633, 9.707011261833225, 6.358486991328337
0.0024226452905811613, 0.613687963585831, 5.783639600314395E-4, 5.3024395734932455, 0.0013274483430420723, 5.447961056105113, 9.736133633333834, 6.35861214286598
0.002429378757515029, 0.6153894127702046, 5.799714568514458E-4, 5.312281493438718, 0.0013381358824136706, 5.502806234071204, 9.76391702387484, 6.358737294403624
0.002436112224448897, 0.6170908619545783, 5.81578953671452E-4, 5.322200620635272, 0.001348859054572358, 5.556319835371306, 9.790368684697382, 6.358862445941267
0.0024428456913827643, 0.618792311138952, 5.831864504914583E-4, 5.33221203492127, 0.001359617988215215, 5.608508959636385, 9.815499378107146, 6.358987597478911
0.0024495791583166323, 0.6204937603233257, 5.847939473114647E-4, 5.342331010143994, 0.0013704128368961996, 5.659384430967309, 9.839323526018203, 6.359112749016554
0.0024563126252505, 0.6221952095076994, 5.86401444131471E-4, 5.3525730054789165, 0.0013812437793943692, 5.708960958710589, 9.86185936117445, 6.359237900554198
0.0024630460921843678, 0.6238966586920731, 5.880089409514773E-4, 5.362953656555931, 0.0013921110200690798, 5.757257301469028, 9.883129081339042, 6.359363052091841
0.0024697795591182353, 0.6255981078764468, 5.896164377714836E-4, 5.373488766400726, 0.0014030147891997066, 5.804296434128189, 9.903159006200434, 6.359488203629485
0.0024765130260521032, 0.6272995570608205, 5.9122393459149E-4, 5.384194296193527, 0.0014139553433116445, 5.850105718320179, 9.921979737425765, 6.359613355167128
0.0024832464929859708, 0.6290010062451942, 5.928314314114963E-4, 5.395086355856904, 0.0014249329654871523, 5.894717075837523, 9.939626321362605, 6.359738506704772
0.002489979959919839, 0.6307024554295679, 5.944389282315027E-4, 5.406181194472879, 0.0014359479656597465, 5.938167165456732, 9.956138414861238, 6.359863658242416
0.0024967134268537067, 0.6324039046139416, 5.96046425051509E-4, 5.417495190540876, 0.0014470006808952815, 5.980497562928649, 9.971560453939972, 6.359988809780059
0.0025034468937875742, 0.6341053537983153, 5.976539218715153E-4, 5.4290448420942425, 0.0014580914756541843, 6.021754944353712, 9.985941825556493, 6.360113961317703
0.0025101803607214417, 0.635806802982689, 5.992614186915216E-4, 5.440846756658175, 0.0014692207420404432, 6.061991272800202, 9.999337042294126, 6.360239112855346
0.0025169138276553093, 0.6375082521670626, 6.008689155115279E-4, 5.452917641090835, 0.0014803889000317497, 6.101263988263581, 10.01180592007639, 6.36036426439299
0.0025236472945891772, 0.639210312646057, 6.024764123315342E-4, 5.465224377121672, 0.0014915663255876538, 6.139636201029789, 10.0234137589836, 6.360435347629421
0.0025303807615230448, 0.6409128903743456, 6.040839091515405E-4, 5.477791135968346, 0.001502757662160334, 6.177176888387245, 10.034231527092528, 6.360460680764827
0.0025371142284569127, 0.6426154681026345, 6.056914059715469E-4, 5.490676981624688, 0.0015139887215812747, 6.213961094779947, 10.044336047415799, 6.360486013900234
0.0025438476953907802, 0.6443180458309232, 6.072989027915531E-4, 5.503898914229239, 0.001525260034885012, 6.250070135373092, 10.053810187979314, 6.360511347035639
0.0025505811623246486, 0.6460206235592121, 6.089063996115595E-4, 5.517473980754062, 0.001536572161881293, 6.28559180315504, 10.062743055046782, 6.3605366801710455
0.002557314629258516, 0.6477232012875007, 6.105138964315658E-4, 5.531419264240867, 0.00154792569128194, 6.320620579380363, 10.071230189406315, 6.360562013306452
0.0025640480961923837, 0.6494257790157895, 6.121213932515721E-4, 5.545751872980077, 0.0015593212408119353, 6.355257847694, 10.079373765968713, 6.360587346441858
0.002570781563126251, 0.6511283567440782, 6.137288900715784E-4, 5.560488929647931, 0.0015707594573010075, 6.389612111682228, 10.087282796467866, 6.3606126795772635
0.002577515030060119, 0.652830934472367, 6.153363868915847E-4, 5.575647560385846, 0.0015822410167571632, 6.423799216029491, 10.095073335441262, 6.36063801271267
0.002584248496993987, 0.6545335122006557, 6.169438837115911E-4, 5.591244883884315, 0.0015937666244234122, 6.457942571264904, 10.102868689425753, 6.360663345848076
0.0025909819639278546, 0.6562360899289444, 6.185513805315974E-4, 5.607298000436231, 0.0016053370148138985, 6.492173382104146, 10.110799629435531, 6.360688678983482
0.002597715430861722, 0.6579386676572332, 6.201588773516037E-4, 5.623823980994871, 0.0016169529517346265, 6.526630879444838, 10.11900460671118, 6.360714012118888
0.00260444889779559, 0.6596412453855219, 6.2176637417161E-4, 5.640839856260186, 0.0016286152282840513, 6.561462555961119, 10.12762997174618, 6.360739345254294
0.0026111823647294577, 0.6613438231138106, 6.233738709916163E-4, 5.658362605789421, 0.0016403246668350996, 6.596824405612668, 10.136830196848285, 6.3607646783897005
0.002617915831663325, 0.6630464008420993, 6.249813678116226E-4, 5.6764091471560505, 0.0016520821190003504, 6.632881166492915, 10.146768101696676, 6.360790011525106
0.002624649298597193, 0.6647489785703882, 6.26588864631629E-4, 5.6949963251623785, 0.00166388846557812, 6.669806567724091, 10.157615082566974, 6.360815344660512
0.0026313827655310615, 0.666451556298677, 6.281963614516354E-4, 5.714140901156497, 0.0016757446164807482, 6.707783580028614, 10.169551344902308, 6.3608406777959186
0.002638116232464929, 0.6681541340269657, 6.298038582716417E-4, 5.7338595424142795, 0.00168765151064397, 6.747004670070158, 10.18276613922988, 6.360866010931324
0.0026448496993987966, 0.6698567117552544, 6.314113550916479E-4, 5.754168811644263, 0.0016996101159202776, 6.78767205850917, 10.197458000472238, 6.36089134406673
0.002651583166332664, 0.6715592894835432, 6.330188519116542E-4, 5.7750851566288475, 0.0017116214289523701, 6.829997982087112, 10.213834990886092, 6.360916677202137
0.002658316633266532, 0.6732618672118319, 6.346263487316605E-4, 5.796624900014535, 0.0017236864750306627, 6.874204959547071, 10.23211494647275, 6.360942010337543
0.0026650501002003996, 0.6749634065859456, 6.362338455516668E-4, 5.818882425626953, 0.0017358560591187247, 6.920526061186883, 10.25252572662707, 6.361047539791512
0.002671783567134267, 0.676664599842001, 6.378413423716731E-4, 5.841822110461976, 0.0017480986860805708, 6.9692051827038775, 10.27530546769807, 6.36117980135167
0.002678517034068135, 0.6783657930980566, 6.394488391916795E-4, 5.865433843255005, 0.0017603989690848434, 7.020497322642626, 10.30070283977946, 6.361312062911828
0.0026852505010020026, 0.680066986354112, 6.410563360116858E-4, 5.889733347537231, 0.0017727580488317296, 7.0746688640866715, 10.328977307342639, 6.361444324471985
0.002691983967935871, 0.6817681796101676, 6.426638328316922E-4, 5.914736173499932, 0.0017851770936983813, 7.131997860074229, 10.360399393185709, 6.361576586032142
0.0026987174348697385, 0.683469372866223, 6.442713296516985E-4, 5.94045768903311, 0.0017976572994993084, 7.1927743232207275, 10.395250946221037, 6.3617088475923005
0.002705450901803606, 0.6851705661222784, 6.458788264717048E-4, 5.9669130711035905, 0.0018101998892274263, 7.257300519310083, 10.433825412823307, 6.361841109152458
0.0027121843687374736, 0.6868717593783339, 6.474863232917111E-4, 5.994117297415642, 0.0018228061127815443, 7.325891264923287, 10.476428111797933, 6.361973370712615
0.0027189178356713415, 0.6885729526343893, 6.490938201117174E-4, 6.022085138424245, 0.001835477246678749, 7.398874229251937, 10.523376513144362, 6.362105632272773
0.0027256513026052095, 0.6902741458904449, 6.507013169317238E-4, 6.0508311496712395, 0.0018482145937554623, 7.476590239807149, 10.575000520296326, 6.362237893832931
0.002732384769539077, 0.6919753391465003, 6.5230881375173E-4, 6.080369664522777, 0.0018610194828522497, 7.559393592563918, 10.631642756403142, 6.362370155393088
0.0027391182364729445, 0.6936765324025558, 6.539163105717363E-4, 6.110714787321513, 0.0018738932684874976, 7.647652366008476, 10.693658854067515, 6.362502416953246
0.0027458517034068125, 0.6953777256586112, 6.555238073917426E-4, 6.1418803869369185, 0.0018868373305191144, 7.741748739538222, 10.761417749051434, 6.362634678513404
0.00275258517034068, 0.6970789189146667, 6.571313042117489E-4, 6.173880090787179, 0.0018998530737944913, 7.8420793159856395, 10.83530197766479, 6.362766940073561
0.0027593186372745476, 0.6987801121707221, 6.587388010317552E-4, 6.206727279343568, 0.0019129419277907206, 7.949055448378565, 10.915707977968612, 6.362899201633719
0.0027660521042084155, 0.7004813054267777, 6.603462978517616E-4, 6.240435081127316, 0.0019261053462452937, 8.0631035710797, 11.00304639493728, 6.3630314631938765
0.002772785571142284, 0.7021824986828332, 6.61953794671768E-4, 6.275016368263778, 0.0019393448067749064, 8.184665534994865, 11.097742389247973, 6.363163724754034
0.0027795190380761514, 0.7038836919388887, 6.635612914917743E-4, 6.310483752576829, 0.0019526618104911686, 8.314198947350949, 11.200235950220735, 6.363295986314192
0.002786252505010019, 0.7055848851949441, 6.651687883117806E-4, 6.346849582270352, 0.001966057881605629, 8.4521775155731, 11.310982212407218, 6.363428247874349
0.0027929859719438865, 0.7072860784509996, 6.667762851317869E-4, 6.384125939275009, 0.0019795345670287345, 8.599091395655428, 11.43045177623245, 6.363560509434507
0.0027997194388777544, 0.708987271707055, 6.683837819517932E-4, 6.422324637171414, 0.0019930934359667224, 8.755447544949027, 11.559131032641837, 6.363692770994664
0.002806452905811622, 0.710686478542457, 6.699912787717995E-4, 6.461613676160823, 0.002006840903870627, 8.9217700792378, 11.697522491522532, 6.363977267168081
0.0028131863727454895, 0.7123855990117437, 6.715987755918058E-4, 6.501855464378195, 0.002020679359961225, 9.098600634334488, 11.84614511428602, 6.364268382237726
0.0028199198396793575, 0.7140847194810306, 6.732062724118122E-4, 6.543054219626356, 0.002034605906417311, 9.286498732128276, 12.005534650363433, 6.364559497307371
0.002826653306613225, 0.7157838399503172, 6.748137692318185E-4, 6.585220676050994, 0.0020486222014992617, 9.486042151112624, 12.17624397778446, 6.364850612377016
0.0028333867735470934, 0.717482960419604, 6.764212660518249E-4, 6.628365300114183, 0.0020627299237014896, 9.697827301383743, 12.358843447751063, 6.3651417274466615
0.002840120240480961, 0.7191820808888907, 6.780287628718311E-4, 6.672498293134822, 0.0020769307713408153, 9.92246960428878, 12.553921233373295, 6.365432842516307
0.0028468537074148284, 0.7208812013581773, 6.796362596918374E-4, 6.717629594692653, 0.002091226462147655, 10.160603876445636, 12.762083682363855, 6.365723957585952
0.002853587174348696, 0.722580321827464, 6.812437565118437E-4, 6.763768886939033, 0.0021056187328661186, 10.412884718618201, 12.98395567407512, 6.366015072655597
0.002860320641282564, 0.7242794422967507, 6.8285125333185E-4, 6.810925599886559, 0.0021201093388559245, 10.679986908824166, 13.220180980314922, 6.366306187725243
0.002867054108216432, 0.7259785627660374, 6.844587501518564E-4, 6.859108917625008, 0.0021347000537054184, 10.962605800578269, 13.471422630829407, 6.366597302794888
0.0028737875751502994, 0.7276776832353241, 6.860662469718627E-4, 6.908327785629808, 0.0021493926688537224, 11.261457725221446, 13.738363282371417, 6.3668884178645335
0.002880521042084167, 0.7293768037046109, 6.87673743791869E-4, 6.958590919103017, 0.0021641889932234037, 11.577280399429224, 14.0217055925081, 6.367179532934179
0.002887254509018035, 0.7310759241738976, 6.892812406118753E-4, 7.009906812371582, 0.0021790908528695474, 11.910833337186979, 14.322172597368974, 6.367470648003824
0.0028939879759519024, 0.7327750446431842, 6.908887374318816E-4, 7.062283749500239, 0.0021941000906395836, 12.262898266578729, 14.640508093745593, 6.367761763073469
0.00290072144288577, 0.7344741651124709, 6.924962342518879E-4, 7.115729816046496, 0.002209218565854071, 12.63427955113992, 14.977477025269366, 6.368052878143114
0.002907454909819638, 0.7361732855817577, 6.941037310718943E-4, 7.1702529120261715, 0.002224448154003189, 13.025804616399006, 15.333865873254785, 6.3683439932127595
0.0029141883767535063, 0.7378724060510444, 6.957112278919007E-4, 7.225860766151982, 0.002239790746468545, 13.438324380765863, 15.710483051433936, 6.368635108282405
0.002920921843687374, 0.7395715265203311, 6.97318724711907E-4, 7.2825609514065945, 0.0022552482502631033, 13.872713691649022, 16.108159305391972, 6.36892622335205
0.0029276553106212413, 0.7412706469896178, 6.989262215319133E-4, 7.3403609019160285, 0.002270822587800869, 14.329871766134955, 16.527748116066025, 6.369217338421695
0.002934388777555109, 0.7429697674589044, 7.005337183519195E-4, 7.399267931249597, 0.002286515696694136, 14.810722636799047, 16.970126107899997, 6.36950845349134
0.002941122244488977, 0.7446675059168452, 7.021412151719258E-4, 7.459312307855271, 0.002302345717928811, 15.316215602196724, 17.43619346112064, 6.369820935244971
0.0029478557114228443, 0.7463583343180561, 7.037487119919321E-4, 7.520593775182988, 0.0023183799045954356, 15.847325682402438, 17.926874328580638, 6.3702402504185285
0.002954589178356712, 0.748049162719267, 7.053562088119384E-4, 7.583004407978933, 0.0023345396797444795, 16.405054079626947, 18.44311725718625, 6.370659565592085
0.00296132264529058, 0.7497399911204781, 7.069637056319448E-4, 7.646551250190441, 0.0023508270437242462, 16.99042864358527, 18.985895613505164, 6.371078880765642
0.0029680561122244478, 0.7514308195216889, 7.085712024519511E-4, 7.711241339171011, 0.0023672440115610482, 17.60450434197914, 19.556208013997715, 6.3714981959392
0.0029747895791583153, 0.7531216479228998, 7.101786992719574E-4, 7.777081733319392, 0.002383792612972002, 18.2483637361092, 20.155078759877426, 6.371917511112757
0.0029815230460921833, 0.7548124763241109, 7.117861960919638E-4, 7.844079541418068, 0.002400474892426674, 18.923117461361684, 20.783558276260553, 6.372336826286315
0.002988256513026051, 0.7565033047253218, 7.133936929119701E-4, 7.912241953800276, 0.0024172929092540762, 19.6299047129315, 21.44272355608005, 6.372756141459872
0.0029949899799599183, 0.7581941331265327, 7.150011897319764E-4, 7.981576275266434, 0.0024342487378044564, 20.369893736581723, 22.133678608469175, 6.3731754566334295
0.0030017234468937867, 0.7598849615277438, 7.166086865519828E-4, 8.052089959957357, 0.002451344467665484, 21.14428232457664, 22.85755491178345, 6.373594771806987
0.0030084569138276542, 0.7615757899289546, 7.182161833719891E-4, 8.123790648127397, 0.002468582203933478, 21.954298316738804, 23.615511871225685, 6.3740140869805435
0.0030151903807615218, 0.7632666183301655, 7.198236801919954E-4, 8.196686204910748, 0.002485964067550389, 22.801200106641545, 24.408737281037478, 6.374433402154101
0.0030219238476953893, 0.7649574467313764, 7.214311770120017E-4, 8.270784761135474, 0.002503492195701673, 23.686277153150293, 25.238447791527467, 6.374852717327658
0.0030286573146292572, 0.7666482751325874, 7.230386738320079E-4, 8.34609475621528, 0.0025211687422862783, 24.610850497162172, 26.105889380721337, 6.375272032501216
0.0030353907815631248, 0.7683391035337983, 7.246461706520142E-4, 8.422624983289097, 0.0025389958784535482, 25.576273283456338, 27.01233783057566, 6.375691347674773
0.0030421242484969923, 0.7700299319350092, 7.262536674720205E-4, 8.500384636405215, 0.002556975793220617, 26.58393128786639, 27.95909920795761, 6.376110662848331
0.0030488577154308603, 0.7717207603362202, 7.278611642920269E-4, 8.579383360189695, 0.002575110694165661, 27.635243450087337, 28.94751035071716, 6.376529978021888
0.0030555911823647286, 0.7734115887374312, 7.294686611120333E-4, 8.659631301696209, 0.002593402808201306, 28.73166241132085, 29.978939358037568, 6.3769492931954455
0.003062324649298596, 0.7751024171386421, 7.310761579320396E-4, 8.741139164674223, 0.0026118543824474316, 29.87467505764266, 31.054786085880252, 6.377368608369002
0.0030690581162324637, 0.7767932455398531, 7.326836547520459E-4, 8.823918266381042, 0.002630467685178828, 31.06580306860825, 32.1764826472206, 6.377787923542559
0.0030757915831663312, 0.778484073941064, 7.342911515720522E-4, 8.907980596830384, 0.0026492450068769657, 32.306603471123566, 33.345493916840894, 6.378207238716117
0.003082525050100199, 0.780171620075396, 7.358986483920585E-4, 8.993442332583072, 0.0026682647915269864, 33.59866919917118, 34.563318041524745, 6.378717775221226
0.0030892585170340667, 0.7818536957649297, 7.375061452120648E-4, 9.080386858400743, 0.0026875813994210462, 34.943629658569044, 35.83148695462143, 6.3793803472789214
0.0030959919839679347, 0.7835357714544636, 7.391136420320712E-4, 9.16865655093352, 0.0027070708932918075, 36.34315129746666, 37.1515668958294, 6.380042919336618
0.003102725450901802, 0.7852178471439973, 7.407211388520775E-4, 9.258266737234408, 0.002726735671752023, 37.798938182148085, 38.52515893563465, 6.3807054913943135
0.00310945891783567, 0.786899922833531, 7.423286356720838E-4, 9.349233753584485, 0.0027465781624574914, 39.31273257852664, 39.95389950493499, 6.381368063452009
0.0031161923847695377, 0.7885819985230649, 7.4393613249209E-4, 9.441575021227436, 0.002766600823831844, 40.88631553931603, 41.43946092970351, 6.382030635509705
0.0031229258517034056, 0.7902640742125987, 7.455436293120965E-4, 9.535309125159074, 0.0027868061469076832, 42.52150749630645, 42.983551970136595, 6.3826932075674
0.003129659318637273, 0.7919461499021325, 7.471511261321027E-4, 9.630455895920932, 0.0028071966573006146, 44.22016885880475, 44.58791836546132, 6.383355779625096
0.003136392785571141, 0.7936282255916662, 7.48758622952109E-4, 9.727036494571621, 0.0028277749173295508, 45.984200617377674, 46.25434338334828, 6.3840183516827915
0.003143126252505009, 0.7953103012812002, 7.503661197721154E-4, 9.82507350083688, 0.0028485435282695204, 47.8155449534163, 47.98464837461358, 6.384680923740487
0.0031498597194388766, 0.7969923769707339, 7.519736165921217E-4, 9.924591004551075, 0.0028695051327597976, 49.71618585414453, 49.78069333271027, 6.385343495798183
0.003156593186372744, 0.7986744526602677, 7.53581113412128E-4, 10.025614700402002, 0.002890662417366685, 51.68814973362395, 51.644377458653224, 6.386006067855878
0.0031633266533066117, 0.8003565283498014, 7.551886102321343E-4, 10.128171986214511, 0.002912018115307058, 53.73350605939336, 53.57763973094173, 6.386668639913574
0.0031700601202404796, 0.8020386040393351, 7.567961070521406E-4, 10.232292064600188, 0.0029335750093275603, 55.85436798469692, 55.58245948044868, 6.3873312119712695
0.003176793587174347, 0.803720679728869, 7.584036038721469E-4, 10.3380060483114, 0.0029553359347722075, 58.05289298681936, 57.660856970819694, 6.387993784028965
0.0031835270541082147, 0.8054027554184027, 7.600111006921532E-4, 10.445347069207855, 0.00297730378281591, 60.331283510861354, 59.81489398367569, 6.388656356086661
0.0031902605210420826, 0.8070848311079366, 7.616185975121596E-4, 10.554350390919353, 0.002999481503888124, 62.691787619686615, 62.04667440941577, 6.389318928144356
0.003196993987975951, 0.8087669067974704, 7.63226094332166E-4, 10.665053525468466, 0.003021872111283741, 65.13669964941582, 64.35834484278759, 6.389981500202052
0.0032037274549098185, 0.8104489824870043, 7.648335911521723E-4, 10.777496353661263, 0.0030444786849721517, 67.66836087111899, 66.75209518427212, 6.3906440722597475
0.003210460921843686, 0.812131058176538, 7.664410879721786E-4, 10.891721249558032, 0.0030673043756125895, 70.28916015812321, 69.23015924621728, 6.391306644317443
0.0032171943887775536, 0.8138131338660718, 7.680485847921849E-4, 11.007773208984872, 0.0030903524087808054, 73.00153465941985, 71.79481536454415, 6.39196921637514
0.0032239278557114216, 0.8154826252817845, 7.696560816121911E-4, 11.125981539925306, 0.003113842792016819, 75.80797047907555, 74.44838701585016, 6.392868125386578
0.003230661322645289, 0.8171431279304822, 7.712635784321974E-4, 11.24631824246444, 0.0031377196186778145, 78.71100336142665, 77.19324343955094, 6.393935846507833
0.003237394789579157, 0.8188036305791799, 7.728710752522038E-4, 11.36863635437021, 0.0031618322789765396, 81.71321938239929, 80.03180026559639, 6.395003567629087
0.0032441282565130246, 0.8204641332278776, 7.744785720722101E-4, 11.492992730049991, 0.0031861843571590054, 84.81725564697092, 82.96652014763238, 6.396071288750342
0.0032508617234468925, 0.8221246358765754, 7.760860688922164E-4, 11.619447552600832, 0.003210779536929942, 88.02580099241479, 85.99991340127832, 6.397139009871596
0.00325759519038076, 0.823785138525273, 7.776935657122227E-4, 11.748064488537239, 0.0032356216070976718, 91.34159669794474, 89.13453864822756, 6.398206730992851
0.003264328657314628, 0.8254456411739708, 7.793010625322291E-4, 11.878910847433872, 0.0032607144674777766, 94.7674372001698, 92.37300346540322, 6.399274452114106
0.0032710621242484955, 0.8271061438226686, 7.809085593522354E-4, 12.012057746246683, 0.0032860621350672137, 98.30617081492613, 95.71796503988602, 6.4003421732353605
0.0032777955911823635, 0.8287666464713662, 7.825160561722417E-4, 12.147580278578062, 0.003311668750495267, 101.96070046501023, 99.17213082907517, 6.401409894356616
0.0032845290581162315, 0.830427149120064, 7.841235529922481E-4, 12.285557688914196, 0.0033375385847769223, 105.73398441452187, 102.73825922677646, 6.40247761547787
0.003291262525050099, 0.8320876517687616, 7.857310498122544E-4, 12.426073552014714, 0.0033636760463378046, 109.62903700874631, 106.41916023417187, 6.403545336599125
0.0032979959919839665, 0.8337481544174594, 7.873385466322607E-4, 12.56921595743097, 0.00339008568836463, 113.64892942103504, 110.21769613710961, 6.404613057720379
0.003304729458917834, 0.8354086570661571, 7.88946043452267E-4, 12.715077699291214, 0.003416772216463415, 117.7967904052713, 114.1367821882974, 6.405680778841634
0.003311462925851702, 0.8370691597148547, 7.905535402722733E-4, 12.863756471660054, 0.0034437404966329854, 122.07580705490747, 118.17938729539446, 6.406748499962889
0.0033181963927855695, 0.8387296623635525, 7.921610370922795E-4, 13.015355069154793, 0.003470995563581214, 126.48922556870743, 122.34853471512248, 6.407816221084143
0.003324929859719437, 0.8403901650122502, 7.937685339122858E-4, 13.16998159331888, 0.003498542629379653, 131.04035202196343, 126.64730275218076, 6.4088839422053985
0.003331663326653305, 0.8420506676609479, 7.953760307322922E-4, 13.327749664735165, 0.003526387092465333, 135.732553144559, 131.0788254642775, 6.409951663326653
0.0033383967935871734, 0.8437111703096457, 7.969835275522986E-4, 13.48877864084352, 0.0035545345470060496, 140.56925710579782, 135.6462933732787, 6.411019384447908
0.003345130260521041, 0.8453716729583435, 7.985910243723049E-4, 13.653193839729283, 0.0035829907926402393, 145.55395430460044, 140.3529541810124, 6.412087105569163
0.0033518637274549084, 0.8470321756070411, 8.001985211923112E-4, 13.821126770077171, 0.0036117618445922206, 150.69019816744992, 145.20211349211735, 6.413154826690417
0.003358597194388776, 0.8486926782557388, 8.018060180123175E-4, 13.992715367008714, 0.0036408539441867838, 155.98160595145, 150.19713554131465, 6.414222547811672
0.003365330661322644, 0.8503229778567511, 8.034135148323238E-4, 14.168714318666389, 0.0036707637196582432, 161.43185955480462, 155.34144392737977, 6.415777372605292
0.0033720641282565115, 0.85194532928732, 8.050210116523301E-4, 14.348828966492874, 0.003701141655593654, 167.04470633361382, 160.63852235274814, 6.41746038257585
0.0033787975951903794, 0.853567680717889, 8.066285084723365E-4, 14.533057850008845, 0.0037318663440801814, 172.82395992490234, 166.0919153686013, 6.419143392546409
0.003385531062124247, 0.8551900321484578, 8.082360052923428E-4, 14.721567101583787, 0.00376294506559105, 178.77350107639884, 171.70522912604898, 6.420826402516967
0.003392264529058115, 0.8568123835790267, 8.098435021123491E-4, 14.914530556370664, 0.003794385385525567, 184.89727848299762, 177.48213213323706, 6.422509412487526
0.0033989979959919824, 0.8584347350095956, 8.114509989323554E-4, 15.112130027588137, 0.0038261951672867722, 191.19930962972683, 183.42635601822482, 6.424192422458084
0.00340573146292585, 0.8600570864401643, 8.130584957523617E-4, 15.314555588858639, 0.0038583825858535814, 197.6836816411478, 189.54169629760375, 6.425875432428643
0.003412464929859718, 0.8616794378707333, 8.146659925723681E-4, 15.522005863635059, 0.003890956141803792, 204.35455213779454, 195.83201315144672, 6.427558442399202
0.003419198396793586, 0.8633017893013022, 8.162734893923743E-4, 15.734688321694193, 0.003923924675859891, 211.2161500989676, 202.3012322038041, 6.4292414523697605
0.003425931863727454, 0.8649241407318711, 8.178809862123807E-4, 15.952819583273595, 0.003957297383920144, 218.2727767326144, 208.95334530966397, 6.430924462340319
0.0034326653306613213, 0.86654649216244, 8.19488483032387E-4, 16.17662573024063, 0.00399108383262925, 225.52880635129685, 215.792411347158, 6.4326074723108775
0.003439398797595189, 0.8681688435930088, 8.210959798523933E-4, 16.406342625450634, 0.004025293975448485, 232.9886872556188, 222.82255701654745, 6.434290482281436
0.003446132264529057, 0.8697911950235777, 8.227034766723996E-4, 16.642216239233676, 0.004059938169314159, 240.65694262398503, 230.0479776447888, 6.435973492251994
0.0034528657314629244, 0.8714135464541465, 8.243109734924059E-4, 16.88450298418502, 0.00409502719181043, 248.53817140927083, 237.4729379962795, 6.437656502222553
0.003459599198396792, 0.8730358978847154, 8.259184703124122E-4, 17.133470057679006, 0.004130572258947307, 256.6370492426083, 245.1017730899238, 6.439339512193111
0.0034663326653306594, 0.8746582493152842, 8.275259671324185E-4, 17.389395792744835, 0.004166585043511084, 264.95832934324534, 252.9388890215565, 6.44102252216367
0.0034730661322645274, 0.8762806007458531, 8.291334639524249E-4, 17.652570016975005, 0.004203077694006074, 273.50684343647316, 260.9887637936859, 6.442705532134228
0.0034797995991983953, 0.877902952176422, 8.307409607724312E-4, 17.923294420035745, 0.00424006285422629, 282.2875026772076, 269.2559481501413, 6.444388542104787
0.0034865330661322633, 0.879525303606991, 8.323484575924376E-4, 18.201882929604835, 0.004277553683449842, 291.3052985813884, 277.7450664177008, 6.446071552075345
0.003493266533066131, 0.8811476550375598, 8.339559544124439E-4, 18.488662096064218, 0.004315563877258288, 300.5653039641204, 286.4608173538085, 6.447754562045904
0.0034999999999999983, 0.8827700064681286, 8.355634512324502E-4, 18.783971485925576, 0.004354107689060527, 310.07267388434593, 295.4079749999775, 6.449437572016462
