phi0, phi, rho, Z_fit_curve, F_ex_fit_per_V, mu_kT, PV_NkT, alpha
1.3999999999999996E-4, 0.03549020681615505, 3.342253804929801E-5, 1.0524902138141223, 2.4502919406428036E-6, -10.446384548575873, -0.08979472821262961, 6.328542592592593
1.467334669338677E-4, 0.03719731746175504, 3.503003486930433E-5, 1.0540602631202325, 2.655851963125919E-6, -10.358473427449887, 2.090233955080671E-4, 6.32857459189985
1.5346693386773545E-4, 0.03890442810735503, 3.663753168931065E-5, 1.055671291782741, 2.8679639460123266E-6, -10.273346575800955, 0.08344925201603313, 6.328606591207106
1.6020040080160316E-4, 0.04061153875295501, 3.824502850931696E-5, 1.0573350366728025, 3.086642302965857E-6, -10.190881125727579, 0.16066501692298946, 6.3286385905143625
1.669338677354709E-4, 0.042318649398555, 3.985252532932328E-5, 1.0590624838610063, 3.3119284272791197E-6, -10.110958670948609, 0.2324866309877187, 6.328670589821619
1.7366733466933862E-4, 0.044025760044154996, 4.14600221493296E-5, 1.0608638913895532, 3.543889160636422E-6, -10.033465159319615, 0.29945615581999696, 6.328702589128876
1.8040080160320636E-4, 0.045732870689754984, 4.3067518969335916E-5, 1.0627488116560175, 3.782615305939945E-6, -9.958290786825586, 0.36204332562795366, 6.328734588436133
1.871342685370741E-4, 0.04743998133535497, 4.4675015789342234E-5, 1.0647261134123365, 4.028220183470751E-6, -9.885329893041082, 0.4206580508739136, 6.328766587743389
1.9386773547094184E-4, 0.04914709198095497, 4.628251260934855E-5, 1.066804003382637, 4.280838229662849E-6, -9.814480858048979, 0.47566033296927407, 6.328798587050645
2.0060120240480956E-4, 0.05085420262655495, 4.7890009429354864E-5, 1.0689900475035037, 4.540623637775134E-6, -9.74564600080892, 0.5273681980387233, 6.328830586357902
2.073346693386773E-4, 0.052561313272154936, 4.949750624936118E-5, 1.0712911917902836, 4.807749039752829E-6, -9.678731478966585, 0.5760640998133248, 6.328862585665158
2.1406813627254502E-4, 0.054268423917754924, 5.11050030693675E-5, 1.073713782832984, 5.0824042285763554E-6, -9.613647190094955, 0.6220001284619399, 6.3288945849724145
2.2080160320641276E-4, 0.05597553456335492, 5.271249988937382E-5, 1.0762635879253433, 5.364794920402361E-6, -9.550306674358644, 0.665402280002548, 6.328926584279671
2.2753507014028047E-4, 0.0576826452089549, 5.431999670938013E-5, 1.0789458148306, 5.655141555808113E-6, -9.488627018592434, 0.7064739806521539, 6.328958583586927
2.3426853707414822E-4, 0.059389755854554895, 5.592749352938645E-5, 1.0817651311875043, 5.953678139456834E-6, -9.428528761785163, 0.7453990157845058, 6.328990582894185
2.4100200400801596E-4, 0.06109686650015488, 5.7534990349392766E-5, 1.0847256835600771, 6.260651117508298E-6, -9.36993580196009, 0.7823439797135611, 6.329022582201441
2.477354709418837E-4, 0.06280397714575488, 5.9142487169399084E-5, 1.0878311161346264, 6.576318292105213E-6, -9.31277530444281, 0.8174603372514989, 6.329054581508697
2.5446893787575144E-4, 0.06451108779135487, 6.07499839894054E-5, 1.0910845890674976, 6.9009477722725095E-6, -9.256977611507937, 0.8508861687392165, 6.329086580815954
2.612024048096192E-4, 0.06621819843695485, 6.235748080941172E-5, 1.094488796487039, 7.234816960573002E-6, -9.20247615339556, 0.8827476554626454, 6.32911858012321
2.679358717434869E-4, 0.06792530908255483, 6.396497762941803E-5, 1.0980459841532302, 7.578211574869261E-6, -9.14920736068876, 0.9131603509273177, 6.3291505794304665
2.7466933867735456E-4, 0.06963241972815482, 6.557247444942434E-5, 1.101757966778428, 7.93142470454796E-6, -9.0971105780431, 0.9422302745474416, 6.329182578737723
2.8140280561122236E-4, 0.0713394384473961, 6.717997126943068E-5, 1.1056261122182194, 8.294753697440382E-6, -9.046127979259483, 0.9700548573090266, 6.329214256310976
2.8813627254509005E-4, 0.07304610784647418, 6.878746808943698E-5, 1.1096513273358581, 8.668496901597654E-6, -8.996204483691185, 0.9967237634423595, 6.3292447112950185
2.948697394789578E-4, 0.07475277724555228, 7.03949649094433E-5, 1.113834355923219, 9.052972133019838E-6, -8.94728767397651, 1.0223196077491237, 6.329275166279061
3.0160320641282553E-4, 0.07645944664463039, 7.200246172944962E-5, 1.118175455051258, 9.448493160141142E-6, -8.899327715087933, 1.0469185847225686, 6.329305621263102
3.083366733466933E-4, 0.07816611604370849, 7.360995854945593E-5, 1.122674532383158, 9.85537689888509E-6, -8.852277274689044, 1.0705910227807722, 6.329336076247144
3.15070140280561E-4, 0.07987278544278659, 7.521745536946225E-5, 1.1273311615332204, 1.0273942662496105E-5, -8.806091444790273, 1.093401874657154, 6.3293665312311855
3.2180360721442876E-4, 0.08157945484186468, 7.682495218946857E-5, 1.1321445971105613, 1.0704511441502855E-5, -8.760727664694626, 1.1154111531449435, 6.329396986215228
3.285370741482965E-4, 0.08328612424094278, 7.843244900947489E-5, 1.1371137894509362, 1.1147405213219182E-5, -8.716145645224513, 1.1366743198856297, 6.32942744119927
3.3527054108216424E-4, 0.0849927936400209, 8.003994582948121E-5, 1.1422373990400057, 1.1602946280194805E-5, -8.672307294220813, 1.1572426336571713, 6.329457896183311
3.42004008016032E-4, 0.08669946303909899, 8.164744264948753E-5, 1.1475138106313443, 1.207145663703437E-5, -8.629176643305247, 1.1771634636021953, 6.329488351167353
3.487374749498997E-4, 0.08840613243817709, 8.325493946949384E-5, 1.15294114706247, 1.2553257365008816E-5, -8.586719775897274, 1.1964805719970615, 6.329518806151396
3.554709418837674E-4, 0.09011280183725519, 8.486243628950016E-5, 1.1585172827721661, 1.3048668053889829E-5, -8.54490475647657, 1.2152343704669415, 6.329549261135437
3.6220440881763516E-4, 0.0918194712363333, 8.646993310950648E-5, 1.1642398570223502, 1.3558006250443527E-5, -8.503701561082224, 1.2334621529721872, 6.329579716119479
3.689378757515029E-4, 0.0935261406354114, 8.80774299295128E-5, 1.1701062868277228, 1.4081586933025969E-5, -8.46308200903981, 1.2511983084070073, 6.32961017110352
3.756713426853706E-4, 0.09523281003448948, 8.96849267495191E-5, 1.176113779596432, 1.4619722011728635E-5, -8.423019695907426, 1.2684745152452015, 6.329640626087563
3.8240480961923833E-4, 0.09693947943356758, 9.129242356952542E-5, 1.1822593454849593, 1.5172719853528416E-5, -8.383489927631818, 1.2853199203257395, 6.329671081071605
3.891382765531061E-4, 0.09864614883264569, 9.289992038953175E-5, 1.188539809470413, 1.5740884831902045E-5, -8.344469655905776, 1.3017613035824598, 6.329701536055646
3.9587174348697376E-4, 0.10035281823172376, 9.450741720953804E-5, 1.1949518231434333, 1.6324516900371472E-5, -8.30593741471786, 1.317823230277626, 6.329731991039688
4.026052104208415E-4, 0.10205948763080186, 9.611491402954436E-5, 1.2014918762248512, 1.6923911189451434E-5, -8.267873258085604, 1.3335281920914521, 6.3297624460237305
4.0933867735470924E-4, 0.10376615702987997, 9.772241084955068E-5, 1.2081563078092699, 1.75393576264777E-5, -8.230258698963347, 1.3488967382428134, 6.329792901007772
4.16072144288577E-4, 0.10547282642895806, 9.9329907669557E-5, 1.2149413173387011, 1.8171140577799207E-5, -8.193076649315763, 1.3639475976651907, 6.329823355991814
4.2280561122244484E-4, 0.10717959808924205, 1.0093740448956334E-4, 1.2218424573056164, 1.881948622686767E-5, -8.15631136134831, 1.3786977931323705, 6.329850429315416
4.295390781563124E-4, 0.10888651291521413, 1.0254490130956963E-4, 1.228855444438636, 1.9484640208254156E-5, -8.119948369885602, 1.393162748117388, 6.329872768314401
4.3627254509018016E-4, 0.11059342774118626, 1.0415239812957595E-4, 1.235976836060077, 2.016693897013086E-5, -8.083974435888912, 1.4073563870721508, 6.329895107313387
4.430060120240479E-4, 0.11230034256715839, 1.0575989494958227E-4, 1.243202377447083, 2.0866641295175176E-5, -8.048377491103947, 1.4212912297327986, 6.329917446312373
4.4973947895791564E-4, 0.1140072573931305, 1.0736739176958859E-4, 1.2505277251520335, 2.158399893381831E-5, -8.013146583829913, 1.434978479984174, 6.3299397853113595
4.564729458917834E-4, 0.11571417221910263, 1.0897488858959491E-4, 1.257948456421594, 2.231925637009739E-5, -7.978271825801146, 1.4484281097546874, 6.329962124310345
4.6320641282565113E-4, 0.11742108704507476, 1.1058238540960123E-4, 1.2654600783673855, 2.3072650606416593E-5, -7.9437443401723, 1.461648938359216, 6.329984463309331
4.6993987975951887E-4, 0.11912800187104688, 1.1218988222960754E-4, 1.2730580368912903, 2.3844410966746918E-5, -7.9095562105983, 1.474648707660354, 6.330006802308317
4.766733466933866E-4, 0.12083491669701901, 1.1379737904961386E-4, 1.2807377253683994, 2.4634758917798273E-5, -7.875700431400147, 1.4874341533776374, 6.330029141307302
4.8340681362725436E-4, 0.12254183152299113, 1.1540487586962018E-4, 1.288494493090597, 2.544390790770476E-5, -7.842170858807735, 1.5000110728383491, 6.330051480306288
4.901402805611221E-4, 0.12424874634896325, 1.170123726896265E-4, 1.2963236534737608, 2.627206322176847E-5, -7.80896216327076, 1.5123843894321667, 6.330073819305274
4.968737474949898E-4, 0.12595566117493537, 1.1861986950963282E-4, 1.30422049203154, 2.7119421854813162E-5, -7.776069782828887, 1.524558214004233, 6.33009615830426
5.036072144288576E-4, 0.1276625760009075, 1.2022736632963914E-4, 1.3121802741186643, 2.7986172399703887E-5, -7.743489877532267, 1.5365359033971646, 6.330118497303245
5.103406813627253E-4, 0.12936949082687962, 1.2183486314964545E-4, 1.3201982524467095, 2.8872494951595707E-5, -7.711219284903578, 1.5483201163307938, 6.330140836302231
5.170741482965931E-4, 0.13107640565285175, 1.2344235996965177E-4, 1.3282696743752525, 2.9778561027477383E-5, -7.67925547643267, 1.5599128667899371, 6.330163175301217
5.238076152304608E-4, 0.13278332047882388, 1.250498567896581E-4, 1.3363897889813106, 3.070453350058454E-5, -7.647596515094934, 1.571315575073528, 6.3301855143002035
5.305410821643286E-4, 0.134490235304796, 1.266573536096644E-4, 1.3445538539099626, 3.1650566549259055E-5, -7.616241013884572, 1.5825291166437152, 6.330207853299189
5.372745490981962E-4, 0.1361971501307681, 1.282648504296707E-4, 1.352757142009027, 3.261680561983926E-5, -7.585188095353854, 1.5935538689005007, 6.330230192298175
5.440080160320638E-4, 0.1379040649567402, 1.2987234724967702E-4, 1.360994947750656, 3.3603387403169314E-5, -7.554437352149493, 1.6043897559956959, 6.330252531297161
5.507414829659317E-4, 0.13961097978271236, 1.3147984406968336E-4, 1.3692625934426972, 3.461043982432136E-5, -7.523988808537263, 1.6150362917897516, 6.330274870296146
5.574749498997993E-4, 0.14131789460868446, 1.3308734088968965E-4, 1.3775554352326607, 3.563808204513091E-5, -7.493842882906043, 1.6254926210455578, 6.330297209295132
5.64208416833667E-4, 0.14302485137142937, 1.3469483770969597E-4, 1.3858704842501623, 3.668664205752245E-5, -7.4640003512422535, 1.6357575589453734, 6.330327449590538
5.709418837675348E-4, 0.14473183329623793, 1.363023345297023E-4, 1.39420258554267, 3.775614811083731E-5, -7.4344623115660164, 1.6458296290092862, 6.330362430663795
5.776753507014025E-4, 0.14643881522104651, 1.379098313497086E-4, 1.4025462731399807, 3.884656606412306E-5, -7.40523014932002, 1.6557070994873082, 6.330397411737053
5.844088176352703E-4, 0.14814579714585507, 1.3951732816971493E-4, 1.4108970945398631, 3.995798059211077E-5, -7.376305503702319, 1.665388018291068, 6.330432392810311
5.91142284569138E-4, 0.14985277907066363, 1.4112482498972124E-4, 1.4192506580866904, 4.1090467797513E-5, -7.347690234934002, 1.6748702465260692, 6.330467373883568
5.978757515030058E-4, 0.1515597609954722, 1.4273232180972756E-4, 1.4276026377896802, 4.224409528231129E-5, -7.31938639245315, 1.6841514906801978, 6.330502354956826
6.046092184368735E-4, 0.15326674292028078, 1.4433981862973388E-4, 1.4359487779531621, 4.3418922229197966E-5, -7.2913961840259445, 1.693229333520389, 6.330537336030083
6.113426853707412E-4, 0.15497372484508934, 1.459473154497402E-4, 1.4442848976215836, 4.4614999492810324E-5, -7.263721945766197, 1.7021012637451867, 6.330572317103341
6.18076152304609E-4, 0.1566807067698979, 1.4755481226974652E-4, 1.4526068948419673, 4.5832369700403345E-5, -7.236366113054351, 1.7107647044375152, 6.330607298176599
6.248096192384767E-4, 0.15838768869470649, 1.4916230908975284E-4, 1.4609107507464965, 4.707106736161284E-5, -7.209331192347167, 1.7192170403588505, 6.330642279249856
6.315430861723445E-4, 0.16009467061951504, 1.5076980590975915E-4, 1.4691925334579006, 4.833111898696158E-5, -7.182619733869117, 1.7274556441231033, 6.330677260323114
6.382765531062122E-4, 0.1618016525443236, 1.5237730272976547E-4, 1.477448401820325, 4.9612543214771476E-5, -7.156234305176679, 1.7354779012859705, 6.3307122413963715
6.4501002004008E-4, 0.1635086344691322, 1.539847995497718E-4, 1.4856746089582864, 5.091535094614535E-5, -7.130177465586655, 1.7432812343831596, 6.330747222469629
6.517434869739476E-4, 0.16521561639394072, 1.5559229636977808E-4, 1.4938675056663844, 5.223954548768898E-5, -7.1044517414595685, 1.7508631259487768, 6.330782203542887
6.584769539078154E-4, 0.1669225983187493, 1.5719979318978443E-4, 1.5020235436323606, 5.358512270164837E-5, -7.079059602329417, 1.7582211405431714, 6.330817184616144
6.652104208416831E-4, 0.16862958024355784, 1.5880729000979072E-4, 1.510139278496116, 5.495207116314178E-5, -7.054003437870711, 1.7653529458180308, 6.330852165689402
6.719438877755509E-4, 0.17033656216836646, 1.6041478682979706E-4, 1.5182113727472721, 5.634037232417167E-5, -7.029285535694124, 1.772256332644481, 6.3308871467626595
6.786773547094186E-4, 0.172043544093175, 1.6202228364980335E-4, 1.5262365984638375, 5.7750000684105355E-5, -7.004908059961649, 1.7789292343290903, 6.330922127835916
6.854108216432863E-4, 0.17375052601798358, 1.6362978046980967E-4, 1.5342118398945628, 5.9180923966318765E-5, -6.980873030812612, 1.785369744940761, 6.330957108909174
6.92144288577154E-4, 0.17545750794279213, 1.65237277289816E-4, 1.5421340958874865, 6.063310330070196E-5, -6.95718230459162, 1.7915761367705645, 6.3309920899824315
6.988777555110218E-4, 0.1771644898676007, 1.668447741098223E-4, 1.5500004821672506, 6.210649341173083E-5, -6.933837554869405, 1.7975468769457286, 6.331027071055689
7.056112224448896E-4, 0.1788711450621049, 1.6845227092982865E-4, 1.557814122585029, 6.360203484768228E-5, -6.910840254247843, 1.803280643217483, 6.331085080077849
7.123446893787572E-4, 0.1805777349105482, 1.7005976774983494E-4, 1.565567785399027, 6.511891836523493E-5, -6.888191656940303, 1.8087763389417788, 6.331147694689789
7.190781563126249E-4, 0.18228432475899153, 1.7166726456984126E-4, 1.5732577825921525, 6.665688666937968E-5, -6.865892782118323, 1.8140331072711684, 6.331210309301729
7.258116232464926E-4, 0.18399091460743483, 1.7327476138984758E-4, 1.5808817172372114, 6.821587149745098E-5, -6.843944398015809, 1.8190503445752324, 6.331272923913669
7.325450901803604E-4, 0.18569750445587815, 1.748822582098539E-4, 1.5884373184887293, 6.979579919519748E-5, -6.822347006781931, 1.8238277131061515, 6.331335538525609
7.392785571142281E-4, 0.18740409430432148, 1.7648975502986022E-4, 1.595922443004997, 7.139659093228087E-5, -6.8011008300736995, 1.8283651529256244, 6.331398153137549
7.460120240480959E-4, 0.18911068415276477, 1.7809725184986654E-4, 1.6033350762361285, 7.301816292139463E-5, -6.780205795379519, 1.832662893108393, 6.331460767749489
7.527454909819636E-4, 0.1908172740012081, 1.7970474866987285E-4, 1.6106733335805978, 7.466042664074211E-5, -6.759661523064687, 1.8367214622374557, 6.331523382361429
7.594789579158312E-4, 0.1925238638496514, 1.8131224548987915E-4, 1.61793546141259, 7.63232890596205E-5, -6.739467314130147, 1.8405416982051952, 6.331585996973369
7.662124248496991E-4, 0.19423045369809472, 1.829197423098855E-4, 1.6251198379826166, 7.800665286685735E-5, -6.719622138675376, 1.84412475733447, 6.331648611585309
7.729458917835667E-4, 0.19593704354653801, 1.8452723912989178E-4, 1.6322249741936736, 7.971041670185463E-5, -6.700124625056788, 1.8474721228331326, 6.331711226197249
7.796793587174346E-4, 0.19764363339498137, 1.8613473594989813E-4, 1.6392495142554107, 8.143447538799941E-5, -6.680973049732577, 1.8505856125950109, 6.331773840809189
7.864128256513023E-4, 0.1993502232434247, 1.8774223276990445E-4, 1.6461922362185453, 8.317872016819974E-5, -6.662165327785289, 1.8534673863601439, 6.331836455421129
7.9314629258517E-4, 0.20105681309186796, 1.8934972958991074E-4, 1.653052052391916, 8.494303894231617E-5, -6.643699004113054, 1.8561199522467526, 6.331899070033069
7.998797595190378E-4, 0.2027634029403113, 1.9095722640991708E-4, 1.6598280096444544, 8.672731650625813E-5, -6.62557124528086, 1.8585461726667738, 6.331961684645009
8.066132264529054E-4, 0.2044699927887546, 1.9256472322992337E-4, 1.6665192895943697, 8.853143479252017E-5, -6.6077788320227056, 1.8607492696371133, 6.332024299256949
8.133466933867733E-4, 0.20617658263719796, 1.9417222004992972E-4, 1.6731252086878576, 9.035527311193797E-5, -6.5903181523860965, 1.8627328294977132, 6.332086913868889
8.200801603206409E-4, 0.20788317248564123, 1.95779716869936E-4, 1.6796452181695662, 9.219870839644675E-5, -6.573185195509562, 1.8645008070482512, 6.332149528480829
8.268136272545087E-4, 0.20958976233408455, 1.9738721368994233E-4, 1.6860789039470818, 9.406161544263343E-5, -6.556375546024849, 1.8660575291139259, 6.332212143092769
8.335470941883765E-4, 0.2112963521825279, 1.9899471050994867E-4, 1.6924259863516935, 9.594386715586813E-5, -6.539884379074335, 1.8674076975518277, 6.332274757704709
8.402805611222442E-4, 0.21300295270226371, 2.0060220732995496E-4, 1.698685996478331, 9.784526993625545E-5, -6.523706455935545, 1.8685563917076675, 6.3323363110995645
8.470140280561119E-4, 0.214709798661728, 2.0220970414996128E-4, 1.704851744459538, 9.976424063524865E-5, -6.507836120242912, 1.8695090703344477, 6.33237345650148
8.537474949899796E-4, 0.2164166446211923, 2.038172009699676E-4, 1.7109307280895907, 1.017021152618817E-4, -6.4922672947988165, 1.8702715729823243, 6.332410601903394
8.604809619238473E-4, 0.2181234905806566, 2.0542469778997392E-4, 1.7169232009989692, 1.0365876100046485E-4, -6.476993478964614, 1.8708501208703214, 6.332447747305309
8.67214428857715E-4, 0.2198303365401209, 2.0703219460998024E-4, 1.7228295485668483, 1.0563404436648103E-4, -6.462007746622633, 1.87125131724994, 6.332484892707224
8.739478957915828E-4, 0.22153718249958518, 2.0863969142998655E-4, 1.7286502871056062, 1.0762783145008157E-4, -6.447302744700664, 1.8714821472701562, 6.332522038109138
8.806813627254505E-4, 0.22324402845904948, 2.1024718824999287E-4, 1.7343860629568708, 1.0963998815882533E-4, -6.432870692249761, 1.871549977353856, 6.332559183511053
8.874148296593182E-4, 0.22495087441851377, 2.118546850699992E-4, 1.740037651501171, 1.1167038045948266E-4, -6.418703380066615, 1.8714625540950665, 6.332596328912968
8.94148296593186E-4, 0.22665772037797807, 2.134621818900055E-4, 1.7456059560833879, 1.1371887461873639E-4, -6.404792170851419, 1.871228002686912, 6.332633474314883
9.008817635270536E-4, 0.22836456633744234, 2.150696787100118E-4, 1.7510920068559788, 1.1578533744260976E-4, -6.39112799989286, 1.870854824888832, 6.332670619716797
9.076152304609215E-4, 0.23007141229690664, 2.1667717553001815E-4, 1.756496959542231, 1.1786963651445461E-4, -6.377701376270799, 1.8703518965432466, 6.3327077651187125
9.143486973947892E-4, 0.23177825825637094, 2.1828467235002446E-4, 1.7618220941213623, 1.1997164043135256E-4, -6.364502384567844, 1.869728464650627, 6.332744910520627
9.21082164328657E-4, 0.23348510421583524, 2.1989216917003078E-4, 1.7670688134378003, 1.2209121903875052E-4, -6.351520687081478, 1.8689941440115254, 6.332782055922542
9.278156312625247E-4, 0.23519195017529954, 2.214996659900371E-4, 1.7722386417364122, 1.242282436632048E-4, -6.338745526527089, 1.868158913445517, 6.332819201324456
9.345490981963923E-4, 0.23689879613476378, 2.231071628100434E-4, 1.7773332231259062, 1.2638258734306294E-4, -6.326165729223771, 1.8672331115951146, 6.332856346726372
9.412825651302602E-4, 0.2386056420942281, 2.2471465963004974E-4, 1.7823543199722933, 1.2855412505695244E-4, -6.313769708753281, 1.8662274323244494, 6.332893492128286
9.480160320641278E-4, 0.24031248805369237, 2.2632215645005603E-4, 1.7873038112244377, 1.3074273394992925E-4, -6.301545470083951, 1.8651529197207366, 6.332930637530201
9.547494989979956E-4, 0.24201933401315667, 2.2792965327006235E-4, 1.792183690673673, 1.3294829355714962E-4, -6.2894806141503565, 1.8640209627077469, 6.332967782932116
9.614829659318634E-4, 0.243726179972621, 2.295371500900687E-4, 1.7969960651494665, 1.3517068602493485E-4, -6.277562342879773, 1.8628432892799978, 6.33300492833403
9.68216432865731E-4, 0.24543302593208527, 2.3114464691007498E-4, 1.8017431526530203, 1.374097963290932E-4, -6.265777464656847, 1.8616319603660811, 6.333042073735945
9.749498997995988E-4, 0.24713987189154954, 2.327521437300813E-4, 1.8064272804308121, 1.396655124903759E-4, -6.254112400217139, 1.8603993633302036, 6.3330792191378595
9.816833667334664E-4, 0.2488464743993004, 2.3435964055008762E-4, 1.8110527310328206, 1.4193815889361312E-4, -6.242553188961397, 1.859158205119746, 6.333121555291648
9.884168336673342E-4, 0.250552346551911, 2.3596713737009394E-4, 1.815625803790843, 1.4422852633913478E-4, -6.231085495680919, 1.8579215050681541, 6.33317946370106
9.951503006012021E-4, 0.25225821870452164, 2.3757463419010028E-4, 1.8201436355424407, 1.465352321984339E-4, -6.219694617685662, 1.8567025873611, 6.333237372110472
0.0010018837675350696, 0.2539640908571322, 2.3918213101010657E-4, 1.824608970120054, 1.4885817925629503E-4, -6.208365492325637, 1.85551507317502, 6.333295280519883
0.0010086172344689374, 0.2556699630097428, 2.407896278301129E-4, 1.8290246501343015, 1.5119727437259972E-4, -6.197082704897803, 1.8543728724951425, 6.333353188929295
0.0010153507014028051, 0.2573758351623534, 2.423971246501192E-4, 1.8333936147267282, 1.5355242867813468E-4, -6.185830496928022, 1.853290175623233, 6.333411097338706
0.0010220841683366729, 0.259081707314964, 2.4400462147012553E-4, 1.8377188972756424, 1.5592355776675065E-4, -6.174592774821048, 1.8522814443812903, 6.3334690057481176
0.0010288176352705406, 0.2607875794675746, 2.4561211829013185E-4, 1.8420036230567276, 1.5831058188376477E-4, -6.163353118867676, 1.85136140302163, 6.333526914157529
0.0010355511022044086, 0.2624934516201852, 2.472196151101382E-4, 1.8462510068603504, 1.6071342611052763E-4, -6.152094792601828, 1.8505450288501062, 6.333584822566941
0.001042284569138276, 0.26419932377279576, 2.488271119301445E-4, 1.8504643505672946, 1.6313202054504578E-4, -6.140800752498036, 1.8498475425710172, 6.3336427309763526
0.001049018036072144, 0.2659051959254064, 2.5043460875015083E-4, 1.8546470406847575, 1.6556630047858648E-4, -6.129453658000315, 1.8492843983624323, 6.333700639385763
0.0010557515030060116, 0.26761106807801693, 2.520421055701571E-4, 1.8588025458442268, 1.6801620656817096E-4, -6.11803588187352, 1.8488712736901574, 6.333758547795175
0.0010624849699398793, 0.2693169402306275, 2.536496023901634E-4, 1.8629344142631696, 1.7048168500487427E-4, -6.106529520869221, 1.8486240588672278, 6.333816456204587
0.001069218436873747, 0.2710228123832381, 2.5525709921016976E-4, 1.8670462711721187, 1.729626876778618E-4, -6.094916406695369, 1.848558846369484, 6.333874364613998
0.0010759519038076148, 0.2727286845358487, 2.5686459603017605E-4, 1.8711418162089681, 1.7545917233407612E-4, -6.083178117283326, 1.8486919199125007, 6.33393227302341
0.0010826853707414826, 0.27443455668845934, 2.584720928501824E-4, 1.8752248207820512, 1.7797110273351017E-4, -6.0712959883409425, 1.8490397433006605, 6.333990181432821
0.0010894188376753505, 0.27614042884106993, 2.6007958967018874E-4, 1.879299125403861, 1.80498448799997E-4, -6.059251125184783, 1.8496189490544386, 6.334048089842232
0.001096152304609218, 0.2778463009936805, 2.6168708649019503E-4, 1.883368636996978, 1.8304118676744466E-4, -6.0470244148412196, 1.8504463268253342, 6.334105998251644
0.001102885771543086, 0.27955217314629116, 2.632945833102014E-4, 1.8874373261737807, 1.85599299321462E-4, -6.034596538408294, 1.8515388116059797, 6.334163906661056
0.0011096192384769535, 0.2812580452989017, 2.6490208013020766E-4, 1.891509224491866, 1.8817277573630984E-4, -6.021947983669296, 1.8529134717432383, 6.334221815070467
0.001116352705410821, 0.2829639174515123, 2.6650957695021396E-4, 1.895588421686451, 1.907616120071249E-4, -6.009059057949246, 1.8545874967627423, 6.334279723479878
0.001123086172344689, 0.284669990348598, 2.681170737702203E-4, 1.899678195249512, 1.933655783503786E-4, -5.995909901204973, 1.8565781850131164, 6.334335502548304
0.0011298196392785565, 0.2863763004891543, 2.697245705902266E-4, 1.9037825685340954, 1.959846333694175E-4, -5.982480499340573, 1.8589029311370433, 6.334388765122836
0.0011365531062124245, 0.28808261062971063, 2.7133206741023294E-4, 1.9079068082154156, 1.9861906548847047E-4, -5.968750697738971, 1.8615792133781006, 6.334442027697367
0.001143286573146292, 0.2897889207702669, 2.7293956423023923E-4, 1.9120552086619713, 2.0126889870191172E-4, -5.954700215000752, 1.86462458073075, 6.334495290271899
0.00115002004008016, 0.29149523091082324, 2.745470610502456E-4, 1.9162321082955094, 2.0393416431340597E-4, -5.940308656881421, 1.868056639941842, 6.334548552846432
0.0011567535070140275, 0.2932015410513795, 2.7615455787025186E-4, 1.9204418867197972, 2.066149010387469E-4, -5.925555530418348, 1.8718930423713482, 6.334601815420964
0.0011634869739478952, 0.2949078511919358, 2.7776205469025816E-4, 1.9246889618375929, 2.0931115510365678E-4, -5.9104202582381085, 1.8761514707205516, 6.334655077995495
0.001170220440881763, 0.29661416133249213, 2.793695515102645E-4, 1.9289777869571092, 2.1202298033651243E-4, -5.894882193036215, 1.8808496256350722, 6.334708340570027
0.001176953907815631, 0.29832047147304847, 2.8097704833027085E-4, 1.9333128478899064, 2.147504382559614E-4, -5.878920632218939, 1.8860052121918467, 6.3347616031445595
0.0011836873747494985, 0.30002678161360474, 2.8258454515027714E-4, 1.937698660041087, 2.1749359815342856E-4, -5.862514832700081, 1.891635926276359, 6.334814865719092
0.0011904208416833662, 0.301733091754161, 2.8419204197028343E-4, 1.942139765493934, 2.2025253717044982E-4, -5.845644025842359, 1.8977594408597058, 6.334868128293623
0.0011971543086172337, 0.3034394018947173, 2.857995387902897E-4, 1.9466407300898534, 2.2302734037084874E-4, -5.828287432535389, 1.904393392182019, 6.334921390868155
0.001203887775551102, 0.3051457120352737, 2.874070356102961E-4, 1.9512061405054697, 2.2581810080769788E-4, -5.810424278400863, 1.9115553658514344, 6.334974653442687
0.0012106212424849694, 0.30685202217582996, 2.890145324303024E-4, 1.9558406013280714, 2.286249195851011E-4, -5.792033809116565, 1.9192628828653104, 6.33502791601722
0.0012173547094188372, 0.30855833231638624, 2.906220292503087E-4, 1.9605487321309252, 2.3144790591472314E-4, -5.773095305850036, 1.9275333855624435, 6.335081178591752
0.001224088176352705, 0.3102646424569426, 2.9222952607031505E-4, 1.9653351645498718, 2.3428717716710246E-4, -5.75358810079256, 1.9363842235142286, 6.335134441166283
0.0012308216432865727, 0.31197095259749885, 2.9383702289032134E-4, 1.9702045393624266, 2.3714285891772538E-4, -5.733491592786332, 1.9458326393612078, 6.335187703740815
0.0012375551102204404, 0.3136772627380552, 2.954445197103277E-4, 1.9751615035709187, 2.400150849878385E-4, -5.712785263033204, 1.9558957546054423, 6.3352409663153475
0.0012442885771543081, 0.31538357287861146, 2.97052016530334E-4, 1.980210707491055, 2.4290399748002673E-4, -5.691448690878326, 1.9665905553645693, 6.33529422888988
0.0012510220440881759, 0.3170898830191678, 2.986595133503403E-4, 1.985356801847003, 2.458097468085251E-4, -5.669461569659752, 1.9779338780951399, 6.335347491464411
0.0012577555110220434, 0.3187961931597241, 3.002670101703466E-4, 1.990604434874585, 2.4873249172430455E-4, -5.646803722613035, 1.989942395295822, 6.335400754038943
0.0012644889779559112, 0.3205019095590208, 3.018745069903529E-4, 1.9959626552080443, 2.516737293258507E-4, -5.623455118824926, 2.0026326011944717, 6.335463616719036
0.0012712224448897791, 0.32220732908768784, 3.034820038103593E-4, 2.0014339534310404, 2.546330056661251E-4, -5.599395889224412, 2.016020797430876, 6.335531279451909
0.0012779559118236469, 0.3239127486163548, 3.050895006303656E-4, 2.0070207619219373, 2.576098470266878E-4, -5.574606342604933, 2.0301230787391757, 6.335598942184783
0.0012846893787575144, 0.3256181681450217, 3.066969974503719E-4, 2.012727690204125, 2.6060444599329134E-4, -5.549066981666354, 2.0449553186414775, 6.335666604917656
0.0012914228456913821, 0.32732358767368863, 3.083044942703782E-4, 2.0185593309937526, 2.6361700353534515E-4, -5.52275851906943, 2.060533155158005, 6.335734267650529
0.0012981563126252499, 0.3290290072023556, 3.099119910903845E-4, 2.02452025737771, 2.66647728999666E-4, -5.495661893494053, 2.076871976541926, 6.335801930383402
0.0013048897795591176, 0.33073442673102255, 3.115194879103908E-4, 2.030615020008751, 2.6969684009907796E-4, -5.467758285690878, 2.0939869070482935, 6.335869593116276
0.0013116232464929854, 0.33243984625968953, 3.1312698473039716E-4, 2.036848144318416, 2.727645628958859E-4, -5.439029134519414, 2.111892792742525, 6.335937255849149
0.0013183567134268533, 0.3341452657883565, 3.147344815504035E-4, 2.0432241277494936, 2.758511317801955E-4, -5.409456152961438, 2.1306041873591375, 6.336004918582022
0.0013250901803607208, 0.33585068531702345, 3.163419783704098E-4, 2.0497474370085826, 2.789567894431792E-4, -5.379021344103296, 2.15013533821552, 6.3360725813148955
0.0013318236472945886, 0.3375561048456904, 3.179494751904161E-4, 2.0564225053405822, 2.8208178684523746E-4, -5.347707017076418, 2.170500172190933, 6.336140244047769
0.0013385571142284563, 0.33926152437435736, 3.1955697201042243E-4, 2.0632537298256928, 2.8522638317915125E-4, -5.3154958029481865, 2.191712281777128, 6.3362079067806425
0.0013452905811623243, 0.34096694390302434, 3.211644688304288E-4, 2.070245468700431, 2.8839084582822205E-4, -5.282370670553234, 2.2137849112096855, 6.336275569513515
0.0013520240480961918, 0.3426723634316913, 3.2277196565043507E-4, 2.0774020387036223, 2.915754503194492E-4, -5.248314942257623, 2.236730942686458, 6.336343232246389
0.0013587575150300595, 0.3443777829603582, 3.2437946247044136E-4, 2.0847277124484425, 2.9478048027175923E-4, -5.213312309646331, 2.2605628826816724, 6.336410894979262
0.0013654909819639273, 0.3460832024890252, 3.259869592904477E-4, 2.0922267158217833, 2.980062273393705E-4, -5.177346849124371, 2.285292848364494, 6.336478557712135
0.001372224448897795, 0.3477886220176921, 3.27594456110454E-4, 2.0999032254117553, 3.0125299115028533E-4, -5.140403037424494, 2.310932554127765, 6.336546220445008
0.0013789579158316626, 0.34949404154635905, 3.292019529304603E-4, 2.107761365964641, 3.045210792399741E-4, -5.102465767011303, 2.3374932982359415, 6.336613883177882
0.0013856913827655307, 0.3511994610750261, 3.308094497504667E-4, 2.115805207872205, 3.078108069803074E-4, -5.063520361372961, 2.364985949600485, 6.336681545910755
0.0013924248496993983, 0.352904880603693, 3.32416946570473E-4, 2.1240387646904764, 3.1112249750376593E-4, -5.023552590192018, 2.3934209346898374, 6.336749208643628
0.001399158316633266, 0.35461030013235995, 3.3402444339047927E-4, 2.1324659906907666, 3.144564816229825E-4, -4.982548684386273, 2.4228082245816935, 6.336816871376501
0.0014058917835671335, 0.35631670127219106, 3.3563194021048556E-4, 2.14110397779562, 3.178175278695294E-4, -4.940495351011171, 2.453157322165377, 6.336910390760949
0.0014126252505010013, 0.35802324264218854, 3.372394370304919E-4, 2.149945376971983, 3.2120227630858553E-4, -4.897379788013801, 2.48447724950355, 6.337007603952765
0.0014193587174348692, 0.359729784012186, 3.3884693385049825E-4, 2.158992073753375, 3.246104541582934E-4, -4.853189698831303, 2.516776535358123, 6.3371048171445805
0.0014260921843687368, 0.3614363253821834, 3.4045443067050454E-4, 2.1682477614793365, 3.28042422760339E-4, -4.807913306823558, 2.5500632028909496, 6.337202030336396
0.0014328256513026047, 0.3631428667521809, 3.420619274905109E-4, 2.177716062481891, 3.31498550666191E-4, -4.761539369530459, 2.584344757546764, 6.337299243528212
0.0014395591182364722, 0.3648494081221783, 3.436694243105172E-4, 2.1874005258519524, 3.349792135297792E-4, -4.714057192748427, 2.619628175123413, 6.337396456720028
0.00144629258517034, 0.3665559494921757, 3.4527692113052347E-4, 2.1973046252449624, 3.384847939958973E-4, -4.665456644412193, 2.6559198900415755, 6.337493669911844
0.0014530260521042077, 0.36826249086217316, 3.468844179505298E-4, 2.20743175672642, 3.420156815843904E-4, -4.615728168277761, 2.693225783817734, 6.337590883103659
0.0014597595190380757, 0.36996903223217065, 3.4849191477053616E-4, 2.2177852366586146, 3.455722725702276E-4, -4.564862797394936, 2.731551173750162, 6.337688096295475
0.0014664929859719432, 0.3716755736021681, 3.5009941159054245E-4, 2.2283682996288814, 3.4915496985947063E-4, -4.512852167360051, 2.770900801826915, 6.33778530948729
0.001473226452905811, 0.37338211497216545, 3.5170690841054874E-4, 2.2391840964209133, 3.5276418286125905E-4, -4.459688529343671, 2.8112788238594937, 6.337882522679106
0.0014799599198396787, 0.37508865634216293, 3.533144052305551E-4, 2.250235692029311, 3.5640032735583915E-4, -4.405364762878798, 2.8526887988558256, 6.337979735870921
0.0014866933867735467, 0.3767951977121604, 3.5492190205056143E-4, 2.2615260637186676, 3.600638253587557E-4, -4.349874388406871, 2.89513367863404, 6.338076949062737
0.0014934268537074142, 0.37850173908215784, 3.565293988705677E-4, 2.27305809912776, 3.637551049812385E-4, -4.2932115795669485, 2.9386157976904728, 6.338174162254553
0.001500160320641282, 0.3802082804521552, 3.58136895690574E-4, 2.2848345944195776, 3.6747460028687117E-4, -4.235371175224182, 2.98313686332535, 6.338271375446369
0.0015068937875751497, 0.3819148218221527, 3.5974439251058036E-4, 2.296858252478623, 3.712227511446453E-4, -4.176348691224346, 3.0286979460370733, 6.338368588638184
0.0015136272545090174, 0.3836213631921501, 3.6135188933058665E-4, 2.3091316811550553, 3.750000030784293E-4, -4.116140331869367, 3.0752994701906293, 6.33846580183
0.001520360721442885, 0.3853279045621475, 3.6295938615059294E-4, 2.3216573915578245, 3.7880680711297485E-4, -4.054743001101374, 3.1229412049699006, 6.3385630150218155
0.001527094188376753, 0.38703444593214503, 3.6456688297059934E-4, 2.3344377963962777, 3.826436196165382E-4, -3.992154313391053, 3.1716222556184404, 6.338660228213631
0.0015338276553106206, 0.38874098730214246, 3.6617437979060563E-4, 2.347475208371747, 3.865109021401585E-4, -3.9283726043139766, 3.221341054983072, 6.338757441405447
0.0015405611222444884, 0.3904473878303364, 3.677818766106119E-4, 2.360771223095236, 3.9040889487494906E-4, -3.8633969408165103, 3.27209535535772, 6.338853554908172
0.001547294589178356, 0.3921522390986924, 3.693893734306182E-4, 2.374321758179788, 3.943357795877691E-4, -3.7972271311510246, 3.3238822206471035, 6.338937571830907
0.0015540280561122239, 0.3938570903670484, 3.7099687025062456E-4, 2.3881355581398465, 3.9829450044218486E-4, -3.729863734481696, 3.3766980188473146, 6.33902158875364
0.0015607615230460916, 0.3955619416354044, 3.726043670706309E-4, 2.4022145205757064, 4.022855377345428E-4, -3.661308070143896, 3.43053841485973, 6.339105605676375
0.0015674949899799591, 0.3972667929037604, 3.742118638906372E-4, 2.4165604358090955, 4.0630937609373145E-4, -3.591562226553598, 3.4853983636405657, 6.3391896225991085
0.001574228456913827, 0.39897164417211645, 3.7581936071064354E-4, 2.431174985587491, 4.103665043023846E-4, -3.520629069755755, 3.541272103695391, 6.339273639521843
0.0015809619238476946, 0.4006764954404724, 3.7742685753064983E-4, 2.4460597418435612, 4.144574151154296E-4, -3.448512251604202, 3.5981531509264983, 6.339357656444577
0.0015876953907815624, 0.40238134670882836, 3.790343543506561E-4, 2.461216165509469, 4.185826050760377E-4, -3.375216217560746, 3.6560342928423, 6.339441673367311
0.00159442885771543, 0.40408619797718437, 3.8064185117066247E-4, 2.476645605386489, 4.2274257432903446E-4, -3.3007462141089396, 3.714907583134181, 6.339525690290045
0.001601162324649298, 0.4057910492455404, 3.822493479906688E-4, 2.4923492970715113, 4.269378264319491E-4, -3.2251082957713946, 3.7747643366294863, 6.339609707212779
0.0016078957915831656, 0.4074959005138964, 3.838568448106751E-4, 2.5083283619400376, 4.3116886816367143E-4, -3.148309331722424, 3.8355951246281426, 6.339693724135513
0.0016146292585170333, 0.40920075178225235, 3.854643416306814E-4, 2.524583806186487, 4.354362093309792E-4, -3.07035701198461, 3.8973897706336977, 6.339777741058247
0.001621362725450901, 0.41090560305060836, 3.8707183845068774E-4, 2.541116519922543, 4.3974036257291645E-4, -2.991259853205905, 3.960137346480241, 6.339861757980981
0.0016280961923847688, 0.4126104543189643, 3.8867933527069403E-4, 2.557927276334035, 4.4408184316313223E-4, -2.911027204002546, 4.023826168869365, 6.339945774903716
0.0016348296593186365, 0.4143153055873204, 3.902868320907004E-4, 2.575016730896434, 4.484611688103367E-4, -2.8296692498632794, 4.088443796320741, 6.340029791826449
0.0016415631262525045, 0.4160201568556764, 3.918943289107067E-4, 2.5923854206504915, 4.5287885945691263E-4, -2.7471970176015823, 4.153977026547887, 6.340113808749184
0.001648296593186372, 0.41772500812403235, 3.93501825730713E-4, 2.6100337635367783, 4.573354370758891E-4, -2.6636223793540013, 4.220411894260466, 6.340197825671917
0.0016550300601202398, 0.4194298593923883, 3.951093225507193E-4, 2.6279620577917404, 4.6183142546620735E-4, -2.5789580561055794, 4.2877336694106685, 6.340281842594652
0.0016617635270541073, 0.42113471066074426, 3.967168193707256E-4, 2.646170481403786, 4.6636735004657287E-4, -2.4932176207454178, 4.355926855880167, 6.3403658595173855
0.0016684969939879755, 0.4228395619291004, 3.98324316190732E-4, 2.6646590916308615, 4.7094373764787836E-4, -2.4064155006315566, 4.424975190626156, 6.34044987644012
0.001675230460921843, 0.42454441319745634, 3.999318130107383E-4, 2.6834278245803134, 4.755611163043606E-4, -2.3185669796674175, 4.494861643284888, 6.340533893362854
0.0016819639278557107, 0.42624896737655976, 4.015393098307446E-4, 2.702484495261219, 4.8022322752316914E-4, -2.2296881998715716, 4.565568416247518, 6.3406309947673085
0.0016886973947895785, 0.4279528000531927, 4.031468066507509E-4, 2.7218403686591808, 4.849353049886667E-4, -2.13979616243726, 4.637076945213754, 6.340759872770228
0.0016954308617234462, 0.42965663272982557, 4.047543034707572E-4, 2.7414756644132083, 4.896901410222359E-4, -2.0489087282732243, 4.709367900227194, 6.340888750773147
0.001702164328657314, 0.4313604654064585, 4.0636180029076356E-4, 2.7613898310913596, 4.944882674381445E-4, -1.9570446180126018, 4.7824211872075875, 6.341017628776067
0.0017088977955911817, 0.4330642980830914, 4.0796929711076985E-4, 2.7815821949474104, 4.993302161943841E-4, -1.8642234114862535, 4.85621594998045, 6.341146506778986
0.0017156312625250495, 0.4347681307597243, 4.095767939307762E-4, 2.80205195987865, 5.042165191784161E-4, -1.7704655466456662, 4.930730572819096, 6.3412753847819054
0.0017223647294589172, 0.4364719634363572, 4.111842907507825E-4, 2.8227982074479527, 5.091477079923871E-4, -1.6757923179347434, 5.005942683497702, 6.341404262784825
0.0017290981963927847, 0.43817579611299007, 4.127917875707888E-4, 2.843819896970211, 5.141243137379808E-4, -1.5802258740912627, 5.081829156874109, 6.341533140787744
0.0017358316633266525, 0.439879628789623, 4.143992843907951E-4, 2.8651158656640883, 5.19146866800918E-4, -1.483789215380554, 5.158366118998796, 6.3416620187906645
0.0017425651302605204, 0.44158346146625593, 4.1600678121080147E-4, 2.886684828868776, 5.24215896635354E-4, -1.386506190242593, 5.2355289517669785, 6.341790896793584
0.001749298597194388, 0.4432872941428888, 4.1761427803080776E-4, 2.9085253803258553, 5.293319315481702E-4, -1.2884014913479225, 5.313292298118412, 6.341919774796503
0.0017560320641282557, 0.4449911268195217, 4.1922177485081405E-4, 2.930635992527111, 5.344954984833799E-4, -1.1895006510563921, 5.39163006778893, 6.342048652799423
0.0017627655310621234, 0.4466949594961546, 4.208292716708204E-4, 2.9530150171284957, 5.397071228066478E-4, -1.0898300362629258, 5.470515443628269, 6.342177530802342
0.0017694989979959912, 0.4483987921727875, 4.224367684908267E-4, 2.9756606854297587, 5.449673280901695E-4, -0.9894168426273856, 5.549920888487705, 6.342306408805261
0.001776232464929859, 0.45010262484942043, 4.2404426531083303E-4, 2.9985711089203946, 5.502766358978954E-4, -0.8882890881786503, 5.629818152683569, 6.342435286808181
0.0017829659318637269, 0.45180645752605336, 4.256517621308394E-4, 3.0217442798926353, 5.556355655713992E-4, -0.7864756062793226, 5.710178282051195, 6.3425641648111
0.0017896993987975944, 0.45351029020268624, 4.2725925895084567E-4, 3.0451780721207964, 5.61044634016222E-4, -0.6840060379504985, 5.790971626588635, 6.34269304281402
0.0017964328657314621, 0.4552141228793191, 4.2886675577085196E-4, 3.068870241607204, 5.665043554891184E-4, -0.5809108235391883, 5.872167849704995, 6.342821920816939
0.0018031663326653297, 0.456917955555952, 4.3047425259085825E-4, 3.0928184273958284, 5.720152413861915E-4, -0.4772211937237454, 5.953735938078596, 6.342950798819858
0.0018098997995991976, 0.4586217882325849, 4.320817494108646E-4, 3.117020152452355, 5.775778000319369E-4, -0.3729691598528983, 6.035644212127196, 6.343079676822778
0.0018166332665330654, 0.46032562090921786, 4.3368924623087094E-4, 3.1414728246121726, 5.831925364694876E-4, -0.2681875035960339, 6.117860337112138, 6.343208554825697
0.0018233667334669331, 0.4620308327652982, 4.3529674305087723E-4, 3.166180896813529, 5.888630686366881E-4, -0.16290976591264875, 6.2003513348668005, 6.343348224288079
0.0018301002004008009, 0.4637374238008261, 4.369042398708836E-4, 3.19114163000717, 5.945899639825164E-4, -0.057170235319747235, 6.283083596170283, 6.343498685209923
0.0018368336673346686, 0.465444014836354, 4.3851173669088987E-4, 3.2163449605443635, 6.003706237086762E-4, 0.048996064547456364, 6.366022893769049, 6.343649146131767
0.0018435671342685361, 0.46715060587188184, 4.4011923351089616E-4, 3.241787846577724, 6.062055381842326E-4, 0.15555338808656186, 6.449134396050834, 6.343799607053612
0.0018503006012024043, 0.46885719690740985, 4.4172673033090256E-4, 3.2674671368798567, 6.120951934691603E-4, 0.262465281611746, 6.53238268139049, 6.343950067975455
0.0018570340681362718, 0.4705637879429377, 4.4333422715090885E-4, 3.293379572195727, 6.18040071113961E-4, 0.36969459796097787, 6.615731753158395, 6.344100528897299
0.0018637675350701396, 0.4722703789784655, 4.4494172397091514E-4, 3.3195217866643, 6.240406479611516E-4, 0.4772035118521054, 6.699145055414037, 6.344250989819144
0.001870501002004007, 0.4739769700139934, 4.4654922079092143E-4, 3.345890309306114, 6.30097395948723E-4, 0.5849535359873651, 6.782585489284082, 6.344401450740987
0.001877234468937875, 0.4756835610495213, 4.481567176109278E-4, 3.372481565579612, 6.362107819161424E-4, 0.6929055379213762, 6.866015430039904, 6.3445519116628315
0.0018839679358717428, 0.4773901520850492, 4.497642144309341E-4, 3.399291879004114, 6.423812674123054E-4, 0.801019757689941, 6.949396744868496, 6.344702372584676
0.0018907014028056103, 0.4790967431205771, 4.513717112509404E-4, 3.426317472852423, 6.486093085062479E-4, 0.9092558262271212, 7.032690811365563, 6.344852833506519
0.0018974348697394783, 0.480803334156105, 4.5297920807094676E-4, 3.4535544719079, 6.54895355600311E-4, 1.0175727845604419, 7.115858536737703, 6.345003294428364
0.0019041683366733458, 0.4825099251916328, 4.5458670489095305E-4, 3.480998904292667, 6.612398532459799E-4, 1.1259291038049692, 7.1988603777338795, 6.345153755350208
0.0019109018036072135, 0.4842165162271607, 4.5619420171095934E-4, 3.508646703359812, 6.676432399626199E-4, 1.2342827059646229, 7.281656361314436, 6.345304216272051
0.0019176352705410813, 0.4859231072626886, 4.578016985309657E-4, 3.536493709655021, 6.741059480591883E-4, 1.3425909855405456, 7.3642061060547706, 6.345454677193896
0.0019243687374749492, 0.48762969829821656, 4.5940919535097203E-4, 3.564535672944796, 6.806284034588515E-4, 1.4508108319632, 7.44646884430012, 6.34560513811574
0.0019311022044088168, 0.4893362893337444, 4.610166921709783E-4, 3.5927682543118102, 6.872110255270508E-4, 1.558898652862652, 7.528403445084524, 6.345755599037584
0.0019378356713426845, 0.49104288036927224, 4.626241889909846E-4, 3.6211870283167364, 6.938542269025727E-4, 1.6668103981671343, 7.609968437803813, 6.345906059959428
0.0019445691382765523, 0.4927494714048002, 4.6423168581099096E-4, 3.649787485227865, 7.005584133323694E-4, 1.7745015850608425, 7.691122036670988, 6.346056520881272
0.00195130260521042, 0.494456062440328, 4.6583918263099725E-4, 3.678565033315845, 7.073239835096814E-4, 1.8819273237898313, 7.771822165942522, 6.346206981803116
0.0019580360721442877, 0.4961626534758559, 4.674466794510036E-4, 3.7075150012164144, 7.1415132891599E-4, 1.9890423443435417, 7.852026485942485, 6.34635744272496
0.0019647695390781553, 0.4978662207494924, 4.690541762710099E-4, 3.7366402641300596, 7.210444096285922E-4, 2.095801024005593, 7.931692419876532, 6.346518557650284
0.0019715030060120232, 0.499568542944703, 4.7066167309101623E-4, 3.765931578132573, 7.280015583863082E-4, 2.2021574157894293, 8.01077718144922, 6.346684059518217
0.0019782364729458908, 0.5012708651399135, 4.722691699110225E-4, 3.795380919511942, 7.350216821845007E-4, 2.308065277770378, 8.089237803297834, 6.346849561386151
0.0019849699398797587, 0.5029731873351241, 4.738766667310288E-4, 3.8249833233146973, 7.421051425205651E-4, 2.4134781033167862, 8.167031166240836, 6.347015063254084
0.0019917034068136267, 0.5046755095303347, 4.754841635510352E-4, 3.8547337577508785, 7.492522929489832E-4, 2.5183491522301895, 8.244114029352838, 6.347180565122017
0.001998436873747494, 0.5063778317255453, 4.770916603710415E-4, 3.8846271269492583, 7.564634789479845E-4, 2.6226314828117068, 8.320443060880196, 6.34734606698995
0.0020051703406813617, 0.5080801539207558, 4.786991571910478E-4, 3.9146582737782047, 7.637390377903885E-4, 2.7262779848527585, 8.395974869994935, 6.347511568857883
0.0020119038076152297, 0.5097824761159664, 4.803066540110541E-4, 3.9448219827302644, 7.710792984193275E-4, 2.829241413558147, 8.47066603939398, 6.347677070725816
0.002018637274549097, 0.511484798311177, 4.8191415083106043E-4, 3.975112982871309, 7.784845813286478E-4, 2.931474424426737, 8.544473158768005, 6.347842572593749
0.002025370741482965, 0.5131871205063875, 4.835216476510667E-4, 4.005525950852903, 7.85955198448092E-4, 3.0329296090796114, 8.617352859127948, 6.348008074461683
0.0020321042084168327, 0.5148894427015981, 4.8512914447107307E-4, 4.036055513988792, 7.934914530336593E-4, 3.1335595320534533, 8.68926184800636, 6.348173576329616
0.0020388376753507007, 0.5165917648968087, 4.867366412910794E-4, 4.066696253393648, 8.010936395628125E-4, 3.2333167685666395, 8.760156945539917, 6.348339078197549
0.0020455711422845686, 0.5182940870920193, 4.883441381110858E-4, 4.0974427071847686, 8.087620436352133E-4, 3.332153943271689, 8.829995121446503, 6.348504580065483
0.002052304609218436, 0.5199964092872299, 4.89951634931092E-4, 4.128289373746231, 8.164969418784907E-4, 3.430023769994181, 8.898733532893246, 6.348670081933416
0.0020590380761523037, 0.5216987314824404, 4.915591317510983E-4, 4.159230715055497, 8.242986018596251E-4, 3.5268790924661184, 8.966329563265143, 6.348835583801349
0.0020657715430861716, 0.5234010536776511, 4.931666285711047E-4, 4.1902611600705875, 8.321672820019933E-4, 3.622672926081832, 9.03274086186016, 6.349001085669283
0.0020725050100200396, 0.5251033758728616, 4.94774125391111E-4, 4.221375108176474, 8.401032315077128E-4, 3.71735850065625, 9.097925384490406, 6.349166587537216
0.002079238476953907, 0.5268056980680722, 4.963816222111173E-4, 4.252566932698073, 8.481066902862595E-4, 3.8108893042220235, 9.161841435021449, 6.349332089405149
0.0020859719438877746, 0.5285080202632827, 4.979891190311236E-4, 4.2838309844657765, 8.561778888886177E-4, 3.9032191278493045, 9.224447707837449, 6.3494975912730816
0.002092705410821642, 0.5302103424584933, 4.995966158511299E-4, 4.315161595446401, 8.643170484476633E-4, 3.9943021115240898, 9.285703331264196, 6.349663093141015
0.0020994388777555105, 0.5319126646537039, 5.012041126711363E-4, 4.346553082429502, 8.725243806245071E-4, 4.084092791062971, 9.345567911925125, 6.349828595008948
0.002106172344689378, 0.5336152208222167, 5.028116094911426E-4, 4.378016425341265, 8.808084717263449E-4, 4.172546146102215, 9.404001580070341, 6.350015810757317
0.0021129058116232456, 0.5353177982610295, 5.044191063111489E-4, 4.409530876638925, 8.891620056222928E-4, 4.259617649153683, 9.460965035869696, 6.350205000494817
0.002119639278557113, 0.5370203756998425, 5.060266031311552E-4, 4.441089219375506, 8.975844085914908E-4, 4.345263315740245, 9.51641959667858, 6.3503941902323175
0.002126372745490981, 0.5387229531386555, 5.076340999511615E-4, 4.472685747699657, 9.060758545795362E-4, 4.42943975561077, 9.570327245278138, 6.350583379969817
0.002133106212424849, 0.5404255305774684, 5.092415967711679E-4, 4.504314759893155, 9.146365078881035E-4, 4.512104225074516, 9.622650679128096, 6.350772569707317
0.0021398396793587166, 0.5421281080162814, 5.108490935911742E-4, 4.535970562401026, 9.232665231604918E-4, 4.593214680415432, 9.673353360591165, 6.350961759444816
0.002146573146292584, 0.5438306854550944, 5.124565904111804E-4, 4.567647473920665, 9.319660453739986E-4, 4.672729832439608, 9.722399568180261, 6.351150949182316
0.0021533066132264525, 0.5455332628939075, 5.140640872311868E-4, 4.599339829541805, 9.407352098391251E-4, 4.750609202139862, 9.76975444881502, 6.3513401389198165
0.00216004008016032, 0.5472358403327203, 5.156715840511931E-4, 4.6310419849432805, 9.495741422059904E-4, 4.826813177490953, 9.815384071094051, 6.351529328657316
0.0021667735470941875, 0.5489384177715333, 5.172790808711994E-4, 4.662748320642351, 9.584829584778935E-4, 4.901303071392006, 9.859255479604672, 6.351718518394816
0.002173507014028055, 0.5506409952103463, 5.188865776912057E-4, 4.694453246296902, 9.674617650321199E-4, 4.974041180753725, 9.901336750261843, 6.351907708132315
0.0021802404809619235, 0.5523435726491592, 5.204940745112121E-4, 4.7261512050587555, 9.765106586481745E-4, 5.044990846751623, 9.94159704669908, 6.352096897869815
0.0021869739478957905, 0.5540461500879721, 5.221015713312183E-4, 4.757836677980748, 9.85629726543558E-4, 5.1141165162409585, 9.980006677705735, 6.3522860876073155
0.0021937074148296585, 0.5557487275267852, 5.237090681512247E-4, 4.789504188472556, 9.948190464168965E-4, 5.1813838043491085, 10.01653715572302, 6.352475277344815
0.002200440881763526, 0.557451304965598, 5.25316564971231E-4, 4.821148306806208, 0.0010040786864990597, 5.246759558259528, 10.051161256414266, 6.352664467082315
0.0022071743486973936, 0.559153882404411, 5.269240617912373E-4, 4.852763654674014, 0.0010134087056117586, 5.310211922187439, 10.083853079309417, 6.352853656819814
0.002213907815631262, 0.5608564598432241, 5.285315586112437E-4, 4.884344909791238, 0.0010228091532341879, 5.371710403555681, 10.11458810952527, 6.353042846557314
0.0022206412825651295, 0.5625590372820369, 5.3013905543125E-4, 4.9158868105488125, 0.0010322800695775239, 5.431225940386917, 10.143343280584602, 6.3532320362948145
0.002227374749498997, 0.5642616147208499, 5.317465522512563E-4, 4.947384160714222, 0.00104182148566759, 5.488730969921622, 10.170097038336369, 6.353421226032314
0.0022341082164328645, 0.5659641921596629, 5.333540490712626E-4, 4.978831834173569, 0.001051433423435505, 5.544199498450981, 10.194829405967443, 6.353610415769814
0.0022408416833667325, 0.5676668856664238, 5.349615458912689E-4, 5.0102253659717775, 0.0010611162094348188, 5.597607172410331, 10.21752205015072, 6.353800322187587
0.0022475751503006, 0.569370391648821, 5.365690427112751E-4, 5.041563318296554, 0.0010708717465820325, 5.648931350704796, 10.238158348298047, 6.35399524536728
0.0022543086172344675, 0.5710738976312182, 5.381765395312814E-4, 5.072836713195372, 0.00108069784827037, 5.698151178298298, 10.25672345695162, 6.354190168546973
0.002261042084168336, 0.5727774036136157, 5.397840363512879E-4, 5.104040753398394, 0.0010905945012666621, 5.745247661059656, 10.273204381302385, 6.354385091726665
0.002267775551102204, 0.574480909596013, 5.413915331712942E-4, 5.135170736150805, 0.0011005616838217621, 5.790203741904444, 10.28759004587572, 6.354580014906357
0.0022745090180360714, 0.5761844155784102, 5.429990299913005E-4, 5.166222058218956, 0.0011105993658118265, 5.833004378195005, 10.29987136634579, 6.35477493808605
0.002281242484969939, 0.5778879215608074, 5.446065268113068E-4, 5.197190220937806, 0.00112070750888856, 5.873636620448846, 10.310041322524926, 6.354969861265743
0.0022879759519038065, 0.5795914275432046, 5.462140236313131E-4, 5.228070835296428, 0.0011308860666379159, 5.912089692341613, 10.318095032515865, 6.355164784445435
0.0022947094188376744, 0.5812949335256018, 5.478215204513194E-4, 5.258859627061838, 0.0011411349847480117, 5.948355072028934, 10.324029828051403, 6.355359707625127
0.002301442885771542, 0.582998439507999, 5.494290172713257E-4, 5.28955244194313, 0.0011514542011857032, 5.982426574772354, 10.327845330998827, 6.3555546308048205
0.00230817635270541, 0.5847019454903963, 5.510365140913321E-4, 5.3201452507898495, 0.0011618436463824346, 6.014300436906413, 10.32954353107335, 6.355749553984513
0.0023149098196392774, 0.5864054514727935, 5.526440109113384E-4, 5.350634154825983, 0.001172303243429095, 6.043975401141476, 10.329128864749482, 6.355944477164205
0.0023216432865731454, 0.5881089574551908, 5.542515077313447E-4, 5.381015390922258, 0.0011828329082799486, 6.071452803200326, 10.326608295365908, 6.356139400343897
0.002328376753507013, 0.589812463437588, 5.55859004551351E-4, 5.411285336897635, 0.0011934325499659898, 6.096736659821941, 10.321991394461882, 6.3563343235235905
0.002335110220440881, 0.5915159694199853, 5.574665013713574E-4, 5.441440516855749, 0.001204102070817491, 6.119833758131652, 10.315290424337208, 6.356529246703283
0.0023418436873747484, 0.5932194754023825, 5.590739981913637E-4, 5.471477606554586, 0.0012148413666961122, 6.140753746360038, 10.306520421818862, 6.356724169882975
0.002348577154308616, 0.5949229813847797, 5.606814950113699E-4, 5.501393438804698, 0.0012256503272361089, 6.159509225976285, 10.295699283303195, 6.356919093062667
0.0023553106212424843, 0.596626487367177, 5.622889918313763E-4, 5.531185008898063, 0.0012365288360951235, 6.176115845182442, 10.282847851010795, 6.3571140162423605
0.002362044088176352, 0.5983299933495743, 5.638964886513826E-4, 5.560849480065997, 0.0012474767712152062, 6.190592393827847, 10.267990000520134, 6.357308939422053
0.0023687775551102194, 0.6000334993319715, 5.655039854713889E-4, 5.590384188964023, 0.001258494005092297, 6.202960899716001, 10.251152729546181, 6.357503862601745
0.002375511022044087, 0.6017370053143687, 5.671114822913952E-4, 5.6197866511830625, 0.0012695804050564538, 6.213246726335062, 10.232366247996213, 6.357698785781437
0.002382244488977955, 0.6034393658761363, 5.687189791114015E-4, 5.649062719460744, 0.0012807404701406606, 6.221478672021499, 10.211664069310858, 6.3579030718845075
0.0023889779559118224, 0.6051394355966448, 5.703264759314078E-4, 5.678218530893631, 0.0012919788010183533, 6.227689070537145, 10.189083103067636, 6.358126083834334
0.00239571142284569, 0.6068395053171535, 5.719339727514141E-4, 5.70723591303755, 0.0013032860317894381, 6.231913893109867, 10.164663748901106, 6.35834909578416
0.0024024448897795583, 0.6085395750376622, 5.735414695714206E-4, 5.736113152865144, 0.0013146620128111023, 6.234192851920983, 10.1384499917159, 6.358572107733985
0.0024091783567134263, 0.6102396447581708, 5.751489663914269E-4, 5.7648487442013305, 0.0013261065908202613, 6.23456950504843, 10.110489498201906, 6.358795119683811
0.002415911823647294, 0.6119397144786793, 5.767564632114332E-4, 5.793441393372532, 0.0013376196092731215, 6.233091362880733, 10.08083371467096, 6.359018131633637
0.0024226452905811613, 0.613639784199188, 5.783639600314395E-4, 5.8218900248723315, 0.001349200908693597, 6.229809996015299, 10.049537966218073, 6.359241143583462
0.002429378757515029, 0.6153398539196965, 5.799714568514458E-4, 5.850193787043153, 0.0013608503270327319, 6.224781144643454, 10.016661557216938, 6.3594641555332885
0.002436112224448897, 0.617039923640205, 5.81578953671452E-4, 5.878352057778557, 0.0013725677000376328, 6.218064829427443, 9.98226787314959, 6.359687167483114
0.0024428456913827643, 0.6187399933607136, 5.831864504914583E-4, 5.906364450234449, 0.0013843528616308241, 6.209725463877251, 9.946424483776628, 6.35991017943294
0.0024495791583166323, 0.6204400630812222, 5.847939473114647E-4, 5.934230818558632, 0.0013962056442996269, 6.199831968268447, 9.90920324769188, 6.360133191382766
0.0024563126252505, 0.6221401328017309, 5.86401444131471E-4, 5.961951263630596, 0.0014081258794960694, 6.188457885043894, 9.87068041819679, 6.360356203332591
0.0024630460921843678, 0.6238402025222394, 5.880089409514773E-4, 5.9895261388122805, 0.0014201133980463396, 6.175681495786712, 9.830936750589046, 6.360579215282417
0.0024697795591182353, 0.625540272242748, 5.896164377714836E-4, 6.0169560557111055, 0.001432168030571307, 6.161585939695699, 9.790057610787336, 6.360802227232242
0.0024765130260521032, 0.6272403419632566, 5.9122393459149E-4, 6.044241889947571, 0.0014442896079170393, 6.146259333651037, 9.748133085385952, 6.3610252391820685
0.0024832464929859708, 0.6289404116837652, 5.928314314114963E-4, 6.071384786931759, 0.001456477961595282, 6.129794893799603, 9.705258093061275, 6.361248251131895
0.002489979959919839, 0.6306404814042739, 5.944389282315027E-4, 6.098386167650332, 0.0014687329242348782, 6.112291058743661, 9.661532497419527, 6.36147126308172
0.0024967134268537067, 0.6323405511247825, 5.96046425051509E-4, 6.12524773444656, 0.001481054330042881, 6.093851614267261, 9.617061221209669, 6.361694275031546
0.0025034468937875742, 0.634040620845291, 5.976539218715153E-4, 6.151971476818147, 0.0014934420152771018, 6.0745858196912526, 9.571954362003844, 6.361917286981372
0.0025101803607214417, 0.6357406905657996, 5.992614186915216E-4, 6.178559677204532, 0.0015058958187275148, 6.054608535788143, 9.52632730926284, 6.362140298931197
0.0025169138276553093, 0.6374407602863081, 6.008689155115279E-4, 6.205014916781579, 0.0015184155822093714, 6.034040354313683, 9.480300862850449, 6.362363310881023
0.0025236472945891772, 0.6391439060378014, 6.024764123315342E-4, 6.231181775632336, 0.0015309057756646132, 6.013007729143517, 9.434001352981241, 6.362414951982156
0.0025303807615230448, 0.6408496545847433, 6.040839091515405E-4, 6.25708659311465, 0.001543379465569204, 5.991643109054668, 9.38756076164136, 6.362321586980547
0.0025371142284569127, 0.6425554031316852, 6.056914059715469E-4, 6.282866472039643, 0.0015559167687884644, 5.970085072090897, 9.34111684541734, 6.362228221978939
0.0025438476953907802, 0.6442611516786271, 6.072989027915531E-4, 6.30852524631419, 0.0015685175367360967, 5.9484784616221775, 9.294813259848063, 6.362134856977331
0.0025505811623246486, 0.6459669002255691, 6.089063996115595E-4, 6.334067077500947, 0.0015811816264700764, 5.926974523997813, 9.248799685189768, 6.362041491975723
0.002557314629258516, 0.647672648772511, 6.105138964315658E-4, 6.3594964605801465, 0.0015939089012479788, 5.905731047901526, 9.203231953710626, 6.361948126974115
0.0025640480961923837, 0.6493783973194528, 6.121213932515721E-4, 6.384818229710845, 0.00160669923109189, 5.8849125053318545, 9.158272178430368, 6.3618547619725065
0.002570781563126251, 0.6510841458663947, 6.137288900715784E-4, 6.410037563965716, 0.0016195524933653397, 5.864690194299048, 9.11408888339656, 6.361761396970898
0.002577515030060119, 0.6527898944133366, 6.153363868915847E-4, 6.435159993070926, 0.001632468573358952, 5.845242383155129, 9.070857135415567, 6.36166803196929
0.002584248496993987, 0.6544956429602786, 6.169438837115911E-4, 6.460191403118387, 0.0016454473648876856, 5.826754456668782, 9.028758677346827, 6.361574666967682
0.0025909819639278546, 0.6562013915072205, 6.185513805315974E-4, 6.485138042266499, 0.0016584887708979371, 5.809419063759608, 8.987982062872412, 6.361481301966074
0.002597715430861722, 0.6579071400541623, 6.201588773516037E-4, 6.510006526425116, 0.001671592704085071, 5.793436266953397, 8.948722792804706, 6.361387936964466
0.00260444889779559, 0.6596128886011041, 6.2176637417161E-4, 6.534803844920418, 0.0016847590875210244, 5.779013693566276, 8.911183452939657, 6.3612945719628575
0.0026111823647294577, 0.6613186371480461, 6.233738709916163E-4, 6.559537366137079, 0.0016979878552930462, 5.766366688616804, 8.875573853451531, 6.361201206961249
0.002617915831663325, 0.6630243856949879, 6.249813678116226E-4, 6.584214843141751, 0.0017112789531514329, 5.755718469451449, 8.842111169812169, 6.36110784195964
0.002624649298597193, 0.6647301342419298, 6.26588864631629E-4, 6.6088444192777445, 0.0017246323391691513, 5.747300282135396, 8.811020085290114, 6.361014476958032
0.0026313827655310615, 0.6664358827888719, 6.281963614516354E-4, 6.633434633742269, 0.0017380479844096765, 5.741351559599606, 8.782532935015563, 6.360921111956424
0.002638116232464929, 0.6681416313358137, 6.298038582716417E-4, 6.6579944271256295, 0.0017515258736072667, 5.738120081531288, 8.756889851600858, 6.360827746954816
0.0026448496993987966, 0.6698473798827556, 6.314113550916479E-4, 6.682533146933707, 0.0017650660058552842, 5.737862136054442, 8.734338912353271, 6.360734381953208
0.002651583166332664, 0.6715531284296975, 6.330188519116542E-4, 6.707060553072523, 0.0017786683953059101, 5.740842683183812, 8.715136288076868, 6.3606410169515994
0.002658316633266532, 0.6732588769766393, 6.346263487316605E-4, 6.731586823295288, 0.0017923330718797627, 5.74733552007415, 8.699546393473366, 6.360547651949991
0.0026650501002003996, 0.6749600338486561, 6.362338455516668E-4, 6.756334280977001, 0.001806194786906995, 5.757623448048121, 8.687842039121248, 6.360671454617054
0.002671783567134267, 0.6766596601623645, 6.378413423716731E-4, 6.781174063761142, 0.0018201653961126447, 5.771998441449058, 8.680304585093126, 6.360867646507007
0.002678517034068135, 0.6783592864760729, 6.394488391916795E-4, 6.8060472407382235, 0.0018342003137367113, 5.790761818324257, 8.677224096199925, 6.3610638383969595
0.0026852505010020026, 0.6800589127897814, 6.410563360116858E-4, 6.830965714981886, 0.0018482996470348123, 5.814224412897879, 8.67889949883301, 6.361260030286913
0.002691983967935871, 0.6817585391034898, 6.426638328316922E-4, 6.855941834140225, 0.0018624635227279564, 5.842706749894874, 8.685638739447404, 6.361456222176866
0.0026987174348697385, 0.6834581654171982, 6.442713296516985E-4, 6.880988395667259, 0.0018766920877704915, 5.8765392207116545, 8.697758944705727, 6.3616524140668185
0.002705450901803606, 0.6851577917309065, 6.458788264717048E-4, 6.906118651997872, 0.0018909855101294053, 5.9160622614382765, 8.715586583260249, 6.361848605956771
0.0027121843687374736, 0.686857418044615, 6.474863232917111E-4, 6.931346315687023, 0.0019053439795711988, 5.961626532729733, 8.739457629189323, 6.362044797846725
0.0027189178356713415, 0.6885570443583233, 6.490938201117174E-4, 6.95668556448868, 0.0019197677084603591, 6.013593101556389, 8.769717727106014, 6.362240989736677
0.0027256513026052095, 0.6902566706720318, 6.507013169317238E-4, 6.982151046397746, 0.0019342569325660301, 6.072333624833059, 8.806722358939195, 6.36243718162663
0.002732384769539077, 0.6919562969857401, 6.5230881375173E-4, 7.007757884628518, 0.0019488119118779741, 6.138230534927201, 8.850837012393075, 6.362633373516584
0.0027391182364729445, 0.6936559232994485, 6.539163105717363E-4, 7.033521682550429, 0.001963432931432814, 6.2116772270634035, 8.902437351090798, 6.362829565406536
0.0027458517034068125, 0.6953555496131569, 6.555238073917426E-4, 7.059458528557741, 0.0019781203021483826, 6.293078248650784, 8.96190938643858, 6.363025757296489
0.00275258517034068, 0.6970551759268653, 6.571313042117489E-4, 7.085585000891285, 0.001992874361668069, 6.382849490506674, 9.029649651169604, 6.363221949186442
0.0027593186372745476, 0.6987548022405736, 6.587388010317552E-4, 7.111918172392905, 0.0020076954752135667, 6.481418379985614, 9.106065374589518, 6.363418141076395
0.0027660521042084155, 0.7004544285542821, 6.603462978517616E-4, 7.138475615206005, 0.002022584036446607, 6.589224076093674, 9.191574659596279, 6.363614332966348
0.002772785571142284, 0.7021540548679907, 6.61953794671768E-4, 7.165275405403122, 0.0020375404683401835, 6.706717666480941, 9.286606661356627, 6.363810524856301
0.0027795190380761514, 0.703853681181699, 6.635612914917743E-4, 7.192336127561418, 0.002052565224058271, 6.834362366434572, 9.391601767784088, 6.364006716746253
0.002786252505010019, 0.7055533074954073, 6.651687883117806E-4, 7.219676879259168, 0.0020676587878430963, 6.9726337197862085, 9.50701178170197, 6.364202908636207
0.0027929859719438865, 0.7072529338091157, 6.667762851317869E-4, 7.247317275508635, 0.0020828216759123663, 7.12201980182329, 9.633300104805308, 6.3643991005261595
0.0027997194388777544, 0.7089525601228241, 6.683837819517932E-4, 7.275277453119372, 0.0020980544373645806, 7.28302142415663, 9.770941923357494, 6.364595292416112
0.002806452905811622, 0.7106527501277318, 6.699912787717995E-4, 7.303650748259827, 0.0021134063455540038, 7.456152341568557, 9.920424395649679, 6.364862176059943
0.0028131863727454895, 0.7123529646409525, 6.715987755918058E-4, 7.332389207759945, 0.0021288319299444525, 7.641939460867808, 10.082246841248713, 6.36513213325829
0.0028199198396793575, 0.7140531791541733, 6.732062724118122E-4, 7.3615114074239045, 0.002144329738974965, 7.840923051747831, 10.256920932027912, 6.365402090456637
0.002826653306613225, 0.715753393667394, 6.748137692318185E-4, 7.391039613439432, 0.0021599004643444754, 8.053656959638037, 10.44497088497193, 6.365672047654985
0.0028333867735470934, 0.7174536081806149, 6.764212660518249E-4, 7.420996634457481, 0.002175544835279958, 8.28070882059179, 10.646933656788852, 6.3659420048533315
0.002840120240480961, 0.7191538226938355, 6.780287628718311E-4, 7.451405825483334, 0.002191263619489899, 8.522660278199265, 10.863359140332147, 6.366211962051679
0.0028468537074148284, 0.7208540372070563, 6.796362596918374E-4, 7.482291091682271, 0.0022070576241248682, 8.780107202529889, 11.094810362824342, 6.366481919250026
0.002853587174348696, 0.722554251720277, 6.812437565118437E-4, 7.51367689209809, 0.0022229276967454317, 9.053659911152026, 11.341863685931578, 6.366751876448373
0.002860320641282564, 0.7242544662334977, 6.8285125333185E-4, 7.545588243281713, 0.0022388747262973643, 9.343943392150848, 11.605109007606115, 6.367021833646721
0.002867054108216432, 0.7259546807467185, 6.844587501518564E-4, 7.578050722827072, 0.002254899644093533, 9.651597529276744, 11.885149965840531, 6.3672917908450675
0.0028737875751502994, 0.7276548952599392, 6.860662469718627E-4, 7.6110904728154765, 0.0022710034248041647, 9.977277329101941, 12.182604144191021, 6.367561748043415
0.002880521042084167, 0.72935510977316, 6.87673743791869E-4, 7.6447342031575545, 0.0022871870874514796, 10.321653150336235, 12.498103279237672, 6.367831705241762
0.002887254509018035, 0.7310553242863806, 6.892812406118753E-4, 7.6790091948476515, 0.00230345169641355, 10.685410935149013, 12.832293469815212, 6.368101662440109
0.0028939879759519024, 0.7327555387996014, 6.908887374318816E-4, 7.713943303107101, 0.0023197983624321586, 11.069252442659934, 13.18583538817986, 6.368371619638456
0.00290072144288577, 0.7344557533128221, 6.924962342518879E-4, 7.749564960425914, 0.002336228243629876, 11.473895484501112, 13.559404493019462, 6.368641576836803
0.002907454909819638, 0.7361559678260429, 6.941037310718943E-4, 7.785903179506477, 0.0023527425465300553, 11.900074162507025, 13.95369124434612, 6.368911534035151
0.0029141883767535063, 0.7378561823392638, 6.957112278919007E-4, 7.822987556096734, 0.0023693425270848376, 12.348539108517837, 14.369401320282302, 6.369181491233498
0.002920921843687374, 0.7395563968524844, 6.97318724711907E-4, 7.860848271703503, 0.002386029491709428, 12.820057726371378, 14.807255835780158, 6.369451448431845
0.0029276553106212413, 0.7412566113657052, 6.989262215319133E-4, 7.899516096217212, 0.0024028047983186696, 13.315414435956171, 15.267991563182068, 6.369721405630192
0.002934388777555109, 0.7429568258789259, 7.005337183519195E-4, 7.939022390393006, 0.0024196698573740044, 13.835410919488355, 15.752361154750725, 6.369991362828539
0.002941122244488977, 0.7446552522320756, 7.021412151719258E-4, 7.979420589899689, 0.002436641216090399, 14.38086636990489, 16.26113336708826, 6.370281225104532
0.0029478557114228443, 0.746344737784871, 7.037487119919321E-4, 8.020829530765525, 0.002453781220786197, 14.952617741464472, 16.79509328750923, 6.370670612768748
0.002954589178356712, 0.7480342233376663, 7.053562088119384E-4, 8.063175209042129, 0.0024710163858749287, 15.551520002497105, 17.35504256233326, 6.371060000432966
0.00296132264529058, 0.7497237088904617, 7.069637056319448E-4, 8.106491371754487, 0.00248834834564976, 16.1784463903633, 17.941799627132482, 6.371449388097183
0.0029680561122244478, 0.751413194443257, 7.085712024519511E-4, 8.150812367487674, 0.0025057787922455263, 16.834288668598102, 18.556199938924692, 6.3718387757614
0.0029747895791583153, 0.7531026799960523, 7.101786992719574E-4, 8.196173148149455, 0.0025233094767118866, 17.519957386275262, 19.1990962103406, 6.372228163425618
0.0029815230460921833, 0.7547921655488478, 7.117861960919638E-4, 8.242609270603225, 0.0025409422100889922, 18.236382139556184, 19.87135864573022, 6.372617551089835
0.002988256513026051, 0.7564816511016431, 7.133936929119701E-4, 8.290156898156965, 0.0025586788644899675, 18.984511835525705, 20.5738751793006, 6.373006938754052
0.0029949899799599183, 0.7581711366544384, 7.150011897319764E-4, 8.33885280193897, 0.002576521374182031, 19.765314958167927, 21.30755171515869, 6.373396326418269
0.0030017234468937867, 0.7598606222072338, 7.166086865519828E-4, 8.38873436211486, 0.0025944717366747153, 20.57977983668216, 22.07331236943034, 6.373785714082486
0.0030084569138276542, 0.7615501077600292, 7.182161833719891E-4, 8.439839568975572, 0.0026125320138107103, 21.428914915987512, 22.872099714323014, 6.374175101746704
0.0030151903807615218, 0.7632395933128244, 7.198236801919954E-4, 8.492207023885044, 0.0026307043328578916, 22.31374902948855, 23.70487502419794, 6.374564489410921
0.0030219238476953893, 0.7649290788656198, 7.214311770120017E-4, 8.54587594006091, 0.0026489908876061244, 23.23533167413818, 24.572618523685158, 6.374953877075138
0.0030286573146292572, 0.766618564418415, 7.230386738320079E-4, 8.60088614324161, 0.002667393939463289, 24.194733287793003, 25.47632963783293, 6.375343264739356
0.0030353907815631248, 0.7683080499712104, 7.246461706520142E-4, 8.657278072179565, 0.002685915818558156, 25.193045528770686, 26.41702724421317, 6.375732652403572
0.0030421242484969923, 0.7699975355240057, 7.262536674720205E-4, 8.715092778980875, 0.002704558924839222, 26.23138155777979, 27.395749927125497, 6.37612204006779
0.0030488577154308603, 0.7716870210768011, 7.278611642920269E-4, 8.774371929302788, 0.002723325729180791, 27.310876322166862, 28.41355623388048, 6.376511427732007
0.0030555911823647286, 0.7733765066295966, 7.294686611120333E-4, 8.835157802384288, 0.0027422187744865906, 28.43268684240549, 29.471524933055573, 6.376900815396224
0.003062324649298596, 0.7750659921823919, 7.310761579320396E-4, 8.897493290923421, 0.0027612406767957703, 29.59799250093788, 30.57075527483583, 6.377290203060442
0.0030690581162324637, 0.7767554777351872, 7.326836547520459E-4, 8.961421900776031, 0.0027803941263893073, 30.807995333389833, 31.712367253488324, 6.377679590724659
0.0030757915831663312, 0.7784449632879825, 7.342911515720522E-4, 9.026987750510557, 0.0027996818888980646, 32.06392032203725, 32.89750187179973, 6.378068978388876
0.003082525050100199, 0.7801322655720033, 7.358986483920585E-4, 9.094349904765522, 0.002819190944636202, 33.36701569172704, 34.127321407729724, 6.378559188067492
0.0030892585170340667, 0.7818159290747334, 7.375061452120648E-4, 9.163630912899976, 0.002838981705577129, 34.718553208079065, 35.40300968306061, 6.379217434436774
0.0030959919839679347, 0.7834995925774636, 7.391136420320712E-4, 9.234686618677301, 0.0028589175819670742, 36.11982847805198, 36.725772334159934, 6.379875680806056
0.003102725450901802, 0.7851832560801937, 7.407211388520775E-4, 9.307563584201375, 0.0028790016593113338, 37.57216125293492, 38.09683708488709, 6.380533927175338
0.00310945891783567, 0.7868669195829238, 7.423286356720838E-4, 9.382308979426739, 0.002899237104002958, 39.07689573369352, 39.517454021607605, 6.38119217354462
0.0031161923847695377, 0.7885505830856538, 7.4393613249209E-4, 9.458970580651226, 0.0029196271644264804, 40.63540087871802, 40.98889587031918, 6.381850419913901
0.0031229258517034056, 0.790234246588384, 7.455436293120965E-4, 9.537596768836693, 0.0029401751720590508, 42.24907071393331, 42.51245827587909, 6.382508666283183
0.003129659318637273, 0.7919179100911141, 7.471511261321027E-4, 9.618236527716022, 0.0029608845425733304, 43.919324645398554, 44.08946008345478, 6.383166912652465
0.003136392785571141, 0.7936015735938442, 7.48758622952109E-4, 9.700939441741866, 0.0029817587769343373, 45.647607774255654, 45.72124362204102, 6.383825159021747
0.003143126252505009, 0.7952852370965744, 7.503661197721154E-4, 9.785755693824058, 0.0030028014624958743, 47.43539121411954, 47.409174990151385, 6.384483405391029
0.0031498597194388766, 0.7969689005993044, 7.519736165921217E-4, 9.87273606287215, 0.0030240162740938215, 49.2841724109496, 49.15464434371645, 6.385141651760311
0.003156593186372744, 0.7986525641020344, 7.53581113412128E-4, 9.961931921148562, 0.0030454069751354174, 51.195475465304085, 50.959066186084385, 6.3857998981295925
0.0031633266533066117, 0.8003362276047645, 7.551886102321343E-4, 10.053395231411969, 0.0030669774186862647, 53.17085145711359, 52.82387966027311, 6.386458144498874
0.0031700601202404796, 0.8020198911074946, 7.567961070521406E-4, 10.147178543869018, 0.0030887315485527977, 55.211878772832826, 54.75054884331211, 6.387116390868156
0.003176793587174347, 0.8037035546102247, 7.584036038721469E-4, 10.243334992907307, 0.003110673400359476, 57.32016343518385, 56.740563042903545, 6.387774637237437
0.0031835270541082147, 0.8053872181129548, 7.600111006921532E-4, 10.341918293623166, 0.0031328071026237997, 59.497339435253714, 58.79543709615869, 6.388432883606719
0.0031902605210420826, 0.807070881615685, 7.616185975121596E-4, 10.442982738144678, 0.003155136877823872, 61.745069067201726, 60.91671167065826, 6.389091129976001
0.003196993987975951, 0.8087545451184152, 7.63226094332166E-4, 10.546583191725517, 0.0031776670434627424, 64.06504326532685, 63.105953567587605, 6.389749376345283
0.0032037274549098185, 0.8104382086211452, 7.648335911521723E-4, 10.652775088640283, 0.003200402013126352, 66.45898194382852, 65.36475602729784, 6.390407622714565
0.003210460921843686, 0.8121218721238753, 7.664410879721786E-4, 10.761614427836207, 0.003223346297533916, 68.92863433888373, 67.69473903687748, 6.391065869083847
0.0032171943887775536, 0.8138055356266054, 7.680485847921849E-4, 10.873157768389888, 0.0032465045055840164, 71.47577935339473, 70.0975496401244, 6.391724115453129
0.0032239278557114216, 0.8154757717295134, 7.696560816121911E-4, 10.987745331189444, 0.0032700992400241657, 74.10222590423207, 72.57486224971858, 6.392620017297971
0.003230661322645289, 0.8171364168325485, 7.712635784321974E-4, 11.10535570600723, 0.003294075686867279, 76.80981327199393, 75.1283789616308, 6.393685673053927
0.003237394789579157, 0.8187970619355837, 7.728710752522038E-4, 11.22584536217687, 0.0033182838203276027, 79.60041145331033, 77.75982987177844, 6.394751328809884
0.0032441282565130246, 0.8204577070386188, 7.744785720722101E-4, 11.34927305077872, 0.0033427286646929427, 82.47592151581027, 80.47097339505893, 6.39581698456584
0.0032508617234468925, 0.8221183521416539, 7.760860688922164E-4, 11.475698056763804, 0.003367415347558314, 85.43827595548329, 83.26359658648478, 6.396882640321797
0.00325759519038076, 0.823778997244689, 7.776935657122227E-4, 11.605180192980242, 0.003392349100825587, 88.4894390568126, 86.13951546480133, 6.397948296077754
0.003264328657314628, 0.8254396423477242, 7.793010625322291E-4, 11.737779793981872, 0.0034175352616895305, 91.63140725537106, 89.10057533827423, 6.399013951833711
0.0032710621242484955, 0.8271002874507593, 7.809085593522354E-4, 11.873557709566512, 0.0034429792736210274, 94.86620950301172, 92.14865113276386, 6.400079607589666
0.0032777955911823635, 0.8287609325537942, 7.825160561722417E-4, 12.01257529808322, 0.003468686687333064, 98.19590763575928, 95.28564772222867, 6.401145263345623
0.0032845290581162315, 0.8304215776568294, 7.841235529922481E-4, 12.154894419459197, 0.0034946631617435303, 101.62259674422363, 98.51350026143041, 6.40221091910158
0.003291262525050099, 0.8320822227598645, 7.857310498122544E-4, 12.300577427995904, 0.003520914464919797, 105.14840554666108, 101.83417452100323, 6.403276574857537
0.0032979959919839665, 0.8337428678628996, 7.873385466322607E-4, 12.449687164900979, 0.0035474464750183815, 108.7754967647234, 105.24966722491325, 6.404342230613493
0.003304729458917834, 0.8354035129659347, 7.88946043452267E-4, 12.6022869505357, 0.0035742651812076393, 112.50606750175162, 108.76200639014705, 6.40540788636945
0.003311462925851702, 0.8370641580689698, 7.905535402722733E-4, 12.758440576439398, 0.003601376684580826, 116.34234962378238, 112.37325166883407, 6.406473542125406
0.0033181963927855695, 0.8387248031720049, 7.921610370922795E-4, 12.918212297043738, 0.0036287871990579035, 120.28661014323824, 116.08549469272397, 6.407539197881363
0.003324929859719437, 0.84038544827504, 7.937685339122858E-4, 13.081666821128465, 0.003656503052268917, 124.34115160520848, 119.90085941998412, 6.4086048536373195
0.003331663326653305, 0.8420460933780752, 7.953760307322922E-4, 13.248869303016136, 0.003684530686429738, 128.50831247644442, 123.82150248437114, 6.409670509393276
0.0033383967935871734, 0.8437067384811103, 7.969835275522986E-4, 13.41988533346921, 0.003712876659199199, 132.79046753707848, 127.84961354685265, 6.410736165149233
0.003345130260521041, 0.8453673835841454, 7.985910243723049E-4, 13.594780930322486, 0.0037415476445235296, 137.19002827497596, 131.98741564953298, 6.41180182090519
0.0033518637274549084, 0.8470280286871805, 8.001985211923112E-4, 13.773622528809028, 0.003770550433466996, 141.70944328283537, 136.2371655720256, 6.412867476661146
0.003358597194388776, 0.8486886737902156, 8.018060180123175E-4, 13.956476971637585, 0.003799891935022115, 146.35119865797068, 140.60115419020912, 6.413933132417102
0.003365330661322644, 0.850320829463626, 8.034135148323238E-4, 14.14403809639839, 0.0038300825939551475, 151.1178184048235, 145.08170683738746, 6.41549912095797
0.0033720641282565115, 0.8519454879187139, 8.050210116523301E-4, 14.335915275630441, 0.0038607636750987995, 156.01186484020084, 149.6811836678746, 6.417196776021183
0.0033787975951903794, 0.853570146373802, 8.066285084723365E-4, 14.53201202279456, 0.00389181057626814, 161.03593900131676, 154.40198002306525, 6.418894431084396
0.003385531062124247, 0.85519480482889, 8.082360052923428E-4, 14.732396709389832, 0.003923230708062608, 166.19268105641535, 159.24652679977606, 6.420592086147608
0.003392264529058115, 0.856819463283978, 8.098435021123491E-4, 14.937138060225607, 0.00395503160285432, 171.48477071840125, 164.2172908212861, 6.422289741210821
0.0033989979959919824, 0.8584441217390659, 8.114509989323554E-4, 15.146305141647872, 0.003987220915499662, 176.91492766095976, 169.31677521054084, 6.4239873962740335
0.00340573146292585, 0.8600687801941539, 8.130584957523617E-4, 15.35996734950777, 0.004019806424028799, 182.48591193768297, 174.54751976604388, 6.425685051337245
0.003412464929859718, 0.861693438649242, 8.146659925723681E-4, 15.578194396776553, 0.004052796030314915, 188.20052440382057, 179.91210134007437, 6.427382706400459
0.003419198396793586, 0.8633180971043299, 8.162734893923743E-4, 15.801056300877917, 0.004086197760723775, 194.0616071409224, 185.41313421945136, 6.4290803614636705
0.003425931863727454, 0.864942755559418, 8.178809862123807E-4, 16.028623370677224, 0.004120019766744365, 200.07204388423523, 191.0532705087588, 6.430778016526883
0.0034326653306613213, 0.866567414014506, 8.19488483032387E-4, 16.26096619314012, 0.004154270325593928, 206.23476045291116, 196.83520051603568, 6.432475671590096
0.003439398797595189, 0.868192072469594, 8.210959798523933E-4, 16.49815561970513, 0.00418895784080453, 212.55272518301427, 202.7616531409622, 6.434173326653308
0.003446132264529057, 0.8698167309246819, 8.227034766723996E-4, 16.74026275226788, 0.004224090842786854, 219.02894936346445, 208.83539626564766, 6.435870981716521
0.0034528657314629244, 0.8714413893797699, 8.243109734924059E-4, 16.987358928879303, 0.004259677989368688, 225.66648767464994, 215.05923714776918, 6.437568636779734
0.003459599198396792, 0.8730660478348579, 8.259184703124122E-4, 17.239515709070247, 0.004295728066310844, 232.46843863002866, 221.43602281637058, 6.439266291842946
0.0034663326653306594, 0.8746907062899458, 8.275259671324185E-4, 17.496804858877567, 0.0043322499878001575, 239.43794502047427, 227.96864047007992, 6.440963946906159
0.0034730661322645274, 0.8763153647450339, 8.291334639524249E-4, 17.75929833546934, 0.004369252796915218, 246.57819436160915, 234.6600178779861, 6.442661601969371
0.0034797995991983953, 0.8779400232001219, 8.307409607724312E-4, 18.027068271483586, 0.004406745666069356, 253.89241934387448, 241.51312378292636, 6.444359257032584
0.0034865330661322633, 0.87956468165521, 8.323484575924376E-4, 18.300186958960694, 0.004444737897422502, 261.38389828556245, 248.53096830739804, 6.446056912095797
0.003493266533066131, 0.8811893401102979, 8.339559544124439E-4, 18.578726832950224, 0.004483238923274735, 269.0559555887403, 255.71660336204192, 6.447754567159009
0.0034999999999999983, 0.8828139985653859, 8.355634512324502E-4, 18.86276045477848, 0.004522258306423471, 276.9119621980307, 263.07312305664203, 6.449452222222222
