phi0, phi, rho, Z_fit_curve, F_ex_fit_per_V, mu_kT, PV_NkT, alpha
1.3999999999999996E-4, 0.03549132466179824, 3.342253804929801E-5, 1.0285421497285205, 2.0782227928206177E-6, -18.372302418793254, -10.10157440602808, 6.328593168724278
1.467334669338677E-4, 0.037198370273672926, 3.503003486930433E-5, 1.027581343464528, 2.2244340760459145E-6, -17.657892716666034, -8.940137779447133, 6.32862659953652
1.5346693386773545E-4, 0.038905415885547606, 3.663753168931065E-5, 1.0265347584055935, 2.3710739767329906E-6, -16.977781289072755, -7.882815096528597, 6.328660030348762
1.6020040080160316E-4, 0.040612461497422286, 3.824502850931696E-5, 1.0254159398952574, 2.5178528516183347E-6, -16.330794924922998, -6.91821291611621, 6.328693461161004
1.669338677354709E-4, 0.04231950710929697, 3.985252532932328E-5, 1.024237925528336, 2.6645112511681313E-6, -15.715788613124921, -6.0366617278472265, 6.328726891973246
1.7366733466933862E-4, 0.044026552721171654, 4.14600221493296E-5, 1.023013255934813, 2.8108188890480434E-6, -15.131645080176293, -5.229885669166624, 6.328760322785488
1.8040080160320636E-4, 0.04573359833304634, 4.3067518969335916E-5, 1.021753985436095, 2.9565736324374746E-6, -14.57727433243958, -4.490746127592427, 6.32879375359773
1.871342685370741E-4, 0.04744064394492102, 4.4675015789342234E-5, 1.020471692574312, 3.101600512948905E-6, -14.051613203078842, -3.8130406194431545, 6.328827184409972
1.9386773547094184E-4, 0.04914768955679571, 4.628251260934855E-5, 1.0191774905153115, 3.245750757914209E-6, -13.553624903636027, -3.1913435068370304, 6.328860615222214
2.0060120240480956E-4, 0.05085473516867038, 4.7890009429354864E-5, 1.017882037326034, 3.38890084180105E-6, -13.082298580224618, -2.6208787233446578, 6.328894046034456
2.073346693386773E-4, 0.05256178078054507, 4.949750624936118E-5, 1.0165955461269143, 3.530951557523662E-6, -12.636648874317935, -2.0974172325097986, 6.328927476846698
2.1406813627254502E-4, 0.054268826392419756, 5.11050030693675E-5, 1.0153277951199926, 3.6718271074135536E-6, -12.21571548811033, -1.6171937743147948, 6.32896090765894
2.2080160320641276E-4, 0.055975872004294436, 5.271249988937382E-5, 1.0140881374933934, 3.811474213616925E-6, -11.818562754428532, -1.1768387830293356, 6.328994338471182
2.2753507014028047E-4, 0.057682917616169116, 5.431999670938013E-5, 1.0128855112028425, 3.949861247686803E-6, -11.444279211171104, -0.7733223344513761, 6.3290277692834245
2.3426853707414822E-4, 0.059389963228043796, 5.592749352938645E-5, 1.0117284486308806, 4.086977379139057E-6, -11.091977180253707, -0.40390770301427076, 6.3290612000956665
2.4100200400801596E-4, 0.061097008839918476, 5.7534990349392766E-5, 1.0106250861244555, 4.222831742742798E-6, -10.76079235103775, -0.06611265003168859, 6.329094630907909
2.477354709418837E-4, 0.06280405445179316, 5.9142487169399084E-5, 1.0095831734115435, 4.357452624316817E-6, -10.449883368220325, 0.24232302714021778, 6.329128061720151
2.5446893787575144E-4, 0.06451110006366785, 6.07499839894054E-5, 1.008610082897476, 4.490886664804923E-6, -10.158431424162963, 0.5234648440220686, 6.329161492532393
2.612024048096192E-4, 0.06621814567554253, 6.235748080941172E-5, 1.007712818841635, 4.623198082404337E-6, -9.885639855637075, 0.7792067959942397, 6.329194923344635
2.679358717434869E-4, 0.0679251912874172, 6.396497762941803E-5, 1.006898026415185, 4.7544679125224555E-6, -9.63073374496374, 1.0112910783700242, 6.329228354156877
2.7466933867735456E-4, 0.06963223689929189, 6.557247444942434E-5, 1.006172000640505, 4.884793265338594E-6, -9.392959525525445, 1.2213249504372221, 6.329261784969119
2.8140280561122236E-4, 0.0713392661965808, 6.717997126943068E-5, 1.0055404319473011, 5.014268914566782E-6, -9.171584591627678, 1.4107952212404438, 6.3292926330438695
2.8813627254509005E-4, 0.07304623349844375, 6.878746808943698E-5, 1.00500816771446, 5.142967471852394E-6, -8.96589691268802, 1.5810807455597102, 6.329313666716152
2.948697394789578E-4, 0.0747532008003067, 7.03949649094433E-5, 1.004581481443283, 5.271093727038149E-6, -8.775204651730311, 1.733463247580232, 6.329334700388435
3.0160320641282553E-4, 0.07646016810216966, 7.200246172944962E-5, 1.004265354611163, 5.3988017174901255E-6, -8.5988357881618, 1.8691367330454667, 6.329355734060717
3.083366733466933E-4, 0.07816713540403261, 7.360995854945593E-5, 1.0040644614927445, 5.52625809948469E-6, -8.43613774481095, 1.989215705127575, 6.329376767733
3.15070140280561E-4, 0.07987410270589558, 7.521745536946225E-5, 1.003983177403565, 5.653641506776335E-6, -8.286477019203536, 2.094742362454019, 6.329397801405283
3.2180360721442876E-4, 0.08158107000775854, 7.682495218946857E-5, 1.0040255868300736, 5.781141925240785E-6, -8.149238819054647, 2.186692927863145, 6.329418835077565
3.285370741482965E-4, 0.08328803730962149, 7.843244900947489E-5, 1.0041954914466755, 5.90896008337967E-6, -8.023826701954802, 2.2659832321034887, 6.329439868749848
3.3527054108216424E-4, 0.08499500461148445, 8.003994582948121E-5, 1.0044964180204872, 6.037306858474316E-6, -7.909662219227204, 2.333473656738638, 6.32946090242213
3.42004008016032E-4, 0.0867019719133474, 8.164744264948753E-5, 1.0049316262044545, 6.16640269817759E-6, -7.806184563934307, 2.3899735240993807, 6.329481936094413
3.487374749498997E-4, 0.08840893921521036, 8.325493946949384E-5, 1.005504116219504, 6.296477057333597E-6, -7.712850223011275, 2.436245008559985, 6.329502969766696
3.554709418837674E-4, 0.09011590651707331, 8.486243628950016E-5, 1.0062166364264, 6.427767849816788E-6, -7.629132633504194, 2.4730066321624298, 6.329524003438978
3.6220440881763516E-4, 0.09182287381893627, 8.646993310950648E-5, 1.0070716907879687, 6.560520915182805E-6, -7.554521842890346, 2.500936398242579, 6.329545037111261
3.689378757515029E-4, 0.09352984112079922, 8.80774299295128E-5, 1.0080715462223522, 6.69498949992467E-6, -7.488524173458758, 2.520674608880721, 6.329566070783543
3.756713426853706E-4, 0.09523680842266216, 8.96849267495191E-5, 1.0092182398479699, 6.831433753129504E-6, -7.430661890728417, 2.53282640543155, 6.329587104455826
3.8240480961923833E-4, 0.09694377572452512, 9.129242356952542E-5, 1.0105135861208432, 6.970120236331806E-6, -7.380472875882001, 2.537964065861716, 6.329608138128109
3.891382765531061E-4, 0.09865074302638809, 9.289992038953175E-5, 1.0119591838649558, 7.1113214473604925E-6, -7.33751030219267, 2.5366290879567477, 6.329629171800391
3.9587174348697376E-4, 0.10035771032825103, 9.450741720953804E-5, 1.013556423196315, 7.255315357978803E-6, -7.301342315421994, 2.529334083507076, 6.329650205472674
4.026052104208415E-4, 0.10206467763011397, 9.611491402954436E-5, 1.01530649234138, 7.4023849651162706E-6, -7.271551718166281, 2.5165645052263237, 6.3296712391449566
4.0933867735470924E-4, 0.10377164493197694, 9.772241084955068E-5, 1.017210384350524, 7.552817855494409E-6, -7.24773565812945, 2.4987802252944618, 6.32969227281724
4.16072144288577E-4, 0.10547861223383989, 9.9329907669557E-5, 1.0192689037071978, 7.706905783447908E-6, -7.229505320299469, 2.4764169819757558, 6.329713306489523
4.2280561122244484E-4, 0.1071855597250143, 1.0093740448956334E-4, 1.0214828053139622, 7.864957633983425E-6, -7.216485623007425, 2.44988770866615, 6.329735205060326
4.295390781563124E-4, 0.10889247948122466, 1.0254490130956963E-4, 1.023852596102901, 8.027279090823056E-6, -7.208314917845089, 2.4195837579305235, 6.329758314489061
4.3627254509018016E-4, 0.11059939923743504, 1.0415239812957595E-4, 1.026378370961235, 8.194153926506637E-6, -7.204644693420369, 2.3858760315374874, 6.329781423917795
4.430060120240479E-4, 0.11230631899364543, 1.0575989494958227E-4, 1.0290602441339025, 8.365886649981304E-6, -7.205139282927383, 2.3491160261669526, 6.329804533346529
4.4973947895791564E-4, 0.1140132387498558, 1.0736739176958859E-4, 1.0318981728035714, 8.542784018016747E-6, -7.209475575509053, 2.3096368033071695, 6.329827642775263
4.564729458917834E-4, 0.11572015850606619, 1.0897488858959491E-4, 1.0348919630880022, 8.72515468811758E-6, -7.21734273139037, 2.267753890855219, 6.329850752203997
4.6320641282565113E-4, 0.11742707826227658, 1.1058238540960123E-4, 1.0380412759377804, 8.913308883281422E-6, -7.228441900759317, 2.223766123064909, 6.3298738616327315
4.6993987975951887E-4, 0.11913399801848697, 1.1218988222960754E-4, 1.0413456329350772, 9.107558068415208E-6, -7.242485946373773, 2.1779564247245884, 6.329896971061466
4.766733466933866E-4, 0.12084091777469735, 1.1379737904961386E-4, 1.044804421994115, 9.308214638222854E-6, -7.259199169871951, 2.130592544786417, 6.3299200804902
4.8340681362725436E-4, 0.12254783753090774, 1.1540487586962018E-4, 1.0484169029639976, 9.515591616378869E-6, -7.278317041763753, 2.0819277440885458, 6.329943189918934
4.901402805611221E-4, 0.12425475728711813, 1.170123726896265E-4, 1.0521822131345713, 9.730002365803513E-6, -7.299585935081234, 2.0322014413031058, 6.329966299347668
4.968737474949898E-4, 0.1259616770433285, 1.1861986950963282E-4, 1.0560993726459873, 9.951760309856828E-6, -7.322762862665701, 1.981639820797576, 6.329989408776402
5.036072144288576E-4, 0.1276685967995389, 1.2022736632963914E-4, 1.0601672898026318, 1.0181178664269217E-5, -7.347615218068919, 1.9304564057048925, 6.3300125182051366
5.103406813627253E-4, 0.12937551655574928, 1.2183486314964545E-4, 1.0643847662920831, 1.0418570179628598E-5, -7.373920520046638, 1.8788525991510523, 6.330035627633871
5.170741482965931E-4, 0.13108243631195968, 1.2344235996965177E-4, 1.0687505023097756, 1.0664246894244313E-5, -7.401466160621785, 1.8270181962846135, 6.330058737062605
5.238076152304608E-4, 0.13278935606817005, 1.250498567896581E-4, 1.0732631015900223, 1.0918519897209867E-5, -7.430049156695023, 1.7751318694823843, 6.330081846491339
5.305410821643286E-4, 0.13449627582438045, 1.266573536096644E-4, 1.077921076344075, 1.1181699101487575E-5, -7.459475905180404, 1.7233616288662792, 6.330104955920073
5.372745490981962E-4, 0.1362031955805908, 1.282648504296707E-4, 1.082722852105878, 1.145409302683947E-5, -7.489561941644321, 1.6718652600539892, 6.3301280653488075
5.440080160320638E-4, 0.1379101153368012, 1.2987234724967702E-4, 1.0876667724861964, 1.1736008592430111E-5, -7.520131702424754, 1.6207907408784115, 6.330151174777542
5.507414829659317E-4, 0.1396170350930116, 1.3147984406968336E-4, 1.0927511038357638, 1.2027750918927544E-5, -7.551018290208905, 1.5702766386425353, 6.330174284206276
5.574749498997993E-4, 0.14132395484922194, 1.3308734088968965E-4, 1.0979740398181428, 1.232962313993138E-5, -7.582063243046813, 1.520452489326962, 6.33019739363501
5.64208416833667E-4, 0.14303068086359252, 1.3469483770969597E-4, 1.103336913658316, 1.2642358291993456E-5, -7.613116306778959, 1.4714391600335315, 6.330236194013545
5.709418837675348E-4, 0.14473729063285923, 1.363023345297023E-4, 1.1088366035299602, 1.2966109164159382E-5, -7.644035210855094, 1.4233491958303195, 6.33028440896196
5.776753507014025E-4, 0.1464439004021259, 1.379098313497086E-4, 1.114469209915136, 1.3300919392043523E-5, -7.674685447522109, 1.3762871520552182, 6.330332623910375
5.844088176352703E-4, 0.1481505101713926, 1.3951732816971493E-4, 1.1202326796786826, 1.3647083047765088E-5, -7.704940054359558, 1.3303499130395706, 6.330380838858791
5.91142284569138E-4, 0.14985711994065928, 1.4112482498972124E-4, 1.1261249085313376, 1.4004891407504385E-5, -7.73467940013881, 1.2856269981297344, 6.330429053807206
5.978757515030058E-4, 0.151563729709926, 1.4273232180972756E-4, 1.1321437450747898, 1.4374632815346572E-5, -7.763790973985093, 1.2422008558038766, 6.3304772687556214
6.046092184368735E-4, 0.15327033947919266, 1.4433981862973388E-4, 1.138286994761076, 1.4756592555282315E-5, -7.792169177819552, 1.2001471466139602, 6.330525483704037
6.113426853707412E-4, 0.15497694924845937, 1.459473154497402E-4, 1.1445524237670286, 1.515105273120289E-5, -7.819715122059023, 1.1595350156204742, 6.330573698652453
6.18076152304609E-4, 0.15668355901772604, 1.4755481226974652E-4, 1.1509377627844073, 1.5558292154729085E-5, -7.84633642455087, 1.1204273549301116, 6.330621913600868
6.248096192384767E-4, 0.15839016878699275, 1.4916230908975284E-4, 1.1574407107264055, 1.597858624071391E-5, -7.871947012721814, 1.0828810568951424, 6.330670128549283
6.315430861723445E-4, 0.16009677855625942, 1.5076980590975915E-4, 1.1640589383511797, 1.6412206910261048E-5, -7.896466928917057, 1.0469472584894275, 6.330718343497699
6.382765531062122E-4, 0.16180338832552613, 1.5237730272976547E-4, 1.1707900918030802, 1.685942250110051E-5, -7.919822138907817, 1.0126715773322197, 6.330766558446114
6.4501002004008E-4, 0.1635099980947928, 1.539847995497718E-4, 1.1776317960722484, 1.732049768516737E-5, -7.9419443435461, 0.9800943397931228, 6.330814773394529
6.517434869739476E-4, 0.16521660786405948, 1.5559229636977808E-4, 1.1845816583732376, 1.7795693393227094E-5, -7.962770793542655, 0.9492508015791171, 6.330862988342944
6.584769539078154E-4, 0.16692321763332618, 1.5719979318978443E-4, 1.191637271443341, 1.828526674639414E-5, -7.982244107346855, 0.9201713611720178, 6.33091120329136
6.652104208416831E-4, 0.16862982740259286, 1.5880729000979072E-4, 1.1987962167612742, 1.8789470994391904E-5, -8.000312092106261, 0.8928817664561977, 6.330959418239775
6.719438877755509E-4, 0.17033643717185956, 1.6041478682979706E-4, 1.2060560676868937, 1.930855546040318E-5, -8.016927567683544, 0.8674033148512942, 6.33100763318819
6.786773547094186E-4, 0.17204304694112624, 1.6202228364980335E-4, 1.2134143925226089, 1.98427654923591E-5, -8.032048193707586, 0.843753047242694, 6.331055848136606
6.854108216432863E-4, 0.1737496567103929, 1.6362978046980967E-4, 1.2208687574971648, 2.0392342420521077E-5, -8.045636299637735, 0.8219439359772871, 6.3311040630850215
6.92144288577154E-4, 0.17545626647965962, 1.65237277289816E-4, 1.228416729672447, 2.0957523521204804E-5, -8.05765871781859, 0.8019850671763235, 6.331152278033437
6.988777555110218E-4, 0.1771628762489263, 1.668447741098223E-4, 1.2360558797739853, 2.1538541986503355E-5, -8.068086619502047, 0.783881817598238, 6.331200492981852
7.056112224448896E-4, 0.1788694966090123, 1.6845227092982865E-4, 1.2437809192158626, 2.213514416114076E-5, -8.07689535381604, 0.7676360262665642, 6.331237502803965
7.123446893787572E-4, 0.1805761190872621, 1.7005976774983494E-4, 1.2515916665778442, 2.2747920812005042E-5, -8.084064289655636, 0.7532461610657856, 6.3312722716008185
7.190781563126249E-4, 0.1822827415655119, 1.7166726456984126E-4, 1.2594862874729773, 2.3377187149898575E-5, -8.08957666047659, 0.7407074804915028, 6.331307040397671
7.258116232464926E-4, 0.18398936404376173, 1.7327476138984758E-4, 1.267462394081113, 2.4023159524730706E-5, -8.093419411966877, 0.7300121907311945, 6.331341809194524
7.325450901803604E-4, 0.18569598652201158, 1.748822582098539E-4, 1.275517615277049, 2.468605013570977E-5, -8.095583052574874, 0.7211495982399898, 6.331376577991376
7.392785571142281E-4, 0.1874026090002614, 1.7648975502986022E-4, 1.2836495990172216, 2.5366067034045643E-5, -8.096061506872497, 0.7141062579626382, 6.331411346788229
7.460120240480959E-4, 0.18910923147851122, 1.7809725184986654E-4, 1.2918560146547495, 2.6063414130662113E-5, -8.094851971729753, 0.7088661173477417, 6.3314461155850825
7.527454909819636E-4, 0.19081585395676104, 1.7970474866987285E-4, 1.3001345551835157, 2.677829120877831E-5, -8.091954775278943, 0.7054106562883274, 6.331480884381935
7.594789579158312E-4, 0.19252247643501083, 1.8131224548987915E-4, 1.3084829394119293, 2.751089394122824E-5, -8.087373238647269, 0.7037190231137592, 6.331515653178788
7.662124248496991E-4, 0.1942290989132607, 1.829197423098855E-4, 1.3168989140670684, 2.8261413912379817E-5, -8.081113540433611, 0.7037681667545846, 6.331550421975641
7.729458917835667E-4, 0.1959357213915105, 1.8452723912989178E-4, 1.325380255829845, 2.9030038644525454E-5, -8.073184583908526, 0.7055329651911689, 6.331585190772493
7.796793587174346E-4, 0.19764234386976035, 1.8613473594989813E-4, 1.3339247733018569, 2.981695162860887E-5, -8.063597866915014, 0.7089863502915408, 6.3316199595693465
7.864128256513023E-4, 0.19934896634801016, 1.8774223276990445E-4, 1.3425303089046157, 3.0622332359158904E-5, -8.052367354447696, 0.7140994291388906, 6.331654728366199
7.9314629258517E-4, 0.20105558882625996, 1.8934972958991074E-4, 1.3511947407118023, 3.1446356373302386E-5, -8.039509353887139, 0.7208416019436976, 6.331689497163052
7.998797595190378E-4, 0.20276221130450983, 1.9095722640991708E-4, 1.3599159842152024, 3.228919529372614E-5, -8.025042392869489, 0.7291806766275183, 6.331724265959905
8.066132264529054E-4, 0.20446883378275962, 1.9256472322992337E-4, 1.3686919940250255, 3.315101687546289E-5, -8.008987099766127, 0.7390829801663571, 6.331759034756757
8.133466933867733E-4, 0.20617545626100947, 1.9417222004992972E-4, 1.3775207655052302, 3.403198505637589E-5, -7.991366086753141, 0.7505134667711754, 6.3317938035536105
8.200801603206409E-4, 0.20788207873925926, 1.95779716869936E-4, 1.3864003363445772, 3.4932260011214996E-5, -7.972203835447547, 0.7634358229838851, 6.331828572350464
8.268136272545087E-4, 0.2095887012175091, 1.9738721368994233E-4, 1.3953287880639968, 3.585199820912622E-5, -7.95152658508903, 0.7778125697588212, 6.331863341147316
8.335470941883765E-4, 0.21129532369575896, 1.9899471050994867E-4, 1.404304247461039, 3.6791352474488806E-5, -7.929362223241159, 0.7936051616044653, 6.331898109944169
8.402805611222442E-4, 0.21300194123727215, 2.0060220732995496E-4, 1.413325160861478, 3.7750526789186785E-5, -7.905740178997106, 0.8107740828425559, 6.331933774483123
8.470140280561119E-4, 0.2147084452338433, 2.0220970414996128E-4, 1.4223958075940137, 3.873089316399711E-5, -7.8806913186587755, 0.8292789410575421, 6.331990041090412
8.537474949899796E-4, 0.2164149492304145, 2.038172009699676E-4, 1.4315082327198096, 3.973135552853369E-5, -7.854247843873952, 0.8490785577890224, 6.3320463076977
8.604809619238473E-4, 0.21812145322698565, 2.0542469778997392E-4, 1.4406607573554941, 4.075205330687769E-5, -7.826443192206157, 0.8701310565290216, 6.332102574304989
8.67214428857715E-4, 0.2198279572235568, 2.0703219460998024E-4, 1.4498517541951663, 4.179312262831547E-5, -7.7973119401144935, 0.8923939480785033, 6.332158840912278
8.739478957915828E-4, 0.221534461220128, 2.0863969142998655E-4, 1.4590796485909963, 4.285469640566046E-5, -7.766889708323386, 0.9158242133154112, 6.332215107519567
8.806813627254505E-4, 0.22324096521669914, 2.1024718824999287E-4, 1.4683429195755038, 4.393690441608453E-5, -7.735213069557872, 0.940378383426684, 6.332271374126855
8.874148296593182E-4, 0.2249474692132703, 2.118546850699992E-4, 1.477640100826213, 4.5039873384350776E-5, -7.702319458622871, 0.9660126176527292, 6.332327640734144
8.94148296593186E-4, 0.22665397320984149, 2.134621818900055E-4, 1.4869697815733232, 4.616372706833089E-5, -7.6682470848042055, 0.9926827785925598, 6.332383907341433
9.008817635270536E-4, 0.22836047720641262, 2.150696787100118E-4, 1.4963306074510714, 4.730858634670366E-5, -7.633034846569976, 1.0203445051128504, 6.332440173948722
9.076152304609215E-4, 0.23006698120298383, 2.1667717553001815E-4, 1.5057212812934824, 4.8474569308721134E-5, -7.596722248548, 1.0489532829087376, 6.33249644055601
9.143486973947892E-4, 0.23177348519955498, 2.1828467235002446E-4, 1.5151405638750808, 4.9661791345940875E-5, -7.5593493207584865, 1.0784645127568884, 6.332552707163299
9.21082164328657E-4, 0.23347998919612617, 2.1989216917003078E-4, 1.5245872745974054, 5.087036524581145E-5, -7.520956540079043, 1.108833576502483, 6.332608973770588
9.278156312625247E-4, 0.23518649319269733, 2.214996659900371E-4, 1.5340602921217588, 5.210040128701264E-5, -7.481584753921305, 1.1400159008194322, 6.332665240377876
9.345490981963923E-4, 0.23689299718926846, 2.231071628100434E-4, 1.54355855494909, 5.335200733644546E-5, -7.441275106094002, 1.1719670187850997, 6.332721506985165
9.412825651302602E-4, 0.23859950118583967, 2.2471465963004974E-4, 1.5530810619475004, 5.4625288947766206E-5, -7.400068964831624, 1.204642629305926, 6.332777773592454
9.480160320641278E-4, 0.2403060051824108, 2.2632215645005603E-4, 1.5626268728281418, 5.5920349461368805E-5, -7.358007852969334, 1.2379986544281798, 6.332834040199743
9.547494989979956E-4, 0.24201250917898195, 2.2792965327006235E-4, 1.57219510857015, 5.7237290105712566E-5, -7.315133380234839, 1.2719912945760143, 6.332890306807031
9.614829659318634E-4, 0.24371901317555317, 2.295371500900687E-4, 1.5817849517952263, 5.857621009989685E-5, -7.271487177642669, 1.3065770817445481, 6.33294657341432
9.68216432865731E-4, 0.2454255171721243, 2.3114464691007498E-4, 1.591395647092642, 5.993720675738583E-5, -7.227110833963275, 1.3417129306867979, 6.333002840021609
9.749498997995988E-4, 0.24713202116869548, 2.327521437300813E-4, 1.6010265012952236, 6.132037559078935E-5, -7.182045834247638, 1.3773561881251606, 6.333059106628897
9.816833667334664E-4, 0.24883839791468323, 2.3435964055008762E-4, 1.6106759260610797, 6.272558598404032E-5, -7.136333500381143, 1.4134646800237471, 6.333112683412094
9.884168336673342E-4, 0.25054439290892083, 2.3596713737009394E-4, 1.6203414051332503, 6.415246583379415E-5, -7.0900149336514415, 1.4499967569460042, 6.333158190723011
9.951503006012021E-4, 0.2522503879031584, 2.3757463419010028E-4, 1.6300252864351608, 6.560176971849674E-5, -7.043130959300661, 1.4869113375358602, 6.333203698033929
0.0010018837675350696, 0.25395638289739597, 2.3918213101010657E-4, 1.6397271275751677, 6.707358675829302E-5, -6.995722073044081, 1.5241679501503382, 6.333249205344846
0.0010086172344689374, 0.25566237789163354, 2.407896278301129E-4, 1.6494465490738974, 6.856800480889098E-5, -6.947828389529835, 1.561726772673735, 6.333294712655764
0.0010153507014028051, 0.2573683728858711, 2.423971246501192E-4, 1.6591832343604143, 7.008511057071551E-5, -6.8994895927220234, 1.5995486705402828, 6.333340219966681
0.0010220841683366729, 0.25907436788010874, 2.4400462147012553E-4, 1.6689369297240706, 7.162498969848169E-5, -6.850744888180903, 1.6375952329969543, 6.333385727277599
0.0010288176352705406, 0.2607803628743463, 2.4561211829013185E-4, 1.6787074442226937, 7.318772691109392E-5, -6.80163295721853, 1.6758288076352974, 6.333431234588517
0.0010355511022044086, 0.2624863578685839, 2.472196151101382E-4, 1.6884946495478383, 7.477340610179467E-5, -6.752191912908083, 1.7142125332185048, 6.333476741899434
0.001042284569138276, 0.26419235286282144, 2.488271119301445E-4, 1.6982984798477119, 7.638211044846822E-5, -6.702459257925954, 1.7527103708295988, 6.333522249210352
0.001049018036072144, 0.26589834785705907, 2.5043460875015083E-4, 1.7081189315084624, 7.801392252402668E-5, -6.6524718442024415, 1.7912871333710831, 6.333567756521269
0.0010557515030060116, 0.2676043428512966, 2.520421055701571E-4, 1.7179560628944694, 7.966892440679238E-5, -6.602265834356876, 1.8299085134436488, 6.333613263832187
0.0010624849699398793, 0.26931033784553415, 2.536496023901634E-4, 1.727809994048366, 8.134719779079468E-5, -6.5518766649038005, 1.8685411096203228, 6.333658771143105
0.001069218436873747, 0.2710163328397718, 2.5525709921016976E-4, 1.7376809063513883, 8.304882409590643E-5, -6.501339011192326, 1.9071524511604043, 6.3337042784540225
0.0010759519038076148, 0.2727223278340093, 2.5686459603017605E-4, 1.7475690421447787, 8.477388457774021E-5, -6.450686754073994, 1.945711021168036, 6.333749785764939
0.0010826853707414826, 0.2744283228282469, 2.584720928501824E-4, 1.7574747043128427, 8.652246043722746E-5, -6.399952948263025, 1.984186278236317, 6.333795293075857
0.0010894188376753505, 0.27613431782248454, 2.6007958967018874E-4, 1.7673982558283905, 8.829463292980697E-5, -6.349169792374892, 2.0225486765938063, 6.333840800386775
0.001096152304609218, 0.27784031281672206, 2.6168708649019503E-4, 1.7773401192612206, 9.009048347414569E-5, -6.298368600616298, 2.0607696847819477, 6.333886307697693
0.001102885771543086, 0.2795463078109597, 2.632945833102014E-4, 1.7873007762502267, 9.191009376032294E-5, -6.247579776106201, 2.098821802887043, 6.33393181500861
0.0011096192384769535, 0.28125230280519725, 2.6490208013020766E-4, 1.7972807669399753, 9.375354585740247E-5, -6.196832785807253, 2.136678578347908, 6.3339773223195275
0.001116352705410821, 0.28295829779943477, 2.6650957695021396E-4, 1.8072806893821722, 9.562092232032838E-5, -6.14615613704055, 2.174314620369644, 6.334022829630445
0.001123086172344689, 0.28466472461454695, 2.681170737702203E-4, 1.8173027832217465, 9.751273107898717E-5, -6.095577355568307, 2.2117056129596016, 6.334072225500374
0.0011298196392785565, 0.2863716617634199, 2.697245705902266E-4, 1.8273480787538405, 9.942914948785001E-5, -6.04512296521454, 2.248828326616443, 6.334126216940044
0.0011365531062124245, 0.2880785989122928, 2.7133206741023294E-4, 1.8374154827014038, 1.0136976638720104E-4, -5.994818469005326, 2.2856606286933707, 6.334180208379714
0.001143286573146292, 0.28978553606116575, 2.7293956423023923E-4, 1.8475058180859714, 1.0333466752937554E-4, -5.94468833181199, 2.322181492450441, 6.3342341998193845
0.00115002004008016, 0.29149247321003874, 2.745470610502456E-4, 1.8576199623426324, 1.0532393967447765E-4, -5.894755964460489, 2.3583710048364868, 6.334288191259054
0.0011567535070140275, 0.29319941035891167, 2.7615455787025186E-4, 1.867758846525708, 1.0733767069178306E-4, -5.845043709299089, 2.394210373007371, 6.334342182698724
0.0011634869739478952, 0.2949063475077846, 2.7776205469025816E-4, 1.8779234544841183, 1.0937594965999939E-4, -5.795572827196199, 2.4296819296088854, 6.334396174138394
0.001170220440881763, 0.2966132846566576, 2.793695515102645E-4, 1.8881148220071404, 1.1143886696632818E-4, -5.746363485943349, 2.4647691368511535, 6.334450165578064
0.001176953907815631, 0.2983202218055306, 2.8097704833027085E-4, 1.8983340359411336, 1.135265144042715E-4, -5.69743475004577, 2.4994565893905967, 6.334504157017734
0.0011836873747494985, 0.30002715895440346, 2.8258454515027714E-4, 1.9085822332779707, 1.1563898527011764E-4, -5.648804571878652, 2.5337300160422296, 6.334558148457404
0.0011904208416833662, 0.3017340961032764, 2.8419204197028343E-4, 1.9188606002158966, 1.177763744580535E-4, -5.600489784177355, 2.5675762803547664, 6.334612139897073
0.0011971543086172337, 0.30344103325214933, 2.857995387902897E-4, 1.9291703711932913, 1.1993877855385123E-4, -5.5525060938560635, 2.600983380050541, 6.334666131336744
0.001203887775551102, 0.3051479704010224, 2.874070356102961E-4, 1.939512827896237, 1.221262959270674E-4, -5.504868077115425, 2.6339404453747988, 6.334720122776414
0.0012106212424849694, 0.3068549075498953, 2.890145324303024E-4, 1.9498892982403284, 1.2433902682170697E-4, -5.457589175828479, 2.666437736358766, 6.334774114216084
0.0012173547094188372, 0.30856184469876824, 2.906220292503087E-4, 1.960301155327664, 1.265770734452977E-4, -5.4106816951768755, 2.698466639027768, 6.334828105655753
0.001224088176352705, 0.31026878184764123, 2.9222952607031505E-4, 1.9707498163793224, 1.2884054005632759E-4, -5.3641568025179405, 2.7300196605725904, 6.334882097095424
0.0012308216432865727, 0.31197571899651416, 2.9383702289032134E-4, 1.9812367416443857, 1.3112953304998486E-4, -5.318024527457498, 2.7610904235064506, 6.334936088535094
0.0012375551102204404, 0.3136826561453871, 2.954445197103277E-4, 1.9917634332858594, 1.3344416104217241E-4, -5.272293763111336, 2.7916736588269884, 6.334990079974763
0.0012442885771543081, 0.31538959329426003, 2.97052016530334E-4, 2.0023314342443483, 1.3578453495172713E-4, -5.226972268523966, 2.821765198210642, 6.335044071414433
0.0012510220440881759, 0.317096530443133, 2.986595133503403E-4, 2.012942327080075, 1.3815076808081566E-4, -5.182066672234398, 2.851361965250654, 6.335098062854104
0.0012577555110220434, 0.31880346759200595, 3.002670101703466E-4, 2.0235977327939048, 1.4054297619344892E-4, -5.137582476955203, 2.8804619657710435, 6.335152054293773
0.0012644889779559112, 0.3205101335688123, 3.018745069903529E-4, 2.034311395753338, 1.4296492608519896E-4, -5.0935240653504685, 2.9090642772290054, 6.335232383182003
0.0012712224448897791, 0.3222166639595855, 3.034820038103593E-4, 2.045079128765633, 1.4541501204035347E-4, -5.049894706884082, 2.9371690372338914, 6.335325880794512
0.0012779559118236469, 0.3239231943503585, 3.050895006303656E-4, 2.055896650150414, 1.4789155377163167E-4, -5.006696565725893, 2.9647774311933732, 6.335419378407021
0.0012846893787575144, 0.32562972474113155, 3.066969974503719E-4, 2.066765722498717, 1.5039467857601773E-4, -4.963930709680876, 2.9918916791210854, 6.33551287601953
0.0012914228456913821, 0.3273362551319046, 3.083044942703782E-4, 2.0776881406560808, 1.5292451657541577E-4, -4.921597120125535, 3.018515021619064, 6.335606373632039
0.0012981563126252499, 0.3290427855226777, 3.099119910903845E-4, 2.0886657304316945, 1.5548120078304282E-4, -4.879694702932916, 3.0446517050533575, 6.3356998712445485
0.0013048897795591176, 0.33074931591345075, 3.115194879103908E-4, 2.099700347291257, 1.5806486716767626E-4, -4.838221300357674, 3.070306965948168, 6.335793368857058
0.0013116232464929854, 0.33245584630422387, 3.1312698473039716E-4, 2.1107938750342177, 1.6067565471571037E-4, -4.797173703860682, 3.09548701461953, 6.335886866469567
0.0013183567134268533, 0.33416237669499693, 3.147344815504035E-4, 2.1219482244559584, 1.6331370549099153E-4, -4.756547667851822, 3.1201990180665042, 6.335980364082076
0.0013250901803607208, 0.33586890708577, 3.163419783704098E-4, 2.133165331995751, 1.659791646923994E-4, -4.716337924327947, 3.1444510821424156, 6.336073861694585
0.0013318236472945886, 0.33757543747654306, 3.179494751904161E-4, 2.1444471583710722, 1.6867218070913605E-4, -4.6765381983839465, 3.1682522330258824, 6.336167359307094
0.0013385571142284563, 0.3392819678673161, 3.1955697201042243E-4, 2.1557956871988146, 1.7139290517371048E-4, -4.637141224576651, 3.1916123980096796, 6.336260856919603
0.0013452905811623243, 0.34098849825808925, 3.211644688304288E-4, 2.1672129236043727, 1.741414930125759E-4, -4.598138764115716, 3.2145423856327637, 6.336354354532112
0.0013520240480961918, 0.3426950286488623, 3.2277196565043507E-4, 2.178700892818928, 1.7691810249438774E-4, -4.559521622856189, 3.2370538651788494, 6.336447852144621
0.0013587575150300595, 0.3444015590396354, 3.2437946247044136E-4, 2.1902616387658282, 1.7972289527587134E-4, -4.521279670088087, 3.2591593455413905, 6.33654134975713
0.0013654909819639273, 0.34610808943040844, 3.259869592904477E-4, 2.2018972226366724, 1.8255603644526814E-4, -4.4834018580717485, 3.280872153510034, 6.3366348473696394
0.001372224448897795, 0.3478146198211815, 3.27594456110454E-4, 2.213609721457659, 1.8541769456333277E-4, -4.4458762423232905, 3.302206411466291, 6.3367283449821485
0.0013789579158316626, 0.34952115021195457, 3.292019529304603E-4, 2.2254012266470715, 1.8830804170185406E-4, -4.408690002615805, 3.3231770145229937, 6.336821842594658
0.0013856913827655307, 0.3512276806027277, 3.308094497504667E-4, 2.237273842564362, 1.9122725347969568E-4, -4.371829464670374, 3.3437996071349776, 6.336915340207167
0.0013924248496993983, 0.35293421099350075, 3.32416946570473E-4, 2.2492296850516937, 1.9417550909631962E-4, -4.3352801225260835, 3.3640905591831674, 6.337008837819676
0.001399158316633266, 0.3546407413842738, 3.3402444339047927E-4, 2.2612708799682824, 1.9715299136278613E-4, -4.299026661553097, 3.3840669415723186, 6.337102335432185
0.0014058917835671335, 0.3563472253343757, 3.3563194021048556E-4, 2.2734010046778597, 2.0016037103336E-4, -4.263052982106069, 3.4037465013368875, 6.337198659438222
0.0014126252505010013, 0.35805370265009606, 3.372394370304919E-4, 2.285620978733365, 2.0319743310426948E-4, -4.2273422237639755, 3.423147636314157, 6.337295387214763
0.0014193587174348692, 0.35976017996581644, 3.3884693385049825E-4, 2.297932744050517, 2.0626430293595378E-4, -4.191876790176341, 3.4422893693534546, 6.337392114991304
0.0014260921843687368, 0.36146665728153676, 3.4045443067050454E-4, 2.3103384517873256, 2.09361178121771E-4, -4.156638374448796, 3.4611913221372257, 6.337488842767844
0.0014328256513026047, 0.3631731345972571, 3.420619274905109E-4, 2.3228402557100543, 2.1248825998314215E-4, -4.121607985086221, 3.479873688581579, 6.337585570544385
0.0014395591182364722, 0.3648796119129774, 3.436694243105172E-4, 2.335440310699828, 2.1564575358503326E-4, -4.086765972435276, 3.4983572078828136, 6.337682298320926
0.00144629258517034, 0.36658608922869773, 3.4527692113052347E-4, 2.3481407712569276, 2.188338677488258E-4, -4.052092055639532, 3.516663137187893, 6.337779026097467
0.0014530260521042077, 0.3682925665444181, 3.468844179505298E-4, 2.360943790003596, 2.2205281506252494E-4, -4.017565350047125, 3.5348132239489276, 6.337875753874007
0.0014597595190380757, 0.3699990438601385, 3.4849191477053616E-4, 2.3738515161855007, 2.2530281188835267E-4, -3.9831643950834943, 3.552829677947342, 6.3379724816505485
0.0014664929859719432, 0.37170552117585876, 3.5009941159054245E-4, 2.3868660941732243, 2.285840783676659E-4, -3.948867182549069, 3.570735143023722, 6.338069209427089
0.001473226452905811, 0.3734119984915791, 3.5170690841054874E-4, 2.3999896619639496, 2.3189683842322838E-4, -3.914651185310861, 3.588552668544461, 6.338165937203629
0.0014799599198396787, 0.37511847580729946, 3.533144052305551E-4, 2.4132243496842865, 2.3524131975881791E-4, -3.880493386390924, 3.6063056805990836, 6.338262664980171
0.0014866933867735467, 0.37682495312301983, 3.5492190205056143E-4, 2.426572278094492, 2.386177538561734E-4, -3.8463703084078635, 3.6240179529666494, 6.338359392756711
0.0014934268537074142, 0.3785314304387401, 3.565293988705677E-4, 2.4400355570955004, 2.4202637596926866E-4, -3.812258043357437, 3.6417135778685683, 6.338456120533252
0.001500160320641282, 0.3802379077544604, 3.58136895690574E-4, 2.453616284238503, 2.454674251159217E-4, -3.7781322827145525, 3.6594169365182694, 6.338552848309793
0.0015068937875751497, 0.3819443850701808, 3.5974439251058036E-4, 2.467316543238613, 2.4894114406674673E-4, -3.743968347817048, 3.6771526695079753, 6.3386495760863335
0.0015136272545090174, 0.3836508623859011, 3.6135188933058665E-4, 2.481138402492526, 2.524477793314302E-4, -3.709741220534634, 3.694945647023665, 6.338746303862875
0.001520360721442885, 0.3853573397016214, 3.6295938615059294E-4, 2.4950839136015412, 2.559875811423509E-4, -3.675425574179137, 3.7128209389340308, 6.338843031639415
0.001527094188376753, 0.3870638170173418, 3.6456688297059934E-4, 2.5091551099000498, 2.5956080343553884E-4, -3.6409958046450854, 3.7308037847574247, 6.338939759415956
0.0015338276553106206, 0.38877029433306215, 3.6617437979060563E-4, 2.5233540049903302, 2.631677038289974E-4, -3.60642606174582, 3.748919563542915, 6.339036487192497
0.0015405611222444884, 0.3904765148857441, 3.677818766106119E-4, 2.5376821764515958, 2.668083910303068E-4, -3.57169028074674, 3.767193763657744, 6.339132473898419
0.001547294589178356, 0.39217991104500377, 3.693893734306182E-4, 2.5521374219970747, 2.704815868311757E-4, -3.536762214048606, 3.7856519525305754, 6.339220308827537
0.0015540280561122239, 0.39388330720426357, 3.7099687025062456E-4, 2.5667262303980687, 2.7418922308799424E-4, -3.50161546301151, 3.80431974635086, 6.3393081437566545
0.0015607615230460916, 0.3955867033635233, 3.726043670706309E-4, 2.581450521824296, 2.779315716643089E-4, -3.4662235098942755, 3.8232227797541873, 6.339395978685772
0.0015674949899799591, 0.397290099522783, 3.742118638906372E-4, 2.596312189506527, 2.817089079576814E-4, -3.4305597498777223, 3.842386675518963, 6.33948381361489
0.001574228456913827, 0.3989934956820428, 3.7581936071064354E-4, 2.611313098323688, 2.8552151086228065E-4, -3.3945975231844883, 3.8618370142564045, 6.339571648544007
0.0015809619238476946, 0.40069689184130247, 3.7742685753064983E-4, 2.6264550834007476, 2.893696627288927E-4, -3.3583101472134347, 3.881599304180909, 6.339659483473125
0.0015876953907815624, 0.40240028800056216, 3.790343543506561E-4, 2.641739948718513, 2.932536493223753E-4, -3.321670948730448, 3.901698950908431, 6.339747318402242
0.00159442885771543, 0.40410368415982195, 3.8064185117066247E-4, 2.6571694657356213, 2.971737597765621E-4, -3.284653296042015, 3.9221612273600117, 6.33983515333136
0.001601162324649298, 0.4058070803190817, 3.822493479906688E-4, 2.672745372023739, 3.0113028654664577E-4, -3.2472306311593893, 3.9430112437560236, 6.3399229882604775
0.0016078957915831656, 0.4075104764783414, 3.838568448106751E-4, 2.6884693699162483, 3.051235253590229E-4, -3.209376501928053, 3.9642739177260267, 6.340010823189595
0.0016146292585170333, 0.4092138726376011, 3.854643416306814E-4, 2.7043431251713805, 3.0915377515869906E-4, -3.171064594078519, 3.9859739445762563, 6.340098658118713
0.001621362725450901, 0.41091726879686086, 3.8707183845068774E-4, 2.720368265650345, 3.132213380541875E-4, -3.1322687632071546, 4.00813576770032, 6.34018649304783
0.0016280961923847688, 0.41262066495612054, 3.8867933527069403E-4, 2.7365463800111938, 3.1732651925997095E-4, -3.0929630666444745, 4.030783549175768, 6.340274327976948
0.0016348296593186365, 0.41432406111538034, 3.902868320907004E-4, 2.752879016418908, 3.214696270365646E-4, -3.053121795189141, 4.05394114056577, 6.340362162906065
0.0016415631262525045, 0.4160274572746401, 3.918943289107067E-4, 2.7693676812727137, 3.2565097262813653E-4, -3.0127195046970177, 4.0776320539327555, 6.340449997835183
0.001648296593186372, 0.41773085343389976, 3.93501825730713E-4, 2.786013837950862, 3.2987087019783166E-4, -2.971731047487477, 4.1018794330995005, 6.3405378327643005
0.0016550300601202398, 0.4194342495931595, 3.951093225507193E-4, 2.8028189055738366, 3.3412963676066894E-4, -2.9301316035669056, 4.126706025155353, 6.340625667693418
0.0016617635270541073, 0.4211376457524192, 3.967168193707256E-4, 2.819784257786771, 3.384275921141986E-4, -2.887896711617373, 4.152134152257434, 6.340713502622536
0.0016684969939879755, 0.42284104191167904, 3.98324316190732E-4, 2.8369112215611247, 3.427650587668266E-4, -2.8450022997544626, 4.178185683719497, 6.340801337551653
0.001675230460921843, 0.4245444380709387, 3.999318130107383E-4, 2.8542010760171275, 3.4714236186392597E-4, -2.8014247160192256, 4.204882008419807, 6.340889172480771
0.0016819639278557107, 0.4262481727109743, 4.015393098307446E-4, 2.8716609538043087, 3.515621992124098E-4, -2.7571407585843195, 4.23224400754928, 6.340986659780473
0.0016886973947895785, 0.4279527293757515, 4.031468066507509E-4, 2.8893005725983425, 3.560283714150256E-4, -2.7121277056495106, 4.260292027717503, 6.341107588551595
0.0016954308617234462, 0.4296572860405286, 4.047543034707572E-4, 2.9071067842525675, 3.605355020798379E-4, -2.66636334501216, 4.28904585443133, 6.341228517322717
0.001702164328657314, 0.43136184270530575, 4.0636180029076356E-4, 2.925080665151363, 3.650839269115463E-4, -2.619826003281807, 4.318524685971442, 6.341349446093839
0.0017088977955911817, 0.4330663993700829, 4.0796929711076985E-4, 2.943223238267736, 3.6967398384979075E-4, -2.572494574718359, 4.348747107688818, 6.3414703748649615
0.0017156312625250495, 0.43477095603486005, 4.095767939307762E-4, 2.9615354721219216, 3.7430601298245217E-4, -2.524348549675305, 4.379731066734449, 6.341591303636084
0.0017223647294589172, 0.43647551269963714, 4.111842907507825E-4, 2.9800182797645984, 3.789803564569857E-4, -2.475368042629334, 4.411493847237694, 6.341712232407206
0.0017290981963927847, 0.4381800693644142, 4.127917875707888E-4, 2.9986725177860176, 3.836973583897579E-4, -2.4255338197501115, 4.44405204597785, 6.341833161178328
0.0017358316633266525, 0.43988462602919143, 4.143992843907951E-4, 3.0174989853514056, 3.8845736477349335E-4, -2.3748273260300454, 4.477421548527538, 6.341954089949449
0.0017425651302605204, 0.4415891826939686, 4.1600678121080147E-4, 3.0364984232636303, 3.932607233828367E-4, -2.3232307119154516, 4.5116175059199985, 6.342075018720571
0.001749298597194388, 0.4432937393587457, 4.1761427803080776E-4, 3.055671513052996, 3.981077836781175E-4, -2.270726859415916, 4.546654311867481, 6.342195947491693
0.0017560320641282557, 0.4449982960235228, 4.1922177485081405E-4, 3.0750188760958785, 4.029988967072961E-4, -2.217299407716612, 4.58254558049633, 6.3423168762628155
0.0017627655310621234, 0.44670285268829996, 4.208292716708204E-4, 3.0945410727622917, 4.0793441500618327E-4, -2.1629327781989844, 4.61930412469528, 6.342437805033938
0.0017694989979959912, 0.44840740935307705, 4.224367684908267E-4, 3.1142386015931063, 4.129146924970147E-4, -2.1076121989173653, 4.6569419350227355, 6.34255873380506
0.001776232464929859, 0.45011196601785425, 4.2404426531083303E-4, 3.1341118985072676, 4.179400843853419E-4, -2.0513237284581223, 4.695470159249101, 6.342679662576182
0.0017829659318637269, 0.4518165226826314, 4.256517621308394E-4, 3.1541613360406906, 4.2301094705535507E-4, -1.9940542791901503, 4.734899082519148, 6.342800591347304
0.0017896993987975944, 0.4535210793474085, 4.2725925895084567E-4, 3.1743872226162217, 4.2812763796369103E-4, -1.935791639861052, 4.7752381081737445, 6.342921520118426
0.0017964328657314621, 0.45522563601218563, 4.2886675577085196E-4, 3.1947898018466194, 4.332905155317254E-4, -1.8765244975491224, 4.816495739231468, 6.343042448889548
0.0018031663326653297, 0.4569301926769627, 4.3047425259085825E-4, 3.2153692518695447, 4.38499939036492E-4, -1.8162424589036987, 4.858679560573275, 6.34316337766067
0.0018098997995991976, 0.45863474934173987, 4.320817494108646E-4, 3.2361256847173774, 4.437562685001789E-4, -1.754936070688992, 4.901796221836132, 6.3432843064317925
0.0018166332665330654, 0.46033930600651707, 4.3368924623087094E-4, 3.2570591457205484, 4.4905986457835576E-4, -1.692596839608246, 4.945851421019795, 6.343405235202915
0.0018233667334669331, 0.4620436186804721, 4.3529674305087723E-4, 3.2781709636876624, 4.544116764202122E-4, -1.6292172513431022, 4.990849888871772, 6.343528199897736
0.0018301002004008009, 0.4637476873636051, 4.369042398708836E-4, 3.299461064018997, 4.5981207872856575E-4, -1.5647907888559094, 5.036795374008727, 6.343653200516257
0.0018368336673346686, 0.4654517560467381, 4.3851173669088987E-4, 3.320927943015965, 4.652608498583288E-4, -1.4993119498537248, 5.083690628859434, 6.343778201134778
0.0018435671342685361, 0.46715582472987105, 4.4011923351089616E-4, 3.3425713739504577, 4.7075835195477245E-4, -1.4327762634697832, 5.131537396383931, 6.343903201753299
0.0018503006012024043, 0.46885989341300416, 4.4172673033090256E-4, 3.3643910609491616, 4.763049472200087E-4, -1.3651803060636787, 5.18033639765552, 6.3440282023718195
0.0018570340681362718, 0.4705639620961371, 4.4333422715090885E-4, 3.386386638617207, 4.8190099779462747E-4, -1.296521716199548, 5.230087320247654, 6.3441532029903405
0.0018637675350701396, 0.47226803077927004, 4.4494172397091514E-4, 3.408557671701086, 4.875468656383819E-4, -1.2267992086939175, 5.280788807529907, 6.344278203608861
0.001870501002004007, 0.47397209946240304, 4.4654922079092143E-4, 3.4309036547910523, 4.932429124101421E-4, -1.156012587789764, 5.332438448817386, 6.344403204227382
0.001877234468937875, 0.47567616814553604, 4.481567176109278E-4, 3.4534240120636355, 4.989894993470381E-4, -1.0841627593655356, 5.385032770455619, 6.344528204845903
0.0018839679358717428, 0.4773802368286691, 4.497642144309341E-4, 3.47611809706563, 5.047869871429944E-4, -1.0112517422234184, 5.4385672277989965, 6.344653205464424
0.0018907014028056103, 0.47908430551180203, 4.513717112509404E-4, 3.498985192539571, 5.106357358265923E-4, -0.9372826783754805, 5.493036198161646, 6.344778206082945
0.0018974348697394783, 0.4807883741949351, 4.5297920807094676E-4, 3.522024510291317, 5.165361046384684E-4, -0.8622598423372726, 5.548432974723294, 6.344903206701466
0.0019041683366733458, 0.48249244287806803, 4.5458670489095305E-4, 3.5452351911011704, 5.224884519081652E-4, -0.7861886494190068, 5.604749761403773, 6.345028207319987
0.0019109018036072135, 0.484196511561201, 4.5619420171095934E-4, 3.5686163046782404, 5.284931349307173E-4, -0.7090756629374051, 5.661977668775441, 6.345153207938509
0.0019176352705410813, 0.485900580244334, 4.578016985309657E-4, 3.5921668496590904, 5.345505098428142E-4, -0.6309286003865512, 5.720106710975282, 6.34527820855703
0.0019243687374749492, 0.4876046489274671, 4.5940919535097203E-4, 3.6158857536519555, 5.40660931498796E-4, -0.5517563385307215, 5.77912580364893, 6.345403209175551
0.0019311022044088168, 0.4893087176106, 4.610166921709783E-4, 3.6397718733261293, 5.468247533464716E-4, -0.47156891735669343, 5.839022762989314, 6.345528209794072
0.0019378356713426845, 0.491012786293733, 4.626241889909846E-4, 3.6638239945476414, 5.530423273028709E-4, -0.3903775429119581, 5.899784305836491, 6.345653210412593
0.0019445691382765523, 0.492716854976866, 4.6423168581099096E-4, 3.6880408325625424, 5.59314003629988E-4, -0.30819458899026686, 5.961396050879223, 6.345778211031114
0.00195130260521042, 0.494420923659999, 4.6583918263099725E-4, 3.7124210322272475, 5.65640130810607E-4, -0.22503359762558092, 6.023842520989638, 6.345903211649635
0.0019580360721442877, 0.496124992343132, 4.674466794510036E-4, 3.7369631682875273, 5.720210554243383E-4, -0.14090927840763748, 6.08710714668013, 6.3460282122681555
0.0019647695390781553, 0.4978298116897019, 4.690541762710099E-4, 3.7616832548612926, 5.784653347660027E-4, -0.0558375065604414, 6.151172270734902, 6.34617768411308
0.0019715030060120232, 0.4995349401329813, 4.7066167309101623E-4, 3.7865695746230337, 5.849686171026064E-4, 0.030164680229057342, 6.216019154026499, 6.346337232345347
0.0019782364729458908, 0.5012400685762605, 4.722691699110225E-4, 3.8116133095550673, 5.915278849742106E-4, 0.1170790862290049, 6.281627982511545, 6.346496780577614
0.0019849699398797587, 0.5029451970195398, 4.738766667310288E-4, 3.836812757762818, 5.981434769527644E-4, 0.2048863633831199, 6.347977875462254, 6.346656328809881
0.0019917034068136267, 0.5046503254628192, 4.754841635510352E-4, 3.8621661493846737, 6.048157290926494E-4, 0.29356601833253365, 6.415046894923808, 6.346815877042149
0.001998436873747494, 0.5063554539060984, 4.770916603710415E-4, 3.8876716471742085, 6.11544974809583E-4, 0.38309642078982925, 6.482812056448143, 6.346975425274415
0.0020051703406813617, 0.5080605823493777, 4.786991571910478E-4, 3.9133273471367716, 6.183315447601853E-4, 0.4734548132384934, 6.551249341082525, 6.347134973506682
0.0020119038076152297, 0.5097657107926569, 4.803066540110541E-4, 3.9391312792189197, 6.251757667224253E-4, 0.5646173220402837, 6.620333708671819, 6.34729452173895
0.002018637274549097, 0.5114708392359362, 4.8191415083106043E-4, 3.965081408052555, 6.320779654771292E-4, 0.6565589699202725, 6.690039112469345, 6.347454069971216
0.002025370741482965, 0.5131759676792155, 4.835216476510667E-4, 3.991175633754036, 6.390384626904413E-4, 0.7492536898938558, 6.7603385150930455, 6.347613618203484
0.0020321042084168327, 0.5148810961224948, 4.8512914447107307E-4, 4.017411792778709, 6.460575767974928E-4, 0.8426743406169163, 6.831203905825322, 6.347773166435751
0.0020388376753507007, 0.5165862245657741, 4.867366412910794E-4, 4.043787658832315, 6.531356228873394E-4, 0.9367927232031905, 6.902606319272224, 6.347932714668017
0.0020455711422845686, 0.5182913530090534, 4.883441381110858E-4, 4.070300943838866, 6.602729125892259E-4, 1.031579599579319, 6.974515855491228, 6.348092262900285
0.002052304609218436, 0.5199964814523327, 4.89951634931092E-4, 4.096949298966429, 6.674697539603303E-4, 1.1270047122735283, 7.046901701432668, 6.348251811132552
0.0020590380761523037, 0.5217016098956119, 4.915591317510983E-4, 4.123730315711242, 6.747264513750589E-4, 1.2230368057935443, 7.119732153874862, 6.348411359364819
0.0020657715430861716, 0.5234067383388913, 4.931666285711047E-4, 4.150641527041273, 6.820433054159367E-4, 1.3196436495442143, 7.1929746438082915, 6.348570907597086
0.0020725050100200396, 0.5251118667821706, 4.94774125391111E-4, 4.1776804085981, 6.894206127664153E-4, 1.4167920623234083, 7.266595762281716, 6.348730455829353
0.002079238476953907, 0.5268169952254498, 4.963816222111173E-4, 4.204844379961308, 6.968586661053348E-4, 1.5144479384228675, 7.340561287745851, 6.34889000406162
0.0020859719438877746, 0.5285221236687291, 4.979891190311236E-4, 4.23213080597143, 7.043577540035749E-4, 1.6125762753276918, 7.414836214887359, 6.349049552293887
0.002092705410821642, 0.5302272521120083, 4.995966158511299E-4, 4.2595369981167295, 7.119181608226262E-4, 1.7111412031182789, 7.4893847850543205, 6.349209100526155
0.0020994388777555105, 0.5319323805552877, 5.012041126711363E-4, 4.287060215980837, 7.195401666154032E-4, 1.810106015468282, 7.564170518153116, 6.349368648758421
0.002106172344689378, 0.5336345758150496, 5.028116094911426E-4, 4.314712245010995, 7.272313761404535E-4, 1.909433202369068, 7.639156246157046, 6.349547181214279
0.0021129058116232456, 0.5353365044217644, 5.044191063111489E-4, 4.342477093510844, 7.349854966844545E-4, 2.009084484602107, 7.7143041482477255, 6.349727439508646
0.002119639278557113, 0.5370384330284792, 5.060266031311552E-4, 4.3703505538826235, 7.428021333159445E-4, 2.1090208498469023, 7.789575787452449, 6.349907697803013
0.002126372745490981, 0.538740361635194, 5.076340999511615E-4, 4.398329693861001, 7.506815484163753E-4, 2.2092025906592414, 7.864932149036675, 6.350087956097379
0.002133106212424849, 0.5404422902419089, 5.092415967711679E-4, 4.426411537475801, 7.586239995994613E-4, 2.3095893441445146, 7.940333680458642, 6.350268214391746
0.0021398396793587166, 0.5421442188486237, 5.108490935911742E-4, 4.454593066888052, 7.666297396275853E-4, 2.410140133472777, 8.01574033302486, 6.350448472686113
0.002146573146292584, 0.5438461474553387, 5.124565904111804E-4, 4.482871224293476, 7.74699016330985E-4, 2.510813411197459, 8.091111605229331, 6.350628730980479
0.0021533066132264525, 0.5455480760620536, 5.140640872311868E-4, 4.511242913893334, 7.828320725302021E-4, 2.611567104454151, 8.166406587814738, 6.350808989274846
0.00216004008016032, 0.5472500046687684, 5.156715840511931E-4, 4.53970500393374, 7.910291459616225E-4, 2.712358661970899, 8.24158401052243, 6.3509892475692125
0.0021667735470941875, 0.5489519332754832, 5.172790808711994E-4, 4.568254328814312, 7.992904692063975E-4, 2.8131451030211925, 8.316602290623631, 6.351169505863579
0.002173507014028055, 0.550653861882198, 5.188865776912057E-4, 4.596887691265309, 8.076162696228906E-4, 2.91388306825513, 8.391419583198958, 6.351349764157946
0.0021802404809619235, 0.5523557904889129, 5.204940745112121E-4, 4.625601864597037, 8.160067692826304E-4, 3.01452887249805, 8.465993833223115, 6.351530022452312
0.0021869739478957905, 0.5540577190956276, 5.221015713312183E-4, 4.654393595018334, 8.244621849099842E-4, 3.1150385594732826, 8.54028282942515, 6.351710280746679
0.0021937074148296585, 0.5557596477023427, 5.237090681512247E-4, 4.683259604028024, 8.329827278256738E-4, 3.2153679585104653, 8.614244259981366, 6.351890539041046
0.002200440881763526, 0.5574615763090575, 5.25316564971231E-4, 4.712196590878193, 8.415686038943434E-4, 3.3154727432760858, 8.687835770070556, 6.352070797335412
0.0022071743486973936, 0.5591635049157723, 5.269240617912373E-4, 4.741201235110601, 8.502200134759925E-4, 3.415308492529345, 8.761015021294016, 6.352251055629779
0.002213907815631262, 0.5608654335224872, 5.285315586112437E-4, 4.770270199166575, 8.58937151381918E-4, 3.5148307528702465, 8.833739752924593, 6.3524313139241455
0.0022206412825651295, 0.562567362129202, 5.3013905543125E-4, 4.799400131071465, 8.677202068347375E-4, 3.6139951036451596, 8.905967845143358, 6.352611572218512
0.002227374749498997, 0.5642692907359168, 5.317465522512563E-4, 4.828587667194633, 8.765693634330612E-4, 3.712757223853888, 8.977657384119091, 6.352791830512878
0.0022341082164328645, 0.5659712193426316, 5.333540490712626E-4, 4.857829435083161, 8.854847991208187E-4, 3.8110729612258845, 9.048766729070055, 6.3529720888072445
0.0022408416833667325, 0.5676733638321841, 5.349615458912689E-4, 4.887126031475596, 8.944688126870885E-4, 3.908898403425595, 9.119254581295854, 6.353157207625127
0.0022475751503006, 0.5693770195015999, 5.365690427112751E-4, 4.916498035450857, 9.035344462520328E-4, 4.006189951393849, 9.189080055156182, 6.353376350107624
0.0022543086172344675, 0.5710806751710157, 5.381765395312814E-4, 4.945914325557055, 9.12667066192036E-4, 4.102904394880766, 9.258202751065507, 6.35359549259012
0.002261042084168336, 0.5727843308404317, 5.397840363512879E-4, 4.97537152398025, 9.218668285819681E-4, 4.198998990197089, 9.326582830525664, 6.353814635072617
0.002267775551102204, 0.5744879865098474, 5.413915331712942E-4, 5.0048662594183355, 9.311338837622975E-4, 4.294431540157757, 9.394181093162006, 6.354033777555113
0.0022745090180360714, 0.5761916421792632, 5.429990299913005E-4, 5.034395170385224, 9.404683763388827E-4, 4.389160476311038, 9.460959055857803, 6.3542529200376086
0.002281242484969939, 0.577895297848679, 5.446065268113068E-4, 5.0639549085938, 9.49870445188389E-4, 4.483144943375146, 9.526879033899265, 6.354472062520105
0.0022879759519038065, 0.5795989535180948, 5.462140236313131E-4, 5.093542142420986, 9.59340223469214E-4, 4.576344886050188, 9.591904224313732, 6.354691205002601
0.0022947094188376744, 0.5813026091875106, 5.478215204513194E-4, 5.123153560452479, 9.688778386386489E-4, 4.668721138089969, 9.655998791262897, 6.354910347485098
0.002301442885771542, 0.5830062648569264, 5.494290172713257E-4, 5.152785875113224, 9.784834124756591E-4, 4.760235513697711, 9.719127953561783, 6.355129489967594
0.00230817635270541, 0.5847099205263423, 5.510365140913321E-4, 5.1824358263775565, 9.8815706111009E-4, 4.8508509013237555, 9.781258074395526, 6.35534863245009
0.0023149098196392774, 0.5864135761957581, 5.526440109113384E-4, 5.21210018556485, 9.978988950581254E-4, 4.940531359819106, 9.842356753191368, 6.355567774932586
0.0023216432865731454, 0.5881172318651738, 5.542515077313447E-4, 5.241775759218655, 0.0010077090192640399, 5.02924221699667, 9.902392919687674, 6.355786917415083
0.002328376753507013, 0.5898208875345896, 5.55859004551351E-4, 5.27145939307259, 0.0010175875331487824, 5.116950170581656, 9.96133693018103, 6.356006059897579
0.002335110220440881, 0.5915245432040055, 5.574665013713574E-4, 5.3011479760985765, 0.0010275345306651152, 5.203623391735881, 10.01916066613917, 6.356225202380075
0.0023418436873747484, 0.5932281988734213, 5.590739981913637E-4, 5.330838444644812, 0.0010375501003599573, 5.289231630828377, 10.075837634832629, 6.356444344862571
0.002348577154308616, 0.594931854542837, 5.606814950113699E-4, 5.36052778665902, 0.0010476343254432526, 5.373746325949901, 10.131343072504581, 6.356663487345068
0.0023553106212424843, 0.596635510212253, 5.622889918313763E-4, 5.390213045999786, 0.0010577872838647426, 5.4571407137427945, 10.185654049625715, 6.356882629827564
0.002362044088176352, 0.5983391658816688, 5.638964886513826E-4, 5.419891326835469, 0.0010680090483975325, 5.539389942894758, 10.238749578594726, 6.3571017723100605
0.0023687775551102194, 0.6000428215510846, 5.655039854713889E-4, 5.449559798133905, 0.0010782996867293995, 5.620471190104157, 10.290610723672032, 6.357320914792556
0.002375511022044087, 0.6017464772205003, 5.671114822913952E-4, 5.479215698239386, 0.0010886592615620295, 5.700363778687819, 10.34122071334012, 6.3575400572750524
0.002382244488977955, 0.603449301787352, 5.687189791114015E-4, 5.508826973065396, 0.0010990711294443815, 5.779049299782276, 10.390565055019286, 6.357725472220169
0.0023889779559118224, 0.6051504641490753, 5.703264759314078E-4, 5.538361309063703, 0.001109518260412814, 5.856511736117485, 10.438631652109168, 6.357843432090527
0.00239571142284569, 0.6068516265107986, 5.719339727514141E-4, 5.5678747448476, 0.0011200339126173292, 5.9327375885049625, 10.485410923527152, 6.357961391960884
0.0024024448897795583, 0.6085527888725222, 5.735414695714206E-4, 5.59736484379053, 0.0011306181274710805, 6.007716004977441, 10.530895925641047, 6.358079351831241
0.0024091783567134263, 0.6102539512342455, 5.751489663914269E-4, 5.626829262903144, 0.0011412709420165427, 6.081438912605794, 10.575082476640922, 6.358197311701598
0.002415911823647294, 0.6119551135959688, 5.767564632114332E-4, 5.656265757962558, 0.0011519923890740014, 6.153901152020351, 10.617969283364276, 6.358315271571955
0.0024226452905811613, 0.6136562759576921, 5.783639600314395E-4, 5.685672188739218, 0.0011627824973988142, 6.225100614716141, 10.659558070666542, 6.358433231442313
0.002429378757515029, 0.6153574383194155, 5.799714568514458E-4, 5.71504652431409, 0.0011736412918479603, 6.295038383071107, 10.699853713240051, 6.35855119131267
0.002436112224448897, 0.6170586006811388, 5.81578953671452E-4, 5.74438684849585, 0.0011845687935554683, 6.363718873194912, 10.738864370016834, 6.358669151183028
0.0024428456913827643, 0.6187597630428622, 5.831864504914583E-4, 5.773691365331729, 0.0011955650201173045, 6.431149980480717, 10.776601621005325, 6.358787111053385
0.0024495791583166323, 0.6204609254045855, 5.847939473114647E-4, 5.802958404715852, 0.0012066299857858374, 6.497343228150413, 10.813080606882453, 6.3589050709237425
0.0024563126252505, 0.6221620877663089, 5.86401444131471E-4, 5.8321864280967475, 0.001217763701673905, 6.562313918466166, 10.848320170962488, 6.359023030794099
0.0024630460921843678, 0.6238632501280322, 5.880089409514773E-4, 5.861374034281155, 0.0012289661759687133, 6.6260812869606385, 10.882343003933903, 6.359140990664456
0.0024697795591182353, 0.6255644124897556, 5.896164377714836E-4, 5.890519965337916, 0.001240237414155916, 6.68866865943116, 10.915175791083444, 6.359258950534814
0.0024765130260521032, 0.627265574851479, 5.9122393459149E-4, 5.91962311260184, 0.0012515774192537379, 6.750103612014958, 10.94684936234704, 6.359376910405171
0.0024832464929859708, 0.6289667372132023, 5.928314314114963E-4, 5.94868252277621, 0.0012629861920576257, 6.810418133986419, 10.977398844778206, 6.359494870275529
0.002489979959919839, 0.6306678995749257, 5.944389282315027E-4, 5.97769740413942, 0.0012744637313953696, 6.869648793744001, 11.006863817959548, 6.359612830145886
0.0024967134268537067, 0.6323690619366491, 5.96046425051509E-4, 6.00666713284933, 0.001286010034393107, 6.927836907564408, 11.035288471875047, 6.359730790016243
0.0025034468937875742, 0.6340702242983725, 5.976539218715153E-4, 6.03559125935368, 0.0012976250967520822, 6.985028711544987, 11.062721767712997, 6.3598487498866
0.0025101803607214417, 0.6357713866600958, 5.992614186915216E-4, 6.064469514900708, 0.0013093089130366917, 7.041275536451966, 11.089217601265712, 6.359966709756958
0.0025169138276553093, 0.637472549021819, 6.008689155115279E-4, 6.093301818155368, 0.0013210614769737575, 7.096633985655484, 11.114834969146068, 6.360084669627315
0.0025236472945891772, 0.6391748859951688, 6.024764123315342E-4, 6.122086505000567, 0.0013328817112119758, 7.1511661161614155, 11.139638137799789, 6.3602007045366395
0.0025303807615230448, 0.6408782168706639, 6.040839091515405E-4, 6.150824148890848, 0.00134476975705412, 7.204939622685709, 11.163696815265233, 6.360315110632783
0.0025371142284569127, 0.642581547746159, 6.056914059715469E-4, 6.179516770957264, 0.00135672650852974, 7.258028024903134, 11.18708632581856, 6.360429516728926
0.0025438476953907802, 0.6442848786216542, 6.072989027915531E-4, 6.208165107779536, 0.0013687519591538584, 7.3105108577866424, 11.209887787408183, 6.3605439228250695
0.0025505811623246486, 0.6459882094971494, 6.089063996115595E-4, 6.236770118008849, 0.0013808461032764827, 7.3624738651059, 11.232188291936732, 6.360658328921213
0.002557314629258516, 0.6476915403726445, 6.105138964315658E-4, 6.265332989620191, 0.0013930089364534558, 7.414009196170726, 11.254081088492887, 6.360772735017356
0.0025640480961923837, 0.6493948712481397, 6.121213932515721E-4, 6.2938551472715005, 0.0014052404558302332, 7.465215605721316, 11.275665769425016, 6.3608871411134995
0.002570781563126251, 0.6510982021236347, 6.137288900715784E-4, 6.322338259773176, 0.0014175406605384487, 7.516198657017663, 11.297048459286597, 6.361001547209643
0.002577515030060119, 0.6528015329991298, 6.153363868915847E-4, 6.350784247665558, 0.0014299095521050388, 7.5670709282843385, 11.318342006843444, 6.361115953305786
0.002584248496993987, 0.654504863874625, 6.169438837115911E-4, 6.379195290908797, 0.001442347134875543, 7.617952222342088, 11.339666179938716, 6.361230359401929
0.0025909819639278546, 0.6562081947501202, 6.185513805315974E-4, 6.407573836681792, 0.0014548534164497036, 7.66896977954622, 11.361147863356436, 6.361344765498072
0.002597715430861722, 0.6579115256256152, 6.201588773516037E-4, 6.435922607294202, 0.0014674284081315162, 7.720258494057524, 11.382921259675792, 6.361459171594215
0.00260444889779559, 0.6596148565011103, 6.2176637417161E-4, 6.464244608210805, 0.0014800721253925512, 7.771961133424745, 11.405128093137533, 6.361573577690359
0.0026111823647294577, 0.6613181873766054, 6.233738709916163E-4, 6.492543136186811, 0.0014927845883498467, 7.824228561638641, 11.427917816645834, 6.361687983786502
0.002617915831663325, 0.6630215182521005, 6.249813678116226E-4, 6.520821787520191, 0.0015055658222573286, 7.877219965343308, 11.451447821580494, 6.361802389882645
0.002624649298597193, 0.6647248491275958, 6.26588864631629E-4, 6.5490844664142, 0.001518415858012219, 7.931103083694326, 11.475883650945752, 6.361916795978789
0.0026313827655310615, 0.6664281800030909, 6.281963614516354E-4, 6.577335393460743, 0.001531334732675707, 7.98605444153514, 11.50139921549765, 6.362031202074932
0.002638116232464929, 0.668131510878586, 6.298038582716417E-4, 6.605579114231318, 0.0015443224900089127, 8.042259585972626, 11.528177012924768, 6.362145608171075
0.0026448496993987966, 0.6698348417540811, 6.314113550916479E-4, 6.6338205079937325, 0.001557379181023149, 8.099913326523291, 11.556408350249342, 6.3622600142672185
0.002651583166332664, 0.6715381726295763, 6.330188519116542E-4, 6.662064796537578, 0.0015705048645460844, 8.159219978705309, 11.586293569357425, 6.362374420363362
0.002658316633266532, 0.6732415035050714, 6.346263487316605E-4, 6.690317553121361, 0.0015836996078032427, 8.220393611153598, 11.618042275690994, 6.362488826459505
0.0026650501002003996, 0.674944155258089, 6.362338455516668E-4, 6.718550773791037, 0.0015969418946713068, 8.283658296294055, 11.651873570139522, 6.362568444089827
0.002671783567134267, 0.6766465806369476, 6.378413423716731E-4, 6.746793184871791, 0.0016102459495112263, 8.349248364529382, 11.688016284095644, 6.362636465564876
0.002678517034068135, 0.6783490060158062, 6.394488391916795E-4, 6.775062752553737, 0.0016236190281785183, 8.41740866208508, 11.72670921783788, 6.362704487039925
0.0026852505010020026, 0.6800514313946647, 6.410563360116858E-4, 6.803366547795804, 0.0016370612364920815, 8.488394812375551, 11.768201382051087, 6.362772508514973
0.002691983967935871, 0.6817538567735234, 6.426638328316922E-4, 6.831712039547199, 0.0016505726918145738, 8.562473481061827, 11.812752242674149, 6.362840529990022
0.0026987174348697385, 0.683456282152382, 6.442713296516985E-4, 6.8601071044150785, 0.0016641535237312821, 8.639922644726559, 11.86063196902202, 6.362908551465071
0.002705450901803606, 0.6851587075312404, 6.458788264717048E-4, 6.888560036450741, 0.001677803874745483, 8.72103186329679, 11.912121685284145, 6.362976572940119
0.0027121843687374736, 0.686861132910099, 6.474863232917111E-4, 6.917079557065989, 0.0016915239009912507, 8.806102555999274, 11.967513725172164, 6.363044594415168
0.0027189178356713415, 0.6885635582889575, 6.490938201117174E-4, 6.945674825063236, 0.001705313772963648, 8.895448281214023, 12.02711189010875, 6.363112615890217
0.0027256513026052095, 0.6902659836678161, 6.507013169317238E-4, 6.974355446800928, 0.0017191736762665194, 8.989395019953736, 12.0912317106562, 6.363180637365265
0.002732384769539077, 0.6919684090466747, 6.5230881375173E-4, 7.003131486473649, 0.0017331038123781055, 9.08828146316816, 12.160200711414706, 6.363248658840314
0.0027391182364729445, 0.6936708344255332, 6.539163105717363E-4, 7.0320134765258615, 0.0017471043994347554, 9.192459302757149, 12.234358679212445, 6.363316680315363
0.0027458517034068125, 0.6953732598043918, 6.555238073917426E-4, 7.061012428188093, 0.0017611756730330289, 9.302293526494383, 12.314057934863307, 6.3633847017904115
0.00275258517034068, 0.6970756851832502, 6.571313042117489E-4, 7.090139842139962, 0.0017753178870500118, 9.418162716707434, 12.399663608261367, 6.3634527232654605
0.0027593186372745476, 0.6987781105621088, 6.587388010317552E-4, 7.1194077193026715, 0.0017895313144828048, 9.540459352817026, 12.491553916976287, 6.3635207447405095
0.0027660521042084155, 0.7004805359409675, 6.603462978517616E-4, 7.148828571758941, 0.0018038162483067638, 9.66959011773837, 12.590120448292971, 6.363588766215558
0.002772785571142284, 0.7021829613198262, 6.61953794671768E-4, 7.1784154338013195, 0.0018181730023529123, 9.805976208259814, 12.695768444848069, 6.363656787690607
0.0027795190380761514, 0.7038853866986846, 6.635612914917743E-4, 7.208181873111641, 0.001832601912204978, 9.950053649234972, 12.808917093685322, 6.363724809165656
0.002786252505010019, 0.7055878120775432, 6.651687883117806E-4, 7.238142002068457, 0.0018471033361159989, 10.102273611782646, 12.929999818910604, 6.363792830640704
0.0027929859719438865, 0.7072902374564017, 6.667762851317869E-4, 7.2683104891899575, 0.0018616776559448392, 10.26310273538977, 13.059464577853525, 6.363860852115753
0.0027997194388777544, 0.7089926628352603, 6.683837819517932E-4, 7.298702570701664, 0.0018763252781127636, 10.433023454094512, 13.197774160901385, 6.363928873590802
0.002806452905811622, 0.7106898599030741, 6.699912787717995E-4, 7.32954161488459, 0.0018911856930398999, 10.612534326589557, 13.345406494850609, 6.364198834788918
0.0028131863727454895, 0.7123868296530165, 6.715987755918058E-4, 7.36064654078649, 0.0019061277275520226, 10.80215037035031, 13.50285494985349, 6.364477575974994
0.0028199198396793575, 0.714083799402959, 6.732062724118122E-4, 7.392025356802549, 0.0019211458562295655, 11.002403399923264, 13.670628650146849, 6.36475631716107
0.002826653306613225, 0.7157807691529015, 6.748137692318185E-4, 7.423695688540533, 0.0019362405989641653, 11.213842369189791, 13.849252788309949, 6.365035058347146
0.0028333867735470934, 0.7174777389028439, 6.764212660518249E-4, 7.455675789174165, 0.0019514125053052486, 11.43703371769104, 14.039268943160062, 6.365313799533221
0.002840120240480961, 0.7191747086527863, 6.780287628718311E-4, 7.48798455181776, 0.001966662155542514, 11.672561721227298, 14.241235401538017, 6.365592540719297
0.0028468537074148284, 0.7208716784027287, 6.796362596918374E-4, 7.520641522040705, 0.001981990161810422, 11.921028846415624, 14.455727483581862, 6.365871281905374
0.002853587174348696, 0.7225686481526711, 6.812437565118437E-4, 7.553666910512902, 0.001997397169214689, 12.18305610961146, 14.683337871982891, 6.36615002309145
0.002860320641282564, 0.7242656179026135, 6.8285125333185E-4, 7.587081605794651, 0.002012883856981111, 12.459283439782798, 14.924676944706606, 6.366428764277526
0.002867054108216432, 0.725962587652556, 6.844587501518564E-4, 7.620907187259377, 0.002028450939627377, 12.750370045784523, 15.180373111743029, 6.3667075054636015
0.0028737875751502994, 0.7276595574024983, 6.860662469718627E-4, 7.655165938159257, 0.002044099168156628, 13.05699478775293, 15.451073155493084, 6.366986246649677
0.002880521042084167, 0.7293565271524407, 6.87673743791869E-4, 7.689880858826825, 0.0020598293312755686, 13.379856552849004, 15.737442575101419, 6.367264987835753
0.002887254509018035, 0.7310534969023831, 6.892812406118753E-4, 7.72507568002203, 0.002075642256634598, 13.71967463515613, 16.04016593446862, 6.367543729021829
0.0028939879759519024, 0.7327504666523255, 6.908887374318816E-4, 7.760774876413905, 0.002091538812092203, 14.0771891199685, 16.359947214239373, 6.367822470207905
0.00290072144288577, 0.7344474364022678, 6.924962342518879E-4, 7.797003680209571, 0.002107519907003405, 14.453161272420623, 16.69751016765876, 6.368101211393981
0.002907454909819638, 0.7361444061522103, 6.941037310718943E-4, 7.833788094921715, 0.0021235864935312473, 14.848373930265597, 17.053598680157997, 6.368379952580057
0.0029141883767535063, 0.7378413759021528, 6.957112278919007E-4, 7.871154909281813, 0.0021397395679840295, 15.263631901308802, 17.428977133107193, 6.3686586937661325
0.002920921843687374, 0.7395383456520952, 6.97318724711907E-4, 7.909131711294378, 0.0021559801721759905, 15.69976236497701, 17.824430771277918, 6.368937434952208
0.0029276553106212413, 0.7412353154020376, 6.989262215319133E-4, 7.947746902439803, 0.0021723093948132904, 16.157615278489587, 18.240766074437555, 6.369216176138284
0.002934388777555109, 0.74293228515198, 7.005337183519195E-4, 7.987029712014305, 0.002188728372905603, 16.63806378725655, 18.678811132715946, 6.36949491732436
0.002941122244488977, 0.7446285120887361, 7.021412151719258E-4, 8.02703570185156, 0.0022052561909401344, 17.142004639932026, 19.139416026141554, 6.369797281559002
0.0029478557114228443, 0.7463210249595613, 7.037487119919321E-4, 8.067898189543826, 0.0022219662659491365, 17.670358607780308, 19.623453208053228, 6.370217761036476
0.002954589178356712, 0.7480135378303866, 7.053562088119384E-4, 8.109521830229028, 0.002238770822650789, 18.22407090869162, 20.13181789268207, 6.370638240513949
0.00296132264529058, 0.7497060507012119, 7.069637056319448E-4, 8.151939311086835, 0.0022556712095958414, 18.80411163560946, 20.66542844667215, 6.371058719991423
0.0029680561122244478, 0.7513985635720372, 7.085712024519511E-4, 8.195184221038517, 0.002272668831081223, 19.41147618944389, 21.22522678459923, 6.3714791994688955
0.0029747895791583153, 0.7530910764428624, 7.101786992719574E-4, 8.239291065976943, 0.002289765148717586, 20.04718571677357, 21.812178768823415, 6.371899678946369
0.0029815230460921833, 0.7547835893136877, 7.117861960919638E-4, 8.28429528414597, 0.002306961683023738, 20.71228755187942, 22.427274613176525, 6.372320158423842
0.002988256513026051, 0.756476102184513, 7.133936929119701E-4, 8.330233261666422, 0.0023242600150485335, 21.407855663605122, 23.071529291001553, 6.372740637901316
0.0029949899799599183, 0.7581686150553382, 7.150011897319764E-4, 8.37714234821874, 0.0023416617880196375, 22.134991106617832, 23.74598294710821, 6.373161117378789
0.0030017234468937867, 0.7598611279261636, 7.166086865519828E-4, 8.42506087287353, 0.002359168709020608, 22.894822477604325, 24.451701314159948, 6.373581596856263
0.0030084569138276542, 0.7615536407969887, 7.182161833719891E-4, 8.474028160075818, 0.002376782550696184, 23.68850637588827, 25.189776133018995, 6.374002076333736
0.0030151903807615218, 0.763246153667814, 7.198236801919954E-4, 8.524084545783523, 0.00239450515298497, 24.517227868822957, 25.961325577321546, 6.3744225558112095
0.0030219238476953893, 0.7649386665386392, 7.214311770120017E-4, 8.57527139375378, 0.002412338424882525, 25.382200962041352, 26.767494682493602, 6.3748430352886825
0.0030286573146292572, 0.7666311794094645, 7.230386738320079E-4, 8.627631111991946, 0.0024302843462310833, 26.284669074298748, 27.609455778777132, 6.375263514766156
0.0030353907815631248, 0.7683236922802896, 7.246461706520142E-4, 8.681207169352547, 0.0024483449695402587, 27.225905517050812, 28.488408928540704, 6.375683994243629
0.0030421242484969923, 0.7700162051511149, 7.262536674720205E-4, 8.736044112290926, 0.002466522421836488, 28.20721397890427, 29.405582367926186, 6.376104473721103
0.0030488577154308603, 0.7717087180219402, 7.278611642920269E-4, 8.792187581776034, 0.002484818906542237, 29.229929014959176, 30.36223295290877, 6.376524953198576
0.0030555911823647286, 0.7734012308927656, 7.294686611120333E-4, 8.84968433036238, 0.002503236705385166, 30.29541654081044, 31.359646609490586, 6.37694543267605
0.003062324649298596, 0.7750937437635907, 7.310761579320396E-4, 8.90858223941484, 0.002521778180337844, 31.405074331456245, 32.39913878827909, 6.377365912153523
0.0030690581162324637, 0.776786256634416, 7.326836547520459E-4, 8.968930336492235, 0.0025404457755878115, 32.56033252520663, 33.48205492356631, 6.3777863916309965
0.0030757915831663312, 0.7784787695052412, 7.342911515720522E-4, 9.03077881289289, 0.002559242019538728, 33.76265413216757, 34.60977089643305, 6.378206871108469
0.003082525050100199, 0.7801662232964524, 7.358986483920585E-4, 9.094283830870381, 0.002578246641300512, 35.01353554815947, 35.7836935028229, 6.378719751313324
0.0030892585170340667, 0.7818452452883065, 7.375061452120648E-4, 9.159568727096598, 0.002597515038529709, 36.31450707310451, 37.005260925490205, 6.37938663273048
0.0030959919839679347, 0.7835242672801608, 7.391136420320712E-4, 9.226513053617282, 0.0026169220700134263, 37.66713343460273, 38.27594321067791, 6.380053514147636
0.003102725450901802, 0.7852032892720149, 7.407211388520775E-4, 9.295171835969427, 0.0026364706284792844, 39.073014316449296, 39.597242749136036, 6.380720395564791
0.00310945891783567, 0.7868823112638691, 7.423286356720838E-4, 9.365601353557054, 0.0026561637013534783, 40.53378489219193, 40.97069476170765, 6.381387276981947
0.0031161923847695377, 0.7885613332557232, 7.4393613249209E-4, 9.437859158162155, 0.002676004372953511, 42.051116363705766, 42.39786778936762, 6.382054158399103
0.0031229258517034056, 0.7902403552475775, 7.455436293120965E-4, 9.51200409262617, 0.002695995826712344, 43.626716504735946, 43.88036418768782, 6.382721039816259
0.003129659318637273, 0.7919193772394316, 7.471511261321027E-4, 9.588096309681873, 0.0027161413474383056, 45.26233020972815, 45.41982062605554, 6.383387921233415
0.003136392785571141, 0.7935983992312858, 7.48758622952109E-4, 9.666197290963396, 0.002736444323605952, 46.95974004748971, 47.01790859118603, 6.384054802650571
0.003143126252505009, 0.79527742122314, 7.503661197721154E-4, 9.746369866177815, 0.002756908249682277, 48.720766820230054, 48.676334895450736, 6.384721684067727
0.0031498597194388766, 0.7969564432149943, 7.519736165921217E-4, 9.828678232437142, 0.002777536728486671, 50.54727012752326, 50.39684218959048, 6.385388565484883
0.003156593186372744, 0.7986354652068484, 7.53581113412128E-4, 9.913187973767663, 0.002798333473584727, 52.441148935615566, 52.181209480208146, 6.386055446902038
0.0031633266533066117, 0.8003144871987026, 7.551886102321343E-4, 9.999966080777313, 0.0028193023117180083, 54.40434215183785, 54.031252651835956, 6.386722328319194
0.0031700601202404796, 0.8019935091905567, 7.567961070521406E-4, 10.08908097049823, 0.0028404471852671864, 56.438829204130776, 55.948824993509255, 6.38738920973635
0.003176793587174347, 0.8036725311824109, 7.584036038721469E-4, 10.18060250639553, 0.0028617721547516822, 58.546630626128135, 57.93581773041472, 6.388056091153506
0.0031835270541082147, 0.805351553174265, 7.600111006921532E-4, 10.274602018544556, 0.0028832814013648317, 60.72980864694911, 59.99416055958046, 6.388722972570662
0.0031902605210420826, 0.8070305751661193, 7.616185975121596E-4, 10.371152323980596, 0.0029049792295441773, 62.9904677870097, 62.12582219113159, 6.389389853987818
0.003196993987975951, 0.8087095971579735, 7.63226094332166E-4, 10.470327747220267, 0.0029268700695790906, 65.33075545829537, 64.33281089332797, 6.390056735404974
0.0032037274549098185, 0.8103886191498277, 7.648335911521723E-4, 10.572204140949566, 0.002948958480253866, 67.75286257072158, 66.61717504322169, 6.390723616822129
0.003210460921843686, 0.8120676411416818, 7.664410879721786E-4, 10.676858906891312, 0.0029712491515284656, 70.25902414329057, 68.98100368144475, 6.391390498239285
0.0032171943887775536, 0.813746663133536, 7.680485847921849E-4, 10.784371016841874, 0.0029937469072559564, 72.85151992086764, 71.42642707209217, 6.392057379656441
0.0032239278557114216, 0.8154169911154251, 7.696560816121911E-4, 10.895082506705535, 0.0030166579520896075, 75.53267499634416, 73.95561726740293, 6.392943733186546
0.003230661322645289, 0.8170811090901964, 7.712635784321974E-4, 11.009002518253851, 0.003039932318477087, 78.30486043821796, 76.57078867727475, 6.393986852511616
0.003237394789579157, 0.8187452270649677, 7.728710752522038E-4, 11.126028536634863, 0.003063432152309392, 81.17049392338548, 79.27419864337409, 6.395029971836685
0.0032441282565130246, 0.820409345039739, 7.744785720722101E-4, 11.246246029339886, 0.003087162852339634, 84.13204037564829, 82.06814801843052, 6.396073091161755
0.0032508617234468925, 0.8220734630145101, 7.760860688922164E-4, 11.369742141734037, 0.00311112996538096, 87.1920126097438, 84.95498175038676, 6.397116210486824
0.00325759519038076, 0.8237375809892813, 7.776935657122227E-4, 11.496605719147738, 0.0031353391892536553, 90.35297198051511, 87.93708947118807, 6.398159329811894
0.003264328657314628, 0.8254016989640527, 7.793010625322291E-4, 11.62692732914411, 0.0031597963757717673, 93.6175290380316, 91.01690609083593, 6.399202449136964
0.0032710621242484955, 0.8270658169388239, 7.809085593522354E-4, 11.760799283959614, 0.0031845075337695733, 96.98834418790226, 94.196912396076, 6.400245568462033
0.0032777955911823635, 0.8287299349135951, 7.825160561722417E-4, 11.898315663136145, 0.003209478832167101, 100.46812835747853, 97.47963565438927, 6.401288687787103
0.0032845290581162315, 0.8303940528883664, 7.841235529922481E-4, 12.039572336313427, 0.0032347166030781555, 104.05964366720815, 100.86765022248784, 6.402331807112172
0.003291262525050099, 0.8320581708631376, 7.857310498122544E-4, 12.184666986223533, 0.0032602273449561375, 107.76570410824415, 104.36357816047841, 6.403374926437242
0.0032979959919839665, 0.8337222888379089, 7.873385466322607E-4, 12.333699131849244, 0.0032860177257836576, 111.58917622498772, 107.97008985035976, 6.404418045762311
0.003304729458917834, 0.8353864068126801, 7.88946043452267E-4, 12.486770151771566, 0.0033120945863011064, 115.53297980383684, 111.6899046200918, 6.405461165087381
0.003311462925851702, 0.8370505247874513, 7.905535402722733E-4, 12.643983307703706, 0.0033384649432786073, 119.60008856717705, 115.52579137228875, 6.40650428441245
0.0033181963927855695, 0.8387146427622225, 7.921610370922795E-4, 12.805443768194777, 0.0033651359928294627, 123.79353087362787, 119.4805692185876, 6.40754740373752
0.003324929859719437, 0.8403787607369937, 7.937685339122858E-4, 12.971258632531658, 0.0033921151137646793, 128.11639042327585, 123.55710811831166, 6.408590523062589
0.003331663326653305, 0.8420428787117651, 7.953760307322922E-4, 13.141536954815138, 0.0034194098709929427, 132.57180696923956, 127.75832952290062, 6.409633642387659
0.0033383967935871734, 0.8437069966865364, 7.969835275522986E-4, 13.316389768228873, 0.0034470280189599495, 137.162977034968, 132.0872070254283, 6.410676761712728
0.003345130260521041, 0.8453711146613077, 7.985910243723049E-4, 13.49593010948513, 0.0034749775051343967, 141.89315463686876, 136.54676701481847, 6.411719881037798
0.0033518637274549084, 0.8470352326360788, 8.001985211923112E-4, 13.680273043464013, 0.0035032664735359376, 146.76565201332508, 141.14008933578194, 6.412763000362867
0.003358597194388776, 0.8486993506108501, 8.018060180123175E-4, 13.869535688039377, 0.0035319032683061857, 151.78384035913032, 145.87030795363088, 6.413806119687937
0.003365330661322644, 0.8503321838135867, 8.034135148323238E-4, 14.064505686627399, 0.0035614334771160716, 156.95115056590342, 150.74061162429155, 6.415383010650933
0.0033720641282565115, 0.8519567841815773, 8.050210116523301E-4, 14.264815477227557, 0.003591475535387717, 162.27107396855826, 155.75424456988637, 6.4171003678344345
0.0033787975951903794, 0.8535813845495681, 8.066285084723365E-4, 14.470413012361178, 0.0036218977323060203, 167.74716309737667, 160.91450715912856, 6.418817725017937
0.003385531062124247, 0.8552059849175587, 8.082360052923428E-4, 14.681423878473424, 0.0036527092726668514, 173.38303243622696, 166.22475659332716, 6.4205350822014395
0.003392264529058115, 0.8568305852855493, 8.098435021123491E-4, 14.897975841950256, 0.003683919579952316, 179.18235918668313, 171.6884075975886, 6.422252439384942
0.0033989979959919824, 0.8584551856535401, 8.114509989323554E-4, 15.120198875081314, 0.003715538300174709, 185.14888403799986, 177.30893311725268, 6.423969796568445
0.00340573146292585, 0.8600797860215307, 8.130584957523617E-4, 15.348225182206534, 0.003747575305766082, 191.28641194321352, 183.08986501969585, 6.425687153751947
0.003412464929859718, 0.8617043863895214, 8.146659925723681E-4, 15.582189226062155, 0.003780040699515097, 197.5988129012851, 189.03479480172098, 6.42740451093545
0.003419198396793586, 0.863328986757512, 8.162734893923743E-4, 15.822227754318874, 0.003812944818549685, 204.0900227449197, 195.14737430173165, 6.429121868118952
0.003425931863727454, 0.8649535871255029, 8.178809862123807E-4, 16.068479826309158, 0.003846298238368767, 210.76404393515213, 201.43131641818962, 6.430839225302455
0.0034326653306613213, 0.8665781874934935, 8.19488483032387E-4, 16.32108683995648, 0.003880111776920714, 217.62494636130387, 207.89039583267785, 6.432556582485957
0.003439398797595189, 0.8682027878614841, 8.210959798523933E-4, 16.580192558890985, 0.003914396498730044, 224.67686814724152, 214.52844973861548, 6.43427393966946
0.003446132264529057, 0.8698273882294748, 8.227034766723996E-4, 16.845943139767314, 0.003949163719072862, 231.92401646409638, 221.34937857576196, 6.435991296852962
0.0034528657314629244, 0.8714519885974654, 8.243109734924059E-4, 17.118487159774986, 0.003984425008201259, 239.37066834871374, 228.3571467698228, 6.437708654036465
0.003459599198396792, 0.873076588965456, 8.259184703124122E-4, 17.39797564434798, 0.004020192195616723, 247.02117152858622, 235.5557834777838, 6.439426011219966
0.0034663326653306594, 0.8747011893334468, 8.275259671324185E-4, 17.68456209507235, 0.004056477374392825, 254.87994525247146, 242.94938333828412, 6.441143368403469
0.0034730661322645274, 0.8763257897014375, 8.291334639524249E-4, 17.978402517789846, 0.004093292905548468, 262.95148112808, 250.54210722838957, 6.442860725586971
0.0034797995991983953, 0.8779503900694281, 8.307409607724312E-4, 18.279655450898417, 0.004130651422470155, 271.2403439651431, 258.33818302505784, 6.444578082770474
0.0034865330661322633, 0.8795749904374188, 8.323484575924376E-4, 18.588481993862615, 0.004168565835387189, 279.7511726251775, 266.3419063725645, 6.4462954399539765
0.003493266533066131, 0.8811995908054095, 8.339559544124439E-4, 18.905045835911324, 0.004207049335895552, 288.48868087742966, 274.55764145549637, 6.448012797137479
0.0034999999999999983, 0.8828241911734002, 8.355634512324502E-4, 19.22951328494605, 0.004246115401533607, 297.45765826129644, 282.989821777456, 6.4497301543209815
