phi0, phi, rho, Z_fit_curve, F_ex_fit_per_V, mu_kT, PV_NkT, alpha
1.3999999999999996E-4, 0.035491655055624106, 3.342253804929801E-5, 1.1052228929122667, 3.546011427939521E-6, -16.96912540666192, -8.395673880623962, 6.328723024691356
1.467334669338677E-4, 0.037198624685616556, 3.503003486930433E-5, 1.1101967873302139, 3.893802989997877E-6, -16.333171217019082, -7.38915927037088, 6.328740115168607
1.5346693386773545E-4, 0.038905594315609006, 3.663753168931065E-5, 1.1151628949336028, 4.2577170278445214E-6, -15.727501818943693, -6.472681340938894, 6.328757205645858
1.6020040080160316E-4, 0.04061256394560145, 3.824502850931696E-5, 1.1201212692403317, 4.637734869004654E-6, -15.151079926969738, -5.6364173896807825, 6.328774296123108
1.669338677354709E-4, 0.0423195335755939, 3.985252532932328E-5, 1.1250719685369097, 5.033837946264032E-6, -14.602893242852149, -4.872028514999329, 6.32879138660036
1.7366733466933862E-4, 0.04402650320558635, 4.14600221493296E-5, 1.1300150558784559, 5.446007807250849E-6, -14.081954044830322, -4.1723754375726765, 6.328808477077611
1.8040080160320636E-4, 0.0457334728355788, 4.3067518969335916E-5, 1.1349505990887003, 5.874226124017648E-6, -13.587298781067169, -3.5312978909264583, 6.328825567554862
1.871342685370741E-4, 0.04744044246557125, 4.4675015789342234E-5, 1.1398786707599833, 6.31847470262324E-6, -13.117987667243593, -2.9434415707645085, 6.328842658032112
1.9386773547094184E-4, 0.0491474120955637, 4.628251260934855E-5, 1.1447993482532555, 6.778735492714599E-6, -12.673104288288746, -2.4041210811388725, 6.328859748509363
2.0060120240480956E-4, 0.05085438172555614, 4.7890009429354864E-5, 1.149712713698078, 7.254990597108777E-6, -12.25175520422576, -1.9092104202733096, 6.328876838986615
2.073346693386773E-4, 0.05256135135554858, 4.949750624936118E-5, 1.1546188539926234, 7.74722228137482E-6, -11.853069560113159, -1.455054746116703, 6.328893929463866
2.1406813627254502E-4, 0.05426832098554103, 5.11050030693675E-5, 1.159517860803673, 8.255412983415652E-6, -11.476198700061918, -1.0383987369345866, 6.328911019941117
2.2080160320641276E-4, 0.05597529061553348, 5.271249988937382E-5, 1.1644098305666197, 8.779545323049997E-6, -11.120315785308213, -0.6563280051408311, 6.328928110418367
2.2753507014028047E-4, 0.05768226024552593, 5.431999670938013E-5, 1.1692948644854673, 9.319602111594307E-6, -10.784615416321921, -0.3062208610694133, 6.328945200895618
2.3426853707414822E-4, 0.059389229875518375, 5.592749352938645E-5, 1.1741730685328284, 9.87556636144462E-6, -10.46831325893076, 0.014291655020475887, 6.32896229137287
2.4100200400801596E-4, 0.061096199505510825, 5.7534990349392766E-5, 1.1790445534499283, 1.0447421295658524E-5, -10.170645674440282, 0.3073590891226601, 6.328979381850121
2.477354709418837E-4, 0.06280316913550327, 5.9142487169399084E-5, 1.1839094347466013, 1.1035150357537022E-5, -9.89086935372958, 0.5749395027914598, 6.328996472327372
2.5446893787575144E-4, 0.06451013876549573, 6.07499839894054E-5, 1.1887678327012923, 1.1638737220206444E-5, -9.628260955302903, 0.818823012755264, 6.329013562804622
2.612024048096192E-4, 0.06621710839548817, 6.235748080941172E-5, 1.1936198723610572, 1.2258165796200408E-5, -9.382116747276994, 1.0406517323697722, 6.329030653281873
2.679358717434869E-4, 0.06792407802548062, 6.396497762941803E-5, 1.1984656835415615, 1.2893420247041629E-5, -9.15175225328435, 1.2419367473114862, 6.329047743759125
2.7466933867735456E-4, 0.06963104765547307, 6.557247444942434E-5, 1.2033054008270825, 1.3544484992823946E-5, -8.936501902272337, 1.424072633890787, 6.329064834236376
2.8140280561122236E-4, 0.07133794437968068, 6.717997126943068E-5, 1.2081391566252302, 1.4211344255210627E-5, -8.735718682178296, 1.5883499310498466, 6.3290818565732305
2.8813627254509005E-4, 0.07304456406190588, 6.878746808943698E-5, 1.2129670746466157, 1.4893981562676589E-5, -8.548773797460472, 1.7359659002648904, 6.32909861997658
2.948697394789578E-4, 0.07475118374413108, 7.03949649094433E-5, 1.2177893295417208, 1.5592383849996038E-5, -8.375056330464963, 1.868033846518541, 6.329115383379929
3.0160320641282553E-4, 0.07645780342635629, 7.200246172944962E-5, 1.2226060749692385, 1.6306536659668594E-5, -8.213972906608669, 1.9855912247230607, 6.329132146783279
3.083366733466933E-4, 0.07816442310858149, 7.360995854945593E-5, 1.2274174693564714, 1.7036425840674288E-5, -8.064947363358236, 2.0896067167775674, 6.329148910186629
3.15070140280561E-4, 0.0798710427908067, 7.521745536946225E-5, 1.2322236758993343, 1.778203755805551E-5, -7.927420422985, 2.1809864327848896, 6.329165673589978
3.2180360721442876E-4, 0.08157766247303191, 7.682495218946857E-5, 1.2370248625623514, 1.8543358302498906E-5, -7.800849369076067, 2.260579364257208, 6.329182436993328
3.285370741482965E-4, 0.08328428215525711, 7.843244900947489E-5, 1.241821202078657, 1.932037489991726E-5, -7.68470772678142, 2.329182196183115, 6.329199200396678
3.3527054108216424E-4, 0.08499090183748233, 8.003994582948121E-5, 1.2466128719499974, 2.011307452103146E-5, -7.578484946777156, 2.3875435676610826, 6.329215963800028
3.42004008016032E-4, 0.08669752151970753, 8.164744264948753E-5, 1.2514000544467274, 2.0921444690952324E-5, -7.481686092924869, 2.436367856677181, 6.329232727203377
3.487374749498997E-4, 0.08840414120193274, 8.325493946949384E-5, 1.2561829366078134, 2.174547329876258E-5, -7.3938315336071625, 2.476318552933954, 6.329249490606727
3.554709418837674E-4, 0.09011076088415795, 8.486243628950016E-5, 1.2609617102408328, 2.2585148607098752E-5, -7.314456636719405, 2.5080212729554985, 6.329266254010077
3.6220440881763516E-4, 0.09181738056638315, 8.646993310950648E-5, 1.2657365719219722, 2.344045926173303E-5, -7.2431114682976965, 2.5320664636317294, 6.329283017413426
3.689378757515029E-4, 0.09352400024860837, 8.80774299295128E-5, 1.27050772299603, 2.431139430115524E-5, -7.17936049476291, 2.549011833627917, 6.3292997808167755
3.756713426853706E-4, 0.09523061993083355, 8.96849267495191E-5, 1.2752753695764136, 2.519794316615473E-5, -7.122782288761373, 2.559384546433341, 6.329316544220125
3.8240480961923833E-4, 0.09693723961305876, 9.129242356952542E-5, 1.2800397225451423, 2.610009570940222E-5, -7.072969238581299, 2.5636832040698705, 6.329333307623474
3.891382765531061E-4, 0.09864385929528399, 9.289992038953175E-5, 1.2848009975528452, 2.701784220503182E-5, -7.029527261126025, 2.5623796464640956, 6.329350071026824
3.9587174348697376E-4, 0.10035047897750916, 9.450741720953804E-5, 1.2895594150187617, 2.7951173358222804E-5, -6.992075518423359, 2.5559205880885822, 6.329366834430174
4.026052104208415E-4, 0.10205709865973436, 9.611491402954436E-5, 1.294315200130742, 2.890008031478167E-5, -6.960246137651249, 2.544729110588281, 6.329383597833524
4.0933867735470924E-4, 0.10376371834195958, 9.772241084955068E-5, 1.2990685828452468, 2.986455467072392E-5, -6.933683934660007, 2.52920602764781, 6.329400361236873
4.16072144288577E-4, 0.10547033802418479, 9.9329907669557E-5, 1.3038197978873476, 3.084458848185603E-5, -6.9120461409706735, 2.5097311362531767, 6.329417124640223
4.2280561122244484E-4, 0.1071771806230995, 1.0093740448956334E-4, 1.3085713585937746, 3.184040378917294E-5, -6.895002134230329, 2.4866643666995936, 6.329448734196784
4.295390781563124E-4, 0.10888433530537944, 1.0254490130956963E-4, 1.3133245419723476, 3.285211046518336E-5, -6.882233172103098, 2.460346842152341, 6.329501128367843
4.3627254509018016E-4, 0.11059148998765941, 1.0415239812957595E-4, 1.3180764644111236, 3.387939167628514E-5, -6.873432129578507, 2.431101857232091, 6.329553522538901
4.430060120240479E-4, 0.11229864466993937, 1.0575989494958227E-4, 1.322827379715315, 3.492224225272203E-5, -6.868303239675593, 2.399235783950354, 6.329605916709959
4.4973947895791564E-4, 0.11400579935221934, 1.0736739176958859E-4, 1.3275775464587434, 3.5980657532474863E-5, -6.866561837524044, 2.365038912322382, 6.329658310881018
4.564729458917834E-4, 0.1157129540344993, 1.0897488858959491E-4, 1.3323272279838425, 3.7054633370843594E-5, -6.867934107801856, 2.3287862321239685, 6.329710705052077
4.6320641282565113E-4, 0.11742010871677927, 1.1058238540960123E-4, 1.3370766924016553, 3.814416615002911E-5, -6.872156835509208, 2.2907381615087563, 6.329763099223134
4.6993987975951887E-4, 0.11912726339905924, 1.1218988222960754E-4, 1.3418262125918365, 3.9249252788715216E-5, -6.878977160059307, 2.2511412275479277, 6.329815493394193
4.766733466933866E-4, 0.1208344180813392, 1.1379737904961386E-4, 1.34657606620265, 4.0369890751650404E-5, -6.888152332666068, 2.2102287031852677, 6.329867887565252
4.8340681362725436E-4, 0.12254157276361917, 1.1540487586962018E-4, 1.3513265356509707, 4.150607805922995E-5, -6.899449477007648, 2.168221204602551, 6.329920281736309
4.901402805611221E-4, 0.12424872744589913, 1.170123726896265E-4, 1.3560779081222856, 4.265781329707772E-5, -6.912645353147638, 2.1253272525504996, 6.329972675907368
4.968737474949898E-4, 0.1259558821281791, 1.1861986950963282E-4, 1.3608304755706897, 4.382509562562804E-5, -6.927526124692221, 2.0817438008201483, 6.330025070078427
5.036072144288576E-4, 0.12766303681045907, 1.2022736632963914E-4, 1.3655845347188906, 4.5007924789707715E-5, -6.943887129164644, 2.037656734689057, 6.330077464249485
5.103406813627253E-4, 0.12937019149273904, 1.2183486314964545E-4, 1.3703403870582047, 4.620630112811774E-5, -6.961532651575901, 1.9932413418817403, 6.330129858420543
5.170741482965931E-4, 0.13107734617501898, 1.2344235996965177E-4, 1.375098338848561, 4.742022558321555E-5, -6.980275701172673, 1.9486627583188436, 6.330182252591602
5.238076152304608E-4, 0.13278450085729895, 1.250498567896581E-4, 1.3798587011184973, 4.864969971049655E-5, -6.99993779134198, 1.9040763906990064, 6.33023464676266
5.305410821643286E-4, 0.13449165553957892, 1.266573536096644E-4, 1.3846217896651625, 4.989472568817624E-5, -7.020348722652239, 1.8596283177515616, 6.330287040933718
5.372745490981962E-4, 0.13619881022185887, 1.282648504296707E-4, 1.3893879250543162, 5.115530632677209E-5, -7.041346369011873, 1.8154556718140364, 6.330339435104777
5.440080160320638E-4, 0.13790596490413884, 1.2987234724967702E-4, 1.3941574326203294, 5.24314450786855E-5, -7.0627764669243716, 1.7716870022284792, 6.330391829275835
5.507414829659317E-4, 0.1396131195864188, 1.3147984406968336E-4, 1.3989306424661818, 5.372314604778352E-5, -7.084492407820339, 1.728442621905184, 6.330444223446894
5.574749498997993E-4, 0.14132027426869875, 1.3308734088968965E-4, 1.4037078894634645, 5.5030413998980924E-5, -7.106355033446563, 1.6858349382734812, 6.330496617617952
5.64208416833667E-4, 0.14302716744260893, 1.3469483770969597E-4, 1.408487088520544, 5.635292776896105E-5, -7.128232434291925, 1.6439687697252052, 6.330537152267498
5.709418837675348E-4, 0.14473390371149725, 1.363023345297023E-4, 1.413269478614664, 5.7690803711999146E-5, -7.149999751030563, 1.6029416485532426, 6.330570571204136
5.776753507014025E-4, 0.14644063998038553, 1.379098313497086E-4, 1.4180568463765213, 5.9044239493384745E-5, -7.171538978961593, 1.5628441112963003, 6.330603990140775
5.844088176352703E-4, 0.14814737624927385, 1.3951732816971493E-4, 1.4228495457483827, 6.0413242170423186E-5, -7.19273877542634, 1.5237599773175805, 6.330637409077414
5.91142284569138E-4, 0.14985411251816214, 1.4112482498972124E-4, 1.4276479354411244, 6.179781950935274E-5, -7.21349427018243, 1.4857666163727112, 6.3306708280140525
5.978757515030058E-4, 0.15156084878705045, 1.4273232180972756E-4, 1.432452378934235, 6.31979799949267E-5, -7.233706878714856, 1.44893520585459, 6.330704246950691
6.046092184368735E-4, 0.15326758505593874, 1.4433981862973388E-4, 1.4372632444758113, 6.46137328399951E-5, -7.253284118464525, 1.4133309783433126, 6.330737665887329
6.113426853707412E-4, 0.15497432132482705, 1.459473154497402E-4, 1.4420809050825631, 6.604508799508662E-5, -7.272139427953491, 1.379013460036545, 6.330771084823968
6.18076152304609E-4, 0.15668105759371534, 1.4755481226974652E-4, 1.4469057385398085, 6.749205615799081E-5, -7.290191988787486, 1.3460367005855192, 6.330804503760607
6.248096192384767E-4, 0.15838779386260365, 1.4916230908975284E-4, 1.4517381274014771, 6.895464878333942E-5, -7.3073665505161784, 1.3144494948185756, 6.3308379226972455
6.315430861723445E-4, 0.16009453013149194, 1.5076980590975915E-4, 1.4565784589901094, 7.043287809218892E-5, -7.323593258329676, 1.2842955967963114, 6.330871341633884
6.382765531062122E-4, 0.16180126640038023, 1.5237730272976547E-4, 1.4614271253968554, 7.1926757081602E-5, -7.338807483573207, 1.255613926602914, 6.330904760570522
6.4501002004008E-4, 0.16350800266926854, 1.539847995497718E-4, 1.4662845234814763, 7.34362995342296E-5, -7.352949657058328, 1.2284387702494761, 6.330938179507161
6.517434869739476E-4, 0.1652147389381568, 1.5559229636977808E-4, 1.471151054872343, 7.496152002789289E-5, -7.365965105152043, 1.2027999730330305, 6.330971598443799
6.584769539078154E-4, 0.16692147520704514, 1.5719979318978443E-4, 1.476027125966439, 7.650243394516515E-5, -7.37780388862263, 1.1787231266695726, 6.331005017380439
6.652104208416831E-4, 0.16862821147593343, 1.5880729000979072E-4, 1.4809131479293554, 7.805905748295341E-5, -7.388420644223586, 1.1562297504943362, 6.331038436317077
6.719438877755509E-4, 0.17033494774482175, 1.6041478682979706E-4, 1.485809536695296, 7.963140766208092E-5, -7.397774428994019, 1.1353374670014031, 6.3310718552537155
6.786773547094186E-4, 0.17204168401371003, 1.6202228364980335E-4, 1.4907167129670729, 8.121950233686844E-5, -7.405828567257141, 1.116060171973119, 6.331105274190354
6.854108216432863E-4, 0.17374842028259832, 1.6362978046980967E-4, 1.4956351022161123, 8.282336020471668E-5, -7.412550500295839, 1.0984081994328512, 6.331138693126992
6.92144288577154E-4, 0.17545515655148664, 1.65237277289816E-4, 1.5005651346824467, 8.444300081568772E-5, -7.417911638685888, 1.0823884816365275, 6.331172112063631
6.988777555110218E-4, 0.17716189282037492, 1.668447741098223E-4, 1.5055072453747222, 8.607844458208736E-5, -7.421887217266559, 1.0680047043046583, 6.33120553100027
7.056112224448896E-4, 0.17886835973130005, 1.6845227092982865E-4, 1.510461817649959, 8.772970328393001E-5, -7.424456152728562, 1.0552574572812832, 6.331238729331088
7.123446893787572E-4, 0.1805747727706325, 1.7005976774983494E-4, 1.515429340004405, 8.939680628885981E-5, -7.425600903799424, 1.0441443807936803, 6.331271883540742
7.190781563126249E-4, 0.18228118580996494, 1.7166726456984126E-4, 1.5204102729287448, 9.107977851185787E-5, -7.425307334007321, 1.034660307474622, 6.331305037750396
7.258116232464926E-4, 0.1839875988492974, 1.7327476138984758E-4, 1.525405070506024, 9.277864390377734E-5, -7.423564577001014, 1.0267974003008038, 6.331338191960049
7.325450901803604E-4, 0.18569401188862988, 1.748822582098539E-4, 1.5304141915879, 9.449342732562433E-5, -7.420364904408761, 1.0205452865860565, 6.331371346169703
7.392785571142281E-4, 0.18740042492796233, 1.7648975502986022E-4, 1.5354380997946395, 9.622415455813949E-5, -7.415703596213526, 1.0158911881653605, 6.3314045003793575
7.460120240480959E-4, 0.1891068379672948, 1.7809725184986654E-4, 1.5404772635151207, 9.797085231138024E-5, -7.409578813627439, 1.0128200478902742, 6.331437654589012
7.527454909819636E-4, 0.19081325100662727, 1.7970474866987285E-4, 1.5455321559068314, 9.973354823430236E-5, -7.401991474442148, 1.0113146525564414, 6.331470808798665
7.594789579158312E-4, 0.1925196640459597, 1.8131224548987915E-4, 1.5506032548958701, 1.0151227092434218E-4, -7.3929451308384335, 1.0113557523691543, 6.331503963008319
7.662124248496991E-4, 0.1942260770852922, 1.829197423098855E-4, 1.5556910431769466, 1.0330704993699839E-4, -7.382445849632337, 1.0129221770529342, 6.331537117217973
7.729458917835667E-4, 0.19593249012462463, 1.8452723912989178E-4, 1.56079600821338, 1.0511791579541378E-4, -7.370502094939975, 1.015990948700272, 6.331570271427627
7.796793587174346E-4, 0.1976389031639571, 1.8613473594989813E-4, 1.5659186422371008, 1.0694489999995742E-4, -7.357124613239291, 1.0205373914530196, 6.331603425637281
7.864128256513023E-4, 0.19934531620328957, 1.8774223276990445E-4, 1.571059442248649, 1.0878803503780634E-4, -7.342326320810461, 1.0265352381011763, 6.3316365798469345
7.9314629258517E-4, 0.20105172924262202, 1.8934972958991074E-4, 1.576218910017177, 1.1064735439252773E-4, -7.326122193532925, 1.0339567336831128, 6.331669734056589
7.998797595190378E-4, 0.2027581422819545, 1.9095722640991708E-4, 1.5813975520804453, 1.125228925536605E-4, -7.308529159021991, 1.0427727361617287, 6.331702888266243
8.066132264529054E-4, 0.20446455532128693, 1.9256472322992337E-4, 1.5865958797448274, 1.1441468502629728E-4, -7.289565991081537, 1.0529528142543465, 6.331736042475897
8.133466933867733E-4, 0.20617096836061943, 1.9417222004992972E-4, 1.591814409085305, 1.163227683406666E-4, -7.2692532064558995, 1.0644653424814852, 6.331769196685551
8.200801603206409E-4, 0.20787738139995185, 1.95779716869936E-4, 1.5970536609454706, 1.1824718006171424E-4, -7.24761296385858, 1.0772775935055383, 6.331802350895204
8.268136272545087E-4, 0.20958379443928432, 1.9738721368994233E-4, 1.6023141609375298, 1.2018795879868603E-4, -7.22466896526028, 1.0913558278177347, 6.331835505104858
8.335470941883765E-4, 0.21129020747861682, 1.9899471050994867E-4, 1.607596439442295, 1.221451442147088E-4, -7.200446359413187, 1.1066653808389484, 6.331868659314512
8.402805611222442E-4, 0.21299663744586933, 2.0060220732995496E-4, 1.612901129674432, 1.241187967084764E-4, -7.1749716475953145, 1.12317074748614, 6.331902135443726
8.470140280561119E-4, 0.21470345675528407, 2.0220970414996128E-4, 1.6182309486619455, 1.2610939878530592E-4, -7.148272591550265, 1.1408356642655173, 6.3319430157228025
8.537474949899796E-4, 0.2164102760646988, 2.038172009699676E-4, 1.6235842036925685, 1.2811654827908704E-4, -7.120378123608389, 1.1596231889382889, 6.331983896001879
8.604809619238473E-4, 0.21811709537411353, 2.0542469778997392E-4, 1.6289614442228815, 1.3014028934673917E-4, -7.0913182589622865, 1.1794957778167983, 6.332024776280956
8.67214428857715E-4, 0.21982391468352824, 2.0703219460998024E-4, 1.6343632244780748, 1.3218066724698122E-4, -7.061124010083464, 1.200415360732527, 6.332065656560032
8.739478957915828E-4, 0.22153073399294299, 2.0863969142998655E-4, 1.639790103451949, 1.3423772834991353E-4, -7.029827303255356, 1.2223434137269666, 6.33210653683911
8.806813627254505E-4, 0.22323755330235773, 2.1024718824999287E-4, 1.6452426449069153, 1.3631152014659956E-4, -6.997460897205061, 1.2452410295085024, 6.332147417118186
8.874148296593182E-4, 0.22494437261177244, 2.118546850699992E-4, 1.6507214173739955, 1.3840209125864794E-4, -6.964058303813782, 1.2690689857173116, 6.332188297397263
8.94148296593186E-4, 0.22665119192118718, 2.134621818900055E-4, 1.6562269941528223, 1.4050949144779482E-4, -6.929653710883968, 1.2937878110427499, 6.332229177676339
9.008817635270536E-4, 0.22835801123060187, 2.150696787100118E-4, 1.6617599533116376, 1.426337716254848E-4, -6.894281906946216, 1.319357849229655, 6.332270057955416
9.076152304609215E-4, 0.23006483054001664, 2.1667717553001815E-4, 1.667320877687296, 1.4477498386245382E-4, -6.857978208084241, 1.3457393210140474, 6.332310938234493
9.143486973947892E-4, 0.23177164984943135, 2.1828467235002446E-4, 1.6729103548852602, 1.4693318139831032E-4, -6.820778386756711, 1.3728923840275054, 6.33235181851357
9.21082164328657E-4, 0.2334784691588461, 2.1989216917003078E-4, 1.6785289772796057, 1.491084186511178E-4, -6.7827186025988455, 1.4007771907027982, 6.332392698792646
9.278156312625247E-4, 0.2351852884682608, 2.214996659900371E-4, 1.6841773420130164, 1.513007512269761E-4, -6.743835335182011, 1.4293539442182406, 6.332433579071723
9.345490981963923E-4, 0.23689210777767553, 2.231071628100434E-4, 1.6898560509967884, 1.5351023592960386E-4, -6.704165318711063, 1.4585829525152216, 6.3324744593508004
9.412825651302602E-4, 0.23859892708709027, 2.2471465963004974E-4, 1.6955657109108273, 1.5573693076992E-4, -6.663745478641303, 1.488424680420253, 6.332515339629877
9.480160320641278E-4, 0.24030574639650498, 2.2632215645005603E-4, 1.701306933203649, 1.5798089497562573E-4, -6.622612870192409, 1.5188397999063685, 6.332556219908954
9.547494989979956E-4, 0.2420125657059197, 2.2792965327006235E-4, 1.7070803340923815, 1.602421890007869E-4, -6.5808046187406095, 1.5497892385245442, 6.33259710018803
9.614829659318634E-4, 0.24371938501533447, 2.295371500900687E-4, 1.712886534562762, 1.6252087453541526E-4, -6.538357862072201, 1.58123422603208, 6.332637980467107
9.68216432865731E-4, 0.24542620432474915, 2.3114464691007498E-4, 1.7187261603691375, 1.648170145150506E-4, -6.495309694471916, 1.613136339254996, 6.332678860746184
9.749498997995988E-4, 0.2471330236341639, 2.327521437300813E-4, 1.7245998420344677, 1.6713067313034281E-4, -6.451697112631659, 1.6454575452083466, 6.332719741025261
9.816833667334664E-4, 0.2488399166273129, 2.3435964055008762E-4, 1.73051216215177, 1.6946284092478258E-4, -6.407556963357218, 1.6781602425049673, 6.332771709653875
9.884168336673342E-4, 0.25054703067166467, 2.3596713737009394E-4, 1.7364717911545922, 1.7181549856802461E-4, -6.362925893054016, 1.7112073010798543, 6.332856943331106
9.951503006012021E-4, 0.2522541447160164, 2.3757463419010028E-4, 1.74246761343937, 1.7418597785534852E-4, -6.317840298971397, 1.74456210025818, 6.332942177008337
0.0010018837675350696, 0.2539612587603682, 2.3918213101010657E-4, 1.7485002786164552, 1.7657434914441036E-4, -6.272336282184893, 1.7781885651950027, 6.333027410685568
0.0010086172344689374, 0.25566837280471993, 2.407896278301129E-4, 1.7545704410648097, 1.789806840959695E-4, -6.226449602297483, 1.8120512017108161, 6.3331126443627985
0.0010153507014028051, 0.25737548684907174, 2.423971246501192E-4, 1.7606787599320062, 1.8140505568346968E-4, -6.1802156338390635, 1.8461151295511284, 6.333197878040029
0.0010220841683366729, 0.2590826008934235, 2.4400462147012553E-4, 1.7668258991342283, 1.8384753820262147E-4, -6.1336693243467115, 1.8803461140916038, 6.33328311171726
0.0010288176352705406, 0.26078971493777525, 2.4561211829013185E-4, 1.7730125273562698, 1.8630820728098406E-4, -6.086845154100163, 1.914710596520683, 6.333368345394491
0.0010355511022044086, 0.26249682898212706, 2.472196151101382E-4, 1.7792393180515365, 1.8878713988754718E-4, -6.039777097498015, 1.949175722518622, 6.333453579071722
0.001042284569138276, 0.26420394302647876, 2.488271119301445E-4, 1.7855069494420432, 1.9128441434231283E-4, -5.992498586053829, 1.9837093694569148, 6.3335388127489525
0.001049018036072144, 0.26591105707083057, 2.5043460875015083E-4, 1.7918161045184178, 1.9380011032587766E-4, -5.945042472988566, 2.018280172147127, 6.333624046426183
0.0010557515030060116, 0.2676181711151823, 2.520421055701571E-4, 1.798167471039897, 1.9633430888901424E-4, -5.897440999402312, 2.052857547159886, 6.333709280103414
0.0010624849699398793, 0.2693252851595341, 2.536496023901634E-4, 1.8045617415343287, 1.9888709246225342E-4, -5.849725762007461, 2.087411715733059, 6.333794513780645
0.001069218436873747, 0.27103239920388583, 2.5525709921016976E-4, 1.8109996132981725, 2.0145854486546623E-4, -5.801927682396835, 2.121913725301864, 6.333879747457876
0.0010759519038076148, 0.2727395132482376, 2.5686459603017605E-4, 1.8174817883964978, 2.0404875131744543E-4, -5.754076977833199, 2.1563354696645556, 6.333964981135106
0.0010826853707414826, 0.2744466272925894, 2.584720928501824E-4, 1.8240089736629852, 2.0665779844548796E-4, -5.706203133537446, 2.190649707810154, 6.334050214812337
0.0010894188376753505, 0.2761537413369412, 2.6007958967018874E-4, 1.8305818806999263, 2.0928577429497642E-4, -5.658334876454561, 2.2248300814312088, 6.334135448489568
0.001096152304609218, 0.2778608553812929, 2.6168708649019503E-4, 1.837201225878223, 2.1193276833896078E-4, -5.6105001504804894, 2.25885113114071, 6.334220682166799
0.001102885771543086, 0.2795679694256447, 2.632945833102014E-4, 1.8438677303373876, 2.1459887148774125E-4, -5.562726093124415, 2.2926883114198486, 6.33430591584403
0.0011096192384769535, 0.28127508346999647, 2.6490208013020766E-4, 1.8505821199855448, 2.1728417609844913E-4, -5.515039013595277, 2.326318004309401, 6.33439114952126
0.001116352705410821, 0.28298219751434817, 2.6650957695021396E-4, 1.8573451254994278, 2.199887759846293E-4, -5.467464372282343, 2.3597175318777657, 6.334476383198491
0.001123086172344689, 0.284688900591044, 2.681170737702203E-4, 1.8641518525392051, 2.2271125698429412E-4, -5.420026761618359, 2.3928651674758004, 6.334547801219719
0.0011298196392785565, 0.2863951179786919, 2.697245705902266E-4, 1.8710019099251647, 2.2545138353830468E-4, -5.372749888298083, 2.425740145809246, 6.334602891647488
0.0011365531062124245, 0.28810133536633975, 2.7133206741023294E-4, 1.877902655975681, 2.2821101569129435E-4, -5.325656556841953, 2.458322671837884, 6.3346579820752575
0.001143286573146292, 0.28980755275398756, 2.7293956423023923E-4, 1.8848548404321332, 2.3099025246263468E-4, -5.278768654470137, 2.490593928538371, 6.3347130725030265
0.00115002004008016, 0.2915137701416355, 2.745470610502456E-4, 1.8918592178045126, 2.3378919437595772E-4, -5.232107137286216, 2.5225360835310187, 6.334768162930796
0.0011567535070140275, 0.2932199875292833, 2.7615455787025186E-4, 1.8989165473714182, 2.3660794346873676E-4, -5.185692017729519, 2.5541322946122484, 6.334823253358565
0.0011634869739478952, 0.2949262049169311, 2.7776205469025816E-4, 1.9060275931800637, 2.3944660330186963E-4, -5.139542353294859, 2.585366714194682, 6.334878343786335
0.001170220440881763, 0.29663242230457904, 2.793695515102645E-4, 1.9131931240462694, 2.4230527896925894E-4, -5.093676236486857, 2.6162244926869636, 6.334933434214104
0.001176953907815631, 0.2983386396922269, 2.8097704833027085E-4, 1.92041391355447, 2.451840771073958E-4, -5.048110785995251, 2.6466917808278256, 6.334988524641874
0.0011836873747494985, 0.30004485707987477, 2.8258454515027714E-4, 1.9276907400577064, 2.4808310590493984E-4, -5.002862139070069, 2.6767557309947616, 6.335043615069643
0.0011904208416833662, 0.3017510744675226, 2.8419204197028343E-4, 1.9350243866776335, 2.5100247511230264E-4, -4.957945445073338, 2.706404497511215, 6.335098705497413
0.0011971543086172337, 0.3034572918551704, 2.857995387902897E-4, 1.9424156413045157, 2.5394229605122894E-4, -4.913374860193943, 2.7356272359640026, 6.335153795925182
0.001203887775551102, 0.3051635092428184, 2.874070356102961E-4, 1.949865296597228, 2.56902681624379E-4, -4.869163543298966, 2.764414101559139, 6.335208886352952
0.0012106212424849694, 0.3068697266304662, 2.890145324303024E-4, 1.9573741499832544, 2.598837463249091E-4, -4.825323652904486, 2.7927562465309026, 6.335263976780721
0.0012173547094188372, 0.30857594401811406, 2.906220292503087E-4, 1.9649430036586928, 2.6288560624605593E-4, -4.781866345249372, 2.8206458166209245, 6.3353190672084905
0.001224088176352705, 0.3102821614057619, 2.9222952607031505E-4, 1.9725726645882489, 2.659083790907163E-4, -4.738801773441913, 2.8480759466566368, 6.335374157636259
0.0012308216432865727, 0.31198837879340974, 2.9383702289032134E-4, 1.9802639445052397, 2.6895218418103E-4, -4.696139087673341, 2.8750407552343344, 6.335429248064029
0.0012375551102204404, 0.31369459618105766, 2.954445197103277E-4, 1.9880176599115924, 2.720171424679613E-4, -4.653886436465269, 2.90153533853838, 6.335484338491798
0.0012442885771543081, 0.3154008135687055, 2.97052016530334E-4, 1.9958346320778464, 2.751033765408817E-4, -4.612050968938326, 2.927555763310057, 6.335539428919568
0.0012510220440881759, 0.3171070309563534, 2.986595133503403E-4, 2.00371568704315, 2.782110106371509E-4, -4.570638838081837, 2.95309905898209, 6.335594519347337
0.0012577555110220434, 0.3188132483440012, 3.002670101703466E-4, 2.0116616556152622, 2.8134017065169903E-4, -4.529655205001894, 2.9781632090054133, 6.335649609775107
0.0012644889779559112, 0.32051884123712215, 3.018745069903529E-4, 2.0196826033521016, 2.84493770442738E-4, -4.489104244127008, 3.00274714138165, 6.335724810547021
0.0012712224448897791, 0.32222412188297983, 3.034820038103593E-4, 2.0277748789970294, 2.876706206403229E-4, -4.448989149357166, 3.0268507184206155, 6.335810066491008
0.0012779559118236469, 0.3239294025288374, 3.050895006303656E-4, 2.035934737359411, 2.9086947456675484E-4, -4.409312141130149, 3.0504747257429132, 6.335895322434995
0.0012846893787575144, 0.3256346831746949, 3.066969974503719E-4, 2.044163028331257, 2.940904655601673E-4, -4.3700744743880815, 3.073620860545824, 6.335980578378981
0.0012914228456913821, 0.32733996382055247, 3.083044942703782E-4, 2.0524606065731916, 2.9733372866423707E-4, -4.331276447422487, 3.096291719153203, 6.3360658343229685
0.0012981563126252499, 0.3290452444664101, 3.099119910903845E-4, 2.0608283315144464, 3.0059940063776545E-4, -4.292917411581521, 3.118490783862054, 6.336151090266956
0.0013048897795591176, 0.3307505251122676, 3.115194879103908E-4, 2.069267067352864, 3.038876199642606E-4, -4.254995781814417, 3.1402224091121185, 6.336236346210942
0.0013116232464929854, 0.3324558057581252, 3.1312698473039716E-4, 2.0777776830549, 3.071985268615206E-4, -4.217509048038265, 3.161491806989786, 6.336321602154929
0.0013183567134268533, 0.33416108640398284, 3.147344815504035E-4, 2.0863610523556178, 3.105322632912131E-4, -4.180453787301989, 3.182305032091277, 6.336406858098916
0.0013250901803607208, 0.33586636704984035, 3.163419783704098E-4, 2.095018053758695, 3.1388897296845923E-4, -4.143825676731015, 3.202668965759748, 6.336492114042903
0.0013318236472945886, 0.3375716476956979, 3.179494751904161E-4, 2.1037495705364164, 3.172688013714142E-4, -4.107619507231599, 3.2225912997145563, 6.336577369986889
0.0013385571142284563, 0.33927692834155554, 3.1955697201042243E-4, 2.112556490729681, 3.206718957508504E-4, -4.071829197938842, 3.2420805190893445, 6.3366626259308765
0.0013452905811623243, 0.3409822089874131, 3.211644688304288E-4, 2.1214397071479962, 3.2409840513973804E-4, -4.036447811375675, 3.261145884908092, 6.336747881874863
0.0013520240480961918, 0.34268748963327067, 3.2277196565043507E-4, 2.1304001173694807, 3.275484803628277E-4, -4.001467569321892, 3.279797415999533, 6.33683313781885
0.0013587575150300595, 0.34439277027912824, 3.2437946247044136E-4, 2.139438623740865, 3.310222740462328E-4, -3.966879869356614, 3.2980458703833477, 6.336918393762837
0.0013654909819639273, 0.3460980509249858, 3.259869592904477E-4, 2.148556133377488, 3.3451994062701E-4, -3.932675302062009, 3.3159027261408394, 6.337003649706824
0.001372224448897795, 0.34780333157084337, 3.27594456110454E-4, 2.1577535581633023, 3.380416363627429E-4, -3.898843668865802, 3.3333801617899605, 6.337088905650811
0.0013789579158316626, 0.34950861221670093, 3.292019529304603E-4, 2.16703181475087, 3.415875193411226E-4, -3.8653740005122863, 3.350491036169302, 6.337174161594797
0.0013856913827655307, 0.35121389286255855, 3.308094497504667E-4, 2.1763918245613647, 3.4515774948953057E-4, -3.8322545761202176, 3.3672488678784065, 6.337259417538784
0.0013924248496993983, 0.3529191735084161, 3.32416946570473E-4, 2.1858345137845667, 3.487524885846189E-4, -3.799472942827768, 3.3836678142669765, 6.337344673482771
0.001399158316633266, 0.3546244541542737, 3.3402444339047927E-4, 2.195360813378874, 3.523719002618949E-4, -3.7670159359984368, 3.3997626499973133, 6.337429929426758
0.0014058917835671335, 0.3563304542804081, 3.3563194021048556E-4, 2.2049771713042636, 3.56018000106748E-4, -3.7348696999680344, 3.4155487451993607, 6.33752598134541
0.0014126252505010013, 0.35803655718943933, 3.372394370304919E-4, 2.2146798602004574, 3.596894078987357E-4, -3.7030197093012944, 3.4310420432498834, 6.337623575546157
0.0014193587174348692, 0.35974266009847056, 3.3884693385049825E-4, 2.22446904166919, 3.633860314377844E-4, -3.6714507905675817, 3.446259038158143, 6.337721169746904
0.0014260921843687368, 0.36144876300750167, 3.4045443067050454E-4, 2.23434566574853, 3.671080421852112E-4, -3.640147144576371, 3.461216751623562, 6.33781876394765
0.0014328256513026047, 0.3631548659165329, 3.420619274905109E-4, 2.2443106872451586, 3.7085561350913093E-4, -3.6090923690875534, 3.4759327097417767, 6.337916358148398
0.0014395591182364722, 0.36486096882556407, 3.436694243105172E-4, 2.2543650657343655, 3.746289206940356E-4, -3.578269481955465, 3.4904249194001897, 6.3380139523491446
0.00144629258517034, 0.36656707173459524, 3.4527692113052347E-4, 2.2645097655600512, 3.7842814095037896E-4, -3.5476609446952874, 3.5047118443747562, 6.338111546549891
0.0014530260521042077, 0.3682731746436264, 3.468844179505298E-4, 2.274745755834731, 3.822534534241583E-4, -3.5172486864467514, 3.5188123811471255, 6.338209140750639
0.0014597595190380757, 0.36997927755265764, 3.4849191477053616E-4, 2.285074010439527, 3.8610503920649355E-4, -3.487014128322416, 3.532745834455962, 6.338306734951385
0.0014664929859719432, 0.3716853804616888, 3.5009941159054245E-4, 2.295495508024173, 3.899830813432125E-4, -3.4569382081150937, 3.5465318926032365, 6.338404329152132
0.001473226452905811, 0.3733914833707199, 3.5170690841054874E-4, 2.3060112320070147, 3.938877648444311E-4, -3.4270014053433, 3.560190602537223, 6.338501923352879
0.0014799599198396787, 0.37509758627975115, 3.533144052305551E-4, 2.3166221705750085, 3.978192766941354E-4, -3.3971837666158815, 3.573742344726542, 6.338599517553626
0.0014866933867735467, 0.3768036891887824, 3.5492190205056143E-4, 2.327329316683723, 4.0177780585976425E-4, -3.367464931306269, 3.587207807834394, 6.338697111754374
0.0014934268537074142, 0.37850979209781355, 3.565293988705677E-4, 2.338133668057333, 4.0576354330178926E-4, -3.3378241574949574, 3.60060796323039, 6.33879470595512
0.001500160320641282, 0.38021589500684466, 3.58136895690574E-4, 2.3490362271886305, 4.097766819832999E-4, -3.308240348181431, 3.6139640393386725, 6.338892300155867
0.0015068937875751497, 0.3819219979158759, 3.5974439251058036E-4, 2.3600380013390154, 4.13817416879583E-4, -3.278692077729327, 3.6272974958556126, 6.338989894356614
0.0015136272545090174, 0.38362810082490706, 3.6135188933058665E-4, 2.3711400025384974, 4.178859449877043E-4, -3.2491576185410294, 3.640629997837922, 6.339087488557361
0.001520360721442885, 0.3853342037339382, 3.6295938615059294E-4, 2.3823432475856987, 4.219824653360925E-4, -3.2196149679256627, 3.653983389695722, 6.3391850827581075
0.001527094188376753, 0.38704030664296946, 3.6456688297059934E-4, 2.393648758047853, 4.261071789941199E-4, -3.1900418751487907, 3.66737966910001, 6.339282676958855
0.0015338276553106206, 0.3887464095520006, 3.6617437979060563E-4, 2.405057560260803, 4.302602890816834E-4, -3.160415868643668, 3.6808409608238817, 6.339380271159602
0.0015405611222444884, 0.3904524233092579, 3.677818766106119E-4, 2.416569179768895, 4.344414470610667E-4, -3.130714283366086, 3.6943894905284136, 6.339475176072308
0.001547294589178356, 0.3921574563970024, 3.693893734306182E-4, 2.4281695107926184, 4.386452597558572E-4, -3.10091428826108, 3.7080475585310837, 6.339540498816562
0.0015540280561122239, 0.393862489484747, 3.7099687025062456E-4, 2.4398760823135803, 4.4287797333650584E-4, -3.070992913843115, 3.721837513542358, 6.339605821560816
0.0015607615230460916, 0.39556752257249156, 3.726043670706309E-4, 2.4516899397298704, 4.47139798450125E-4, -3.040927079846787, 3.7357817264210826, 6.33967114430507
0.0015674949899799591, 0.3972725556602361, 3.742118638906372E-4, 2.4636121332081924, 4.514309478421844E-4, -3.010693622938351, 3.7499025639509185, 6.339736467049325
0.001574228456913827, 0.3989775887479807, 3.7581936071064354E-4, 2.475643717683861, 4.5575163636609275E-4, -2.980269324474676, 3.7642223626476206, 6.339801789793579
0.0015809619238476946, 0.40068262183572523, 3.7742685753064983E-4, 2.487785752860802, 4.601020809927787E-4, -2.9496309382800243, 3.7787634026292665, 6.339867112537833
0.0015876953907815624, 0.40238765492346973, 3.790343543506561E-4, 2.5000393032115484, 4.644825008202733E-4, -2.9187552184208125, 3.793547881562357, 6.339932435282088
0.00159442885771543, 0.40409268801121434, 3.8064185117066247E-4, 2.512405437977248, 4.6889311708329197E-4, -2.887618946961378, 3.8085978887029763, 6.339997758026342
0.001601162324649298, 0.40579772109895895, 3.822493479906688E-4, 2.5248852311676573, 4.7333415316281674E-4, -2.856198961689333, 3.8239353790372848, 6.340063080770596
0.0016078957915831656, 0.40750275418670345, 3.838568448106751E-4, 2.5374797615611424, 4.7780583459567657E-4, -2.8244721837673987, 3.8395821475658543, 6.34012840351485
0.0016146292585170333, 0.40920778727444795, 3.854643416306814E-4, 2.5501901127046818, 4.8230838908413186E-4, -2.792415645316579, 3.8555598037236645, 6.340193726259105
0.001621362725450901, 0.41091282036219257, 3.8707183845068774E-4, 2.5630173729138654, 4.8684204650545424E-4, -2.760006516896561, 3.8718897459659227, 6.340259049003359
0.0016280961923847688, 0.41261785344993707, 3.8867933527069403E-4, 2.575962635272889, 4.914070389215084E-4, -2.7272221348710213, 3.8885931365327737, 6.340324371747613
0.0016348296593186365, 0.4143228865376817, 3.902868320907004E-4, 2.5890269976345657, 4.960036005883367E-4, -2.694040028627184, 3.905690876418804, 6.340389694491868
0.0016415631262525045, 0.4160279196254263, 3.918943289107067E-4, 2.6022115626203135, 5.006319679657373E-4, -2.6604379476422126, 3.923203580552432, 6.340455017236121
0.001648296593186372, 0.4177329527131708, 3.93501825730713E-4, 2.6155174376201633, 5.052923797268483E-4, -2.626393888361744, 3.9411515532197883, 6.340520339980376
0.0016550300601202398, 0.41943798580091535, 3.951093225507193E-4, 2.628945734792758, 5.099850767677303E-4, -2.591886120898111, 3.9595547637201713, 6.340585662724631
0.0016617635270541073, 0.42114301888865985, 3.967168193707256E-4, 2.642497571065349, 5.147103022169462E-4, -2.5568932154860593, 3.9784328223160816, 6.340650985468884
0.0016684969939879755, 0.4228480519764045, 3.98324316190732E-4, 2.6561740681338004, 5.194683014451449E-4, -2.5213940687158916, 3.9978049564532774, 6.340716308213139
0.001675230460921843, 0.424553085064149, 3.999318130107383E-4, 2.669976352462582, 5.242593220746411E-4, -2.4853679295025284, 4.017689987289016, 6.340781630957393
0.0016819639278557107, 0.4262576512406168, 4.015393098307446E-4, 2.683917322386177, 5.290883389427738E-4, -2.448794424775891, 4.038106306544371, 6.340866197106152
0.0016886973947895785, 0.42796108348969836, 4.031468066507509E-4, 2.698015134293175, 5.339625226652976E-4, -2.4116535848724063, 4.05907185369776, 6.340997497237278
0.0016954308617234462, 0.42966451573877984, 4.047543034707572E-4, 2.712242467024661, 5.388707464160723E-4, -2.3739258686069458, 4.080604093532491, 6.341128797368404
0.001702164328657314, 0.4313679479878614, 4.0636180029076356E-4, 2.726600466149665, 5.438132685021439E-4, -2.3355921880045067, 4.102719994063439, 6.34126009749953
0.0017088977955911817, 0.43307138023694286, 4.0796929711076985E-4, 2.7410902820058225, 5.487903495303273E-4, -2.296633932688971, 4.125436004842082, 6.341391397630656
0.0017156312625250495, 0.4347748124860244, 4.095767939307762E-4, 2.755713069699388, 5.538022524167923E-4, -2.257032993853057, 4.1487680357080485, 6.341522697761782
0.0017223647294589172, 0.4364782447351059, 4.111842907507825E-4, 2.7704699891052225, 5.588492423966418E-4, -2.2167717878893667, 4.1727314359127705, 6.341653997892909
0.0017290981963927847, 0.43818167698418736, 4.127917875707888E-4, 2.785362204866798, 5.639315870334952E-4, -2.175833279536706, 4.197340973751049, 6.341785298024035
0.0017358316633266525, 0.4398851092332689, 4.143992843907951E-4, 2.8003908863962033, 5.690495562290716E-4, -2.1342010046442774, 4.222610816601774, 6.34191659815516
0.0017425651302605204, 0.44158854148235044, 4.1600678121080147E-4, 2.815557207874134, 5.742034222327693E-4, -2.0918590924449276, 4.248554511479546, 6.342047898286287
0.001749298597194388, 0.4432919737314319, 4.1761427803080776E-4, 2.830862348249897, 5.793934596512481E-4, -2.0487922873571893, 4.27518496607902, 6.342179198417413
0.0017560320641282557, 0.4449954059805134, 4.1922177485081405E-4, 2.846307491241415, 5.846199454580139E-4, -2.004985970291642, 4.30251443033101, 6.342310498548539
0.0017627655310621234, 0.44669883822959494, 4.208292716708204E-4, 2.861893825335219, 5.898831590029978E-4, -1.9604261794367204, 4.330554478493833, 6.3424417986796655
0.0017694989979959912, 0.4484022704786764, 4.224367684908267E-4, 2.8776225437864507, 5.95183382022138E-4, -1.9150996305055683, 4.359315991796426, 6.342573098810791
0.001776232464929859, 0.45010570272775796, 4.2404426531083303E-4, 2.8934948446188686, 6.005208986469644E-4, -1.8689937364236462, 4.38880914165101, 6.342704398941917
0.0017829659318637269, 0.4518091349768395, 4.256517621308394E-4, 2.909511930624837, 6.058959954141774E-4, -1.82209662644387, 4.419043373443353, 6.342835699073044
0.0017896993987975944, 0.453512567225921, 4.2725925895084567E-4, 2.9256750093653334, 6.113089612752307E-4, -1.774397164655778, 4.45002739093957, 6.34296699920417
0.0017964328657314621, 0.45521599947500246, 4.2886675577085196E-4, 2.9419852931699477, 6.167600876059154E-4, -1.7258849678814516, 4.481769141302266, 6.343098299335296
0.0018031663326653297, 0.4569194317240839, 4.3047425259085825E-4, 2.9584439991368834, 6.222496682159389E-4, -1.676550422917963, 4.5142758007644685, 6.343229599466422
0.0018098997995991976, 0.45862286397316543, 4.320817494108646E-4, 2.9750523491329517, 6.277779993585086E-4, -1.6263847031562793, 4.547553760925208, 6.343360899597548
0.0018166332665330654, 0.46032629622224697, 4.3368924623087094E-4, 2.991811569793577, 6.333453797399127E-4, -1.5753797844825805, 4.581608615756666, 6.343492199728674
0.0018233667334669331, 0.4620310023276204, 4.3529674305087723E-4, 3.008718812602708, 6.389503345531774E-4, -1.523528460505501, 4.616445149277753, 6.3436173505240925
0.0018301002004008009, 0.46373698228928584, 4.369042398708836E-4, 3.0257752680483385, 6.445931278043058E-4, -1.4708243570520905, 4.652067323952004, 6.343736351983802
0.0018368336673346686, 0.46544296225095116, 4.3851173669088987E-4, 3.0429862417576437, 6.502758281331113E-4, -1.417261945940828, 4.688478269796184, 6.343855353443511
0.0018435671342685361, 0.46714894221261655, 4.4011923351089616E-4, 3.060352979433337, 6.559987438570986E-4, -1.3628365579811517, 4.7256802742436035, 6.343974354903221
0.0018503006012024043, 0.468854922174282, 4.4172673033090256E-4, 3.0778767315467515, 6.617621857947178E-4, -1.3075443951930148, 4.76367477277945, 6.34409335636293
0.0018570340681362718, 0.47056090213594737, 4.4333422715090885E-4, 3.095558753337823, 6.675664672749444E-4, -1.2513825422515306, 4.802462340322545, 6.34421235782264
0.0018637675350701396, 0.4722668820976127, 4.4494172397091514E-4, 3.113400304815104, 6.734119041468631E-4, -1.194348977083483, 4.842042683441582, 6.344331359282349
0.001870501002004007, 0.4739728620592781, 4.4654922079092143E-4, 3.13140265075576, 6.792988147892506E-4, -1.1364425806540457, 4.882414633349994, 6.344450360742059
0.001877234468937875, 0.47567884202094346, 4.481567176109278E-4, 3.149567060705561, 6.85227520120154E-4, -1.077663145859949, 4.923576139775768, 6.344569362201768
0.0018839679358717428, 0.4773848219826089, 4.497642144309341E-4, 3.167894808978896, 6.911983436064767E-4, -1.0180113855898163, 4.965524265626226, 6.3446883636614775
0.0018907014028056103, 0.4790908019442742, 4.513717112509404E-4, 3.1863871746587566, 6.97211611273557E-4, -0.9574889398446387, 5.008255182571236, 6.344807365121187
0.0018974348697394783, 0.48079678190593966, 4.5297920807094676E-4, 3.2050454415967558, 7.032676517147527E-4, -0.8960983819624393, 5.051764167480419, 6.344926366580896
0.0019041683366733458, 0.482502761867605, 4.5458670489095305E-4, 3.223870898413109, 7.093667961010203E-4, -0.8338432239097439, 5.096045599759223, 6.345045368040606
0.0019109018036072135, 0.4842087418292704, 4.5619420171095934E-4, 3.242864838496648, 7.155093781905002E-4, -0.7707279205864026, 5.141092959638487, 6.345164369500315
0.0019176352705410813, 0.48591472179093576, 4.578016985309657E-4, 3.262028560004816, 7.216957343380958E-4, -0.7067578731898968, 5.186898827355233, 6.345283370960026
0.0019243687374749492, 0.4876207017526012, 4.5940919535097203E-4, 3.2813633658636636, 7.27926203505056E-4, -0.6419394315561515, 5.233454883317769, 6.345402372419735
0.0019311022044088168, 0.4893266817142665, 4.610166921709783E-4, 3.300870563767856, 7.342011272685583E-4, -0.5762798954860182, 5.280751909240146, 6.3455213738794445
0.0019378356713426845, 0.4910326616759319, 4.626241889909846E-4, 3.320551466180668, 7.405208498312897E-4, -0.5097875150460026, 5.328779790252378, 6.345640375339154
0.0019445691382765523, 0.4927386416375973, 4.6423168581099096E-4, 3.3404073903339895, 7.468857180310292E-4, -0.44247148978977907, 5.377527518036499, 6.345759376798863
0.00195130260521042, 0.4944446215992626, 4.6583918263099725E-4, 3.3604396582283145, 7.532960813502287E-4, -0.37434196692966265, 5.426983194964474, 6.345878378258573
0.0019580360721442877, 0.49615060156092805, 4.674466794510036E-4, 3.380649596632756, 7.597522919255967E-4, -0.305410038386724, 5.477134039297844, 6.345997379718282
0.0019647695390781553, 0.49785558040757955, 4.690541762710099E-4, 3.4010753015502324, 7.662719490836178E-4, -0.23568773672835833, 5.527966391442319, 6.346167764479574
0.0019715030060120232, 0.4995601470304019, 4.7066167309101623E-4, 3.4216967913566085, 7.728455540617185E-4, -0.1651880299825932, 5.579465721267384, 6.34635930707093
0.0019782364729458908, 0.5012647136532242, 4.722691699110225E-4, 3.442500321488816, 7.794664170258897E-4, -0.09392481527234715, 5.631616636537105, 6.346550849662286
0.0019849699398797587, 0.5029692802760465, 4.738766667310288E-4, 3.463487237842829, 7.861349025909418E-4, -0.0219129112807112, 5.68440289245184, 6.346742392253642
0.0019917034068136267, 0.5046738468988688, 4.754841635510352E-4, 3.484658891083238, 7.928513780741897E-4, 0.05083195045429489, 5.737807402284957, 6.346933934844998
0.001998436873747494, 0.5063784135216912, 4.770916603710415E-4, 3.506016636643243, 7.996162135050312E-4, 0.12429313552811472, 5.791812249238515, 6.347125477436354
0.0020051703406813617, 0.5080829801445135, 4.786991571910478E-4, 3.5275618347246627, 8.064297816345336E-4, 0.1984531178140481, 5.8463986993764365, 6.34731702002771
0.0020119038076152297, 0.5097875467673357, 4.803066540110541E-4, 3.5492958502979226, 8.132924579450113E-4, 0.27329349194436614, 5.901547215823993, 6.3475085626190655
0.002018637274549097, 0.5114921133901581, 4.8191415083106043E-4, 3.5712200531020732, 8.202046206596124E-4, 0.34879498699707195, 5.957237474088395, 6.347700105210421
0.002025370741482965, 0.5131966800129804, 4.835216476510667E-4, 3.593335817644766, 8.271666507518948E-4, 0.42493748153105043, 6.0134483786559825, 6.347891647801777
0.0020321042084168327, 0.5149012466358027, 4.8512914447107307E-4, 3.6156445232022767, 8.341789319554146E-4, 0.5017000199368689, 6.0701580808155455, 6.348083190393133
0.0020388376753507007, 0.5166058132586251, 4.867366412910794E-4, 3.6381475538194907, 8.412418507733029E-4, 0.5790608300660821, 6.127343997673432, 6.348274732984489
0.0020455711422845686, 0.5183103798814475, 4.883441381110858E-4, 3.6608462983099055, 8.483557964878495E-4, 0.6569973423133375, 6.184982832543735, 6.348466275575845
0.002052304609218436, 0.5200149465042697, 4.89951634931092E-4, 3.6837421502556342, 8.555211611700855E-4, 0.735486209996271, 6.243050596534609, 6.3486578181672
0.0020590380761523037, 0.521719513127092, 4.915591317510983E-4, 3.706836508007406, 8.627383396893652E-4, 0.8145033311632015, 6.301522631472905, 6.348849360758556
0.0020657715430861716, 0.5234240797499145, 4.931666285711047E-4, 3.7301307746845636, 8.700077297229484E-4, 0.8940238718167173, 6.360373634153816, 6.349040903349912
0.0020725050100200396, 0.5251286463727367, 4.94774125391111E-4, 3.753626358175058, 8.773297317655779E-4, 0.9740222905817268, 6.419577681933975, 6.349232445941268
0.002079238476953907, 0.526833212995559, 4.963816222111173E-4, 3.777324671135461, 8.847047491390687E-4, 1.0544723648226189, 6.479108259671115, 6.349423988532624
0.0020859719438877746, 0.5285377796183812, 4.979891190311236E-4, 3.8012271309909544, 8.921331880018846E-4, 1.1353472182266728, 6.538938288032314, 6.3496155311239795
0.002092705410821642, 0.5302423462412036, 4.995966158511299E-4, 3.825335159935335, 8.99615457358722E-4, 1.2166193499200337, 6.59904015322648, 6.349807073715335
0.0020994388777555105, 0.531946912864026, 5.012041126711363E-4, 3.8496501849310163, 9.071519690700925E-4, 1.2982606650547002, 6.6593857380994965, 6.349998616306691
0.002106172344689378, 0.5336489213027588, 5.028116094911426E-4, 3.8741759217488525, 9.147442863036473E-4, 1.3802425069562922, 6.719946454682694, 6.3501931330356225
0.0021129058116232456, 0.5353506971793015, 5.044191063111489E-4, 3.8989117460481637, 9.22391798147799E-4, 1.4625356908570044, 6.780693278214846, 6.3503879201406965
0.002119639278557113, 0.5370524730558444, 5.060266031311552E-4, 3.9238588921365616, 9.300948214367814E-4, 1.5451105391437405, 6.8415967825567545, 6.3505827072457715
0.002126372745490981, 0.5387542489323871, 5.076340999511615E-4, 3.9490188060538305, 9.378537796299749E-4, 1.6279369182506018, 6.902627177143869, 6.3507774943508455
0.002133106212424849, 0.5404560248089301, 5.092415967711679E-4, 3.9743929386083776, 9.456690990905071E-4, 1.7109842771702546, 6.963754345428786, 6.35097228145592
0.0021398396793587166, 0.5421578006854728, 5.108490935911742E-4, 3.9999827453772143, 9.535412090948261E-4, 1.7942216875534565, 7.02494788479313, 6.3511670685609944
0.002146573146292584, 0.5438595765620157, 5.124565904111804E-4, 4.0257896867059735, 9.6147054184229E-4, 1.8776178855329422, 7.0861771480587965, 6.3513618556660685
0.0021533066132264525, 0.5455613524385585, 5.140640872311868E-4, 4.0518152277089, 9.69457532464745E-4, 1.961141315176423, 7.147411286501465, 6.351556642771143
0.00216004008016032, 0.5472631283151014, 5.156715840511931E-4, 4.078060838268852, 9.775026190361065E-4, 2.044760173651088, 7.208619294442714, 6.351751429876217
0.0021667735470941875, 0.5489649041916441, 5.172790808711994E-4, 4.104527993037302, 9.856062425819443E-4, 2.128442458099128, 7.269770055424014, 6.351946216981292
0.002173507014028055, 0.550666680068187, 5.188865776912057E-4, 4.1312181714343374, 9.937688470890611E-4, 2.2121560142728565, 7.330832390003215, 6.352141004086366
0.0021802404809619235, 0.5523684559447299, 5.204940745112121E-4, 4.158132857648658, 0.001001990879515077, 2.2958685869039495, 7.391775105152185, 6.35233579119144
0.0021869739478957905, 0.5540702318212726, 5.221015713312183E-4, 4.18527354063758, 0.0010102727897980106, 2.379547871847286, 7.452567045281486, 6.352530578296515
0.0021937074148296585, 0.5557720076978155, 5.237090681512247E-4, 4.212641714127033, 0.0010186150308658607, 2.4631615700389093, 7.5131771449429605, 6.352725365401589
0.002200440881763526, 0.5574737835743583, 5.25316564971231E-4, 4.240238876611557, 0.0010270180586461875, 2.5466774432595396, 7.573574483190801, 6.352920152506664
0.0022071743486973936, 0.5591755594509011, 5.269240617912373E-4, 4.268066531354313, 0.0010354823320756963, 2.630063371755069, 7.633728339658812, 6.353114939611738
0.002213907815631262, 0.560877335327444, 5.285315586112437E-4, 4.296126186387071, 0.0010440083131098184, 2.713287413662849, 7.69360825227623, 6.353309726716813
0.0022206412825651295, 0.5625791112039868, 5.3013905543125E-4, 4.324419354510215, 0.0010525964667322922, 2.796317866382815, 7.7531840767984255, 6.353504513821887
0.002227374749498997, 0.5642808870805296, 5.317465522512563E-4, 4.352947553292744, 0.0010612472609647474, 2.8791233297886913, 7.8124260480067225, 6.353699300926961
0.0022341082164328645, 0.5659826629570724, 5.333540490712626E-4, 4.381712305072276, 0.0010699611668762861, 2.961672771387851, 7.871304842705166, 6.353894088032036
0.0022408416833667325, 0.5676845898020005, 5.349615458912689E-4, 4.410712629846371, 0.0010787373173863357, 3.0439355934122028, 7.929791644493717, 6.3540858104892965
0.0022475751503006, 0.5693875734256257, 5.365690427112751E-4, 4.439934947735515, 0.0010875680690976114, 3.1258817018746394, 7.987858210335604, 6.354256080411857
0.0022543086172344675, 0.5710905570492509, 5.381765395312814E-4, 4.469398291382722, 0.0010964632332488204, 3.2074815775362806, 8.045476938872715, 6.3544263503344185
0.002261042084168336, 0.5727935406728764, 5.397840363512879E-4, 4.49910420217919, 0.0011054232925909956, 3.2887063490007074, 8.102620940709068, 6.354596620256979
0.002267775551102204, 0.5744965242965016, 5.413915331712942E-4, 4.5290542262847175, 0.0011144487329704132, 3.36952786769899, 8.159264110407658, 6.3547668901795396
0.0022745090180360714, 0.5761995079201269, 5.429990299913005E-4, 4.559249914627728, 0.001123540043338182, 3.4499187849745665, 8.21538120041461, 6.354937160102101
0.002281242484969939, 0.5779024915437521, 5.446065268113068E-4, 4.589692822905252, 0.001132697715759818, 3.529852631204871, 8.270947896850755, 6.3551074300246615
0.0022879759519038065, 0.5796054751673773, 5.462140236313131E-4, 4.620384511582936, 0.0011419222454248324, 3.6093038970085254, 8.325940897204646, 6.355277699947223
0.0022947094188376744, 0.5813084587910025, 5.478215204513194E-4, 4.651326545895033, 0.001151214130656308, 3.6882481165592873, 8.380337989963532, 6.355447969869783
0.002301442885771542, 0.5830114424146277, 5.494290172713257E-4, 4.682520495844419, 0.0011605738729204879, 3.7666619529836534, 8.434118136135503, 6.355618239792345
0.00230817635270541, 0.584714426038253, 5.510365140913321E-4, 4.713967936202577, 0.00117000197683635, 3.844523285940699, 8.48726155277025, 6.355788509714905
0.0023149098196392774, 0.5864174096618783, 5.526440109113384E-4, 4.745670446509598, 0.001179498950185193, 3.9218113013058136, 8.539749798407327, 6.355958779637466
0.0023216432865731454, 0.5881203932855035, 5.542515077313447E-4, 4.777629611074197, 0.0011890653039202197, 3.998506583064051, 8.591565860529093, 6.356129049560027
0.002328376753507013, 0.5898233769091287, 5.55859004551351E-4, 4.8098470189736915, 0.0011987015521761142, 4.074591207404527, 8.642694245032352, 6.356299319482588
0.002335110220440881, 0.591526360532754, 5.574665013713574E-4, 4.842324264054023, 0.0012084082122786302, 4.1500488390263355, 8.693121067724322, 6.356469589405149
0.0023418436873747484, 0.5932293441563792, 5.590739981913637E-4, 4.875062944929728, 0.0012181858047541642, 4.224864829632649, 8.74283414778464, 6.35663985932771
0.002348577154308616, 0.5949323277800044, 5.606814950113699E-4, 4.908064664983977, 0.001228034853339348, 4.299026318793016, 8.791823103423598, 6.356810129250271
0.0023553106212424843, 0.5966353114036298, 5.622889918313763E-4, 4.941331032368542, 0.0012379558849906225, 4.372522336942892, 8.840079449463113, 6.356980399172832
0.002362044088176352, 0.598338295027255, 5.638964886513826E-4, 4.974863660003805, 0.0012479494298938206, 4.445343910802314, 8.88759669712907, 6.357150669095392
0.0023687775551102194, 0.6000412786508802, 5.655039854713889E-4, 5.00866416557877, 0.0012580160214737553, 4.51748417101705, 8.934370455868313, 6.357320939017954
0.002375511022044087, 0.6017442622745054, 5.671114822913952E-4, 5.042734171551046, 0.0012681561964037926, 4.588938462207945, 8.980398537352059, 6.357491208940514
0.002382244488977955, 0.6034461303422756, 5.687189791114015E-4, 5.0771179049918285, 0.0012783947219557827, 4.659704455337988, 9.0256810616082, 6.357710405852858
0.0023889779559118224, 0.6051457672983356, 5.703264759314078E-4, 5.111860092476961, 0.001288756924746816, 4.7297822624437496, 9.070220565270464, 6.3580274567447645
0.00239571142284569, 0.6068454042543955, 5.719339727514141E-4, 5.146877418578098, 0.001299195177469429, 4.799174553791218, 9.114022112063312, 6.358344507636672
0.0024024448897795583, 0.6085450412104557, 5.735414695714206E-4, 5.182171524994616, 0.0013097100335624167, 4.867886677472212, 9.15709340549582, 6.3586615585285795
0.0024091783567134263, 0.6102446781665157, 5.751489663914269E-4, 5.217744058194511, 0.0013203020497621234, 4.935926781351835, 9.199444903688093, 6.358978609420487
0.002415911823647294, 0.6119443151225757, 5.767564632114332E-4, 5.253596669414412, 0.001330971786112027, 5.00330593755605, 9.241089936506281, 6.359295660312394
0.0024226452905811613, 0.6136439520786356, 5.783639600314395E-4, 5.289731014659574, 0.0013417198059723213, 5.070038269382194, 9.28204482490535, 6.359612711204301
0.002429378757515029, 0.6153435890346957, 5.799714568514458E-4, 5.326148754703874, 0.0013525466760294944, 5.136141080752475, 9.322329002576408, 6.3599297620962085
0.002436112224448897, 0.6170432259907557, 5.81578953671452E-4, 5.3628515550898195, 0.001363452966305916, 5.201634988138985, 9.361965139839885, 6.360246812988116
0.0024428456913827643, 0.6187428629468157, 5.831864504914583E-4, 5.39984108612854, 0.0013744392501694133, 5.266544055044066, 9.400979269851026, 6.360563863880023
0.0024495791583166323, 0.6204424999028758, 5.847939473114647E-4, 5.437119022899798, 0.0013855061043428593, 5.330895929053635, 9.439400917153925, 6.36088091477193
0.0024563126252505, 0.6221421368589357, 5.86401444131471E-4, 5.474687045251969, 0.0013966541089137489, 5.3947219814077645, 9.477263228504672, 6.3611979656638376
0.0024630460921843678, 0.6238417738149957, 5.880089409514773E-4, 5.512546837802065, 0.0014078838473437862, 5.458057449265175, 9.514603106146179, 6.361515016555745
0.0024697795591182353, 0.6255414107710557, 5.896164377714836E-4, 5.550700089935722, 0.001419195906478462, 5.520941580461175, 9.551461343334815, 6.361832067447652
0.0024765130260521032, 0.6272410477271159, 5.9122393459149E-4, 5.589148495807203, 0.001430590876556641, 5.58341778104094, 9.587882762403245, 6.362149118339559
0.0024832464929859708, 0.6289406846831758, 5.928314314114963E-4, 5.627893754339391, 0.0014420693512201372, 5.645533765301965, 9.62391635506594, 6.362466169231467
0.002489979959919839, 0.6306403216392359, 5.944389282315027E-4, 5.666937569223806, 0.0014536319275233029, 5.707341708652325, 9.659615425307004, 6.362783220123374
0.0024967134268537067, 0.6323399585952959, 5.96046425051509E-4, 5.706281648920578, 0.0014652792059426036, 5.768898403034776, 9.695037734561396, 6.363100271015281
0.0025034468937875742, 0.6340395955513559, 5.976539218715153E-4, 5.745927706658478, 0.0014770117903862077, 5.8302654151642965, 9.73024564947258, 6.363417321907188
0.0025101803607214417, 0.6357392325074158, 5.992614186915216E-4, 5.785877460434897, 0.0014888302882035624, 5.891509247476692, 9.765306292086903, 6.363734372799096
0.0025169138276553093, 0.6374388694634758, 6.008689155115279E-4, 5.826132633015852, 0.001500735310194979, 5.952701501797323, 9.800291692509319, 6.364051423691003
0.0025236472945891772, 0.6391431546491744, 6.024764123315342E-4, 5.866423849972544, 0.0015125641380829028, 6.013919045816134, 9.835278944111758, 6.364075156836305
0.0025303807615230448, 0.6408513729522594, 6.040839091515405E-4, 5.9067924816076625, 0.001524340026889125, 6.075244182362796, 9.87035036125629, 6.3638506980421745
0.0025371142284569127, 0.6425595912553445, 6.056914059715469E-4, 5.947469043457811, 0.0015362010507412238, 6.1367648214800665, 9.905593639564255, 6.363626239248043
0.0025438476953907802, 0.6442678095584294, 6.072989027915531E-4, 5.9884552772449275, 0.0015481478213159737, 6.198574655348223, 9.941102018757622, 6.363401780453912
0.0025505811623246486, 0.6459760278615146, 6.089063996115595E-4, 6.02975292945956, 0.0015601809537881483, 6.260773336056744, 9.97697444807282, 6.363177321659781
0.002557314629258516, 0.6476842461645996, 6.105138964315658E-4, 6.071363751360854, 0.0015723010668400976, 6.323466656232792, 10.013315754254942, 6.362952862865649
0.0025640480961923837, 0.6493924644676846, 6.121213932515721E-4, 6.113289498976566, 0.001584508782671336, 6.386766732619817, 10.050236812226567, 6.362728404071518
0.002570781563126251, 0.6511006827707696, 6.137288900715784E-4, 6.155531933103057, 0.0015968047270081215, 6.450792192511499, 10.087854718324268, 6.362503945277386
0.002577515030060119, 0.6528089010738546, 6.153363868915847E-4, 6.198092819305293, 0.001609189529113037, 6.5156683631377454, 10.126292966210968, 6.3622794864832555
0.002584248496993987, 0.6545171193769397, 6.169438837115911E-4, 6.240973927916843, 0.0016216638217945731, 6.581527464063176, 10.165681625504076, 6.362055027689124
0.0025909819639278546, 0.6562253376800247, 6.185513805315974E-4, 6.284177034039882, 0.0016342282414167084, 6.648508802436204, 10.206157522977957, 6.361830568894993
0.002597715430861722, 0.6579335559831097, 6.201588773516037E-4, 6.327703917545187, 0.001646883427908492, 6.7167589714068345, 10.24786442662766, 6.361606110100862
0.00260444889779559, 0.6596417742861946, 6.2176637417161E-4, 6.371556363072145, 0.0016596300247736285, 6.786432051360752, 10.290953232265876, 6.36138165130673
0.0026111823647294577, 0.6613499925892796, 6.233738709916163E-4, 6.415736160028746, 0.0016724686791000554, 6.857689814372603, 10.335582153047987, 6.361157192512599
0.002617915831663325, 0.6630582108923647, 6.249813678116226E-4, 6.460245102591583, 0.0016854000415695266, 6.930701931588921, 10.38191691161113, 6.360932733718467
0.002624649298597193, 0.6647664291954498, 6.26588864631629E-4, 6.505084989705862, 0.001698424766467197, 7.005646183739747, 10.43013093504669, 6.360708274924336
0.0026313827655310615, 0.6664746474985349, 6.281963614516354E-4, 6.550257625085382, 0.001711543511691198, 7.082708674754199, 10.480405552685623, 6.360483816130205
0.002638116232464929, 0.6681828658016199, 6.298038582716417E-4, 6.595764817212551, 0.0017247569387622242, 7.162084048474263, 10.532930196656704, 6.360259357336074
0.0026448496993987966, 0.6698910841047049, 6.314113550916479E-4, 6.641608379338385, 0.0017380657128331161, 7.243975708437272, 10.587902605213024, 6.360034898541942
0.002651583166332664, 0.6715993024077899, 6.330188519116542E-4, 6.687790129482506, 0.0017514705026984395, 7.3285960409785424, 10.645529029069037, 6.359810439747811
0.002658316633266532, 0.6733075207108749, 6.346263487316605E-4, 6.734311890433136, 0.0017649719808040662, 7.416166641364597, 10.706024440447933, 6.35958598095368
0.0026650501002003996, 0.6750092037720249, 6.362338455516668E-4, 6.781509741274903, 0.0017787834853916717, 7.506918543142718, 10.769612745041206, 6.359704481411385
0.002671783567134267, 0.6767087084191967, 6.378413423716731E-4, 6.829164651542457, 0.0017927664327443418, 7.601092450753499, 10.83652699688873, 6.359937301619704
0.002678517034068135, 0.6784082130663686, 6.394488391916795E-4, 6.877167322814701, 0.0018068509876593161, 7.698938975390187, 10.907009616214552, 6.3601701218280215
0.0026852505010020026, 0.6801077177135403, 6.410563360116858E-4, 6.925519596964335, 0.0018210378481561089, 7.8007188740334055, 10.981312610091557, 6.360402942036339
0.002691983967935871, 0.6818072223607122, 6.426638328316922E-4, 6.974223320632688, 0.0018353277159535233, 7.906703291765054, 11.059697796057415, 6.360635762244658
0.0026987174348697385, 0.683506727007884, 6.442713296516985E-4, 7.023280345229688, 0.0018497212964792302, 8.017174007550928, 11.14243702889533, 6.360868582452976
0.002705450901803606, 0.6852062316550557, 6.458788264717048E-4, 7.0726925269338965, 0.0018642192988793582, 8.132423683081562, 11.229812430110874, 6.361101402661293
0.0027121843687374736, 0.6869057363022274, 6.474863232917111E-4, 7.122461726692482, 0.0018788224360280702, 8.252756115133218, 11.322116620616432, 6.361334222869612
0.0027189178356713415, 0.6886052409493992, 6.490938201117174E-4, 7.17258981022123, 0.0018935314245371413, 8.378486491198528, 11.419652956334053, 6.36156704307793
0.0027256513026052095, 0.6903047455965711, 6.507013169317238E-4, 7.223078648004552, 0.0019083469847655534, 8.509941648500144, 11.522735766859476, 6.361799863286247
0.002732384769539077, 0.6920042502437428, 6.5230881375173E-4, 7.273930115295462, 0.001923269840829063, 8.647460336489296, 11.631690597245832, 6.362032683494566
0.0027391182364729445, 0.6937037548909145, 6.539163105717363E-4, 7.325146092115599, 0.0019383007206097928, 8.791393482606376, 11.746854452733976, 6.362265503702884
0.0027458517034068125, 0.6954032595380863, 6.555238073917426E-4, 7.376728463255219, 0.0019534403557658095, 8.94210446158359, 11.86857604665351, 6.362498323911201
0.00275258517034068, 0.6971027641852581, 6.571313042117489E-4, 7.428679118273193, 0.0019686894817407073, 9.099969368182032, 11.99721605142102, 6.36273114411952
0.0027593186372745476, 0.6988022688324298, 6.587388010317552E-4, 7.4809999514970045, 0.0019840488377731876, 9.265377293392715, 12.133147352649955, 6.362963964327838
0.0027660521042084155, 0.7005017734796017, 6.603462978517616E-4, 7.5336928620227654, 0.001999519166906646, 9.438730604142503, 12.276755306415224, 6.3631967845361554
0.002772785571142284, 0.7022012781267736, 6.61953794671768E-4, 7.586759753715192, 0.0020151012159987476, 9.620445226463051, 12.428437999607405, 6.363429604744474
0.0027795190380761514, 0.7039007827739453, 6.635612914917743E-4, 7.6402025352076155, 0.00203079573573101, 9.810950932332277, 12.58860651363135, 6.363662424952792
0.002786252505010019, 0.705600287421117, 6.651687883117806E-4, 7.694023119901998, 0.002046603480618395, 10.010691629873119, 12.75768519106194, 6.3638952451611095
0.0027929859719438865, 0.7072997920682889, 6.667762851317869E-4, 7.748223425968908, 0.0020625252090188777, 10.2201256572972, 12.936111905713297, 6.364128065369428
0.0027997194388777544, 0.7089992967154606, 6.683837819517932E-4, 7.80280537634753, 0.0020785616831430326, 10.439726080382943, 13.124338335864527, 6.364360885577746
0.002806452905811622, 0.7106953279197196, 6.699912787717995E-4, 7.85778387923077, 0.002094722365875431, 10.669980993490961, 13.322830240645436, 6.364606333242622
0.0028131863727454895, 0.7123912081047216, 6.715987755918058E-4, 7.913148516620946, 0.002110999795195579, 10.911393824395805, 13.532067739883466, 6.364852329927349
0.0028199198396793575, 0.7140870882897237, 6.732062724118122E-4, 7.968900662805404, 0.002127394368980917, 11.164483642564516, 13.752545597004175, 6.365098326612077
0.002826653306613225, 0.7157829684747257, 6.748137692318185E-4, 8.025042259812576, 0.0021439068652815826, 11.429785471269627, 13.984773505413916, 6.365344323296804
0.0028333867735470934, 0.7174788486597278, 6.764212660518249E-4, 8.081575254439525, 0.002160538066048324, 11.707850603278501, 14.229276378056074, 6.365590319981531
0.002840120240480961, 0.7191747288447297, 6.780287628718311E-4, 8.138501598251919, 0.002177288757142075, 11.999246920384746, 14.486594640436955, 6.365836316666258
0.0028468537074148284, 0.7208706090297317, 6.796362596918374E-4, 8.195823247584057, 0.00219415972834354, 12.304559216551185, 14.757284526891013, 6.366082313350986
0.002853587174348696, 0.7225664892147337, 6.812437565118437E-4, 8.253542163538848, 0.0022111517733627776, 12.62438952489682, 15.041918380295389, 6.366328310035713
0.002860320641282564, 0.7242623693997357, 6.8285125333185E-4, 8.31166031198782, 0.0022282656898487785, 12.959357448377268, 15.341084955065785, 6.36657430672044
0.002867054108216432, 0.7259582495847376, 6.844587501518564E-4, 8.370179663571125, 0.0022455022793990494, 13.3101004943206, 15.655389723662426, 6.366820303405167
0.0028737875751502994, 0.7276541297697396, 6.860662469718627E-4, 8.429102193697517, 0.0022628623475691944, 13.677274412788107, 15.985455186483726, 6.367066300089895
0.002880521042084167, 0.7293500099547416, 6.87673743791869E-4, 8.488429882544384, 0.002280346703882499, 14.061553538710447, 16.331921185170128, 6.367312296774622
0.002887254509018035, 0.7310458901397436, 6.892812406118753E-4, 8.548164715057723, 0.002297956161839509, 14.463631137909688, 16.69544521938293, 6.367558293459349
0.0028939879759519024, 0.7327417703247455, 6.908887374318816E-4, 8.608308680952153, 0.0023156915389276177, 14.884219757012925, 17.07670276706082, 6.367804290144076
0.00290072144288577, 0.7344376505097475, 6.924962342518879E-4, 8.668863774710907, 0.0023335536566306404, 15.32405157725368, 17.476387608187505, 6.368050286828804
0.002907454909819638, 0.7361335306947496, 6.941037310718943E-4, 8.729831995585844, 0.0023515433404384016, 15.783878772115383, 17.89521215196491, 6.368296283513531
0.0029141883767535063, 0.7378294108797517, 6.957112278919007E-4, 8.791215347597428, 0.0023696614198563154, 16.264473869043567, 18.333907767672486, 6.368542280198258
0.002920921843687374, 0.7395252910647537, 6.97318724711907E-4, 8.853015839534743, 0.0023879087284149666, 16.76663011497539, 18.793225118924322, 6.368788276882985
0.0029276553106212413, 0.7412211712497556, 6.989262215319133E-4, 8.915235484955499, 0.002406286103679695, 17.291161845998836, 19.273934501617035, 6.369034273567713
0.002934388777555109, 0.7429170514347576, 7.005337183519195E-4, 8.977876302186022, 0.002424794387260178, 17.838904860794944, 19.77682618530468, 6.36928027025244
0.002941122244488977, 0.7446123146557916, 7.021412151719258E-4, 9.040972947684535, 0.002443457338049357, 18.410716798299244, 20.30271075829499, 6.369556512201358
0.0029478557114228443, 0.7463044930569855, 7.037487119919321E-4, 9.104658529956977, 0.0024623682109816527, 19.007477519258615, 20.85241947628475, 6.369983980471231
0.002954589178356712, 0.7479966714581795, 7.053562088119384E-4, 9.168772305876418, 0.0024814138344741365, 19.630089492005432, 21.426804614767402, 6.370411448741104
0.00296132264529058, 0.7496888498593737, 7.069637056319448E-4, 9.233316313131443, 0.00250059507113779, 20.27947818200143, 22.026739824766334, 6.3708389170109765
0.0029680561122244478, 0.7513810282605676, 7.085712024519511E-4, 9.298292594179278, 0.002519912787677708, 20.956592445850298, 22.653120492625973, 6.37126638528085
0.0029747895791583153, 0.7530732066617616, 7.101786992719574E-4, 9.363703196245805, 0.002539367854902686, 21.66240492920377, 23.30686410327441, 6.371693853550723
0.0029815230460921833, 0.7547653850629557, 7.117861960919638E-4, 9.429550171325559, 0.0025589611477348046, 22.397912468692667, 23.988910607051135, 6.372121321820596
0.002988256513026051, 0.7564575634641497, 7.133936929119701E-4, 9.495835576181705, 0.002578693545219007, 23.164136498433344, 24.700222790698295, 6.372548790090469
0.0029949899799599183, 0.7581497418653437, 7.150011897319764E-4, 9.56256147234608, 0.0025985659305326845, 23.96212346015144, 25.44178665151202, 6.372976258360342
0.0030017234468937867, 0.7598419202665377, 7.166086865519828E-4, 9.629729926119154, 0.0026185791909952554, 24.792945218018207, 26.21461177576625, 6.373403726630215
0.0030084569138276542, 0.7615340986677317, 7.182161833719891E-4, 9.697343008570048, 0.0026387342180777484, 25.6576994773232, 27.019731720563065, 6.373831194900088
0.0030151903807615218, 0.7632262770689258, 7.198236801919954E-4, 9.765402795536536, 0.0026590319074123892, 26.55751020753758, 27.858204399570468, 6.374258663169961
0.0030219238476953893, 0.7649184554701197, 7.214311770120017E-4, 9.833911367625038, 0.002679473158802176, 27.49352806969196, 28.731112472669665, 6.374686131439834
0.0030286573146292572, 0.7666106338713137, 7.230386738320079E-4, 9.902870810210624, 0.0027000588762304666, 28.466930847931486, 29.639563739312557, 6.3751135997097075
0.0030353907815631248, 0.7683028122725076, 7.246461706520142E-4, 9.97228321343701, 0.0027207899678705558, 29.478923885314966, 30.584691535670313, 6.37554106797958
0.0030421242484969923, 0.7699949906737017, 7.262536674720205E-4, 10.04215067221656, 0.0027416673460952633, 30.530740524029387, 31.567655135739447, 6.375968536249453
0.0030488577154308603, 0.7716871690748958, 7.278611642920269E-4, 10.112475286230296, 0.002762691927486515, 31.623642549985572, 32.58964015637552, 6.376396004519326
0.0030555911823647286, 0.7733793474760898, 7.294686611120333E-4, 10.183259159927873, 0.0027838646328449184, 32.758920641629274, 33.65185896608377, 6.3768234727892
0.003062324649298596, 0.7750715258772838, 7.310761579320396E-4, 10.254504402527601, 0.0028051863871993506, 33.93789482319623, 34.75555109777659, 6.3772509410590725
0.0030690581162324637, 0.7767637042784779, 7.326836547520459E-4, 10.32621312801644, 0.0028266581198165422, 35.161914922333125, 35.90198366544246, 6.377678409328945
0.0030757915831663312, 0.7784558826796718, 7.342911515720522E-4, 10.39838745515, 0.0028482807642106556, 36.43236103212067, 37.092451784733946, 6.378105877598818
0.003082525050100199, 0.7801448106124371, 7.358986483920585E-4, 10.471134243159103, 0.0028701323330177697, 37.750643977736814, 38.328278997756215, 6.378625701877004
0.0030892585170340667, 0.7818283210978213, 7.375061452120648E-4, 10.544526349466238, 0.002892266436530318, 39.11820578714687, 39.61081770136749, 6.379299452835712
0.0030959919839679347, 0.7835118315832056, 7.391136420320712E-4, 10.61839175964391, 0.002914556152454873, 40.53652016670614, 40.94144957995452, 6.379973203794419
0.003102725450901802, 0.7851953420685899, 7.407211388520775E-4, 10.692732612167152, 0.002937002438221691, 42.007092981002785, 42.32158604192343, 6.380646954753127
0.00310945891783567, 0.786878852553974, 7.423286356720838E-4, 10.76755105027978, 0.0029596062555606074, 43.531462737220856, 43.752668660290425, 6.381320705711835
0.0031161923847695377, 0.7885623630393582, 7.4393613249209E-4, 10.842849221994348, 0.0029823685705106092, 45.11120107428066, 45.23616961751101, 6.381994456670543
0.0031229258517034056, 0.7902458735247425, 7.455436293120965E-4, 10.91862928009219, 0.003005290353429429, 46.74791325606121, 46.773592153928604, 6.3826682076292505
0.003129659318637273, 0.7919293840101268, 7.471511261321027E-4, 10.994893382123381, 0.0030283725790031133, 48.4432386697829, 48.366471020902495, 6.383341958587958
0.003136392785571141, 0.793612894495511, 7.48758622952109E-4, 11.071643690406765, 0.00305161622625562, 50.19885132848176, 50.01637293751702, 6.384015709546666
0.003143126252505009, 0.7952964049808953, 7.503661197721154E-4, 11.148882372029945, 0.0030750222785583944, 52.01646037835631, 51.72489705168762, 6.384689460505373
0.0031498597194388766, 0.7969799154662796, 7.519736165921217E-4, 11.226611598849281, 0.003098591723639952, 53.89781061073171, 53.49367540537253, 6.385363211464081
0.003156593186372744, 0.7986634259516637, 7.53581113412128E-4, 11.30483354748989, 0.0031223255535954607, 55.84468297854992, 55.324373403821056, 6.386036962422788
0.0031633266533066117, 0.8003469364370479, 7.551886102321343E-4, 11.383550399345658, 0.0031462247648963333, 57.85889511771704, 57.218690289179236, 6.386710713381496
0.0031700601202404796, 0.8020304469224321, 7.567961070521406E-4, 11.46276434057922, 0.0031702903583997978, 59.94230187295766, 59.178359618087114, 6.387384464340204
0.003176793587174347, 0.8037139574078164, 7.584036038721469E-4, 11.542477562121979, 0.003194523339358488, 62.09679582854551, 61.20514974366676, 6.388058215298911
0.0031835270541082147, 0.8053974678932005, 7.600111006921532E-4, 11.622692259674086, 0.003218924717430024, 64.32430784359815, 63.300864301543534, 6.388731966257619
0.0031902605210420826, 0.8070809783785848, 7.616185975121596E-4, 11.703410633704474, 0.0032434955066865992, 66.6268075924309, 65.46734270042887, 6.389405717216326
0.003196993987975951, 0.8087644888639692, 7.63226094332166E-4, 11.784634889450807, 0.0032682367256245556, 69.00630410906332, 67.70646061633651, 6.390079468175034
0.0032037274549098185, 0.8104479993493534, 7.648335911521723E-4, 11.866367236919523, 0.003293149397173974, 71.46484633745929, 70.02013049201663, 6.3907532191337415
0.003210460921843686, 0.8121315098347376, 7.664410879721786E-4, 11.948609890885816, 0.0033182345487082535, 74.00452368558821, 72.41030203970509, 6.391426970092449
0.0032171943887775536, 0.8138150203201218, 7.680485847921849E-4, 12.031365070893646, 0.0033434932120536987, 76.62746658502155, 74.87896274885517, 6.392100721051157
0.0032239278557114216, 0.8154853769375011, 7.696560816121911E-4, 12.11488489811692, 0.0033691187581380887, 79.33584705510883, 77.42813839796177, 6.392984224642702
0.003230661322645289, 0.8171463379348769, 7.712635784321974E-4, 12.19910180072106, 0.0033950595979432216, 82.13187927205654, 80.05989357074736, 6.394017551543417
0.003237394789579157, 0.8188072989322529, 7.728710752522038E-4, 12.283839936648599, 0.0034211800155043185, 85.01782014278817, 82.77633217658835, 6.395050878444131
0.0032441282565130246, 0.8204682599296287, 7.744785720722101E-4, 12.369101545999184, 0.0034474810714434723, 87.99596988401224, 85.57959797562717, 6.396084205344846
0.0032508617234468925, 0.8221292209270046, 7.760860688922164E-4, 12.454888873641623, 0.003473963830893426, 91.06867260594939, 88.47187510802901, 6.397117532245561
0.00325759519038076, 0.8237901819243804, 7.776935657122227E-4, 12.54120416921387, 0.003500629363507142, 94.23831690104646, 91.45538862765743, 6.398150859146275
0.003264328657314628, 0.8254511429217563, 7.793010625322291E-4, 12.628049687123031, 0.0035274787434674006, 97.50733643784883, 94.53240504039262, 6.39918418604699
0.0032710621242484955, 0.8271121039191321, 7.809085593522354E-4, 12.715427686545347, 0.003554513049496376, 100.87821055970353, 97.70523284671992, 6.400217512947705
0.0032777955911823635, 0.8287730649165079, 7.825160561722417E-4, 12.803340431426216, 0.003581733364865231, 104.35346488840328, 100.97622308874543, 6.401250839848419
0.0032845290581162315, 0.8304340259138839, 7.841235529922481E-4, 12.891790190480192, 0.0036091407774037, 107.93567193314152, 104.34776990193333, 6.402284166749134
0.003291262525050099, 0.8320949869112597, 7.857310498122544E-4, 12.98077923719095, 0.0036367363795096696, 111.62745170421792, 107.82231107109352, 6.403317493649849
0.0032979959919839665, 0.8337559479086355, 7.873385466322607E-4, 13.070309849811338, 0.0036645212681587786, 115.43147233198223, 111.40232859101798, 6.4043508205505635
0.003304729458917834, 0.8354169089060114, 7.88946043452267E-4, 13.160384311363348, 0.003692496544913991, 119.35045069092511, 115.09034923173469, 6.4053841474512785
0.003311462925851702, 0.8370778699033872, 7.905535402722733E-4, 13.251004909638116, 0.0037206633159351903, 123.38715302860709, 118.88894510802035, 6.4064174743519935
0.0033181963927855695, 0.838738830900763, 7.921610370922795E-4, 13.34217393719592, 0.003749022691988754, 127.5443956001384, 122.8007342539337, 6.407450801252708
0.003324929859719437, 0.8403997918981388, 7.937685339122858E-4, 13.4338936913662, 0.0037775757884571616, 131.82504530744367, 126.82838120155516, 6.408484128153423
0.003331663326653305, 0.8420607528955147, 7.953760307322922E-4, 13.526166474247535, 0.003806323725348559, 136.23202034375743, 130.97459756438113, 6.409517455054138
0.0033383967935871734, 0.8437217138928907, 7.969835275522986E-4, 13.61899459270765, 0.0038352676273063543, 140.76829084362808, 135.2421426257067, 6.410550781954853
0.003345130260521041, 0.8453826748902665, 7.985910243723049E-4, 13.712380358383411, 0.0038644086236188004, 145.436879537616, 139.63382393106173, 6.411584108855567
0.0033518637274549084, 0.8470436358876423, 8.001985211923112E-4, 13.806326087680857, 0.0038937478482285936, 150.24086241285025, 144.1524978860286, 6.412617435756282
0.003358597194388776, 0.8487045968850182, 8.018060180123175E-4, 13.90083410177515, 0.003923286439742438, 155.1833693781079, 148.80107035790212, 6.413650762656997
0.003365330661322644, 0.8503366477863383, 8.034135148323238E-4, 13.996600027083, 0.003953582548410012, 160.26758493482484, 153.58249728279515, 6.415237733656609
0.0033720641282565115, 0.8519610907676438, 8.050210116523301E-4, 14.093119158713993, 0.003984232491314951, 165.49674885301712, 158.49978527703342, 6.416970400471721
0.0033787975951903794, 0.8535855337489494, 8.066285084723365E-4, 14.190211832990764, 0.004015091513663138, 170.87415685266947, 163.5559922534368, 6.418703067286833
0.003385531062124247, 0.8552099767302549, 8.082360052923428E-4, 14.287880394951035, 0.004046160797252752, 176.40316129034673, 168.75422804223493, 6.420435734101945
0.003392264529058115, 0.8568344197115604, 8.098435021123491E-4, 14.38612719440368, 0.004077441528626312, 182.08717185134833, 174.0976550170041, 6.422168400917057
0.0033989979959919824, 0.858458862692866, 8.114509989323554E-4, 14.484954585928719, 0.004108934899080286, 187.92965624697175, 179.58948872499286, 6.423901067732168
0.00340573146292585, 0.8600833056741715, 8.130584957523617E-4, 14.584364928877312, 0.0041406421046746855, 193.93414091729207, 185.23299852251216, 6.42563373454728
0.003412464929859718, 0.8617077486554771, 8.146659925723681E-4, 14.684360587371772, 0.0041725643462426736, 200.1042117395498, 191.03150821525782, 6.427366401362392
0.003419198396793586, 0.8633321916367825, 8.162734893923743E-4, 14.784943930305536, 0.004204702829400156, 206.44351474158998, 196.98839670310844, 6.429099068177504
0.003425931863727454, 0.8649566346180881, 8.178809862123807E-4, 14.886117331343208, 0.004237058764555397, 212.95575682103495, 203.1070986300745, 6.4308317349926165
0.0034326653306613213, 0.8665810775993936, 8.19488483032387E-4, 14.987883168920517, 0.0042696333669186145, 219.64470646995093, 209.3911050391133, 6.432564401807729
0.003439398797595189, 0.8682055205806991, 8.210959798523933E-4, 15.090243826244347, 0.004302427856511583, 226.51419450468393, 215.84396403151456, 6.43429706862284
0.003446132264529057, 0.8698299635620046, 8.227034766723996E-4, 15.193201691292728, 0.0043354434581772405, 233.56811480154758, 222.4692814315545, 6.436029735437952
0.0034528657314629244, 0.8714544065433101, 8.243109734924059E-4, 15.296759156814826, 0.004368681401589281, 240.8104250379284, 229.27072145595164, 6.437762402253064
0.003459599198396792, 0.8730788495246156, 8.259184703124122E-4, 15.400918620330964, 0.004402142921261768, 248.24514743903677, 236.2520073883252, 6.439495069068176
0.0034663326653306594, 0.874703292505921, 8.275259671324185E-4, 15.505682484132594, 0.004435829256558729, 255.87636952979358, 243.41692225821325, 6.441227735883288
0.0034730661322645274, 0.8763277354872268, 8.291334639524249E-4, 15.611053155282326, 0.00446974165170376, 263.70824489303317, 250.76930952578675, 6.4429604026984
0.0034797995991983953, 0.8779521784685322, 8.307409607724312E-4, 15.717033045613892, 0.004503881355789624, 271.74499393275033, 258.3130737709664, 6.444693069513511
0.0034865330661322633, 0.8795766214498378, 8.323484575924376E-4, 15.8236245717322, 0.0045382496227878676, 279.99090464314594, 266.0521813877321, 6.4464257363286235
0.003493266533066131, 0.8812010644311433, 8.339559544124439E-4, 15.93083015501327, 0.0045728477115584, 288.4503333833712, 273.9906612835125, 6.448158403143736
0.0034999999999999983, 0.8828255074124488, 8.355634512324502E-4, 16.03865222160429, 0.004607676885859118, 297.1277056579566, 282.1326055836427, 6.449891069958848
