phi0, phi, rho, Z_fit_curve, F_ex_fit_per_V, mu_kT, PV_NkT, alpha
1.3999999999999996E-4, 0.03549149081514795, 3.342253804929801E-5, 1.096812279866208, 3.3987460614535593E-6, -20.649310001856406, -13.094307492061896, 6.3286170987654335
1.467334669338677E-4, 0.03719826231568756, 3.503003486930433E-5, 1.1010197956150711, 3.7249961155792705E-6, -19.729590217537748, -11.594975682007249, 6.32863598790173
1.5346693386773545E-4, 0.038905033816227175, 3.663753168931065E-5, 1.1051920344034563, 4.065438040791294E-6, -18.853941977935555, -10.229958164975685, 6.328654877038027
1.6020040080160316E-4, 0.04061180531676678, 3.824502850931696E-5, 1.1093297743892652, 4.419983288646635E-6, -18.020877888489682, -8.984567414098228, 6.328673766174324
1.669338677354709E-4, 0.042318576817306386, 3.985252532932328E-5, 1.1134337937303975, 4.788544978554311E-6, -17.228945606876884, -7.846340010907936, 6.328692655310622
1.7366733466933862E-4, 0.044025348317846, 4.14600221493296E-5, 1.117504870584754, 5.171037897775328E-6, -16.476727282780566, -6.804610364173174, 6.328711544446919
1.8040080160320636E-4, 0.04573211981838561, 4.3067518969335916E-5, 1.121543783110235, 5.567378501422707E-6, -15.762839003178145, -5.850179795359123, 6.328730433583216
1.871342685370741E-4, 0.04743889131892522, 4.4675015789342234E-5, 1.125551309464741, 5.977484912461469E-6, -15.085930243120506, -4.975056971503463, 6.328749322719513
1.9386773547094184E-4, 0.049145662819464836, 4.628251260934855E-5, 1.1295282278061731, 6.40127692170864E-6, -14.444683321978099, -4.172252340221263, 6.3287682118558095
2.0060120240480956E-4, 0.05085243432000444, 4.7890009429354864E-5, 1.133475316292431, 6.8386759878332455E-6, -13.837812865128019, -3.435613879302562, 6.328787100992106
2.073346693386773E-4, 0.05255920582054405, 4.949750624936118E-5, 1.1373933530814155, 7.2896052373563195E-6, -13.264065271056637, -2.7596947697165075, 6.328805990128403
2.1406813627254502E-4, 0.05426597732108367, 5.11050030693675E-5, 1.1412831163310273, 7.753989464650903E-6, -12.72221818385223, -2.1396459640119936, 6.328824879264701
2.2080160320641276E-4, 0.05597274882162327, 5.271249988937382E-5, 1.1451453841991668, 8.231755131942029E-6, -12.211079971061992, -1.5711283366838034, 6.328843768400998
2.2753507014028047E-4, 0.05767952032216288, 5.431999670938013E-5, 1.1489809348437343, 8.722830369306742E-6, -11.729489206888049, -1.0502403609947535, 6.328862657537295
2.3426853707414822E-4, 0.05938629182270248, 5.592749352938645E-5, 1.1527905464226307, 9.227144974674094E-6, -11.276314160696728, -0.5734581892637056, 6.328881546673592
2.4100200400801596E-4, 0.0610930633232421, 5.7534990349392766E-5, 1.1565749970937564, 9.744630413825135E-6, -10.850452290815788, -0.1375857116616354, 6.328900435809889
2.477354709418837E-4, 0.06279983482378171, 5.9142487169399084E-5, 1.160335065015012, 1.0275219820392912E-5, -10.450829743593902, 0.2602873041628589, 6.3289193249461855
2.5446893787575144E-4, 0.06450660632432131, 6.07499839894054E-5, 1.1640715283442975, 1.08188479958625E-5, -10.076400857696818, 0.622820488598147, 6.328938214082482
2.612024048096192E-4, 0.06621337782486093, 6.235748080941172E-5, 1.1677851652395141, 1.1375451409570958E-5, -9.726147673614983, 0.9524527481848042, 6.32895710321878
2.679358717434869E-4, 0.06792014932540053, 6.396497762941803E-5, 1.171476753858562, 1.1944968198707335E-5, -9.399079448356638, 1.251427695061272, 6.328975992355077
2.7466933867735456E-4, 0.06962692082594014, 6.557247444942434E-5, 1.1751470723593422, 1.2527338168312723E-5, -9.094232175301162, 1.521815390410264, 6.328994881491374
2.8140280561122236E-4, 0.07133383647914218, 6.717997126943068E-5, 1.1787974967171082, 1.3122542952632862E-5, -8.810668109187125, 1.765531018586087, 6.329019635959157
2.8813627254509005E-4, 0.07304129991246135, 6.878746808943698E-5, 1.1824305619826114, 1.3730649427592146E-5, -8.547475296209317, 1.9843509933174048, 6.329066678686587
2.948697394789578E-4, 0.07474876334578053, 7.03949649094433E-5, 1.1860448289930674, 1.4351457669143383E-5, -8.303767109199377, 2.1799269057876054, 6.329113721414018
3.0160320641282553E-4, 0.0764562267790997, 7.200246172944962E-5, 1.189641075910669, 1.4984914816604349E-5, -8.078681787864504, 2.3537976512063525, 6.329160764141449
3.083366733466933E-4, 0.07816369021241888, 7.360995854945593E-5, 1.1932200808976092, 1.5630969677172428E-5, -7.871381984058599, 2.5074000116822757, 6.329207806868879
3.15070140280561E-4, 0.07987115364573807, 7.521745536946225E-5, 1.1967826221160809, 1.6289572725924648E-5, -7.681054312060376, 2.6420779257127456, 6.3292548495963095
3.2180360721442876E-4, 0.08157861707905725, 7.682495218946857E-5, 1.2003294777282765, 1.6960676105817593E-5, -7.506908903832848, 2.7590906360575973, 6.329301892323739
3.285370741482965E-4, 0.08328608051237643, 7.843244900947489E-5, 1.2038614258963898, 1.7644233627687504E-5, -7.348178969238834, 2.8596198763241567, 6.32934893505117
3.3527054108216424E-4, 0.08499354394569561, 8.003994582948121E-5, 1.2073792447826137, 1.834020077025018E-5, -7.2041203611867095, 2.944776230835713, 6.3293959777786
3.42004008016032E-4, 0.08670100737901479, 8.164744264948753E-5, 1.210883712549141, 1.904853468010109E-5, -7.0740111456809505, 3.0156047811620534, 6.329443020506031
3.487374749498997E-4, 0.08840847081233397, 8.325493946949384E-5, 1.2143756073581653, 1.9769194171715253E-5, -6.957151176752039, 3.0730901351821243, 6.329490063233462
3.554709418837674E-4, 0.09011593424565315, 8.486243628950016E-5, 1.2178557073718796, 2.0502139727447336E-5, -6.852861676240114, 3.1181609200234144, 6.329537105960892
3.6220440881763516E-4, 0.09182339767897232, 8.646993310950648E-5, 1.2213247907524776, 2.12473334975316E-5, -6.760484818406726, 3.1516938081288717, 6.329584148688323
3.689378757515029E-4, 0.09353086111229152, 8.80774299295128E-5, 1.224783635662152, 2.2004739300081913E-5, -6.679383319349478, 3.174517135593618, 6.329631191415753
3.756713426853706E-4, 0.09523832454561068, 8.96849267495191E-5, 1.2282330202630969, 2.2774322621091784E-5, -6.608940031193533, 3.1874141634374786, 6.329678234143183
3.8240480961923833E-4, 0.09694578797892986, 9.129242356952542E-5, 1.231673722717505, 2.3556050614434284E-5, -6.548557541034907, 3.1911260253441243, 6.329725276870613
3.891382765531061E-4, 0.09865325141224905, 9.289992038953175E-5, 1.2351065211875705, 2.4349892101862143E-5, -6.497657774609879, 3.1863543993757553, 6.329772319598044
3.9587174348697376E-4, 0.1003607148455682, 9.450741720953804E-5, 1.2385321938354867, 2.515581757300768E-5, -6.455681604664842, 3.1737639360711922, 6.329819362325475
4.026052104208415E-4, 0.1020681782788874, 9.611491402954436E-5, 1.2419515188234467, 2.597379918538282E-5, -6.422088464001121, 3.1539844710016696, 6.329866405052905
4.0933867735470924E-4, 0.10377564171220657, 9.772241084955068E-5, 1.2453652743136452, 2.6803810764379126E-5, -6.396355963169366, 3.12761304616763, 6.329913447780336
4.16072144288577E-4, 0.10548310514552575, 9.9329907669557E-5, 1.2487742384682747, 2.7645827803267733E-5, -6.377979512787703, 3.095215761465628, 6.329960490507766
4.2280561122244484E-4, 0.10719015165619414, 1.0093740448956334E-4, 1.2521773109735403, 2.8499637854708677E-5, -6.3664719504587515, 3.057329474751691, 6.3299952706441704
4.295390781563124E-4, 0.10889661447515131, 1.0254490130956963E-4, 1.2555744168205387, 2.9365123200453834E-5, -6.361363172258564, 3.014463366710077, 6.330012883153139
4.3627254509018016E-4, 0.11060307729410851, 1.0415239812957595E-4, 1.258968922124603, 3.0242520705596953E-5, -6.362199768774227, 2.9671003847321398, 6.330030495662108
4.430060120240479E-4, 0.11230954011306571, 1.0575989494958227E-4, 1.2623616050435265, 3.1131811841499514E-5, -6.368544665661952, 2.915698578292397, 6.330048108171076
4.4973947895791564E-4, 0.11401600293202292, 1.0736739176958859E-4, 1.265753243735102, 3.203297974737432E-5, -6.379976768702176, 2.860692336809764, 6.330065720680045
4.564729458917834E-4, 0.11572246575098012, 1.0897488858959491E-4, 1.2691446163571223, 3.294600923028547E-5, -6.396090613325318, 2.802493539691758, 6.330083333189013
4.6320641282565113E-4, 0.11742892856993734, 1.1058238540960123E-4, 1.2725365010673804, 3.387088676514838E-5, -6.416496018582455, 2.7414926271328257, 6.330100945697981
4.6993987975951887E-4, 0.11913539138889453, 1.1218988222960754E-4, 1.2759296760236696, 3.4807600494729815E-5, -6.440817745535844, 2.6780595992580962, 6.33011855820695
4.766733466933866E-4, 0.12084185420785173, 1.1379737904961386E-4, 1.2793249193837823, 3.575614022964778E-5, -6.46869516004363, 2.612544950348587, 6.330136170715918
4.8340681362725436E-4, 0.12254831702680893, 1.1540487586962018E-4, 1.2827230093055122, 3.671649744837167E-5, -6.499781899912928, 2.5452805441362307, 6.330153783224887
4.901402805611221E-4, 0.12425477984576615, 1.170123726896265E-4, 1.2861247239466516, 3.768866529722215E-5, -6.533745546396087, 2.476580435500574, 6.3301713957338555
4.968737474949898E-4, 0.12596124266472336, 1.1861986950963282E-4, 1.289530841464993, 3.867263859037117E-5, -6.570267300004422, 2.4067416433238478, 6.330189008242824
5.036072144288576E-4, 0.12766770548368056, 1.2022736632963914E-4, 1.292942140018331, 3.966841380984208E-5, -6.609041660614137, 2.3360448787549, 6.330206620751793
5.103406813627253E-4, 0.12937416830263776, 1.2183486314964545E-4, 1.2963593977644567, 4.0675989105509424E-5, -6.649776111838059, 2.264755232686183, 6.33022423326076
5.170741482965931E-4, 0.13108063112159496, 1.2344235996965177E-4, 1.2997833928611644, 4.1695364295099186E-5, -6.692190809639392, 2.193122825852233, 6.330241845769729
5.238076152304608E-4, 0.13278709394055216, 1.250498567896581E-4, 1.3032149034662466, 4.272654086418854E-5, -6.736018275159531, 2.121383424614199, 6.3302594582786975
5.305410821643286E-4, 0.13449355675950936, 1.266573536096644E-4, 1.3066547077374964, 4.3769521966206105E-5, -6.781003091736828, 2.0497590251803612, 6.330277070787666
5.372745490981962E-4, 0.13620001957846653, 1.282648504296707E-4, 1.3101035838327062, 4.482431242243167E-5, -6.826901606088852, 1.9784584087440185, 6.330294683296635
5.440080160320638E-4, 0.13790648239742376, 1.2987234724967702E-4, 1.3135623099096696, 4.5890918721996445E-5, -6.873481633634222, 1.9076776697734685, 6.330312295805603
5.507414829659317E-4, 0.13961294521638098, 1.3147984406968336E-4, 1.3170316641261797, 4.696934902188291E-5, -6.920522167926728, 1.8376007194747268, 6.330329908314572
5.574749498997993E-4, 0.14131940803533816, 1.3308734088968965E-4, 1.3205124246400286, 4.8059613146924795E-5, -6.967813094177911, 1.7683997662522135, 6.33034752082354
5.64208416833667E-4, 0.14302611116135744, 1.3469483770969597E-4, 1.3240073984753826, 4.9161995867634084E-5, -7.015154906841707, 1.7002357748222277, 6.330375057192574
5.709418837675348E-4, 0.144732958471614, 1.363023345297023E-4, 1.3275166152409592, 5.027641809974945E-5, -7.062358431235125, 1.6332589054800082, 6.330408547877648
5.776753507014025E-4, 0.14643980578187055, 1.379098313497086E-4, 1.3310396503142492, 5.1402734970747864E-5, -7.109244549170817, 1.5676089348817772, 6.3304420385627225
5.844088176352703E-4, 0.1481466530921271, 1.3951732816971493E-4, 1.334577281854922, 5.254096335105165E-5, -7.155643928574855, 1.5034156595810704, 6.330475529247796
5.91142284569138E-4, 0.14985350040238363, 1.4112482498972124E-4, 1.3381302880226476, 5.369112177894652E-5, -7.201396757064349, 1.440799283448266, 6.33050901993287
5.978757515030058E-4, 0.15156034771264018, 1.4273232180972756E-4, 1.3416994469770962, 5.4853230460581565E-5, -7.246352479459818, 1.3798707900003542, 6.330542510617944
6.046092184368735E-4, 0.15326719502289674, 1.4433981862973388E-4, 1.3452855368779366, 5.602731126996919E-5, -7.2903695392063295, 1.3207323005808556, 6.330576001303018
6.113426853707412E-4, 0.1549740423331533, 1.459473154497402E-4, 1.34888933588484, 5.721338774898531E-5, -7.333315123678632, 1.2634774192468563, 6.330609491988092
6.18076152304609E-4, 0.15668088964340982, 1.4755481226974652E-4, 1.3525116221574751, 5.841148510736908E-5, -7.375064913342917, 1.2081915651503319, 6.330642982673165
6.248096192384767E-4, 0.15838773695366637, 1.4916230908975284E-4, 1.3561531738555128, 5.962163022272316E-5, -7.415502834752661, 1.154952293130191, 6.330676473358239
6.315430861723445E-4, 0.16009458426392292, 1.5076980590975915E-4, 1.3598147691386224, 6.084385164051355E-5, -7.454520817349582, 1.1038296031782513, 6.330709964043313
6.382765531062122E-4, 0.16180143157417948, 1.5237730272976547E-4, 1.3634971861664746, 6.207817957406963E-5, -7.492018554046987, 1.054886239383064, 6.330743454728387
6.4501002004008E-4, 0.163508278884436, 1.539847995497718E-4, 1.3672012030987386, 6.332464590458412E-5, -7.527903265568655, 1.0081779789096037, 6.3307769454134615
6.517434869739476E-4, 0.16521512619469253, 1.5559229636977808E-4, 1.370927598095085, 6.45832841811132E-5, -7.562089468517407, 0.963753911528862, 6.330810436098535
6.584769539078154E-4, 0.1669219735049491, 1.5719979318978443E-4, 1.3746771493151833, 6.585412962057646E-5, -7.594498747149392, 0.9216567101685086, 6.330843926783609
6.652104208416831E-4, 0.16862882081520564, 1.5880729000979072E-4, 1.3784506349187038, 6.71372191077567E-5, -7.625059528825961, 0.8819228929240391, 6.330877417468683
6.719438877755509E-4, 0.1703356681254622, 1.6041478682979706E-4, 1.3822488330653164, 6.843259119530029E-5, -7.653706863121245, 0.8445830769296369, 6.330910908153757
6.786773547094186E-4, 0.17204251543571872, 1.6202228364980335E-4, 1.3860725219146917, 6.97402861037169E-5, -7.680382204555464, 0.8096622244669355, 6.33094439883883
6.854108216432863E-4, 0.17374936274597527, 1.6362978046980967E-4, 1.3899224796264993, 7.106034572137964E-5, -7.705033198932624, 0.7771798816524023, 6.330977889523904
6.92144288577154E-4, 0.1754562100562318, 1.65237277289816E-4, 1.3937994843604091, 7.239281360452493E-5, -7.727613473254651, 0.7471504100261762, 6.331011380208978
6.988777555110218E-4, 0.17716305736648835, 1.668447741098223E-4, 1.3977043142760919, 7.373773497725265E-5, -7.748082429186272, 0.719583211340688, 6.331044870894052
7.056112224448896E-4, 0.17886971870893217, 1.6845227092982865E-4, 1.4016423000590792, 7.509592361484582E-5, -7.766405040046826, 0.6944829458226349, 6.331096163025641
7.123446893787572E-4, 0.1805763428578134, 1.7005976774983494E-4, 1.405610673565332, 7.64668469480585E-5, -7.782551651302076, 0.6718497441677348, 6.331151015446531
7.190781563126249E-4, 0.18228296700669466, 1.7166726456984126E-4, 1.4096093111550168, 7.785040524762338E-5, -7.796497784531148, 0.6516794135067758, 6.331205867867423
7.258116232464926E-4, 0.18398959115557592, 1.7327476138984758E-4, 1.4136389909921685, 7.92466509134275E-5, -7.8082239448415285, 0.6339636375680479, 6.331260720288314
7.325450901803604E-4, 0.18569621530445715, 1.748822582098539E-4, 1.417700491240826, 8.065563801324965E-5, -7.8177154317103605, 0.6186901712414294, 6.331315572709205
7.392785571142281E-4, 0.1874028394533384, 1.7648975502986022E-4, 1.421794590065024, 8.20774222827599E-5, -7.824962153221347, 0.6058430297435786, 6.331370425130096
7.460120240480959E-4, 0.18910946360221967, 1.7809725184986654E-4, 1.4259220656288008, 8.351206112551992E-5, -7.829958443676012, 0.5954026725635027, 6.331425277550987
7.527454909819636E-4, 0.1908160877511009, 1.7970474866987285E-4, 1.430083696096193, 8.495961361298282E-5, -7.83270288455131, 0.5873461823613874, 6.331480129971879
7.594789579158312E-4, 0.19252271189998213, 1.8131224548987915E-4, 1.4342802596312372, 8.642014048449307E-5, -7.833198128780231, 0.5816474389798104, 6.331534982392769
7.662124248496991E-4, 0.19422933604886342, 1.829197423098855E-4, 1.4385125343979708, 8.789370414728683E-5, -7.831450728326114, 0.5782772887212245, 6.331589834813661
7.729458917835667E-4, 0.19593596019774462, 1.8452723912989178E-4, 1.4427812985604307, 8.938036867649145E-5, -7.827470965030181, 0.5772037090290485, 6.331644687234552
7.796793587174346E-4, 0.1976425843466259, 1.8613473594989813E-4, 1.4470873302826546, 9.088019981512615E-5, -7.8212726847026754, 0.5783919687102598, 6.3316995396554425
7.864128256513023E-4, 0.19934920849550716, 1.8774223276990445E-4, 1.45143140772868, 9.239326497410133E-5, -7.812873134433219, 0.5818047838239541, 6.331754392076334
7.9314629258517E-4, 0.2010558326443884, 1.8934972958991074E-4, 1.4558143090625435, 9.391963323221882E-5, -7.802292803095956, 0.5874024693540209, 6.331809244497225
7.998797595190378E-4, 0.20276245679326965, 1.9095722640991708E-4, 1.4602368124482836, 9.54593753361723E-5, -7.789555265023717, 0.5951430867784028, 6.331864096918117
8.066132264529054E-4, 0.20446908094215088, 1.9256472322992337E-4, 1.4646996960499368, 9.701256370054634E-5, -7.774687026822742, 0.6049825876448794, 6.331918949339007
8.133466933867733E-4, 0.20617570509103217, 1.9417222004992972E-4, 1.4692037380315413, 9.857927240781761E-5, -7.757717377307653, 0.6168749532484644, 6.331973801759898
8.200801603206409E-4, 0.2078823292399134, 1.95779716869936E-4, 1.4737497165571352, 1.0015957720835391E-4, -7.738678240525906, 0.6307723305116621, 6.33202865418079
8.268136272545087E-4, 0.20958895338879463, 1.9738721368994233E-4, 1.478338409790756, 1.0175355552041453E-4, -7.7176040318507, 0.646625164153937, 6.3320835066016805
8.335470941883765E-4, 0.21129557753767592, 1.9899471050994867E-4, 1.4829705958964416, 1.0336128643015051E-4, -7.694531517112223, 0.6643823252415727, 6.332138359022572
8.402805611222442E-4, 0.21300217720252546, 2.0060220732995496E-4, 1.4876466338264418, 1.0498276659679385E-4, -7.669499674746005, 0.683991236196194, 6.332191835419811
8.470140280561119E-4, 0.21470821373464663, 2.0220970414996128E-4, 1.4923579949751982, 1.0661619450150702E-4, -7.642549560931046, 0.7053979923417555, 6.332213663273048
8.537474949899796E-4, 0.21641425026676778, 2.038172009699676E-4, 1.4971150219924505, 1.0826355673736718E-4, -7.613724177690226, 0.7285474800675087, 6.332235491126286
8.604809619238473E-4, 0.21812028679888892, 2.0542469778997392E-4, 1.501918493036377, 1.0992493828207594E-4, -7.583068343931672, 0.7533834916747175, 6.332257318979523
8.67214428857715E-4, 0.21982632333101007, 2.0703219460998024E-4, 1.5067691862651549, 1.1160042578118851E-4, -7.550628569401236, 0.7798488369790323, 6.332279146832761
8.739478957915828E-4, 0.22153235986313122, 2.0863969142998655E-4, 1.5116678798369632, 1.1329010754811417E-4, -7.516452931524101, 0.8078854517321744, 6.332300974685999
8.806813627254505E-4, 0.22323839639525236, 2.1024718824999287E-4, 1.5166153519099783, 1.1499407356411562E-4, -7.480590955107349, 0.8374345029276231, 6.3323228025392355
8.874148296593182E-4, 0.2249444329273735, 2.118546850699992E-4, 1.5216123806423791, 1.1671241547830965E-4, -7.443093494879668, 0.8684364910495241, 6.332344630392473
8.94148296593186E-4, 0.22665046945949466, 2.134621818900055E-4, 1.5266597441923435, 1.1844522660766671E-4, -7.404012620841366, 0.9008313493253408, 6.332366458245711
9.008817635270536E-4, 0.22835650599161578, 2.150696787100118E-4, 1.5317582207180487, 1.2019260193701097E-4, -7.363401506401021, 0.9345585400350291, 6.332388286098948
9.076152304609215E-4, 0.23006254252373695, 2.1667717553001815E-4, 1.536908588377674, 1.2195463811902061E-4, -7.321314319270213, 0.9695571479354649, 6.332410113952186
9.143486973947892E-4, 0.2317685790558581, 2.1828467235002446E-4, 1.5421116253293965, 1.237314334742275E-4, -7.2778061150939415, 1.0057659708483044, 6.332431941805424
9.21082164328657E-4, 0.23347461558797927, 2.1989216917003078E-4, 1.5473681097313938, 1.2552308799101714E-4, -7.232932733790384, 1.0431236074632215, 6.332453769658661
9.278156312625247E-4, 0.23518065212010042, 2.214996659900371E-4, 1.5526788197418437, 1.2732970332562883E-4, -7.186750698570927, 1.081568542408987, 6.332475597511898
9.345490981963923E-4, 0.2368866886522215, 2.231071628100434E-4, 1.558044533518925, 1.29151382802156E-4, -7.139317117623294, 1.121039228630347, 6.332497425365136
9.412825651302602E-4, 0.2385927251843427, 2.2471465963004974E-4, 1.5634660292208158, 1.3098823141254558E-4, -7.090689588420004, 1.1614741671313458, 6.332519253218374
9.480160320641278E-4, 0.24029876171646383, 2.2632215645005603E-4, 1.5689440850056926, 1.3284035581659817E-4, -7.0409261046406035, 1.202811984112575, 6.332541081071611
9.547494989979956E-4, 0.24200479824858498, 2.2792965327006235E-4, 1.574479479031735, 1.3470786434196865E-4, -6.990084965668807, 1.2449915055618181, 6.3325629089248485
9.614829659318634E-4, 0.24371083478070615, 2.295371500900687E-4, 1.5800729894571202, 1.3659086698416517E-4, -6.938224688650078, 1.2879518293276284, 6.332584736778086
9.68216432865731E-4, 0.24541687131282727, 2.3114464691007498E-4, 1.5857253944400256, 1.3848947540654982E-4, -6.8854039230763915, 1.331632394724738, 6.332606564631323
9.749498997995988E-4, 0.24712290784494842, 2.327521437300813E-4, 1.5914374721386304, 1.4040380294033875E-4, -6.831681367876183, 1.3759730497090648, 6.332628392484561
9.816833667334664E-4, 0.248829195590898, 2.3435964055008762E-4, 1.5972144534472177, 1.4233500812623485E-4, -6.777115690984473, 1.420914115658896, 6.33266272893524
9.884168336673342E-4, 0.2505362369783328, 2.3596713737009394E-4, 1.6030661750366957, 1.4428536661575652E-4, -6.721765451363566, 1.4663964498068338, 6.332734591178244
9.951503006012021E-4, 0.25224327836576765, 2.3757463419010028E-4, 1.6089801486893696, 1.462519101471549E-4, -6.665689023457383, 1.5123615053481652, 6.332806453421249
0.0010018837675350696, 0.2539503197532025, 2.3918213101010657E-4, 1.6149571525742685, 1.4823475990655396E-4, -6.608944524039871, 1.558751389279791, 6.332878315664253
0.0010086172344689374, 0.2556573611406373, 2.407896278301129E-4, 1.620997964860422, 1.502340387480013E-4, -6.55158974144801, 1.6055089179866087, 6.332950177907257
0.0010153507014028051, 0.25736440252807213, 2.423971246501192E-4, 1.6271033637168586, 1.5224987119346817E-4, -6.4936820671613384, 1.6525776706237774, 6.3330220401502615
0.0010220841683366729, 0.25907144391550696, 2.4400462147012553E-4, 1.6332741273126103, 1.542823834328496E-4, -6.4352784297103565, 1.6999020403217548, 6.333093902393266
0.0010288176352705406, 0.2607784853029418, 2.4561211829013185E-4, 1.6395110338167054, 1.563317033239639E-4, -6.376435230883171, 1.7474272832526854, 6.33316576463627
0.0010355511022044086, 0.26248552669037667, 2.472196151101382E-4, 1.645814861398175, 1.583979603925533E-4, -6.317208284206353, 1.795099565590179, 6.333237626879274
0.001042284569138276, 0.2641925680778115, 2.488271119301445E-4, 1.6521863882260486, 1.6048128583228327E-4, -6.2576527556775545, 1.8428660083900696, 6.3333094891222785
0.001049018036072144, 0.2658996094652463, 2.5043460875015083E-4, 1.6586263924693574, 1.6258181250474336E-4, -6.197823106720594, 1.8906747304311518, 6.333381351365283
0.0010557515030060116, 0.26760665085268115, 2.520421055701571E-4, 1.6651356522971326, 1.6469967493944654E-4, -6.137773039335111, 1.9384748890473615, 6.333453213608288
0.0010624849699398793, 0.2693136922401159, 2.536496023901634E-4, 1.6717149458784029, 1.6683500933382887E-4, -6.077555443428656, 1.9862167189691684, 6.333525075851292
0.001069218436873747, 0.2710207336275508, 2.5525709921016976E-4, 1.6783650513822022, 1.6898795355325112E-4, -6.017222346280097, 2.0338515692330303, 6.3335969380942965
0.0010759519038076148, 0.2727277750149856, 2.5686459603017605E-4, 1.6850867469775594, 1.711586471309967E-4, -5.9568248641434, 2.0813319381505786, 6.333668800337301
0.0010826853707414826, 0.27443481640242046, 2.584720928501824E-4, 1.6918808108335075, 1.7334723126827308E-4, -5.896413155929796, 2.1286115064071547, 6.333740662580305
0.0010894188376753505, 0.27614185778985534, 2.6007958967018874E-4, 1.6987480211190777, 1.7555384883421145E-4, -5.836036378972751, 2.17564516828732, 6.333812524823309
0.001096152304609218, 0.2778488991772901, 2.6168708649019503E-4, 1.7056891560033014, 1.7777864436586618E-4, -5.775742646833141, 2.222389061074864, 6.3338843870663135
0.001102885771543086, 0.279555940564725, 2.632945833102014E-4, 1.7127049936552114, 1.8002176406821586E-4, -5.7155789891214575, 2.26880059265248, 6.333956249309318
0.0011096192384769535, 0.28126298195215976, 2.6490208013020766E-4, 1.7197963122438384, 1.8228335581416195E-4, -5.655591313318134, 2.314838467323765, 6.334028111552322
0.001116352705410821, 0.2829700233395946, 2.6650957695021396E-4, 1.7269638899382165, 1.8456356914453044E-4, -5.595824368561594, 2.3604627098900774, 6.334099973795326
0.001123086172344689, 0.28467645867870606, 2.681170737702203E-4, 1.7342090602592641, 1.8686270416739306E-4, -5.536321711375983, 2.4056346880136905, 6.334173199052425
0.0011298196392785565, 0.28638217777888986, 2.697245705902266E-4, 1.7415327129844789, 1.891809465411472E-4, -5.477125673318841, 2.4503171328875424, 6.334248035144362
0.0011365531062124245, 0.28808789687907377, 2.7133206741023294E-4, 1.7489349739090576, 1.9151827701685735E-4, -5.4182773305198095, 2.4944741582436465, 6.3343228712362984
0.001143286573146292, 0.28979361597925757, 2.7293956423023923E-4, 1.756416621203043, 1.9387485187766235E-4, -5.359816475085573, 2.53807127772588, 6.334397707328235
0.00115002004008016, 0.2914993350794414, 2.745470610502456E-4, 1.7639784330364785, 1.962508290746317E-4, -5.3017815883455945, 2.58107542065433, 6.334472543420172
0.0011567535070140275, 0.2932050541796252, 2.7615455787025186E-4, 1.7716211875794077, 1.9864636822676488E-4, -5.244209815911773, 2.6234549462091628, 6.334547379512109
0.0011634869739478952, 0.294910773279809, 2.7776205469025816E-4, 1.7793456630018754, 2.010616306209913E-4, -5.187136944529403, 2.6651796560568495, 6.334622215604046
0.001170220440881763, 0.2966164923799929, 2.793695515102645E-4, 1.7871526374739255, 2.034967792121708E-4, -5.130597380690935, 2.7062208054503247, 6.334697051695983
0.001176953907815631, 0.29832221148017674, 2.8097704833027085E-4, 1.7950428891656038, 2.0595197862309354E-4, -5.074624130987582, 2.7465511128254074, 6.3347718877879196
0.0011836873747494985, 0.3000279305803606, 2.8258454515027714E-4, 1.803017196246954, 2.0842739514447927E-4, -5.019248784177372, 2.7861447679174463, 6.334846723879857
0.0011904208416833662, 0.3017336496805444, 2.8419204197028343E-4, 1.811076336888021, 2.109231967349782E-4, -4.964501494936604, 2.8249774384319135, 6.334921559971794
0.0011971543086172337, 0.3034393687807282, 2.857995387902897E-4, 1.81922108925885, 2.134395530211707E-4, -4.910410969273408, 2.8630262752879605, 6.3349963960637306
0.001203887775551102, 0.3051450878809121, 2.874070356102961E-4, 1.8274522315294877, 2.1597663529756742E-4, -4.857004451582134, 2.9002699164589334, 6.335071232155667
0.0012106212424849694, 0.3068508069810959, 2.890145324303024E-4, 1.835770541869978, 2.1853461652660895E-4, -4.804307713303359, 2.936688489442968, 6.335146068247604
0.0012173547094188372, 0.3085565260812797, 2.906220292503087E-4, 1.8441767984503667, 2.2111367133866578E-4, -4.752345043170858, 2.972263612382461, 6.3352209043395415
0.001224088176352705, 0.3102622451814636, 2.9222952607031505E-4, 1.8526717794407017, 2.2371397603203954E-4, -4.701139239020734, 3.0069783938579784, 6.335295740431478
0.0012308216432865727, 0.3119679642816474, 2.9383702289032134E-4, 1.8612562630110272, 2.2633570857296049E-4, -4.650711601130176, 3.0408174313862744, 6.335370576523415
0.0012375551102204404, 0.31367368338183127, 2.954445197103277E-4, 1.869931027331391, 2.289790485955908E-4, -4.601081927070996, 3.073766808638753, 6.335445412615352
0.0012442885771543081, 0.31537940248201507, 2.97052016530334E-4, 1.8786968505718389, 2.3164417740202128E-4, -4.552268508037128, 3.1058140914199486, 6.335520248707288
0.0012510220440881759, 0.3170851215821989, 2.986595133503403E-4, 1.8875545109024183, 2.34331277962274E-4, -4.504288126642353, 3.1369483224057144, 6.335595084799226
0.0012577555110220434, 0.3187908406823827, 3.002670101703466E-4, 1.896504786493175, 2.3704053491430013E-4, -4.457156056136957, 3.1671600146995122, 6.335669920891163
0.0012644889779559112, 0.3204972487593826, 3.018745069903529E-4, 1.90554739447222, 2.3977181426247034E-4, -4.410886061041689, 3.1964411441958673, 6.335742445199037
0.0012712224448897791, 0.3222040013247907, 3.034820038103593E-4, 1.9146836293437777, 2.425254555618627E-4, -4.365490399153141, 3.224785140806491, 6.335813813614882
0.0012779559118236469, 0.32391075389019863, 3.050895006303656E-4, 1.9239147969604604, 2.4530180681778176E-4, -4.32097982491727, 3.252186878543978, 6.335885182030726
0.0012846893787575144, 0.3256175064556066, 3.066969974503719E-4, 1.9332416754911437, 2.4810105925743655E-4, -4.277363594116982, 3.278642664519948, 6.33595655044657
0.0012914228456913821, 0.32732425902101453, 3.083044942703782E-4, 1.9426650431047001, 2.509234057759577E-4, -4.2346494698762225, 3.304150226850131, 6.336027918862414
0.0012981563126252499, 0.32903101158642256, 3.099119910903845E-4, 1.9521856779700024, 2.5376904093639895E-4, -4.1928437299394465, 3.328708701510781, 6.336099287278258
0.0013048897795591176, 0.3307377641518305, 3.115194879103908E-4, 1.9618043582559248, 2.566381609697362E-4, -4.151951175202486, 3.352318618162874, 6.336170655694103
0.0013116232464929854, 0.33244451671723846, 3.1312698473039716E-4, 1.9715218621313424, 2.5953096377486846E-4, -4.111975139474401, 3.374981884968588, 6.336242024109946
0.0013183567134268533, 0.3341512692826465, 3.147344815504035E-4, 1.9813389677651259, 2.6244764891861683E-4, -4.072917500438309, 3.3967017724271784, 6.33631339252579
0.0013250901803607208, 0.3358580218480544, 3.163419783704098E-4, 1.9912564533261525, 2.653884176357258E-4, -4.0347786917908595, 3.4174828962497794, 6.336384760941635
0.0013318236472945886, 0.3375647744134624, 3.179494751904161E-4, 2.0012750969832953, 2.683534728288616E-4, -3.9975577165323473, 3.4373311992978772, 6.336456129357479
0.0013385571142284563, 0.33927152697887036, 3.1955697201042243E-4, 2.011395676905429, 2.713430190686136E-4, -3.961252161384809, 3.4562539326089885, 6.336527497773323
0.0013452905811623243, 0.3409782795442784, 3.211644688304288E-4, 2.0216189712614274, 2.743572625934936E-4, -3.925858212305357, 3.474259635538206, 6.336598866189167
0.0013520240480961918, 0.3426850321096863, 3.2277196565043507E-4, 2.031945758220167, 2.773964113099364E-4, -3.8913706710778593, 3.491358115031833, 6.336670234605011
0.0013587575150300595, 0.3443917846750943, 3.2437946247044136E-4, 2.0423768159505213, 2.804606747922989E-4, -3.857782972955437, 3.5075604240561042, 6.336741603020855
0.0013654909819639273, 0.34609853724050227, 3.259869592904477E-4, 2.052912922621367, 2.8355026428286093E-4, -3.8250872053170992, 3.5228788392200454, 6.336812971436699
0.001372224448897795, 0.3478052898059102, 3.27594456110454E-4, 2.063554856401578, 2.866653926918249E-4, -3.7932741273336648, 3.5373268375912694, 6.336884339852544
0.0013789579158316626, 0.34951204237131817, 3.292019529304603E-4, 2.0743033954600305, 2.8980627459731546E-4, -3.7623331906049917, 3.55091907274143, 6.336955708268388
0.0013856913827655307, 0.35121879493672625, 3.308094497504667E-4, 2.0851593179656014, 2.92973126245381E-4, -3.7322525607332784, 3.5636713500562016, 6.337027076684231
0.0013924248496993983, 0.3529255475021342, 3.32416946570473E-4, 2.096123402087164, 2.961661655499912E-4, -3.703019139828913, 3.5756006013083916, 6.337098445100076
0.001399158316633266, 0.3546323000675421, 3.3402444339047927E-4, 2.107196425993597, 2.9938561209303917E-4, -3.6746185899048687, 3.586724858539799, 6.33716981351592
0.0014058917835671335, 0.3563375808633159, 3.3563194021048556E-4, 2.1183839052884483, 3.0263327715873147E-4, -3.647035357154696, 3.5970632272465353, 6.337250461231103
0.0014126252505010013, 0.35804265140628494, 3.372394370304919E-4, 2.1296826063500554, 3.0590805357705655E-4, -3.620252697048983, 3.6066358589444594, 6.337332434560478
0.0014193587174348692, 0.3597477219492539, 3.3884693385049825E-4, 2.141092633832372, 3.0920994121462107E-4, -3.594252700285381, 3.6154639230598553, 6.337414407889852
0.0014260921843687368, 0.36145279249222284, 3.4045443067050454E-4, 2.1526147659080457, 3.125391665776847E-4, -3.569016319500402, 3.623569578250008, 6.3374963812192275
0.0014328256513026047, 0.3631578630351919, 3.420619274905109E-4, 2.1642497807497247, 3.158959578404543E-4, -3.5445233967717984, 3.6309759431130786, 6.337578354548603
0.0014395591182364722, 0.3648629335781608, 3.436694243105172E-4, 2.1759984565300545, 3.192805448450827E-4, -3.520752691850067, 3.6377070663515623, 6.337660327877977
0.00144629258517034, 0.3665680041211297, 3.4527692113052347E-4, 2.187861571421682, 3.226931591016701E-4, -3.4976819111176893, 3.6437878963833596, 6.337742301207352
0.0014530260521042077, 0.36827307466409875, 3.468844179505298E-4, 2.1998399035972556, 3.261340337882639E-4, -3.475287737228242, 3.649244250450245, 6.337824274536726
0.0014597595190380757, 0.36997814520706773, 3.4849191477053616E-4, 2.2119342312294243, 3.296034037508583E-4, -3.4535458594223414, 3.6541027832223922, 6.337906247866101
0.0014664929859719432, 0.3716832157500367, 3.5009941159054245E-4, 2.224145332490834, 3.331015055033938E-4, -3.432431004476306, 3.6583909549404905, 6.337988221195476
0.001473226452905811, 0.37338828629300563, 3.5170690841054874E-4, 2.2364739855541327, 3.366285772277585E-4, -3.4119169682749964, 3.66213699909983, 6.3380701945248505
0.0014799599198396787, 0.3750933568359746, 3.533144052305551E-4, 2.248920968591972, 3.4018485877378786E-4, -3.391976647956078, 3.665369889732149, 6.338152167854226
0.0014866933867735467, 0.37679842737894365, 3.5492190205056143E-4, 2.2614870597769983, 3.437705916592629E-4, -3.372582074644683, 3.6681193082549512, 6.3382341411836
0.0014934268537074142, 0.37850349792191257, 3.565293988705677E-4, 2.2741730372818605, 3.4738601906991235E-4, -3.353704446701331, 3.67041560997047, 6.338316114512975
0.001500160320641282, 0.3802085684648815, 3.58136895690574E-4, 2.28697967927921, 3.510313858594123E-4, -3.3353141634971295, 3.672289790194208, 6.33839808784235
0.0015068937875751497, 0.38191363900785047, 3.5974439251058036E-4, 2.299907763941694, 3.5470693854938485E-4, -3.31738085967087, 3.6737734500556587, 6.338480061171724
0.0015136272545090174, 0.38361870955081945, 3.6135188933058665E-4, 2.3129580694419642, 3.584129253293999E-4, -3.2998734398535254, 3.674898761983426, 6.338562034501099
0.001520360721442885, 0.38532378009378837, 3.6295938615059294E-4, 2.3261313739526703, 3.621495960569736E-4, -3.2827601138167393, 3.675698434915892, 6.3386440078304735
0.001527094188376753, 0.3870288506367574, 3.6456688297059934E-4, 2.3394284556464635, 3.6591720225756985E-4, -3.266008432050764, 3.676205679228701, 6.338725981159849
0.0015338276553106206, 0.3887339211797264, 3.6617437979060563E-4, 2.3528500926959937, 3.6971599712459845E-4, -3.249585321706821, 3.676454171442586, 6.338807954489224
0.0015405611222444884, 0.390439052958856, 3.677818766106119E-4, 2.366397556248536, 3.735464168265495E-4, -3.233457122912515, 3.676478018696519, 6.338890808551257
0.001547294589178356, 0.39214485833575297, 3.693893734306182E-4, 2.380076582411144, 3.7741055167837443E-4, -3.2175896254216907, 3.6763117230269975, 6.338983350672537
0.0015540280561122239, 0.39385066371264993, 3.7099687025062456E-4, 2.393882550490079, 3.8130668320174755E-4, -3.201948105562938, 3.6759901454832056, 6.339075892793817
0.0015607615230460916, 0.39555646908954695, 3.726043670706309E-4, 2.4078162386622672, 3.8523507151443537E-4, -3.1864973634827805, 3.6755484700784025, 6.339168434915096
0.0015674949899799591, 0.3972622744664439, 3.742118638906372E-4, 2.421878425104641, 3.8919597840217986E-4, -3.1712017606360448, 3.675022167628054, 6.339260977036376
0.001574228456913827, 0.39896807984334093, 3.7581936071064354E-4, 2.4360698879941314, 3.9318966731869786E-4, -3.156025257513951, 3.674446959471337, 6.3393535191576555
0.0015809619238476946, 0.4006738852202379, 3.7742685753064983E-4, 2.4503914055076668, 3.9721640338567907E-4, -3.140931451579325, 3.6738587811154586, 6.339446061278935
0.0015876953907815624, 0.40237969059713485, 3.790343543506561E-4, 2.464843755822181, 4.0127645339278946E-4, -3.125883615383898, 3.67329374581324, 6.339538603400215
0.00159442885771543, 0.40408549597403187, 3.8064185117066247E-4, 2.479427717114606, 4.0537008579766894E-4, -3.1108447348240094, 3.672788108126429, 6.339631145521495
0.001601162324649298, 0.4057913013509289, 3.822493479906688E-4, 2.494144067561873, 4.0949757072593145E-4, -3.0957775475609557, 3.672378227433066, 6.339723687642775
0.0016078957915831656, 0.40749710672782585, 3.838568448106751E-4, 2.508993585340913, 4.136591799711657E-4, -3.080644581505332, 3.6721005314914055, 6.339816229764055
0.0016146292585170333, 0.4092029121047228, 3.854643416306814E-4, 2.5239770486286606, 4.178551869949358E-4, -3.0654081934121518, 3.6719914799952904, 6.339908771885335
0.001621362725450901, 0.4109087174816198, 3.8707183845068774E-4, 2.53909523560205, 4.2208586692677906E-4, -3.0500306075099273, 3.6720875282072125, 6.3400013140066145
0.0016280961923847688, 0.41261452285851674, 3.8867933527069403E-4, 2.554348924438013, 4.26351496564208E-4, -3.0344739541649557, 3.6724250906559317, 6.340093856127894
0.0016348296593186365, 0.41432032823541376, 3.902868320907004E-4, 2.5697388933134837, 4.3065235437270935E-4, -3.0187003085480817, 3.673040504936766, 6.340186398249174
0.0016415631262525045, 0.4160261336123108, 3.918943289107067E-4, 2.5852659204053987, 4.3498872048574537E-4, -3.002671729277138, 3.673969995630094, 6.340278940370454
0.001648296593186372, 0.41773193898920774, 3.93501825730713E-4, 2.60093078389069, 4.393608767047514E-4, -2.986350297007156, 3.6752496383701763, 6.340371482491734
0.0016550300601202398, 0.4194377443661047, 3.951093225507193E-4, 2.6167342619462945, 4.4376910649913845E-4, -2.9696981529534563, 3.676915324070726, 6.340464024613014
0.0016617635270541073, 0.42114354974300167, 3.967168193707256E-4, 2.632677132749146, 4.482136950062911E-4, -2.952677537299888, 3.679002723357499, 6.340556566734293
0.0016684969939879755, 0.42284935511989874, 3.98324316190732E-4, 2.648760174476185, 4.526949290315704E-4, -2.935250827506583, 3.6815472511815184, 6.3406491088555725
0.001675230460921843, 0.4245551604967957, 3.999318130107383E-4, 2.6649841653043422, 4.5721309704830905E-4, -2.917380576440385, 3.6845840317003113, 6.340741650976852
0.0016819639278557107, 0.4262607078480977, 4.015393098307446E-4, 2.681357791263302, 4.617716645115498E-4, -2.8990295503472625, 3.688147863390825, 6.340847125320602
0.0016886973947895785, 0.42796562856581205, 4.031468066507509E-4, 2.6978932689334796, 4.6637557272195584E-4, -2.880160766605075, 3.692273184464099, 6.340984006490349
0.0016954308617234462, 0.4296705492835264, 4.047543034707572E-4, 2.714572249305478, 4.7101746664293963E-4, -2.8607375312725747, 3.69699403855338, 6.341120887660097
0.001702164328657314, 0.43137547000124077, 4.0636180029076356E-4, 2.7313955105798553, 4.75697642485794E-4, -2.8407234763586984, 3.7023440407560466, 6.341257768829843
0.0017088977955911817, 0.4330803907189551, 4.0796929711076985E-4, 2.7483638309571683, 4.804163981299381E-4, -2.8200825968415493, 3.708356343992597, 6.34139464999959
0.0017156312625250495, 0.43478531143666943, 4.095767939307762E-4, 2.7654779886379783, 4.851740331229188E-4, -2.7987792873475446, 3.715063605771868, 6.341531531169338
0.0017223647294589172, 0.43649023215438376, 4.111842907507825E-4, 2.7827387618228414, 4.89970848680408E-4, -2.7767783785350733, 3.7224979553125737, 6.341668412339084
0.0017290981963927847, 0.4381951528720981, 4.127917875707888E-4, 2.800146928712321, 4.948071476862067E-4, -2.75404517310308, 3.730690961098673, 6.341805293508831
0.0017358316633266525, 0.4399000735898124, 4.143992843907951E-4, 2.817703267506982, 4.996832346922415E-4, -2.73054548142612, 3.7396735988660783, 6.341942174678579
0.0017425651302605204, 0.4416049943075268, 4.1600678121080147E-4, 2.835408556407386, 5.045994159185656E-4, -2.7062456567811246, 3.7494762200468976, 6.342079055848326
0.001749298597194388, 0.44330991502524114, 4.1761427803080776E-4, 2.8532635736140985, 5.09555999253359E-4, -2.681112630140993, 3.7601285207033643, 6.342215937018072
0.0017560320641282557, 0.4450148357429555, 4.1922177485081405E-4, 2.8712690973276853, 5.145532942529293E-4, -2.6551139445083445, 3.77165951096094, 6.34235281818782
0.0017627655310621234, 0.4467197564606698, 4.208292716708204E-4, 2.889425905748716, 5.195916121417113E-4, -2.6282177887771065, 3.784097484962714, 6.342489699357567
0.0017694989979959912, 0.44842467717838413, 4.224367684908267E-4, 2.907734777077758, 5.24671265812265E-4, -2.600393031067476, 3.797469991389572, 6.342626580527314
0.001776232464929859, 0.4501295978960985, 4.2404426531083303E-4, 2.926196489515383, 5.297925698252788E-4, -2.571609251546512, 3.811803804530935, 6.342763461697061
0.0017829659318637269, 0.45183451861381285, 4.256517621308394E-4, 2.944811821262161, 5.349558404095676E-4, -2.5418367746781083, 3.8271248959630464, 6.342900342866808
0.0017896993987975944, 0.4535394393315272, 4.2725925895084567E-4, 2.963581550518664, 5.401613954620728E-4, -2.5110467008845534, 3.8434584068468918, 6.343037224036555
0.0017964328657314621, 0.4552443600492415, 4.2886675577085196E-4, 2.9825064554854674, 5.454095545478626E-4, -2.47921093760943, 3.8608286208518283, 6.343174105206302
0.0018031663326653297, 0.45694928076695585, 4.3047425259085825E-4, 3.001587314363147, 5.507006389001334E-4, -2.4463022297301302, 3.8792589377566173, 6.343310986376049
0.0018098997995991976, 0.4586542014846702, 4.320817494108646E-4, 3.020824905352278, 5.560349714202079E-4, -2.4122941893239807, 3.8987718477178492, 6.343447867545796
0.0018166332665330654, 0.46035912220238456, 4.3368924623087094E-4, 3.0402200066534384, 5.614128766775349E-4, -2.377161324723793, 3.9193889062696496, 6.343584748715544
0.0018233667334669331, 0.46206312331098387, 4.3529674305087723E-4, 3.0597668903934796, 5.668318488369873E-4, -2.3408790688950014, 3.9411307100185247, 6.343711824100882
0.0018301002004008009, 0.4637662048104682, 4.369042398708836E-4, 3.079466261909757, 5.722921525945377E-4, -2.303423807041932, 3.964016873117793, 6.343829093701812
0.0018368336673346686, 0.46546928630995243, 4.3851173669088987E-4, 3.0993253811791788, 5.777969281321506E-4, -2.2647729034613, 3.9880660045112664, 6.343946363302742
0.0018435671342685361, 0.4671723678094367, 4.4011923351089616E-4, 3.1193450263907483, 5.833465062181299E-4, -2.224904727621868, 4.013295685952016, 6.344063632903673
0.0018503006012024043, 0.4688754493089211, 4.4172673033090256E-4, 3.139525975733463, 5.889412192888305E-4, -2.1837986793967494, 4.039722450877594, 6.344180902504602
0.0018570340681362718, 0.4705785308084054, 4.4333422715090885E-4, 3.159869007396325, 5.945814014486608E-4, -2.1414352134915657, 4.0673617640842785, 6.344298172105533
0.0018637675350701396, 0.4722816123078897, 4.4494172397091514E-4, 3.1803748995683376, 6.002673884700812E-4, -2.097795862973881, 4.096228002303602, 6.344415441706463
0.001870501002004007, 0.4739846938073739, 4.4654922079092143E-4, 3.2010444304385013, 6.059995177936038E-4, -2.0528632619361686, 4.126334435633463, 6.3445327113073935
0.001877234468937875, 0.47568777530685824, 4.481567176109278E-4, 3.2218783781958233, 6.117781285277942E-4, -2.0066211672270744, 4.157693209899998, 6.344649980908324
0.0018839679358717428, 0.4773908568063426, 4.497642144309341E-4, 3.2428775210293055, 6.17603561449269E-4, -1.9590544792426394, 4.190315329940671, 6.344767250509253
0.0018907014028056103, 0.47909393830582686, 4.513717112509404E-4, 3.2640426371279534, 6.234761590026981E-4, -1.9101492617556968, 4.224210643840221, 6.344884520110184
0.0018974348697394783, 0.4807970198053112, 4.5297920807094676E-4, 3.285374504680773, 6.293962653008038E-4, -1.8598927607383235, 4.259387828149177, 6.345001789711114
0.0019041683366733458, 0.4825001013047954, 4.5458670489095305E-4, 3.3068739018767728, 6.353642261243604E-4, -1.8082734221815109, 4.295854374090253, 6.345119059312045
0.0019109018036072135, 0.4842031828042797, 4.5619420171095934E-4, 3.3285416069049565, 6.413803889221937E-4, -1.7552809088651482, 4.333616574790619, 6.345236328912974
0.0019176352705410813, 0.48590626430376405, 4.578016985309657E-4, 3.3503783979543353, 6.474451028111842E-4, -1.7009061160393908, 4.372679513566231, 6.3453535985139045
0.0019243687374749492, 0.4876093458032484, 4.5940919535097203E-4, 3.372385053213921, 6.535587185762634E-4, -1.6451411860399114, 4.413047053254287, 6.345470868114835
0.0019311022044088168, 0.48931242730273267, 4.610166921709783E-4, 3.3945623508727176, 6.597215886704141E-4, -1.5879795217591766, 4.454721826646327, 6.345588137715765
0.0019378356713426845, 0.4910155088022169, 4.626241889909846E-4, 3.41691106911974, 6.659340672146735E-4, -1.529415798985411, 4.497705228023256, 6.345705407316696
0.0019445691382765523, 0.49271859030170123, 4.6423168581099096E-4, 3.4394319861439975, 6.721965099981294E-4, -1.4694459775518731, 4.541997405840235, 6.345822676917625
0.00195130260521042, 0.4944216718011855, 4.6583918263099725E-4, 3.462125880134505, 6.785092744779242E-4, -1.4080673113076272, 4.58759725653811, 6.3459399465185555
0.0019580360721442877, 0.49612475330066985, 4.674466794510036E-4, 3.484993529280273, 6.84872719779251E-4, -1.3452783568545739, 4.634502419557347, 6.346057216119486
0.0019647695390781553, 0.49782874582329295, 4.690541762710099E-4, 3.508062120054694, 6.912995936114307E-4, -1.2810789810344283, 4.682709273538577, 6.346211394270025
0.0019715030060120232, 0.4995331134730909, 4.7066167309101623E-4, 3.5313171175226463, 6.977831784888353E-4, -1.2154703671369556, 4.732212933760348, 6.346380770058639
0.0019782364729458908, 0.5012374811228888, 4.722691699110225E-4, 3.554748463664218, 7.043187744397251E-4, -1.148455019831247, 4.783007250793464, 6.346550145847253
0.0019849699398797587, 0.5029418487726867, 4.738766667310288E-4, 3.578356936703171, 7.109067485267587E-4, -1.0800367687319405, 4.835084810459508, 6.346719521635867
0.0019917034068136267, 0.5046462164224846, 4.754841635510352E-4, 3.6021433148632704, 7.175474694808713E-4, -1.0102207706636004, 4.888436935033415, 6.346888897424481
0.001998436873747494, 0.5063505840722826, 4.770916603710415E-4, 3.626108376368278, 7.242413077012737E-4, -0.9390135104874187, 4.9430536858222425, 6.347058273213095
0.0020051703406813617, 0.5080549517220805, 4.786991571910478E-4, 3.6502528994419636, 7.309886352554545E-4, -0.8664228005952413, 4.9989238669988225, 6.3472276490017085
0.0020119038076152297, 0.5097593193718783, 4.803066540110541E-4, 3.6745776623080997, 7.377898258791786E-4, -0.7924577789087709, 5.056035030865892, 6.347397024790323
0.002018637274549097, 0.5114636870216763, 4.8191415083106043E-4, 3.6990834431904576, 7.446452549764879E-4, -0.7171289054864489, 5.114373484439081, 6.347566400578937
0.002025370741482965, 0.5131680546714742, 4.835216476510667E-4, 3.7237710203128134, 7.515552996197004E-4, -0.6404479575905123, 5.173924297488261, 6.347735776367551
0.0020321042084168327, 0.5148724223212722, 4.8512914447107307E-4, 3.7486411718989436, 7.58520338549411E-4, -0.5624280233018464, 5.234671311953191, 6.347905152156165
0.0020388376753507007, 0.5165767899710701, 4.867366412910794E-4, 3.773694676172629, 7.655407521744909E-4, -0.48308349359346453, 5.29659715281188, 6.348074527944779
0.0020455711422845686, 0.5182811576208681, 4.883441381110858E-4, 3.798932311357651, 7.726169225720894E-4, -0.40243005280153926, 5.35968324047828, 6.348243903733392
0.002052304609218436, 0.519985525270666, 4.89951634931092E-4, 3.8243548556777944, 7.797492334876316E-4, -0.3204846675751807, 5.423909804614329, 6.348413279522006
0.0020590380761523037, 0.5216898929204639, 4.915591317510983E-4, 3.8499630873568464, 7.869380703348192E-4, -0.23726557421900404, 5.4892558994632505, 6.34858265531062
0.0020657715430861716, 0.523394260570262, 4.931666285711047E-4, 3.8757577846186, 7.941838201956321E-4, -0.15279226433324608, 5.555699420791221, 6.3487520310992345
0.0020725050100200396, 0.5250986282200598, 4.94774125391111E-4, 3.901739725686841, 8.014868718203246E-4, -0.06708546889595902, 5.623217124285101, 6.348921406887849
0.002079238476953907, 0.5268029958698577, 4.963816222111173E-4, 3.9279096887853675, 8.0884761562743E-4, 0.019832859434393144, 5.691784645629773, 6.349090782676463
0.0020859719438877746, 0.5285073635196555, 4.979891190311236E-4, 3.954268452137974, 8.162664437037577E-4, 0.1079395656459303, 5.761376522099692, 6.349260158465076
0.002092705410821642, 0.5302117311694535, 4.995966158511299E-4, 3.980816793968461, 8.237437498043944E-4, 0.19721031350042662, 5.831966215859224, 6.34942953425369
0.0020994388777555105, 0.5319160988192515, 5.012041126711363E-4, 4.007555492500631, 8.312799293527034E-4, 0.2876196083556898, 5.903526138826843, 6.349598910042304
0.002106172344689378, 0.5336201216536588, 5.028116094911426E-4, 4.0345003338058945, 8.388829255603367E-4, 0.37914082181492126, 5.976027679261552, 6.3497878306819375
0.0021129058116232456, 0.5353241131412123, 5.044191063111489E-4, 4.0616385547179075, 8.465463790264933E-4, 0.4717462182037711, 6.049441230063227, 6.349978528126209
0.002119639278557113, 0.5370281046287658, 5.060266031311552E-4, 4.088969573567548, 8.542700091093474E-4, 0.5654069828250868, 6.123736218715748, 6.350169225570481
0.002126372745490981, 0.5387320961163194, 5.076340999511615E-4, 4.116494168596518, 8.620542184283569E-4, 0.6600932521092167, 6.198881139010288, 6.350359923014752
0.002133106212424849, 0.5404360876038731, 5.092415967711679E-4, 4.144213118046526, 8.698994112713747E-4, 0.7557741456965363, 6.274843584575443, 6.350550620459024
0.0021398396793587166, 0.5421400790914267, 5.108490935911742E-4, 4.172127200159272, 8.778059935946428E-4, 0.8524178003198127, 6.351590284061283, 6.350741317903295
0.002146573146292584, 0.5438440705789802, 5.124565904111804E-4, 4.200237193176468, 8.857743730227987E-4, 0.9499914057409393, 6.429087138263254, 6.350932015347566
0.0021533066132264525, 0.545548062066534, 5.140640872311868E-4, 4.228543875339832, 8.93804958848873E-4, 1.0484612425922737, 6.5072992589998115, 6.351122712791838
0.00216004008016032, 0.5472520535540875, 5.156715840511931E-4, 4.257048024891075, 9.018981620342861E-4, 1.1477927222130595, 6.586191009850778, 6.351313410236109
0.0021667735470941875, 0.5489560450416411, 5.172790808711994E-4, 4.285750420071922, 9.100543952088528E-4, 1.2479504284978356, 6.665726048755064, 6.35150410768038
0.002173507014028055, 0.5506600365291946, 5.188865776912057E-4, 4.314651839124098, 9.18274072670782E-4, 1.348898161827076, 6.745867372558993, 6.3516948051246525
0.0021802404809619235, 0.5523640280167483, 5.204940745112121E-4, 4.343753060289329, 9.265576103866729E-4, 1.4505989849843397, 6.826577363388204, 6.351885502568924
0.0021869739478957905, 0.5540680195043017, 5.221015713312183E-4, 4.373054861809342, 9.349054259915176E-4, 1.5530152712728005, 6.907817837070621, 6.352076200013196
0.0021937074148296585, 0.5557720109918555, 5.237090681512247E-4, 4.402558021925877, 9.433179387887034E-4, 1.6561087546094748, 6.989550093376612, 6.352266897457467
0.002200440881763526, 0.557476002479409, 5.25316564971231E-4, 4.432263318880667, 9.517955697500073E-4, 1.7598405819152614, 7.0717349684079975, 6.352457594901738
0.0022071743486973936, 0.5591799939669626, 5.269240617912373E-4, 4.462171530915457, 9.603387415156026E-4, 1.8641713675724483, 7.154332888876324, 6.35264829234601
0.002213907815631262, 0.5608839854545162, 5.285315586112437E-4, 4.49228343627199, 9.689478783940522E-4, 1.9690612500725488, 7.237303928407524, 6.352838989790281
0.0022206412825651295, 0.5625879769420697, 5.3013905543125E-4, 4.522599813192009, 9.776234063623133E-4, 2.074469950971613, 7.320607866000389, 6.353029687234552
0.002227374749498997, 0.5642919684296234, 5.317465522512563E-4, 4.553121439917273, 9.86365753065737E-4, 2.1803568359820606, 7.40420424643031, 6.353220384678824
0.0022341082164328645, 0.5659959599171769, 5.333540490712626E-4, 4.58384909468953, 9.951753478180652E-4, 2.286680978404606, 7.488052442828768, 6.353411082123095
0.0022408416833667325, 0.5676996296899226, 5.349615458912689E-4, 4.6147795981546755, 0.001004050504439833, 2.393401224846473, 7.572111721367289, 6.35359694112505
0.0022475751503006, 0.5694010474590127, 5.365690427112751E-4, 4.645889874023357, 0.001012978836893177, 2.500476263257326, 7.656341308077651, 6.353748931030787
0.0022543086172344675, 0.5711024652281027, 5.381765395312814E-4, 4.6772083189429985, 0.0010219755089512879, 2.6078646932631497, 7.740700457786384, 6.353900920936525
0.002261042084168336, 0.5728038829971931, 5.397840363512879E-4, 4.708735711124444, 0.001031040955650567, 2.715525098969281, 7.825148525323277, 6.354052910842261
0.002267775551102204, 0.5745053007662831, 5.413915331712942E-4, 4.7404728287785245, 0.0010401756136956064, 2.8234161240697317, 7.909645038860666, 6.354204900747999
0.0022745090180360714, 0.5762067185353733, 5.429990299913005E-4, 4.772420450116087, 0.0010493799214591963, 2.931496549465179, 7.994149775551582, 6.354356890653737
0.002281242484969939, 0.5779081363044634, 5.446065268113068E-4, 4.8045793533479735, 0.0010586543189823163, 3.0397253732239182, 8.078622839315251, 6.354508880559473
0.0022879759519038065, 0.5796095540735534, 5.462140236313131E-4, 4.836950316685034, 0.0010679992479741413, 3.1480618931176814, 8.163024741003154, 6.354660870465211
0.0022947094188376744, 0.5813109718426436, 5.478215204513194E-4, 4.869534118338111, 0.0010774151518120386, 3.256465791619939, 8.247316480824507, 6.354812860370948
0.002301442885771542, 0.5830123896117336, 5.494290172713257E-4, 4.902331536518057, 0.0010869024755415697, 3.364897223412878, 8.33145963306757, 6.354964850276685
0.00230817635270541, 0.5847138073808239, 5.510365140913321E-4, 4.935343349435721, 0.001096461665876489, 3.4733169054625836, 8.41541643317043, 6.355116840182422
0.0023149098196392774, 0.586415225149914, 5.526440109113384E-4, 4.96857033530196, 0.0011060931711987451, 3.5816862096790887, 8.499149867193942, 6.35526883008816
0.0023216432865731454, 0.588116642919004, 5.542515077313447E-4, 5.002013272327619, 0.0011157974415584786, 3.689967258157959, 8.582623763616459, 6.355420819993896
0.002328376753507013, 0.5898180606880942, 5.55859004551351E-4, 5.035672938723564, 0.0011255749286740238, 3.798123021059611, 8.665802887584533, 6.355572809899634
0.002335110220440881, 0.5915194784571843, 5.574665013713574E-4, 5.069550112700649, 0.001135426085931912, 3.906117417173498, 8.748653037608332, 6.355724799805372
0.0023418436873747484, 0.5932208962262745, 5.590739981913637E-4, 5.10364557246973, 0.0011453513683868607, 4.013915417091457, 8.831141144627878, 6.355876789711108
0.002348577154308616, 0.5949223139953645, 5.606814950113699E-4, 5.137960096241669, 0.0011553512327617875, 4.12148314914974, 8.913235373654569, 6.356028779616846
0.0023553106212424843, 0.5966237317644547, 5.622889918313763E-4, 5.172494462227335, 0.0011654261374478016, 4.228788008063064, 8.994905227830582, 6.356180769522583
0.002362044088176352, 0.5983251495335449, 5.638964886513826E-4, 5.207249448637585, 0.0011755765425042041, 4.33579876633401, 9.076121655054985, 6.35633275942832
0.0023687775551102194, 0.6000265673026349, 5.655039854713889E-4, 5.242225833683287, 0.001185802909658491, 4.442485688463024, 9.156857157169233, 6.356484749334057
0.002375511022044087, 0.6017279850717251, 5.671114822913952E-4, 5.277424395575313, 0.0011961057023063527, 4.548820647882331, 9.237085901603686, 6.356636739239795
0.002382244488977955, 0.6034298804785991, 5.687189791114015E-4, 5.312856042902144, 0.0012064911468496861, 4.654777246859026, 9.316783835784266, 6.356800367401467
0.0023889779559118224, 0.6051327311610412, 5.703264759314078E-4, 5.348531800953646, 0.0012169656030546695, 4.760330939081609, 9.395928803931389, 6.3569872720750125
0.00239571142284569, 0.6068355818434831, 5.719339727514141E-4, 5.384432245557617, 0.0012275180831624502, 4.865459155312361, 9.474500666712565, 6.357174176748557
0.0024024448897795583, 0.6085384325259253, 5.735414695714206E-4, 5.420558154952549, 0.0012381490581016205, 4.970141431807456, 9.55248142338228, 6.357361081422101
0.0024091783567134263, 0.6102412832083673, 5.751489663914269E-4, 5.456910307376917, 0.0012488590004691397, 5.074359541767201, 9.629855336699867, 6.357547986095646
0.002415911823647294, 0.6119441338908093, 5.767564632114332E-4, 5.4934894810692185, 0.001259648384530341, 5.178097629643528, 9.706609060452912, 6.357734890769191
0.0024226452905811613, 0.6136469845732513, 5.783639600314395E-4, 5.530296454267948, 0.0012705176862189314, 5.281342348549056, 9.782731769802446, 6.357921795442735
0.002429378757515029, 0.6153498352556933, 5.799714568514458E-4, 5.567332005211601, 0.0012814673831369884, 5.3840830006024625, 9.858215294314109, 6.35810870011628
0.002436112224448897, 0.6170526859381353, 5.81578953671452E-4, 5.604596912138682, 0.0012924979545549616, 5.4863116803334995, 9.933054253760785, 6.3582956047898245
0.0024428456913827643, 0.6187555366205773, 5.831864504914583E-4, 5.642091953287689, 0.0013036098814116718, 5.588023421126241, 10.007246196700354, 6.358482509463369
0.0024495791583166323, 0.6204583873030194, 5.847939473114647E-4, 5.679817906897137, 0.0013148036463143142, 5.689216344816264, 10.080791741934336, 6.358669414136914
0.0024563126252505, 0.6221612379854614, 5.86401444131471E-4, 5.717775551205525, 0.0013260797335384535, 5.789891814293193, 10.15369472267762, 6.358856318810458
0.0024630460921843678, 0.6238640886679033, 5.880089409514773E-4, 5.755965664451374, 0.0013374386290280294, 5.890054589352913, 10.225962333705295, 6.359043223484003
0.0024697795591182353, 0.6255669393503454, 5.896164377714836E-4, 5.794389024873199, 0.0013488808203953517, 5.989712985608946, 10.297605281264032, 6.359230128157548
0.0024765130260521032, 0.6272697900327875, 5.9122393459149E-4, 5.83304641070952, 0.0013604067969211042, 6.088879036768258, 10.368637936071648, 6.359417032831092
0.0024832464929859708, 0.6289726407152295, 5.928314314114963E-4, 5.871938600198858, 0.0013720170495543395, 6.187568659840523, 10.43907848894165, 6.3596039375046365
0.002489979959919839, 0.6306754913976715, 5.944389282315027E-4, 5.911066371579743, 0.0013837120709124882, 6.285801823881342, 10.508949109659559, 6.359790842178182
0.0024967134268537067, 0.6323783420801136, 5.96046425051509E-4, 5.950430503090698, 0.0013954923552813468, 6.38360272178416, 10.578276108586097, 6.359977746851726
0.0025034468937875742, 0.6340811927625556, 5.976539218715153E-4, 5.990031772970257, 0.0014073583986150882, 6.480999945509472, 10.647090101425661, 6.36016465152527
0.0025101803607214417, 0.6357840434449975, 5.992614186915216E-4, 6.02987095945696, 0.0014193106985362595, 6.578026664563682, 10.71542617692126, 6.3603515561988155
0.0025169138276553093, 0.6374868941274395, 6.008689155115279E-4, 6.069948840789339, 0.0014313497543357733, 6.674720807795249, 10.783324067551362, 6.36053846087236
0.0025236472945891772, 0.6391898347926425, 6.024764123315342E-4, 6.110164298606922, 0.001443414676675515, 6.771125248634788, 10.850828323373275, 6.360614995752821
0.0025303807615230448, 0.6408928515971046, 6.040839091515405E-4, 6.15053300597498, 0.001455514474512925, 6.867287993651487, 10.917988488864564, 6.360598140808364
0.0025371142284569127, 0.6425958684015669, 6.056914059715469E-4, 6.191141728903192, 0.0014677013146328136, 6.963262374604923, 10.98485928292813, 6.360581285863907
0.0025438476953907802, 0.6442988852060291, 6.072989027915531E-4, 6.23199124554929, 0.001479975698060495, 7.059107243888442, 11.051500781989882, 6.36056443091945
0.0025505811623246486, 0.6460019020104913, 6.089063996115595E-4, 6.273082334071015, 0.0014923381274891381, 7.154887173453626, 11.117978606229048, 6.3605475759749925
0.002557314629258516, 0.6477049188149535, 6.105138964315658E-4, 6.314415772626093, 0.0015047891072797585, 7.250672657211117, 11.184364108975052, 6.3605307210305355
0.0025640480961923837, 0.6494079356194157, 6.121213932515721E-4, 6.355992339372268, 0.0015173291434612275, 7.346540317052525, 11.250734569388301, 6.3605138660860785
0.002570781563126251, 0.6511109524238778, 6.137288900715784E-4, 6.397812812467272, 0.0015299587437302643, 7.442573112246769, 11.317173388168571, 6.3604970111416215
0.002577515030060119, 0.65281396922834, 6.153363868915847E-4, 6.439877970068842, 0.0015426784174514398, 7.538860552583243, 11.383770286700615, 6.3604801561971644
0.002584248496993987, 0.6545169860328023, 6.169438837115911E-4, 6.482188590334715, 0.0015554886756571767, 7.635498915001792, 11.45062150931605, 6.360463301252707
0.0025909819639278546, 0.6562200028372644, 6.185513805315974E-4, 6.524745451422621, 0.0015683900310477464, 7.732591463900936, 11.51783002891047, 6.36044644630825
0.002597715430861722, 0.6579230196417266, 6.201588773516037E-4, 6.567549331490298, 0.0015813829979912733, 7.830248675054815, 11.585505755805633, 6.360429591363793
0.00260444889779559, 0.6596260364461888, 6.2176637417161E-4, 6.6106010086954825, 0.0015944680925237323, 7.928588463187431, 11.6537657499361, 6.360412736419336
0.0026111823647294577, 0.6613290532506509, 6.233738709916163E-4, 6.65390126119591, 0.001607645832348949, 8.02773641345753, 11.722734436584561, 6.360395881474879
0.002617915831663325, 0.6630320700551131, 6.249813678116226E-4, 6.697450867149314, 0.0016209167368386001, 8.127826016266475, 11.792543825075605, 6.360379026530422
0.002624649298597193, 0.6647350868595754, 6.26588864631629E-4, 6.741250604713435, 0.0016342813270322138, 8.228998906172011, 11.86333373122682, 6.360362171585965
0.0026313827655310615, 0.6664381036640377, 6.281963614516354E-4, 6.785301252046004, 0.001647740125637168, 8.33140510450122, 11.935252003138434, 6.360345316641508
0.002638116232464929, 0.6681411204684998, 6.298038582716417E-4, 6.8296035873047565, 0.0016612936570286907, 8.435203265621743, 12.008454750259716, 6.360328461697051
0.0026448496993987966, 0.669844137272962, 6.314113550916479E-4, 6.874158388647427, 0.0016749424472498632, 8.540560927185528, 12.0831065760683, 6.360311606752594
0.002651583166332664, 0.6715471540774242, 6.330188519116542E-4, 6.918966434231752, 0.0016886870240116175, 8.647654764167989, 12.159380814175513, 6.360294751808137
0.002658316633266532, 0.6732501708818863, 6.346263487316605E-4, 6.964028502215468, 0.001702527916692735, 8.756670846843507, 12.237459767997558, 6.36027789686368
0.0026650501002003996, 0.674953404024711, 6.362338455516668E-4, 7.0094899866864475, 0.0017165576658892084, 8.867804902546819, 12.317534953801086, 6.360409387870385
0.002671783567134267, 0.6766567092803234, 6.378413423716731E-4, 7.0552561164722905, 0.0017307165564114703, 8.98126258151646, 12.399807347489537, 6.360590327527477
0.002678517034068135, 0.6783600145359358, 6.394488391916795E-4, 7.101279587531508, 0.0017449746131585834, 9.097259726559344, 12.484487634803694, 6.36077126718457
0.0026852505010020026, 0.680063319791548, 6.410563360116858E-4, 7.1475611780975274, 0.0017593323769765224, 9.216022646806914, 12.571796465231463, 6.360952206841662
0.002691983967935871, 0.6817666250471603, 6.426638328316922E-4, 7.1941016664037924, 0.0017737903903796066, 9.337788395350525, 12.66196470939692, 6.361133146498754
0.0026987174348697385, 0.6834699303027727, 6.442713296516985E-4, 7.2409018306837405, 0.001788349197550491, 9.462805051036993, 12.755233720225952, 6.361314086155846
0.002705450901803606, 0.6851732355583849, 6.458788264717048E-4, 7.287962449170819, 0.0018030093443401744, 9.591332004312871, 12.851855597750353, 6.361495025812938
0.0027121843687374736, 0.6868765408139972, 6.474863232917111E-4, 7.335284300098476, 0.0018177713782679904, 9.723640247023207, 12.9520934574886, 6.36167596547003
0.0027189178356713415, 0.6885798460696095, 6.490938201117174E-4, 7.382868161700165, 0.0018326358485216178, 9.860012666428528, 13.05622170259638, 6.361856905127123
0.0027256513026052095, 0.6902831513252219, 6.507013169317238E-4, 7.430714812209337, 0.0018476033059570702, 10.00074434334585, 13.164526299790243, 6.362037844784215
0.002732384769539077, 0.6919864565808341, 6.5230881375173E-4, 7.478825029859443, 0.001862674303098701, 10.146142854476501, 13.277305058992953, 6.362218784441307
0.0027391182364729445, 0.6936897618364465, 6.539163105717363E-4, 7.5271995928839495, 0.001877849394139209, 10.296528578786505, 13.394867916656105, 6.362399724098399
0.0027458517034068125, 0.6953930670920587, 6.555238073917426E-4, 7.575839279516317, 0.0018931291349396247, 10.452235008252856, 13.517537223020822, 6.362580663755491
0.00275258517034068, 0.697096372347671, 6.571313042117489E-4, 7.6247448679900085, 0.001908514083029326, 10.613609062817588, 13.645648033147054, 6.362761603412584
0.0027593186372745476, 0.6987996776032832, 6.587388010317552E-4, 7.673917136538489, 0.001924004797606024, 10.781011409465833, 13.779548401670695, 6.362942543069676
0.0027660521042084155, 0.7005029828588957, 6.603462978517616E-4, 7.7233568633952405, 0.001939601839535775, 10.954816785827873, 13.91959968164466, 6.363123482726768
0.002772785571142284, 0.702206288114508, 6.61953794671768E-4, 7.773064826793731, 0.001955305771352972, 11.13541432783278, 14.06617682699505, 6.36330442238386
0.0027795190380761514, 0.7039095933701203, 6.635612914917743E-4, 7.823041804967428, 0.0019711171572603468, 11.32320790191464, 14.219668699116905, 6.363485362040952
0.002786252505010019, 0.7056128986257326, 6.651687883117806E-4, 7.873288576149822, 0.0019870365631289755, 11.51861644152943, 14.380478377317969, 6.363666301698045
0.0027929859719438865, 0.7073162038813449, 6.667762851317869E-4, 7.923805918574389, 0.002003064556498268, 11.722074287894916, 14.549023473069717, 6.363847241355137
0.0027997194388777544, 0.7090195091369571, 6.683837819517932E-4, 7.974594610474616, 0.002019201706575981, 11.934031535462196, 14.725736448536578, 6.364028181012229
0.002806452905811622, 0.710715694290533, 6.699912787717995E-4, 8.025736209310852, 0.002035502705615707, 12.154954381507402, 14.91106493877204, 6.364287711637265
0.0028131863727454895, 0.7124115698744553, 6.715987755918058E-4, 8.077154633821646, 0.0020519168969762376, 12.38532548037693, 15.10547207813486, 6.364550659260908
0.0028199198396793575, 0.7141074454583776, 6.732062724118122E-4, 8.128847158856438, 0.002068442515273091, 12.625644302224286, 15.309436830736688, 6.36481360688455
0.002826653306613225, 0.7158033210422998, 6.748137692318185E-4, 8.180814562733982, 0.002085080138452754, 12.87642749616617, 15.523454324842124, 6.365076554508192
0.0028333867735470934, 0.7174991966262221, 6.764212660518249E-4, 8.233057623773055, 0.0021018303461306023, 13.138209258046368, 15.74803619145411, 6.365339502131834
0.002840120240480961, 0.7191950722101443, 6.780287628718311E-4, 8.285577120292432, 0.0021186937195909056, 13.41154170277887, 15.983710906964108, 6.365602449755477
0.0028468537074148284, 0.7208909477940665, 6.796362596918374E-4, 8.338373830610907, 0.0021356708417868283, 13.6969952412131, 16.231024139900324, 6.36586539737912
0.002853587174348696, 0.7225868233779887, 6.812437565118437E-4, 8.391448533047274, 0.002152762297340424, 13.995158961791722, 16.490539101991303, 6.366128345002762
0.002860320641282564, 0.7242826989619109, 6.8285125333185E-4, 8.44480200592034, 0.002169968672542641, 14.306641016538132, 16.762836903081794, 6.366391292626405
0.002867054108216432, 0.7259785745458333, 6.844587501518564E-4, 8.498435027548929, 0.0021872905553533195, 14.632069012108957, 17.048516910629992, 6.366654240250047
0.0028737875751502994, 0.7276744501297554, 6.860662469718627E-4, 8.552348376251857, 0.0022047285354011917, 14.972090405170505, 17.348197113065165, 6.36691718787369
0.002880521042084167, 0.7293703257136777, 6.87673743791869E-4, 8.606542830347955, 0.0022222832039838856, 15.327372902769744, 17.662514487673484, 6.367180135497333
0.002887254509018035, 0.7310662012975998, 6.892812406118753E-4, 8.66101916815607, 0.0022399551540679178, 15.698604867364493, 17.992125372612183, 6.367443083120975
0.0028939879759519024, 0.7327620768815221, 6.908887374318816E-4, 8.715778167995053, 0.0022577449802887017, 16.086495726505255, 18.337705843142533, 6.367706030744618
0.00290072144288577, 0.7344579524654442, 6.924962342518879E-4, 8.770820608183765, 0.002275653278950539, 16.49177638762203, 18.699952092436092, 6.36796897836826
0.002907454909819638, 0.7361538280493666, 6.941037310718943E-4, 8.826147267041073, 0.0022936806480266343, 16.915199657173165, 19.07958081625807, 6.3682319259919025
0.0029141883767535063, 0.7378497036332888, 6.957112278919007E-4, 8.881758922885854, 0.002311827687159074, 17.35754066506499, 19.477329602455168, 6.368494873615545
0.002920921843687374, 0.7395455792172111, 6.97318724711907E-4, 8.937656354036992, 0.0023300949976588414, 17.819597293829663, 19.89395732465376, 6.368757821239187
0.0029276553106212413, 0.7412414548011332, 6.989262215319133E-4, 8.993840338813387, 0.002348483182505816, 18.30219061258609, 20.330244540266555, 6.36902076886283
0.002934388777555109, 0.7429373303850555, 7.005337183519195E-4, 9.050311655533939, 0.002366992846348768, 18.80616531597444, 20.786993892974476, 6.369283716486472
0.002941122244488977, 0.7446326228241379, 7.021412151719258E-4, 9.107100538007904, 0.0023856452774191454, 19.332390168187942, 21.265030519764245, 6.36957396389487
0.0029478557114228443, 0.7463249995390213, 7.037487119919321E-4, 9.164326080945436, 0.002404524490760263, 19.88175845166778, 21.765202462134965, 6.37000071022704
0.002954589178356712, 0.7480173762539049, 7.053562088119384E-4, 9.221842138570114, 0.002423528174833181, 20.45518842124961, 22.288381082263108, 6.37042745655921
0.00296132264529058, 0.7497097529687884, 7.069637056319448E-4, 9.279649489466962, 0.0024426569452387983, 21.05362376289889, 22.835461483192546, 6.3708542028913815
0.0029680561122244478, 0.7514021296836718, 7.085712024519511E-4, 9.337748912221029, 0.002461911419248633, 21.678034057758758, 23.40736293382634, 6.371280949223552
0.0029747895791583153, 0.7530945063985552, 7.101786992719574E-4, 9.39614118541742, 0.0024812922158048327, 22.32941525119433, 24.00502929843497, 6.371707695555722
0.0029815230460921833, 0.7547868831134389, 7.117861960919638E-4, 9.454827087641274, 0.002500799955520173, 23.008790126961046, 24.629429470681824, 6.3721344418878925
0.002988256513026051, 0.7564792598283223, 7.133936929119701E-4, 9.513807397477748, 0.00252043526067805, 23.717208786510312, 25.28155781232384, 6.372561188220063
0.0029949899799599183, 0.7581716365432057, 7.150011897319764E-4, 9.573082893512066, 0.00254019875523249, 24.45574913333733, 25.962434596383336, 6.372987934552233
0.0030017234468937867, 0.7598640132580893, 7.166086865519828E-4, 9.632654354329475, 0.002560091064808147, 25.225517362782437, 26.67310645523536, 6.373414680884404
0.0030084569138276542, 0.7615563899729728, 7.182161833719891E-4, 9.692522558515254, 0.0025801128167002993, 26.027648456796467, 27.41464683313565, 6.373841427216575
0.0030151903807615218, 0.7632487666878562, 7.198236801919954E-4, 9.752688284654731, 0.00260026463987485, 26.86330668382635, 28.18815644330298, 6.374268173548745
0.0030219238476953893, 0.7649411434027397, 7.214311770120017E-4, 9.813152311333267, 0.0026205471649683393, 27.733686104519986, 28.994763730289264, 6.374694919880915
0.0030286573146292572, 0.7666335201176231, 7.230386738320079E-4, 9.873915417136264, 0.0026409610242879252, 28.64001108192653, 29.835625336286377, 6.375121666213086
0.0030353907815631248, 0.7683258968325066, 7.246461706520142E-4, 9.934978380649156, 0.0026615068518113993, 29.58353679780363, 30.711926572988716, 6.375548412545256
0.0030421242484969923, 0.77001827354739, 7.262536674720205E-4, 9.996341980457421, 0.0026821852831871804, 30.565549773469584, 31.624881897421613, 6.375975158877426
0.0030488577154308603, 0.7717106502622736, 7.278611642920269E-4, 10.058006995146577, 0.00270299695573432, 31.587368396754822, 32.57573539335028, 6.3764019052095975
0.0030555911823647286, 0.7734030269771572, 7.294686611120333E-4, 10.119974203302169, 0.0027239425084424904, 32.65034345386787, 33.56576125702832, 6.376828651541768
0.003062324649298596, 0.7750954036920407, 7.310761579320396E-4, 10.182244383509785, 0.0027450225819719972, 33.75585866682345, 34.596264287886164, 6.377255397873938
0.0030690581162324637, 0.7767877804069241, 7.326836547520459E-4, 10.244818314355049, 0.0027662378186537797, 34.905331236188886, 35.66858038405295, 6.3776821442061085
0.0030757915831663312, 0.7784801571218075, 7.342911515720522E-4, 10.307696774423631, 0.002787588862489403, 36.10021238957173, 36.78407704296806, 6.378108890538279
0.003082525050100199, 0.780168503855139, 7.358986483920585E-4, 10.370982796037708, 0.0028091516075375287, 37.341987935269486, 37.944153866641074, 6.37862580424223
0.0030892585170340667, 0.7818501339525504, 7.375061452120648E-4, 10.434746210383052, 0.0028309781209755205, 38.63217882170242, 39.15024307209391, 6.3792929968991485
0.0030959919839679347, 0.783531764049962, 7.391136420320712E-4, 10.498817775211013, 0.0028529442132218513, 39.972341702187585, 40.403810006517375, 6.379960189556067
0.003102725450901802, 0.7852133941473735, 7.407211388520775E-4, 10.563198269732702, 0.002875050541623107, 41.36406950531685, 41.70635366751693, 6.380627382212986
0.00310945891783567, 0.786895024244785, 7.423286356720838E-4, 10.627888473159398, 0.002897297765200613, 42.808992011057086, 43.059407228452265, 6.381294574869905
0.0031161923847695377, 0.7885766543421965, 7.4393613249209E-4, 10.692889164702514, 0.002919686544650425, 44.30877643237823, 44.4645385686979, 6.381961767526823
0.0031229258517034056, 0.790258284439608, 7.455436293120965E-4, 10.758201123573613, 0.002942217542343334, 45.86512800237102, 45.92335080883283, 6.382628960183742
0.003129659318637273, 0.7919399145370195, 7.471511261321027E-4, 10.823825128984396, 0.0029648914223248625, 47.47979056737653, 47.43748285123307, 6.383296152840661
0.003136392785571141, 0.7936215446344309, 7.48758622952109E-4, 10.889761960146714, 0.002987708850315271, 49.15454718538056, 49.008609925310054, 6.3839633454975795
0.003143126252505009, 0.7953031747318425, 7.503661197721154E-4, 10.956012396272563, 0.003010670493709562, 50.891220730579796, 50.63844413832072, 6.384630538154498
0.0031498597194388766, 0.7969848048292539, 7.519736165921217E-4, 11.02257721657407, 0.003033777021577466, 52.69167450328533, 52.32873503091964, 6.385297730811416
0.003156593186372744, 0.7986664349266654, 7.53581113412128E-4, 11.089457200263531, 0.003057029104663463, 54.55781284588352, 54.081270138150366, 6.385964923468335
0.0031633266533066117, 0.800348065024077, 7.551886102321343E-4, 11.156653126553367, 0.003080427415386773, 56.49158176448094, 55.89787555550873, 6.386632116125254
0.0031700601202404796, 0.8020296951214884, 7.567961070521406E-4, 11.224165774656154, 0.0031039726278413544, 58.49496955613816, 57.780416509946605, 6.387299308782173
0.003176793587174347, 0.8037113252188999, 7.584036038721469E-4, 11.291995923784608, 0.0031276654177959068, 60.57000744262562, 59.73079793683983, 6.387966501439092
0.0031835270541082147, 0.8053929553163113, 7.600111006921532E-4, 11.360144353151588, 0.00315150646269388, 62.71877020915501, 61.75096506123199, 6.38863369409601
0.0031902605210420826, 0.8070745854137229, 7.616185975121596E-4, 11.42861184197011, 0.0031754964416534706, 64.9433768498081, 63.84290398523577, 6.389300886752928
0.003196993987975951, 0.8087562155111344, 7.63226094332166E-4, 11.497399169453313, 0.0031996360354676137, 67.2459912181733, 66.00864227987496, 6.389968079409847
0.0032037274549098185, 0.8104378456085459, 7.648335911521723E-4, 11.5665071148145, 0.0032239259266039974, 69.62882268474834, 68.25024958324882, 6.390635272066766
0.003210460921843686, 0.8121194757059574, 7.664410879721786E-4, 11.635936457267102, 0.0032483667992050567, 72.0941267993945, 70.56983820292322, 6.391302464723685
0.0032171943887775536, 0.8138011058033688, 7.680485847921849E-4, 11.705687976024715, 0.003272959339087982, 74.64420596053782, 72.96956372454241, 6.391969657380603
0.0032239278557114216, 0.8154707186178431, 7.696560816121911E-4, 11.776035979778326, 0.003297914757370387, 77.28141009006958, 75.45162562548676, 6.392866448040111
0.003230661322645289, 0.8171317476587907, 7.712635784321974E-4, 11.846904848226666, 0.0033231761381488124, 80.00813731430044, 78.01826789387594, 6.393927237272899
0.003237394789579157, 0.8187927766997385, 7.728710752522038E-4, 11.918100444789289, 0.003348594478142414, 82.82683465108994, 80.67177965314916, 6.394988026505685
0.0032441282565130246, 0.8204538057406862, 7.744785720722101E-4, 11.98962355032169, 0.003374170481816371, 85.73999870278585, 83.41449579180119, 6.396048815738472
0.0032508617234468925, 0.8221148347816338, 7.760860688922164E-4, 12.061474945679958, 0.0033999048553215224, 88.75017635583434, 86.24879759910743, 6.397109604971259
0.00325759519038076, 0.8237758638225815, 7.776935657122227E-4, 12.13365541172076, 0.0034257983064943497, 91.85996548612735, 89.1771134059603, 6.398170394204046
0.003264328657314628, 0.8254368928635293, 7.793010625322291E-4, 12.20616572930135, 0.0034518515448570004, 95.07201567046087, 92.20191923109766, 6.399231183436832
0.0032710621242484955, 0.827097921904477, 7.809085593522354E-4, 12.279006679279545, 0.003478065281617281, 98.3890289045534, 95.325739433312, 6.40029197266962
0.0032777955911823635, 0.8287589509454245, 7.825160561722417E-4, 12.352179042513763, 0.0035044402296686653, 101.81376032697702, 98.55114736878805, 6.401352761902406
0.0032845290581162315, 0.8304199799863723, 7.841235529922481E-4, 12.425683599862998, 0.0035309771035903037, 105.3490189496298, 101.8807660544449, 6.402413551135193
0.003291262525050099, 0.83208100902732, 7.857310498122544E-4, 12.499521132186812, 0.003557676619647015, 108.99766839409021, 105.31726883634408, 6.40347434036798
0.0032979959919839665, 0.8337420380682676, 7.873385466322607E-4, 12.57369242034537, 0.0035845394957893075, 112.76262763470716, 108.86338006428478, 6.404535129600767
0.003304729458917834, 0.8354030671092153, 7.88946043452267E-4, 12.648198245199403, 0.003611566451653371, 116.64687174770545, 112.5218757716342, 6.405595918833553
0.003311462925851702, 0.837064096150163, 7.905535402722733E-4, 12.723039387610232, 0.00363875820856109, 120.65343266680969, 116.2955843610165, 6.406656708066341
0.0033181963927855695, 0.8387251251911106, 7.921610370922795E-4, 12.798216628439757, 0.0036661154895200414, 124.78539994524169, 120.18738729574793, 6.407717497299127
0.003324929859719437, 0.8403861542320583, 7.937685339122858E-4, 12.873730748550454, 0.003693639019223502, 129.0459215241144, 124.20021979689665, 6.408778286531914
0.003331663326653305, 0.842047183273006, 7.953760307322922E-4, 12.949582528805397, 0.0037213295240504586, 133.43820450693656, 128.337071545764, 6.409839075764701
0.0033383967935871734, 0.8437082123139538, 7.969835275522986E-4, 13.025772750068212, 0.0037491877320656, 137.96551594136716, 132.60098739300324, 6.4108998649974875
0.003345130260521041, 0.8453692413549014, 7.985910243723049E-4, 13.10230219320313, 0.0037772143730193312, 142.63118360653962, 136.9950680724797, 6.411960654230274
0.0033518637274549084, 0.8470302703958491, 8.001985211923112E-4, 13.179171639074958, 0.003805410178347782, 147.43859680747974, 141.52247092166508, 6.4130214434630615
0.003358597194388776, 0.8486912994367968, 8.018060180123175E-4, 13.256381868549083, 0.0038337758811727964, 152.39120717600758, 146.1864106076504, 6.414082232695848
0.003365330661322644, 0.8503241007862676, 8.034135148323238E-4, 13.33457015234628, 0.0038628235808533646, 157.49252947774244, 150.99015985868033, 6.415651230052702
0.0033720641282565115, 0.8519494737958763, 8.050210116523301E-4, 13.41327178278151, 0.0038921823552843285, 162.74614242644543, 155.93705020224598, 6.417353966389572
0.0033787975951903794, 0.853574846805485, 8.066285084723365E-4, 13.492320454912646, 0.0039217189911197724, 168.15568950432035, 161.03047270845252, 6.419056702726444
0.003385531062124247, 0.8552002198150936, 8.082360052923428E-4, 13.571716953995969, 0.003951434250653939, 173.7248797891947, 166.27387873948982, 6.420759439063315
0.003392264529058115, 0.8568255928247022, 8.098435021123491E-4, 13.65146206529021, 0.0039813288978965125, 179.457488788383, 171.670780705147, 6.422462175400186
0.0033989979959919824, 0.8584509658343108, 8.114509989323554E-4, 13.731556574056482, 0.004011403698572639, 185.35735927944572, 177.22475282444574, 6.424164911737057
0.00340573146292585, 0.8600763388439194, 8.130584957523617E-4, 13.812001265558308, 0.004041659420122948, 191.42840215702063, 182.93943189254895, 6.425867648073928
0.003412464929859718, 0.8617017118535281, 8.146659925723681E-4, 13.89279692506162, 0.004072096831703566, 197.67459728712896, 188.8185180545987, 6.427570384410799
0.003419198396793586, 0.8633270848631367, 8.162734893923743E-4, 13.973944337834746, 0.0041027167041861375, 204.099994367714, 194.86577558483265, 6.429273120747671
0.003425931863727454, 0.8649524578727454, 8.178809862123807E-4, 14.05544428914842, 0.00413351981015785, 210.70871379646405, 201.08503367241462, 6.430975857084542
0.0034326653306613213, 0.8665778308823541, 8.19488483032387E-4, 14.137297564275785, 0.004164506923921445, 217.50494754489816, 207.48018721270466, 6.432678593421413
0.003439398797595189, 0.8682032038919626, 8.210959798523933E-4, 14.21950494849238, 0.00419567882149524, 224.4929600396297, 214.0551976049057, 6.434381329758284
0.003446132264529057, 0.8698285769015712, 8.227034766723996E-4, 14.302067227076165, 0.004227036280613159, 231.6770890505175, 220.81409355603978, 6.436084066095155
0.0034528657314629244, 0.8714539499111799, 8.243109734924059E-4, 14.384985185307489, 0.0042585800807247295, 239.06174658543088, 227.7609718905556, 6.437786802432027
0.003459599198396792, 0.8730793229207885, 8.259184703124122E-4, 14.468259608469111, 0.004290311002995121, 246.65141979245084, 234.89999836678695, 6.439489538768897
0.0034663326653306594, 0.874704695930397, 8.275259671324185E-4, 14.5518912818462, 0.00432222983030516, 254.45067186828908, 242.23540849878086, 6.441192275105768
0.0034730661322645274, 0.8763300689400058, 8.291334639524249E-4, 14.635880990726326, 0.004354337347251342, 262.46414297435643, 249.7715083850466, 6.44289501144264
0.0034797995991983953, 0.8779554419496144, 8.307409607724312E-4, 14.72022952039945, 0.004386634340145853, 270.69655115952906, 257.51267554325153, 6.444597747779511
0.0034865330661322633, 0.879580814959223, 8.323484575924376E-4, 14.804937656157966, 0.004419121597016603, 279.1526932896805, 265.46335975085896, 6.4463004841163825
0.003493266533066131, 0.8812061879688317, 8.339559544124439E-4, 14.890006183296638, 0.004451799907607218, 287.8374459849472, 273.6280838927782, 6.448003220453253
0.0034999999999999983, 0.8828315609784403, 8.355634512324502E-4, 14.975435887112667, 0.004484670063377091, 296.7557665631889, 282.01144481445243, 6.449705956790124
