phi0, phi, rho, Z_fit_curve, F_ex_fit_per_V, mu_kT, PV_NkT, alpha
1.3999999999999996E-4, 0.03549362524571812, 3.342253804929801E-5, 1.0780603898497114, 3.0864170374351078E-6, -13.854233813075549, -4.355375059678684, 6.328739670781895
1.467334669338677E-4, 0.03720066635233613, 3.503003486930433E-5, 1.0805171873927835, 3.3653794811801868E-6, -13.46370297723623, -3.774014099154017, 6.3287657486165765
1.5346693386773545E-4, 0.03890770745895415, 3.663753168931065E-5, 1.0828866597220659, 3.6541666252995833E-6, -13.092063941273674, -3.245008382688065, 6.3287918264512575
1.6020040080160316E-4, 0.04061474856557216, 3.824502850931696E-5, 1.0851745182383326, 3.952549500419373E-6, -12.73863523186392, -2.7626772101361694, 6.328817904285939
1.669338677354709E-4, 0.04232178967219018, 3.985252532932328E-5, 1.0873866179793317, 4.260310779623196E-6, -12.40275271610985, -2.322190956981747, 6.328843982120621
1.7366733466933862E-4, 0.04402883077880819, 4.14600221493296E-5, 1.0895289382268452, 4.577245089686394E-6, -12.08376930080908, -1.9194084783228633, 6.328870059955302
1.8040080160320636E-4, 0.04573587188542621, 4.3067518969335916E-5, 1.0916075638691465, 4.903159284598719E-6, -11.781054634930605, -1.5507508732984954, 6.328896137789984
1.871342685370741E-4, 0.04744291299204422, 4.4675015789342234E-5, 1.0936286675030609, 5.237872682792642E-6, -11.493994815284115, -1.2131024523798553, 6.328922215624666
1.9386773547094184E-4, 0.04914995409866224, 4.628251260934855E-5, 1.09559849226007, 5.581217269465288E-6, -11.221992095366028, -0.9037322944552328, 6.328948293459347
2.0060120240480956E-4, 0.050856995205280246, 4.7890009429354864E-5, 1.0975233353410458, 5.93303786535361E-6, -10.964464597366272, -0.6202315564509352, 6.328974371294029
2.073346693386773E-4, 0.052564036311898266, 4.949750624936118E-5, 1.0994095322443929, 6.293192263293857E-6, -10.720846027319643, -0.3604629549974555, 6.329000449128711
2.1406813627254502E-4, 0.05427107741851628, 5.11050030693675E-5, 1.1012634416725404, 6.6615513338687156E-6, -10.49058539338602, -0.12251974063563734, 6.329026526963393
2.2080160320641276E-4, 0.05597811852513429, 5.271249988937382E-5, 1.1030914311019258, 7.037999101417734E-6, -10.273146727243146, 0.0953078612425525, 6.329052604798074
2.2753507014028047E-4, 0.0576851596317523, 5.431999670938013E-5, 1.1048998630017692, 7.422432791659337E-6, -10.068008808576183, 0.2945602889280861, 6.329078682632756
2.3426853707414822E-4, 0.059392200738370315, 5.592749352938645E-5, 1.1066950816871022, 7.814762852145677E-6, -9.874664892647933, 0.4766315530809133, 6.3291047604674375
2.4100200400801596E-4, 0.06109924184498833, 5.7534990349392766E-5, 1.1084834007917286, 8.214912946745126E-6, -9.692622440933734, 0.6427883401134935, 6.3291308383021185
2.477354709418837E-4, 0.06280628295160634, 5.9142487169399084E-5, 1.1102710913469154, 8.622819925320535E-6, -9.521402854805082, 0.7941860337861916, 6.3291569161368
2.5446893787575144E-4, 0.06451332405822435, 6.07499839894054E-5, 1.1120643704518294, 9.038433769745506E-6, -9.360541212245893, 0.9318822253739203, 6.329182993971482
2.612024048096192E-4, 0.06622036516484238, 6.235748080941172E-5, 1.1138693905218748, 9.461717517375227E-6, -9.209586007585495, 1.0568481651407071, 6.329209071806163
2.679358717434869E-4, 0.06792740627146038, 6.396497762941803E-5, 1.1156922291012745, 9.892647163062834E-6, -9.068098894232262, 1.1699785168405596, 6.329235149640845
2.7466933867735456E-4, 0.06963444737807839, 6.557247444942434E-5, 1.1175388792264027, 1.033121154078722E-5, -8.935654430391962, 1.2720997060259904, 6.329261227475527
2.8140280561122236E-4, 0.07134138730393055, 6.717997126943068E-5, 1.1194150376710752, 1.0777398571545304E-5, -8.811839827754767, 1.363977097285155, 6.329285317177565
2.8813627254509005E-4, 0.07304794274287238, 6.878746808943698E-5, 1.1213259061138334, 1.123118039111349E-5, -8.69625470313495, 1.4463211915749312, 6.329301851975556
2.948697394789578E-4, 0.07475449818181422, 7.03949649094433E-5, 1.1232779232139527, 1.1692632515699123E-5, -8.588510833047234, 1.519792999896582, 6.329318386773547
3.0160320641282553E-4, 0.07646105362075606, 7.200246172944962E-5, 1.1252766581608766, 1.2161793355583778E-5, -8.488231911203814, 1.5850087216569637, 6.329334921571538
3.083366733466933E-4, 0.0781676090596979, 7.360995854945593E-5, 1.1273275552535433, 1.2638713298066127E-5, -8.395053308916092, 1.6425438336383826, 6.32935145636953
3.15070140280561E-4, 0.07987416449863974, 7.521745536946225E-5, 1.1294359272942094, 1.3123454487773855E-5, -8.308621838385061, 1.6929366773931245, 6.329367991167521
3.2180360721442876E-4, 0.08158071993758156, 7.682495218946857E-5, 1.1316069494432304, 1.3616090593370357E-5, -8.228595518864287, 1.7366916181811092, 6.329384525965512
3.285370741482965E-4, 0.08328727537652342, 7.843244900947489E-5, 1.1338456535226267, 1.4116706561531988E-5, -8.154643345679663, 1.77428183658255, 6.329401060763503
3.3527054108216424E-4, 0.08499383081546524, 8.003994582948121E-5, 1.136156922756423, 1.4625398359049204E-5, -8.086445062089776, 1.8061518040981004, 6.329417595561494
3.42004008016032E-4, 0.08670038625440708, 8.164744264948753E-5, 1.1385454869359144, 1.5142272703882838E-5, -8.02369093397091, 1.8327194859688143, 6.329434130359485
3.487374749498997E-4, 0.08840694169334892, 8.325493946949384E-5, 1.1410159179981576, 1.566744678598464E-5, -7.966081527310737, 1.8543783077727414, 6.329450665157476
3.554709418837674E-4, 0.09011349713229076, 8.486243628950016E-5, 1.1435726260061734, 1.62010479786703E-5, -7.913327488494667, 1.8714989168171123, 6.3294671999554675
3.6220440881763516E-4, 0.0918200525712326, 8.646993310950648E-5, 1.1462198555194638, 1.6743213541311013E-5, -7.865149327368854, 1.8844307647341476, 6.329483734753459
3.689378757515029E-4, 0.09352660801017444, 8.80774299295128E-5, 1.148961682343642, 1.7294090314089467E-5, -7.821277203063808, 1.8935035338347694, 6.32950026955145
3.756713426853706E-4, 0.09523316344911627, 8.96849267495191E-5, 1.1518020106481035, 1.7853834405544774E-5, -7.781450712562728, 1.8990284265421646, 6.329516804349441
3.8240480961923833E-4, 0.09693971888805811, 9.129242356952542E-5, 1.1547445704408352, 1.8422610873611092E-5, -7.745418681998416, 1.90129933450785, 6.329533339147432
3.891382765531061E-4, 0.09864627432699996, 9.289992038953175E-5, 1.1577929153896063, 1.9000593400833792E-5, -7.712938960662923, 1.9005939017158282, 6.329549873945424
3.9587174348697376E-4, 0.10035282976594176, 9.450741720953804E-5, 1.1609504209789439, 1.958796396442788E-5, -7.68377821771371, 1.8971744939365849, 6.329566408743415
4.026052104208415E-4, 0.1020593852048836, 9.611491402954436E-5, 1.1642202829924375, 2.0184912501823392E-5, -7.657711741560586, 1.8912890852396667, 6.329582943541406
4.0933867735470924E-4, 0.10376594064382544, 9.772241084955068E-5, 1.1676055163100891, 2.079163657232311E-5, -7.634523241917216, 1.8831720708669037, 6.329599478339397
4.16072144288577E-4, 0.10547249608276729, 9.9329907669557E-5, 1.1711089540105488, 2.1408341015479275E-5, -7.614004654501217, 1.8730450145655844, 6.329616013137389
4.2280561122244484E-4, 0.10717932433438719, 1.0093740448956334E-4, 1.1747347910424253, 2.2035393481804558E-5, -7.595955948367066, 1.8611173374503733, 6.3296426300337325
4.295390781563124E-4, 0.10888653452375631, 1.0254490130956963E-4, 1.1784861967343345, 2.2673091706079333E-5, -7.58018493585537, 1.847586954579108, 6.3296833618677715
4.3627254509018016E-4, 0.11059374471312546, 1.0415239812957595E-4, 1.1823633287438002, 2.3321449536998496E-5, -7.5665070851431375, 1.8326408646640469, 6.3297240937018096
4.430060120240479E-4, 0.1123009549024946, 1.0575989494958227E-4, 1.1863682897206884, 2.398069804341087E-5, -7.554745335378253, 1.8164556976844906, 6.329764825535848
4.4973947895791564E-4, 0.11400816509186375, 1.0736739176958859E-4, 1.1905030002533596, 2.465107383702954E-5, -7.544729914382858, 1.7991982245958316, 6.329805557369887
4.564729458917834E-4, 0.1157153752812329, 1.0897488858959491E-4, 1.194769199595495, 2.533281872282519E-5, -7.53629815890942, 1.781025832837504, 6.329846289203925
4.6320641282565113E-4, 0.11742258547060204, 1.1058238540960123E-4, 1.1991684466309245, 2.6026179349873553E-5, -7.529294337433083, 1.7620869709137774, 6.329887021037964
4.6993987975951887E-4, 0.11912979565997117, 1.1218988222960754E-4, 1.2037021210674839, 2.6731406863120142E-5, -7.523569475465048, 1.742521564946423, 6.329927752872002
4.766733466933866E-4, 0.12083700584934032, 1.1379737904961386E-4, 1.208371424851072, 2.7448756556509754E-5, -7.518981183370246, 1.7224614097735707, 6.32996848470604
4.8340681362725436E-4, 0.12254421603870946, 1.1540487586962018E-4, 1.213177383791209, 2.817848752791158E-5, -7.515393486673856, 1.7020305368828104, 6.330009216540079
4.901402805611221E-4, 0.12425142622807861, 1.170123726896265E-4, 1.2181208493895588, 2.892086233625432E-5, -7.512676658840241, 1.6813455612172785, 6.330049948374117
4.968737474949898E-4, 0.12595863641744776, 1.1861986950963282E-4, 1.2232025008629899, 2.967614666127048E-5, -7.5107070565087595, 1.6605160086734387, 6.330090680208155
5.036072144288576E-4, 0.1276658466068169, 1.2022736632963914E-4, 1.228422847352915, 3.044460896623285E-5, -7.50936695716985, 1.6396446259168753, 6.330131412042194
5.103406813627253E-4, 0.12937305679618605, 1.2183486314964545E-4, 1.23378223031277, 3.1226520164050656E-5, -7.50854439926606, 1.6188276739714944, 6.330172143876232
5.170741482965931E-4, 0.1310802669855552, 1.2344235996965177E-4, 1.2392808260656365, 3.202215328707891E-5, -7.508133024701364, 1.598155206888079, 6.330212875710271
5.238076152304608E-4, 0.13278747717492434, 1.250498567896581E-4, 1.2449186485241501, 3.283178316097771E-5, -7.508031923743496, 1.5777113366644013, 6.330253607544309
5.305410821643286E-4, 0.13449468736429349, 1.266573536096644E-4, 1.250695552064964, 3.365568608294584E-5, -7.508145482302457, 1.5575744854728757, 6.330294339378347
5.372745490981962E-4, 0.1362018975536626, 1.282648504296707E-4, 1.2566112345501828, 3.449413950463621E-5, -7.508383231569724, 1.5378176261457779, 6.330335071212386
5.440080160320638E-4, 0.13790910774303175, 1.2987234724967702E-4, 1.2626652404883063, 3.5347421720049146E-5, -7.508659700002413, 1.5185085117759003, 6.330375803046424
5.507414829659317E-4, 0.13961631793240092, 1.3147984406968336E-4, 1.2688569643273615, 3.621581155868341E-5, -7.508894267635628, 1.4997098952087284, 6.330416534880463
5.574749498997993E-4, 0.14132352812177004, 1.3308734088968965E-4, 1.2751856538730206, 3.709958808421231E-5, -7.509011022707447, 1.4814797391276613, 6.330457266714501
5.64208416833667E-4, 0.1430303202678398, 1.3469483770969597E-4, 1.2816499421381282, 3.7998966765197564E-5, -7.508938620580791, 1.463871417368008, 6.330495691465237
5.709418837675348E-4, 0.14473686158792992, 1.363023345297023E-4, 1.288248968386065, 3.891424769811761E-5, -7.508610144945637, 1.4469339080380137, 6.330532731965992
5.776753507014025E-4, 0.14644340290802005, 1.379098313497086E-4, 1.2949818417792254, 3.984574602848905E-5, -7.507962971285735, 1.4307119789714895, 6.330569772466746
5.844088176352703E-4, 0.1481499442281102, 1.3951732816971493E-4, 1.3018472599898618, 4.079373877549831E-5, -7.506938632594268, 1.4152463659894179, 6.330606812967501
5.91142284569138E-4, 0.14985648554820033, 1.4112482498972124E-4, 1.308843792770746, 4.1758501777185695E-5, -7.505482687321785, 1.4005739444070842, 6.330643853468255
5.978757515030058E-4, 0.15156302686829046, 1.4273232180972756E-4, 1.3159698859794644, 4.274030942714807E-5, -7.5035445895407715, 1.386727894183527, 6.33068089396901
6.046092184368735E-4, 0.15326956818838058, 1.4433981862973388E-4, 1.3232238656809698, 4.373943441827447E-5, -7.501077561311067, 1.37373785907679, 6.330717934469765
6.113426853707412E-4, 0.1549761095084707, 1.459473154497402E-4, 1.3306039423222182, 4.475614749368125E-5, -7.498038467229295, 1.3616301001384, 6.330754974970519
6.18076152304609E-4, 0.15668265082856084, 1.4755481226974652E-4, 1.3381082149728372, 4.579071720500131E-5, -7.49438769114743, 1.3504276438506424, 6.330792015471274
6.248096192384767E-4, 0.158389192148651, 1.4916230908975284E-4, 1.345734675625921, 4.68434096781707E-5, -7.490089015043869, 1.340150425187269, 6.330829055972028
6.315430861723445E-4, 0.16009573346874112, 1.5076980590975915E-4, 1.3534812135531151, 4.7914488386845575E-5, -7.485109500030641, 1.3308154258549076, 6.330866096472783
6.382765531062122E-4, 0.16180227478883125, 1.5237730272976547E-4, 1.3613456197083453, 4.900421393357054E-5, -7.479419369481578, 1.3224368079510855, 6.330903136973538
6.4501002004008E-4, 0.16350881610892137, 1.539847995497718E-4, 1.3693255911745996, 5.011284383880987E-5, -7.4729918942651885, 1.3150260432570278, 6.330940177474292
6.517434869739476E-4, 0.16521535742901147, 1.5559229636977808E-4, 1.3774187356483445, 5.124063233794083E-5, -7.465803280065443, 1.3085920383672363, 6.330977217975047
6.584769539078154E-4, 0.16692189874910163, 1.5719979318978443E-4, 1.3856225759562282, 5.2387830186300826E-5, -7.457832556776058, 1.3031412558400013, 6.331014258475801
6.652104208416831E-4, 0.16862844006919175, 1.5880729000979072E-4, 1.393934554598885, 5.3554684472367066E-5, -7.44906146995031, 1.2986778315428942, 6.331051298976556
6.719438877755509E-4, 0.1703349813892819, 1.6041478682979706E-4, 1.4023520383167378, 5.47414384391404E-5, -7.439474374292417, 1.2952036883501745, 6.3310883394773105
6.786773547094186E-4, 0.172041522709372, 1.6202228364980335E-4, 1.4108723226728235, 5.5948331313792584E-5, -7.429058129172609, 1.2927186463421365, 6.331125379978065
6.854108216432863E-4, 0.17374806402946213, 1.6362978046980967E-4, 1.4194926366477922, 5.7175598145630174E-5, -7.417801996151465, 1.2912205296415595, 6.33116242047882
6.92144288577154E-4, 0.17545460534955226, 1.65237277289816E-4, 1.4282101472423203, 5.842346965241556E-5, -7.4056975384962, 1.2907052700165558, 6.331199460979574
6.988777555110218E-4, 0.1771611466696424, 1.668447741098223E-4, 1.437021964082315, 5.969217207507926E-5, -7.392738522674164, 1.2911670073672383, 6.331236501480329
7.056112224448896E-4, 0.1788683885784168, 1.6845227092982865E-4, 1.4459248541141683, 6.0981878205149685E-5, -7.3789208218060605, 1.292598187208827, 6.331272408438277
7.123446893787572E-4, 0.180575770604928, 1.7005976774983494E-4, 1.4549160518513584, 6.229284193470913E-5, -7.364242321064487, 1.2949896552525937, 6.331308088687665
7.190781563126249E-4, 0.1822831526314392, 1.7166726456984126E-4, 1.4639925798148883, 6.362528483610413E-5, -7.348702825000662, 1.2983307491832543, 6.331343768937052
7.258116232464926E-4, 0.18399053465795046, 1.7327476138984758E-4, 1.47315136408325, 6.497941392646177E-5, -7.332303966783742, 1.3026093877226474, 6.33137944918644
7.325450901803604E-4, 0.18569791668446167, 1.748822582098539E-4, 1.482389296273634, 6.635543114606477E-5, -7.315049119336568, 1.3078121570649972, 6.331415129435828
7.392785571142281E-4, 0.1874052987109729, 1.7648975502986022E-4, 1.4917032380727824, 6.77535332636315E-5, -7.2969433083521995, 1.313924394763514, 6.331450809685215
7.460120240480959E-4, 0.1891126807374841, 1.7809725184986654E-4, 1.5010900257412765, 6.917391178998645E-5, -7.277993127174921, 1.320930271143261, 6.331486489934603
7.527454909819636E-4, 0.19082006276399532, 1.7970474866987285E-4, 1.5105464745875152, 7.061675290008749E-5, -7.258206653529442, 1.3288128683119487, 6.331522170183991
7.594789579158312E-4, 0.1925274447905065, 1.8131224548987915E-4, 1.5200693834077117, 7.208223736337493E-5, -7.237593368083104, 1.3375542568338534, 6.331557850433378
7.662124248496991E-4, 0.19423482681701779, 1.829197423098855E-4, 1.529655538888374, 7.357054048239392E-5, -7.21616407482447, 1.3471355701311778, 6.331593530682766
7.729458917835667E-4, 0.19594220884352898, 1.8452723912989178E-4, 1.5393017199677888, 7.508183203963971E-5, -7.1939308232424946, 1.3575370766716481, 6.331629210932153
7.796793587174346E-4, 0.19764959087004022, 1.8613473594989813E-4, 1.5490047021532143, 7.661627625256686E-5, -7.170906832289746, 1.3687382499997773, 6.331664891181541
7.864128256513023E-4, 0.19935697289655144, 1.8774223276990445E-4, 1.5587612617904734, 7.817403173669568E-5, -7.147106416114899, 1.3807178366638717, 6.331700571430929
7.9314629258517E-4, 0.20106435492306263, 1.8934972958991074E-4, 1.5685681802828393, 7.975525147674723E-5, -7.122544911547168, 1.3934539220910147, 6.331736251680316
7.998797595190378E-4, 0.2027717369495739, 1.9095722640991708E-4, 1.5784222482561898, 8.136008280572635E-5, -7.097238607317726, 1.4069239944572578, 6.331771931929704
8.066132264529054E-4, 0.2044791189760851, 1.9256472322992337E-4, 1.5883202696674046, 8.298866739187103E-5, -7.071204675001183, 1.421105006600311, 6.331807612179092
8.133466933867733E-4, 0.20618650100259633, 1.9417222004992972E-4, 1.5982590658532552, 8.46411412333791E-5, -7.044461101662017, 1.4359734360173377, 6.331843292428479
8.200801603206409E-4, 0.20789388302910752, 1.95779716869936E-4, 1.6082354795169462, 8.631763466081711E-5, -7.017026624188905, 1.4515053429914626, 6.331878972677867
8.268136272545087E-4, 0.20960126505561874, 1.9738721368994233E-4, 1.6182463786497305, 8.80182723471111E-5, -6.988920665302763, 1.4676764268845335, 6.331914652927255
8.335470941883765E-4, 0.21130864708212999, 1.9899471050994867E-4, 1.628288660384958, 8.974317332501584E-5, -6.96016327121958, 1.4844620806387312, 6.331950333176642
8.402805611222442E-4, 0.213015971864385, 2.0060220732995496E-4, 1.6383594409000461, 9.149248834760878E-5, -6.930775050955298, 1.5018374435190875, 6.331986624380448
8.470140280561119E-4, 0.21472198002874804, 2.0220970414996128E-4, 1.6484598188353614, 9.326716166557341E-5, -6.900777117254328, 1.5197774521363472, 6.332036967535895
8.537474949899796E-4, 0.21642798819311107, 2.038172009699676E-4, 1.658582554815355, 9.50664509141139E-5, -6.870191029127182, 1.5382568897816338, 6.332087310691342
8.604809619238473E-4, 0.2181339963574741, 2.0542469778997392E-4, 1.6687246996504916, 9.689045323201313E-5, -6.839038735979874, 1.55725043410778, 6.332137653846789
8.67214428857715E-4, 0.2198400045218371, 2.0703219460998024E-4, 1.6788833514676873, 9.873926031338626E-5, -6.8073425233203135, 1.5767327031872904, 6.332187997002235
8.739478957915828E-4, 0.22154601268620014, 2.0863969142998655E-4, 1.6890556591106587, 1.0061295846753944E-4, -6.775124960025348, 1.5966782999782692, 6.332238340157682
8.806813627254505E-4, 0.22325202085056317, 2.1024718824999287E-4, 1.699238825457392, 1.0251162868544093E-4, -6.7424088471517605, 1.6170618552282923, 6.332288683313128
8.874148296593182E-4, 0.2249580290149262, 2.118546850699992E-4, 1.7094301106529217, 1.0443534671266155E-4, -6.7092171682762345, 1.6378580688438074, 6.332339026468575
8.94148296593186E-4, 0.22666403717928924, 2.134621818900055E-4, 1.719626835255639, 1.0638418312864418E-4, -6.67557304134744, 1.6590417497540106, 6.332389369624021
9.008817635270536E-4, 0.2283700453436522, 2.150696787100118E-4, 1.7298263832955556, 1.0835820343215291E-4, -6.641499672035371, 1.680587854294443, 6.332439712779467
9.076152304609215E-4, 0.23007605350801527, 2.1667717553001815E-4, 1.7400262052428017, 1.10357468132752E-4, -6.60702030855981, 1.7024715231388636, 6.332490055934914
9.143486973947892E-4, 0.2317820616723783, 2.1828467235002446E-4, 1.75022382088507, 1.1238203284815847E-4, -6.572158197984693, 1.7246681168022935, 6.332540399090361
9.21082164328657E-4, 0.2334880698367413, 2.1989216917003078E-4, 1.7604168221123444, 1.1443194840731684E-4, -6.5369365439603735, 1.747153249741527, 6.332590742245808
9.278156312625247E-4, 0.23519407800110434, 2.214996659900371E-4, 1.7706028756078949, 1.1650726095902716E-4, -6.501378465897544, 1.7699028230778573, 6.332641085401254
9.345490981963923E-4, 0.23690008616546734, 2.231071628100434E-4, 1.7807797254439828, 1.1860801208597438E-4, -6.465506959559701, 1.7928930559621916, 6.332691428556701
9.412825651302602E-4, 0.2386060943298304, 2.2471465963004974E-4, 1.790945195581372, 1.2073423892398592E-4, -6.429344859053868, 1.8161005156108316, 6.332741771712147
9.480160320641278E-4, 0.2403121024941934, 2.2632215645005603E-4, 1.8010971922714063, 1.228859742863527E-4, -6.392914800207159, 1.8395021460294696, 6.332792114867594
9.547494989979956E-4, 0.2420181106585564, 2.2792965327006235E-4, 1.811233706359738, 1.2506324679304422E-4, -6.356239185311521, 1.8630752954504233, 6.33284245802304
9.614829659318634E-4, 0.24372411882291947, 2.295371500900687E-4, 1.8213528154907215, 1.272660810046455E-4, -6.319340149220164, 1.8867977425041174, 6.332892801178487
9.68216432865731E-4, 0.24543012698728248, 2.3114464691007498E-4, 1.8314526862116571, 1.2949449756084104E-4, -6.282239526782483, 1.9106477211436748, 6.3329431443339335
9.749498997995988E-4, 0.2471361351516455, 2.327521437300813E-4, 1.8415315759761526, 1.3174851332327175E-4, -6.244958821596789, 1.9346039443482346, 6.33299348748938
9.816833667334664E-4, 0.24884214362360452, 2.3435964055008762E-4, 1.8515883880231476, 1.3402827111815165E-4, -6.2075191760698, 1.9586456266198098, 6.333045383874743
9.884168336673342E-4, 0.2505481530183515, 2.3596713737009394E-4, 1.8616226921880215, 1.3633404881799966E-4, -6.169941342762309, 1.9827525052988644, 6.333101939949857
9.951503006012021E-4, 0.25225416241309845, 2.3757463419010028E-4, 1.8716313821202117, 1.3866546953050066E-4, -6.132245657010949, 2.006904860711724, 6.3331584960249705
0.0010018837675350696, 0.25396017180784536, 2.3918213101010657E-4, 1.8816130968921516, 1.4102253666193812E-4, -6.094452010801968, 2.031083535178729, 6.333215052100084
0.0010086172344689374, 0.2556661812025923, 2.407896278301129E-4, 1.8915665749637132, 1.4340525061415423E-4, -6.056579827888355, 2.0552699508928156, 6.333271608175198
0.0010153507014028051, 0.2573721905973393, 2.423971246501192E-4, 1.901490655567921, 1.4581360894985905E-4, -6.018648040130579, 2.0794461266929116, 6.333328164250311
0.0010220841683366729, 0.25907819999208626, 2.4400462147012553E-4, 1.9113842799925744, 1.4824760656104052E-4, -5.980675065046871, 2.1035946937477994, 6.333384720325425
0.0010288176352705406, 0.2607842093868332, 2.4561211829013185E-4, 1.9212464927572923, 1.507072358402908E-4, -5.942678784553595, 2.1276989101727004, 6.3334412764005386
0.0010355511022044086, 0.2624902187815802, 2.472196151101382E-4, 1.9310764426860925, 1.531924868548573E-4, -5.904676524883668, 2.151742674592713, 6.333497832475652
0.001042284569138276, 0.26419622817632715, 2.488271119301445E-4, 1.940873383875276, 1.5570334752324131E-4, -5.866685037666257, 2.1757105386711677, 6.333554388550765
0.001049018036072144, 0.2659022375710741, 2.5043460875015083E-4, 1.95063667655678, 1.5823980379415015E-4, -5.828720482148977, 2.1995877186243113, 6.333610944625879
0.0010557515030060116, 0.26760824696582103, 2.520421055701571E-4, 1.960365787856914, 1.608018398276124E-4, -5.7907984085489685, 2.223360105737166, 6.333667500700993
0.0010624849699398793, 0.26931425636056794, 2.536496023901634E-4, 1.970060292450774, 1.6338943817807767E-4, -5.752933742519129, 2.2470142758945606, 6.333724056776107
0.001069218436873747, 0.27102026575531496, 2.5525709921016976E-4, 1.9797198731124406, 1.6600257997930693E-4, -5.715140770705448, 2.270537498154996, 6.3337806128512195
0.0010759519038076148, 0.27272627515006187, 2.5686459603017605E-4, 1.989344321161288, 1.6864124513086342E-4, -5.6774331273903975, 2.2939177423701866, 6.333837168926333
0.0010826853707414826, 0.2744322845448089, 2.584720928501824E-4, 1.998933536804654, 1.7130541248602658E-4, -5.639823782196719, 2.3171436858797727, 6.333893725001447
0.0010894188376753505, 0.27613829393955586, 2.6007958967018874E-4, 2.0084875293773443, 1.7399506004093276E-4, -5.602325028842253, 2.340204719289376, 6.333950281076561
0.001096152304609218, 0.27784430333430277, 2.6168708649019503E-4, 2.0180064174784453, 1.7671016512475307E-4, -5.564948474925566, 2.3630909513535525, 6.334006837151675
0.001102885771543086, 0.2795503127290498, 2.632945833102014E-4, 2.027490429005803, 1.7945070459074108E-4, -5.52770503272844, 2.3857932129782267, 6.334063393226788
0.0011096192384769535, 0.2812563221237967, 2.6490208013020766E-4, 2.036939901088919, 1.8221665500793945E-4, -5.490604911019079, 2.4083030603581435, 6.334119949301901
0.001116352705410821, 0.2829623315185436, 2.6650957695021396E-4, 2.046355279920813, 1.8500799285337737E-4, -5.453657607839828, 2.4306127772673003, 6.334176505377015
0.001123086172344689, 0.28466872893068124, 2.681170737702203E-4, 2.0557371112488054, 1.8782469222700194E-4, -5.416871904262948, 2.4527153765171588, 6.334233038773025
0.0011298196392785565, 0.2863755849088259, 2.697245705902266E-4, 2.065086056630813, 1.9066672945402212E-4, -5.380255859098524, 2.4746046006002014, 6.334289545366459
0.0011365531062124245, 0.28808244088697066, 2.7133206741023294E-4, 2.074402898296635, 1.9353408478254576E-4, -5.343816804539657, 2.496274921532702, 6.334346051959892
0.001143286573146292, 0.28978929686511534, 2.7293956423023923E-4, 2.083688515016028, 1.9642673624568172E-4, -5.307561342727891, 2.517721539913123, 6.334402558553326
0.00115002004008016, 0.2914961528432601, 2.745470610502456E-4, 2.092943892291751, 1.9934466274641575E-4, -5.27149534322247, 2.5389403832143134, 6.33445906514676
0.0011567535070140275, 0.29320300882140476, 2.7615455787025186E-4, 2.1021701216015454, 2.0228784424890274E-4, -5.235623941357332, 2.5599281033223, 6.334515571740193
0.0011634869739478952, 0.29490986479954945, 2.7776205469025816E-4, 2.1113683995448893, 2.052562619689878E-4, -5.199951537473719, 2.5806820733363796, 6.334572078333626
0.001170220440881763, 0.2966167207776942, 2.793695515102645E-4, 2.1205400268958496, 2.0824989856376623E-4, -5.164481797005429, 2.601200383650519, 6.33462858492706
0.001176953907815631, 0.2983235767558389, 2.8097704833027085E-4, 2.1296864075627897, 2.1126873832002786E-4, -5.129217651406022, 2.6214818373281656, 6.334685091520494
0.0011836873747494985, 0.3000304327339836, 2.8258454515027714E-4, 2.138809047456519, 2.1431276734139903E-4, -5.0941612999012635, 2.6415259447848487, 6.3347415981139275
0.0011904208416833662, 0.3017372887121283, 2.8419204197028343E-4, 2.147909553267665, 2.1738197373401833E-4, -5.059314212048359, 2.6613329177979184, 6.334798104707361
0.0011971543086172337, 0.303444144690273, 2.857995387902897E-4, 2.1569896311548273, 2.204763477905836E-4, -5.024677131089512, 2.680903662853994, 6.334854611300795
0.001203887775551102, 0.3051510006684178, 2.874070356102961E-4, 2.1660510853445882, 2.2359588217259573E-4, -4.990250078079553, 2.7002397738536117, 6.334911117894228
0.0012106212424849694, 0.3068578566465625, 2.890145324303024E-4, 2.1750958166449914, 2.2674057209063066E-4, -4.956032356775684, 2.7193435241856356, 6.334967624487661
0.0012173547094188372, 0.3085647126247072, 2.906220292503087E-4, 2.184125820873487, 2.2991041548250495E-4, -4.922022559271872, 2.738217858185852, 6.335024131081095
0.001224088176352705, 0.31027156860285193, 2.9222952607031505E-4, 2.193143187201138, 2.3310541318914156E-4, -4.888218572358863, 2.756866381999158, 6.335080637674529
0.0012308216432865727, 0.3119784245809966, 2.9383702289032134E-4, 2.202150096414404, 2.3632556912799973E-4, -4.854617584601605, 2.775293353852826, 6.3351371442679625
0.0012375551102204404, 0.31368528055914136, 2.954445197103277E-4, 2.2111488190958997, 2.3957089046390832E-4, -4.821216094107356, 2.793503673764982, 6.335193650861396
0.0012442885771543081, 0.31539213653728604, 2.97052016530334E-4, 2.2201417137259503, 2.4284138777715843E-4, -4.788009916978258, 2.8115028726954967, 6.335250157454829
0.0012510220440881759, 0.3170989925154308, 2.986595133503403E-4, 2.229131224706245, 2.461370752286877E-4, -4.754994196426935, 2.8292971011576347, 6.335306664048263
0.0012577555110220434, 0.31880584849357546, 3.002670101703466E-4, 2.2381198803074955, 2.494579707222295E-4, -4.722163412539614, 2.846893117306245, 6.335363170641696
0.0012644889779559112, 0.3205121950038162, 3.018745069903529E-4, 2.247119305931184, 2.5280681757927306E-4, -4.689511392673907, 2.864298274513755, 6.335439321791733
0.0012712224448897791, 0.32221828678010517, 3.034820038103593E-4, 2.256127803966381, 2.5618235371331854E-4, -4.6570313224698685, 2.8815205084532947, 6.335525295220071
0.0012779559118236469, 0.32392437855639394, 3.050895006303656E-4, 2.265143657660195, 2.595832636231489E-4, -4.6247157574651965, 2.898568323698333, 6.335611268648409
0.0012846893787575144, 0.3256304703326828, 3.066969974503719E-4, 2.2741697087815385, 2.630095824398286E-4, -4.592556635291453, 2.9154507798592517, 6.335697242076748
0.0012914228456913821, 0.3273365621089716, 3.083044942703782E-4, 2.283208871623974, 2.664613497974295E-4, -4.560545288439113, 2.932177477268922, 6.335783215505086
0.0012981563126252499, 0.3290426538852605, 3.099119910903845E-4, 2.2922641305328977, 2.699386099739921E-4, -4.528672457576735, 2.9487585422291502, 6.335869188933424
0.0013048897795591176, 0.3307487456615493, 3.115194879103908E-4, 2.301338537368914, 2.734414120285075E-4, -4.496928305407391, 2.9652046118356865, 6.335955162361762
0.0013116232464929854, 0.33245483743783816, 3.1312698473039716E-4, 2.3104352089095093, 2.7696980993377674E-4, -4.4653024310408505, 2.98152681839884, 6.3360411357901
0.0013183567134268533, 0.33416092921412704, 3.147344815504035E-4, 2.3195573241907645, 2.8052386270504626E-4, -4.433783884873832, 2.997736773469508, 6.336127109218438
0.0013250901803607208, 0.3358670209904159, 3.163419783704098E-4, 2.3287081217914607, 2.8410363452428507E-4, -4.4023611839590115, 3.0138465514854915, 6.336213082646776
0.0013318236472945886, 0.3375731127667047, 3.179494751904161E-4, 2.33789089706079, 2.8770919486001325E-4, -4.371022327843137, 3.029868673057913, 6.336299056075115
0.0013385571142284563, 0.3392792045429936, 3.1955697201042243E-4, 2.347108999292823, 2.9134061858255363E-4, -4.339754814864489, 3.045816087905391, 6.336385029503453
0.0013452905811623243, 0.3409852963192824, 3.211644688304288E-4, 2.3563658288487144, 2.9499798607460383E-4, -4.308545658890855, 3.061702157453573, 6.336471002931791
0.0013520240480961918, 0.34269138809557126, 3.2277196565043507E-4, 2.3656648342295528, 2.986813833370273E-4, -4.277381406477814, 3.077540637118575, 6.336556976360129
0.0013587575150300595, 0.3443974798718601, 3.2437946247044136E-4, 2.3750095091011194, 3.0239090208978735E-4, -4.24624815444183, 3.0933456582776793, 6.336642949788467
0.0013654909819639273, 0.346103571648149, 3.259869592904477E-4, 2.3844033892737935, 3.0612663986788143E-4, -4.215131567819215, 3.1091317099570484, 6.336728923216805
0.001372224448897795, 0.34780966342443775, 3.27594456110454E-4, 2.393850049638735, 3.0988870011222023E-4, -4.184016898204324, 3.1249136202372076, 6.336814896645143
0.0013789579158316626, 0.3495157552007266, 3.292019529304603E-4, 2.4033531010628337, 3.1367719225536045E-4, -4.152889002452165, 3.1407065373937293, 6.336900870073482
0.0013856913827655307, 0.35122184697701553, 3.308094497504667E-4, 2.412916187245198, 3.1749223180199877E-4, -4.121732361716508, 3.156525910798281, 6.33698684350182
0.0013924248496993983, 0.35292793875330436, 3.32416946570473E-4, 2.422542981536234, 3.2133394040414305E-4, -4.090531100823388, 3.17238747157888, 6.337072816930158
0.001399158316633266, 0.3546340305295932, 3.3402444339047927E-4, 2.432237183723054, 3.2520244593090236E-4, -4.05926900795391, 3.188307213064448, 6.337158790358496
0.0014058917835671335, 0.35633990814459043, 3.3563194021048556E-4, 2.4420019243819384, 3.2909768370440416E-4, -4.027929554626946, 3.2043013710186323, 6.337243603441451
0.0014126252505010013, 0.3580457551651175, 3.372394370304919E-4, 2.451841448058523, 3.3301996053713615E-4, -3.996495915953697, 3.220386403695099, 6.337328250760781
0.0014193587174348692, 0.3597516021856446, 3.3884693385049825E-4, 2.4617595984690546, 3.369694514134393E-4, -3.9649509911696517, 3.2365789716994735, 6.337412898080111
0.0014260921843687368, 0.3614574492061716, 3.4045443067050454E-4, 2.4717601483858105, 3.4094630962668737E-4, -3.9332774244007305, 3.2528959177070416, 6.337497545399441
0.0014328256513026047, 0.3631632962266987, 3.420619274905109E-4, 2.4818468805050604, 3.4495069495297853E-4, -3.90145762567418, 3.2693542460171363, 6.337582192718771
0.0014395591182364722, 0.36486914324722575, 3.436694243105172E-4, 2.49202358407349, 3.489827736871711E-4, -3.869473792135867, 3.2859711019859237, 6.337666840038101
0.00144629258517034, 0.36657499026775275, 3.4527692113052347E-4, 2.502294051495576, 3.530427186731127E-4, -3.8373079294741417, 3.3027637513332473, 6.337751487357431
0.0014530260521042077, 0.36828083728827987, 3.468844179505298E-4, 2.5126620749260136, 3.571307093280137E-4, -3.804941873527514, 3.3197495593449666, 6.337836134676761
0.0014597595190380757, 0.36998668430880693, 3.4849191477053616E-4, 2.523131442847871, 3.6124693166091505E-4, -3.772357312056895, 3.3369459699883075, 6.3379207819960905
0.0014664929859719432, 0.371692531329334, 3.5009941159054245E-4, 2.533705936639975, 3.6539157828521367E-4, -3.739535806672608, 3.354370484948278, 6.33800542931542
0.001473226452905811, 0.373398378349861, 3.5170690841054874E-4, 2.5443893271352915, 3.6956484842524376E-4, -3.7064588149006923, 3.372040642599295, 6.33809007663475
0.0014799599198396787, 0.37510422537038807, 3.533144052305551E-4, 2.555185371173227, 3.7376694791683177E-4, -3.6731077123621385, 3.3899739969359124, 6.33817472395408
0.0014866933867735467, 0.3768100723909152, 3.5492190205056143E-4, 2.5660978081476786, 3.779980892018679E-4, -3.639463815065082, 3.408188096461126, 6.33825937127341
0.0014934268537074142, 0.3785159194114422, 3.565293988705677E-4, 2.577130356554015, 3.8225849131680144E-4, -3.6055084017759143, 3.4267004630646087, 6.33834401859274
0.001500160320641282, 0.38022176643196925, 3.58136895690574E-4, 2.5882867105365697, 3.865483798751312E-4, -3.5712227364742786, 3.445528570883896, 6.33842866591207
0.0015068937875751497, 0.3819276134524963, 3.5974439251058036E-4, 2.5995705364398933, 3.908679870437945E-4, -3.536588090851911, 3.4646898251871785, 6.3385133132314
0.0015136272545090174, 0.3836334604730233, 3.6135188933058665E-4, 2.610985469365594, 3.952175515135148E-4, -3.5015857668602455, 3.484201541270259, 6.33859796055073
0.001520360721442885, 0.3853393074935504, 3.6295938615059294E-4, 2.6225351097375054, 3.995973184630711E-4, -3.4661971192823517, 3.5040809233910495, 6.3386826078700595
0.001527094188376753, 0.3870451545140775, 3.6456688297059934E-4, 2.6342230198776244, 4.040075395174964E-4, -3.430403578306478, 3.524345043761652, 6.338767255189389
0.0015338276553106206, 0.3887510015346045, 3.6617437979060563E-4, 2.6460527205955247, 4.084484727002387E-4, -3.394186672096978, 3.545010821601833, 6.338851902508719
0.0015405611222444884, 0.39045676885066744, 3.677818766106119E-4, 2.6580288185423937, 4.129207982484269E-4, -3.3575280493446544, 3.566095002268238, 6.338938569958846
0.001547294589178356, 0.3921616594176248, 3.693893734306182E-4, 2.670166113530456, 4.1742899303584037E-4, -3.3204095017664756, 3.5876141364886855, 6.339047458847735
0.0015540280561122239, 0.3938665499845823, 3.7099687025062456E-4, 2.682455598044071, 4.21968799992543E-4, -3.2828129865634024, 3.6095845596905987, 6.3391563477366235
0.0015607615230460916, 0.39557144055153975, 3.726043670706309E-4, 2.6949005930943235, 4.26540502716516E-4, -3.244720648796004, 3.6320223714620554, 6.339265236625513
0.0015674949899799591, 0.39727633111849714, 3.742118638906372E-4, 2.707504361409713, 4.3114439087459214E-4, -3.206114843675883, 3.6549434151465916, 6.339374125514402
0.001574228456913827, 0.39898122168545463, 3.7581936071064354E-4, 2.720270104155328, 4.357807601187277E-4, -3.166978158754957, 3.6783632575854175, 6.3394830144032905
0.0015809619238476946, 0.400686112252412, 3.7742685753064983E-4, 2.733200957683769, 4.4044991199622744E-4, -3.1272934359913087, 3.7022971690283577, 6.33959190329218
0.0015876953907815624, 0.40239100281936946, 3.790343543506561E-4, 2.7462999903180165, 4.451521538542448E-4, -3.0870437936858237, 3.7267601032177464, 6.339700792181069
0.00159442885771543, 0.4040958933863269, 3.8064185117066247E-4, 2.7595701991696293, 4.498877987384343E-4, -3.046212648258519, 3.751766677673624, 6.339809681069958
0.001601162324649298, 0.40580078395328434, 3.822493479906688E-4, 2.7730145069952874, 4.5465716528585187E-4, -3.004783735864559, 3.7773311541771095, 6.339918569958847
0.0016078957915831656, 0.4075056745202418, 3.838568448106751E-4, 2.786635759092449, 4.594605776122213E-4, -2.962741133820298, 3.8034674194827294, 6.340027458847736
0.0016146292585170333, 0.40921056508719916, 3.854643416306814E-4, 2.8004367202381966, 4.642983651934761E-4, -2.9200692818360543, 3.830188966259307, 6.340136347736625
0.001621362725450901, 0.41091545565415666, 3.8707183845068774E-4, 2.8144200716732204, 4.6917086274182875E-4, -2.876753003027597, 3.857508874284452, 6.340245236625514
0.0016280961923847688, 0.41262034622111404, 3.8867933527069403E-4, 2.8285884081320853, 4.740784100762654E-4, -2.832777524701846, 3.885439791897251, 6.340354125514403
0.0016348296593186365, 0.4143252367880715, 3.902868320907004E-4, 2.8429442349247136, 4.7902135198763977E-4, -2.7881284988838586, 3.9139939177409415, 6.340463014403292
0.0016415631262525045, 0.416030127355029, 3.918943289107067E-4, 2.857489965068222, 4.840000380984512E-4, -2.7427920225966926, 3.943182982777271, 6.34057190329218
0.001648296593186372, 0.41773501792198636, 3.93501825730713E-4, 2.8722279164746736, 4.890148227172941E-4, -2.696754657846018, 3.9730182326255914, 6.34068079218107
0.0016550300601202398, 0.41943990848894375, 3.951093225507193E-4, 2.8871603091948224, 4.940660646881628E-4, -2.650003451317159, 4.003510410210484, 6.340789681069959
0.0016617635270541073, 0.4211447990559012, 3.967168193707256E-4, 2.9022892627211956, 4.991541272346359E-4, -2.6025259537590237, 4.034669738747429, 6.340898569958847
0.0016684969939879755, 0.4228496896228587, 3.98324316190732E-4, 2.9176167933524635, 5.042793777990965E-4, -2.5543102390360612, 4.0665059050785635, 6.341007458847737
0.001675230460921843, 0.42455458018981607, 3.999318130107383E-4, 2.9331448116219274, 5.094421878770002E-4, -2.5053449228484452, 4.099028043359678, 6.341116347736626
0.0016819639278557107, 0.4262595295661028, 4.015393098307446E-4, 2.9488742812226594, 5.146425961281829E-4, -2.455619181076974, 4.132244719137813, 6.341223865426326
0.0016886973947895785, 0.42796462176504657, 4.031468066507509E-4, 2.9648056807601293, 5.198804885982492E-4, -2.405122767759356, 4.166163913813793, 6.341328053060854
0.0016954308617234462, 0.4296697139639903, 4.047543034707572E-4, 2.9809426170111717, 5.251570589699785E-4, -2.3538460326811212, 4.200793009500227, 6.341432240695383
0.001702164328657314, 0.431374806162934, 4.0636180029076356E-4, 2.997286553079771, 5.304726930868147E-4, -2.301779938545651, 4.236138774313629, 6.341536428329911
0.0017088977955911817, 0.4330798983618777, 4.0796929711076985E-4, 3.0138388344803353, 5.358277799469042E-4, -2.2489160777343127, 4.272207348082061, 6.341640615964439
0.0017156312625250495, 0.4347849905608215, 4.095767939307762E-4, 3.030600686995083, 5.412227115102906E-4, -2.195246688611183, 4.3090042285181225, 6.341744803598968
0.0017223647294589172, 0.43649008275976514, 4.111842907507825E-4, 3.0475732146114325, 5.466578825019191E-4, -2.1407646713904387, 4.346534257831523, 6.341848991233496
0.0017290981963927847, 0.43819517495870886, 4.127917875707888E-4, 3.0647573975398643, 5.521336902107734E-4, -2.0854636035147025, 4.384801609836212, 6.341953178868025
0.0017358316633266525, 0.4399002671576526, 4.143992843907951E-4, 3.082154090316436, 5.576505342850936E-4, -2.0293377545564404, 4.423809777531297, 6.342057366502552
0.0017425651302605204, 0.44160535935659634, 4.1600678121080147E-4, 3.0997640199897045, 5.63208816523934E-4, -1.972382100613351, 4.463561561191402, 6.342161554137081
0.001749298597194388, 0.44331045155554005, 4.1761427803080776E-4, 3.117587784396184, 5.688089406651757E-4, -1.9145923381815628, 4.504059056973765, 6.342265741771609
0.0017560320641282557, 0.44501554375448377, 4.1922177485081405E-4, 3.135625850525244, 5.744513121700596E-4, -1.855964897494494, 4.545303646055143, 6.3423699294061375
0.0017627655310621234, 0.4467206359534275, 4.208292716708204E-4, 3.1538785529749287, 5.801363380045358E-4, -1.7964969553088008, 4.587295984315197, 6.342474117040666
0.0017694989979959912, 0.4484257281523712, 4.224367684908267E-4, 3.1723460925034086, 5.858644264174228E-4, -1.736186447128102, 4.630035992573341, 6.342578304675194
0.001776232464929859, 0.45013082035131496, 4.2404426531083303E-4, 3.1910285346733556, 5.916359867157132E-4, -1.6750320788345638, 4.673522847406421, 6.342682492309723
0.0017829659318637269, 0.4518359125502587, 4.256517621308394E-4, 3.2099258085965268, 5.974514290369822E-4, -1.6130333377242703, 4.71775497254934, 6.3427866799442505
0.0017896993987975944, 0.4535410047492024, 4.2725925895084567E-4, 3.2290377057748287, 6.033111641192448E-4, -1.5501905029306942, 4.762730030895708, 6.342890867578779
0.0017964328657314621, 0.4552460969481461, 4.2886675577085196E-4, 3.2483638790460425, 6.09215603068281E-4, -1.4865046552123053, 4.8084449171145085, 6.342995055213307
0.0018031663326653297, 0.45695118914708976, 4.3047425259085825E-4, 3.2679038416292023, 6.151651571227362E-4, -1.421977686088905, 4.854895750901881, 6.343099242847836
0.0018098997995991976, 0.45865628134603353, 4.320817494108646E-4, 3.287656966277787, 6.211602374170384E-4, -1.3566123063241817, 4.9020778708632875, 6.343203430482364
0.0018166332665330654, 0.4603613735449773, 4.3368924623087094E-4, 3.307622484536555, 6.272012547424727E-4, -1.2904120537169272, 4.9499858290688215, 6.343307618116892
0.0018233667334669331, 0.46206557646785784, 4.3529674305087723E-4, 3.3278043147293594, 6.332907211886363E-4, -1.22338130021181, 4.998613386260468, 6.343419084011645
0.0018301002004008009, 0.4637688901146753, 4.369042398708836E-4, 3.3482014582008013, 6.394290930177694E-4, -1.1555252582717837, 5.047953507773617, 6.343537828166622
0.0018368336673346686, 0.4654722037614928, 4.3851173669088987E-4, 3.36880790890309, 6.456146925779181E-4, -1.0868499865598702, 5.097998360120368, 6.343656572321598
0.0018435671342685361, 0.4671755174083102, 4.4011923351089616E-4, 3.3896223283322655, 6.51847927215894E-4, -1.0173623948418657, 5.148739308320476, 6.3437753164765756
0.0018503006012024043, 0.46887883105512773, 4.4172673033090256E-4, 3.4106432347253453, 6.581292027177659E-4, -0.947070248149429, 5.2001669139426, 6.343894060631552
0.0018570340681362718, 0.47058214470194515, 4.4333422715090885E-4, 3.4318690029933308, 6.644589230621442E-4, -0.8759821701652829, 5.25227093388536, 6.344012804786528
0.0018637675350701396, 0.47228545834876257, 4.4494172397091514E-4, 3.453297864771617, 6.708374901726716E-4, -0.8041076458091554, 5.305040319923946, 6.3441315489415055
0.001870501002004007, 0.47398877199558004, 4.4654922079092143E-4, 3.4749279085878158, 6.772653036706067E-4, -0.7314570230230918, 5.3584632190188, 6.344250293096482
0.001877234468937875, 0.4756920856423975, 4.481567176109278E-4, 3.4967570801542074, 6.83742760626444E-4, -0.6580415137251846, 5.412526974415332, 6.344369037251459
0.0018839679358717428, 0.477395399289215, 4.497642144309341E-4, 3.5187831827772875, 6.902702553123355E-4, -0.5838731939392824, 5.4672181275257765, 6.3444877814064355
0.0018907014028056103, 0.47909871293603246, 4.513717112509404E-4, 3.5410038778934343, 6.968481789540772E-4, -0.5089650030469216, 5.522522420644814, 6.344606525561413
0.0018974348697394783, 0.48080202658284993, 4.5297920807094676E-4, 3.563416685729738, 7.034769194839284E-4, -0.4333307421847607, 5.578424800473251, 6.344725269716389
0.0019041683366733458, 0.48250534022966735, 4.5458670489095305E-4, 3.5860189860869056, 7.101568612938301E-4, -0.3569850717463807, 5.634909422489264, 6.3448440138713655
0.0019109018036072135, 0.48420865387648476, 4.5619420171095934E-4, 3.6088080192523755, 7.168883849896187E-4, -0.2799435079841077, 5.691959656171479, 6.344962758026343
0.0019176352705410813, 0.48591196752330224, 4.578016985309657E-4, 3.6317808870411064, 7.236718671462831E-4, -0.20222241868418991, 5.749558091093457, 6.345081502181319
0.0019243687374749492, 0.48761528117011976, 4.5940919535097203E-4, 3.654934553962466, 7.305076800643959E-4, -0.12383901791449571, 5.807686543894327, 6.345200246336296
0.0019311022044088168, 0.4893185948169372, 4.610166921709783E-4, 3.6782658485209154, 7.373961915282479E-4, -0.04481135982044557, 5.866326066143911, 6.345318990491273
0.0019378356713426845, 0.4910219084637546, 4.626241889909846E-4, 3.701771464644686, 7.443377645656001E-4, 0.034841668555941764, 5.925456953127301, 6.34543773464625
0.0019445691382765523, 0.49272522211057207, 4.6423168581099096E-4, 3.7254479632481647, 7.513327572094071E-4, 0.11510035544002033, 5.9850587535549815, 6.345556478801226
0.00195130260521042, 0.49442853575738954, 4.6583918263099725E-4, 3.7492917739259752, 7.58381522261808E-4, 0.195944173467874, 6.045110280184017, 6.345675222956204
0.0019580360721442877, 0.496131849404207, 4.674466794510036E-4, 3.7732991967807124, 7.654844070604959E-4, 0.2773517898737645, 6.105589621427068, 6.34579396711118
0.0019647695390781553, 0.49783534553054676, 4.690541762710099E-4, 3.7975156663244434, 7.726648597658329E-4, 0.359301077702206, 6.166474153914558, 6.345981565703426
0.0019715030060120232, 0.4995389167955134, 4.7066167309101623E-4, 3.8219086655426935, 7.799100096086537E-4, 0.4417691280418073, 6.227740556015919, 6.346197516122784
0.0019782364729458908, 0.50124248806048, 4.722691699110225E-4, 3.84645390470736, 7.872107396813513E-4, 0.5247322633646379, 6.289364822390271, 6.346413466542141
0.0019849699398797587, 0.5029460593254466, 4.738766667310288E-4, 3.871147187005029, 7.945673755548055E-4, 0.6081660519140881, 6.351322279519985, 6.346629416961498
0.0019917034068136267, 0.5046496305904132, 4.754841635510352E-4, 3.895984197296322, 8.019802362124757E-4, 0.692045323198254, 6.413587602271523, 6.346845367380856
0.001998436873747494, 0.5063532018553799, 4.770916603710415E-4, 3.92096050475957, 8.094496338362043E-4, 0.7763441846041992, 6.476134831506811, 6.347061317800213
0.0020051703406813617, 0.5080567731203465, 4.786991571910478E-4, 3.9460715656721845, 8.16975873596101E-4, 0.861036039117742, 6.538937392713869, 6.34727726821957
0.0020119038076152297, 0.509760344385313, 4.803066540110541E-4, 3.971312726325209, 8.245592534450496E-4, 0.9460936042215035, 6.601968115746709, 6.3474932186389275
0.002018637274549097, 0.5114639156502797, 4.8191415083106043E-4, 3.996679226083806, 8.322000639173137E-4, 1.0314889319090752, 6.665199255589028, 6.347709169058285
0.002025370741482965, 0.5131674869152463, 4.835216476510667E-4, 4.0221662005783045, 8.398985879323794E-4, 1.1171934299120934, 6.728602514257091, 6.347925119477642
0.0020321042084168327, 0.514871058180213, 4.8512914447107307E-4, 4.047768685040083, 8.476551006035152E-4, 1.2031778841120062, 6.792149063793694, 6.348141069896999
0.0020388376753507007, 0.5165746294451795, 4.867366412910794E-4, 4.073481617770774, 8.554698690518771E-4, 1.2894124821253417, 6.855809570352459, 6.348357020316357
0.0020455711422845686, 0.5182782007101462, 4.883441381110858E-4, 4.099299843753791, 8.633431522259713E-4, 1.3758668381787909, 6.919554219481631, 6.348572970735713
0.002052304609218436, 0.5199817719751127, 4.89951634931092E-4, 4.125218118403922, 8.712752007270148E-4, 1.4625100191568419, 6.983352742489063, 6.34878892115507
0.0020590380761523037, 0.5216853432400794, 4.915591317510983E-4, 4.1512311114525815, 8.792662566403302E-4, 1.5493105719408935, 7.047174444002023, 6.349004871574428
0.0020657715430861716, 0.5233889145050461, 4.931666285711047E-4, 4.177333410974619, 8.873165533728783E-4, 1.6362365520255673, 7.110988230713737, 6.349220821993785
0.0020725050100200396, 0.5250924857700127, 4.94774125391111E-4, 4.203519527551869, 8.954263154974883E-4, 1.7232555533913791, 7.174762641285702, 6.349436772413142
0.002079238476953907, 0.5267960570349792, 4.963816222111173E-4, 4.229783898572201, 9.035957586037168E-4, 1.8103347397242557, 7.238465877497073, 6.3496527228324995
0.0020859719438877746, 0.5284996282999458, 4.979891190311236E-4, 4.256120892671461, 9.118250891557368E-4, 1.8974408769002191, 7.302065836558997, 6.349868673251857
0.002092705410821642, 0.5302031995649125, 4.995966158511299E-4, 4.2825248143052335, 9.201145043575228E-4, 1.984540366875967, 7.36553014473241, 6.350084623671214
0.0020994388777555105, 0.5319067708298791, 5.012041126711363E-4, 4.308989908461953, 9.284641920255894E-4, 2.0715992828634304, 7.428826192120369, 6.350300574090571
0.002106172344689378, 0.5336097732385697, 5.028116094911426E-4, 4.33547760485142, 9.368578580293743E-4, 2.1585834059023727, 7.491921168754107, 6.350473869652889
0.0021129058116232456, 0.5353127239330535, 5.044191063111489E-4, 4.362011603456125, 9.453104233234783E-4, 2.2454582628407764, 7.554782101980225, 6.350643287500931
0.002119639278557113, 0.5370156746275373, 5.060266031311552E-4, 4.388588968981011, 9.538235335765036E-4, 2.332189165657794, 7.617375895068978, 6.350812705348973
0.002126372745490981, 0.538718625322021, 5.076340999511615E-4, 4.415203758321596, 9.623973367950279E-4, 2.4187412522587795, 7.679669367194527, 6.3509821231970145
0.002133106212424849, 0.5404215760165049, 5.092415967711679E-4, 4.441849994478261, 9.710319710820193E-4, 2.505079528671451, 7.7416292946912275, 6.3511515410450565
0.0021398396793587166, 0.5421245267109887, 5.108490935911742E-4, 4.468521672078012, 9.797275645593451E-4, 2.591168912683421, 7.803222453636661, 6.351320958893098
0.002146573146292584, 0.5438274774054723, 5.124565904111804E-4, 4.495212763011594, 9.884842352996292E-4, 2.6769742789847943, 7.864415663821137, 6.35149037674114
0.0021533066132264525, 0.5455304280999562, 5.140640872311868E-4, 4.521917222211684, 9.973020912674565E-4, 2.7624605057376055, 7.925175834022712, 6.351659794589182
0.00216004008016032, 0.54723337879444, 5.156715840511931E-4, 4.54862899355102, 0.0010061812302703255, 2.8475925226809182, 7.985470008693879, 6.351829212437223
0.0021667735470941875, 0.5489363294889237, 5.172790808711994E-4, 4.57534201586877, 0.0010151217399193245, 2.9323353607207485, 8.045265416006924, 6.351998630285265
0.002173507014028055, 0.5506392801834075, 5.188865776912057E-4, 4.602050229127769, 0.001024123697599951, 3.0166542030737427, 8.104529517326908, 6.352168048133307
0.0021802404809619235, 0.5523422308778914, 5.204940745112121E-4, 4.628747580687147, 0.001033187170453179, 3.1005144379391316, 8.163230058085077, 6.352337465981348
0.0021869739478957905, 0.5540451815723749, 5.221015713312183E-4, 4.655428031704176, 0.0010423122153673343, 3.1838817127293266, 8.221335120075365, 6.35250688382939
0.0021937074148296585, 0.5557481322668588, 5.237090681512247E-4, 4.682085563649963, 0.0010514988789803613, 3.266721989863668, 8.278813175184334, 6.352676301677432
0.002200440881763526, 0.5574510829613426, 5.25316564971231E-4, 4.708714184952598, 0.0010607471976932835, 3.3490016042098683, 8.335633140632522, 6.352845719525473
0.0022071743486973936, 0.5591540336558263, 5.269240617912373E-4, 4.735307937748615, 0.0010700571976949005, 3.4306873220631338, 8.391764435616548, 6.353015137373515
0.002213907815631262, 0.5608569843503102, 5.285315586112437E-4, 4.7618609047553235, 0.0010794288949978383, 3.5117464017817865, 8.447177039464895, 6.3531845552215565
0.0022206412825651295, 0.562559935044794, 5.3013905543125E-4, 4.788367216252141, 0.0010888622954860379, 3.592146656071049, 8.501841551309104, 6.3533539730695985
0.002227374749498997, 0.5642628857392776, 5.317465522512563E-4, 4.814821057177539, 0.0010983573949743574, 3.671856515911659, 8.555729251244625, 6.3535233909176405
0.0022341082164328645, 0.5659658364337614, 5.333540490712626E-4, 4.8412166743331255, 0.00110791417928029, 3.7508450961537934, 8.60881216302351, 6.353692808765682
0.0022408416833667325, 0.5676687899815277, 5.349615458912689E-4, 4.867547938846712, 0.0011175323863350933, 3.829082262814869, 8.661063118294962, 6.353861682810067
0.0022475751503006, 0.5693717635022719, 5.365690427112751E-4, 4.893806561993799, 0.0011272105413863151, 3.906538702067419, 8.712455822392666, 6.354026750228855
0.0022543086172344675, 0.5710747370230161, 5.381765395312814E-4, 4.919990124786466, 0.0011369502564275331, 3.9831859909503704, 8.762964921688248, 6.354191817647643
0.002261042084168336, 0.5727777105437606, 5.397840363512879E-4, 4.946093195592937, 0.0011467514781417741, 4.058996669824443, 8.812566072543891, 6.354356885066431
0.002267775551102204, 0.5744806840645049, 5.413915331712942E-4, 4.972110442206969, 0.0011566141437594386, 4.133944316574524, 8.861236011846175, 6.35452195248522
0.0022745090180360714, 0.5761836575852491, 5.429990299913005E-4, 4.998036639656306, 0.0011665381812061976, 4.208003622573076, 8.90895262915503, 6.3546870199040075
0.002281242484969939, 0.5778866311059934, 5.446065268113068E-4, 5.023866678094606, 0.0011765235092636925, 4.281150470429084, 8.955695040470312, 6.354852087322795
0.0022879759519038065, 0.5795896046267376, 5.462140236313131E-4, 5.049595570787147, 0.0011865700377447167, 4.353362013548278, 9.0014436636497, 6.355017154741583
0.0022947094188376744, 0.5812925781474818, 5.478215204513194E-4, 5.075218462180175, 0.0011966776676811362, 4.424616757502468, 9.046180295480974, 6.355182222160372
0.002301442885771542, 0.582995551668226, 5.494290172713257E-4, 5.100730636053299, 0.0012068462915261237, 4.494894643232307, 9.089888190409104, 6.35534728957916
0.00230817635270541, 0.5846985251889704, 5.510365140913321E-4, 5.126127523742269, 0.0012170757933705582, 4.564177132080347, 9.132552140935456, 6.355512356997948
0.0023149098196392774, 0.5864014987097147, 5.526440109113384E-4, 5.151404712453228, 0.0012273660491730152, 4.632447292725139, 9.174158559750872, 6.355677424416736
0.0023216432865731454, 0.5881044722304589, 5.542515077313447E-4, 5.176557953629526, 0.0012377169270045615, 4.699689889952791, 9.214695563522413, 6.355842491835524
0.002328376753507013, 0.5898074457512031, 5.55859004551351E-4, 5.2015831714032, 0.0012481282873078106, 4.765891475360502, 9.254153058455104, 6.356007559254312
0.002335110220440881, 0.5915104192719475, 5.574665013713574E-4, 5.226476471100142, 0.0012585999831704036, 4.831040479963284, 9.292522827572238, 6.3561726266731
0.0023418436873747484, 0.5932133927926917, 5.590739981913637E-4, 5.251234147813108, 0.0012691318606134691, 4.895127308686225, 9.329798619699288, 6.356337694091889
0.002348577154308616, 0.5949163663134359, 5.606814950113699E-4, 5.275852695025833, 0.0012797237588943501, 4.958144436888987, 9.365976240318858, 6.356502761510677
0.0023553106212424843, 0.5966193398341803, 5.622889918313763E-4, 5.300328813294442, 0.0012903755108254616, 5.020086508749434, 9.401053644081918, 6.3566678289294645
0.002362044088176352, 0.5983223133549246, 5.638964886513826E-4, 5.32465941897695, 0.0013010869431063794, 5.080950437704233, 9.435031029207195, 6.356832896348253
0.0023687775551102194, 0.6000252868756688, 5.655039854713889E-4, 5.348841653006787, 0.0013118578766727253, 5.140735508835752, 9.467910933640555, 6.356997963767041
0.002375511022044087, 0.601728260396413, 5.671114822913952E-4, 5.372872889705633, 0.0013226881270592648, 5.19944348327544, 9.499698333033699, 6.357163031185829
0.002382244488977955, 0.6034311032232881, 5.687189791114015E-4, 5.39674246606549, 0.0013335727960302676, 5.257078704660896, 9.530400740601804, 6.3573185882258345
0.0023889779559118224, 0.6051336846624247, 5.703264759314078E-4, 5.420439875014438, 0.0013445068731977247, 5.313648207561566, 9.560028308744583, 6.357455124508276
0.00239571142284569, 0.6068362661015613, 5.719339727514141E-4, 5.443979755798239, 0.001355499523419441, 5.369161828053828, 9.588593932637814, 6.3575916607907175
0.0024024448897795583, 0.6085388475406981, 5.735414695714206E-4, 5.467360505073373, 0.0013665505438690481, 5.423632316295922, 9.616113355615337, 6.357728197073159
0.0024091783567134263, 0.6102414289798347, 5.751489663914269E-4, 5.49058079740351, 0.0013776597283675276, 5.477075451223675, 9.642605276485579, 6.3578647333556
0.002415911823647294, 0.6119440104189713, 5.767564632114332E-4, 5.5136395942255945, 0.0013888268678399329, 5.5295101573382235, 9.668091458736175, 6.358001269638042
0.0024226452905811613, 0.613646591858108, 5.783639600314395E-4, 5.536536152814222, 0.0014000517507871055, 5.580958623613829, 9.692596841656448, 6.358137805920483
0.002429378757515029, 0.6153491732972446, 5.799714568514458E-4, 5.559270035251757, 0.001411334163773273, 5.6314464245591065, 9.716149653414844, 6.358274342202925
0.002436112224448897, 0.6170517547363812, 5.81578953671452E-4, 5.581841117400302, 0.0014226738919301124, 5.681002643398821, 9.738781526048525, 6.358410878485366
0.0024428456913827643, 0.6187543361755178, 5.831864504914583E-4, 5.604249597850526, 0.001434070719475225, 5.7296599974610185, 9.760527612448191, 6.358547414767807
0.0024495791583166323, 0.6204569176146545, 5.847939473114647E-4, 5.62649600687638, 0.0014455244302474107, 5.777454965723291, 9.7814267053046, 6.358683951050249
0.0024563126252505, 0.6221594990537911, 5.86401444131471E-4, 5.648581215354, 0.0014570348082572418, 5.82442791853675, 9.801521358003843, 6.35882048733269
0.0024630460921843678, 0.6238620804929278, 5.880089409514773E-4, 5.670506443661964, 0.0014686016382533251, 5.870623249647714, 9.820858007625219, 6.358957023615132
0.0024697795591182353, 0.6255646619320644, 5.896164377714836E-4, 5.692273270542842, 0.0014802247063046038, 5.916089510329493, 9.83948709981746, 6.359093559897573
0.0024765130260521032, 0.6272672433712011, 5.9122393459149E-4, 5.7138836419427435, 0.00149190380039773, 5.960879545906162, 9.857463215869595, 6.359230096180015
0.0024832464929859708, 0.6289698248103377, 5.928314314114963E-4, 5.735339879791638, 0.0015036387110507754, 6.005050634391677, 9.874845201655562, 6.359366632462456
0.002489979959919839, 0.6306724062494744, 5.944389282315027E-4, 5.7566446907342765, 0.0015154292319412635, 6.0486646275428875, 9.891696298792187, 6.359503168744898
0.0024967134268537067, 0.632374987688611, 5.96046425051509E-4, 5.777801174820297, 0.0015272751605517818, 6.0917880940912195, 9.908084277735247, 6.359639705027339
0.0025034468937875742, 0.6340775691277476, 5.976539218715153E-4, 5.798812834113846, 0.0015391762988282327, 6.134492465383029, 9.924081573072222, 6.35977624130978
0.0025101803607214417, 0.6357801505668843, 5.992614186915216E-4, 5.819683581239133, 0.0015511324538565116, 6.176854183303378, 9.939765420869973, 6.359912777592222
0.0025169138276553093, 0.6374827320060209, 6.008689155115279E-4, 5.840417747850779, 0.0015631434385511463, 6.2189548505080126, 9.955217998088802, 6.360049313874663
0.0025236472945891772, 0.6391858653259385, 6.024764123315342E-4, 5.8609699226126395, 0.0015751788458702141, 6.260881383113527, 9.970526564238247, 6.3601314990887134
0.0025303807615230448, 0.6408894656219015, 6.040839091515405E-4, 5.8813526339614555, 0.0015872426907087255, 6.302726165660491, 9.985783605072246, 6.360167694937201
0.0025371142284569127, 0.6425930659178646, 6.056914059715469E-4, 5.901613858032647, 0.0015993602446003237, 6.34458720853, 10.001086978487253, 6.360203890785687
0.0025438476953907802, 0.6442966662138276, 6.072989027915531E-4, 5.921759685501286, 0.0016115313485474125, 6.38656830774891, 10.016540062593958, 6.360240086634175
0.0025505811623246486, 0.6460002665097908, 6.089063996115595E-4, 5.941796667028484, 0.0016237558530570705, 6.428779207228018, 10.032251905961303, 6.360276282482662
0.002557314629258516, 0.6477038668057538, 6.105138964315658E-4, 5.9617318211307975, 0.0016360336189191124, 6.471335763406068, 10.048337380043229, 6.360312478331149
0.0025640480961923837, 0.6494074671017168, 6.121213932515721E-4, 5.981572641903085, 0.0016483645179993997, 6.514360112437663, 10.064917333896968, 6.360348674179637
0.002570781563126251, 0.6511110673976799, 6.137288900715784E-4, 6.001327106633369, 0.0016607484340464829, 6.557980839700805, 10.082118750974185, 6.360384870028124
0.002577515030060119, 0.6528146676936428, 6.153363868915847E-4, 6.0210036832366995, 0.0016731852635131668, 6.602333151973113, 10.100074908339872, 6.360421065876611
0.002584248496993987, 0.654518267989606, 6.169438837115911E-4, 6.040611337579662, 0.0016856749163891016, 6.647559051984333, 10.11892553801761, 6.360457261725099
0.0025909819639278546, 0.656221868285569, 6.185513805315974E-4, 6.060159540607231, 0.0016982173170492984, 6.693807515517523, 10.138816990628616, 6.360493457573586
0.002597715430861722, 0.657925468581532, 6.201588773516037E-4, 6.079658275326722, 0.001710812405114906, 6.741234671067016, 10.159902401333701, 6.360529653422073
0.00260444889779559, 0.6596290688774951, 6.2176637417161E-4, 6.099118043603539, 0.0017234601363253776, 6.790003982051241, 10.18234185808273, 6.360565849270561
0.0026111823647294577, 0.661332669173458, 6.233738709916163E-4, 6.1185498727748495, 0.0017361604834250366, 6.840286431566615, 10.206302572143143, 6.360602045119048
0.002617915831663325, 0.6630362694694211, 6.249813678116226E-4, 6.137965322066975, 0.0017489134370607534, 6.892260709732493, 10.231959050956714, 6.360638240967535
0.002624649298597193, 0.6647398697653842, 6.26588864631629E-4, 6.157376488810655, 0.0017617190066915797, 6.946113403666211, 10.259493273372424, 6.360674436816022
0.0026313827655310615, 0.6664434700613473, 6.281963614516354E-4, 6.1767960144434255, 0.0017745772215104136, 7.002039190027313, 10.289094867183364, 6.360710632664509
0.002638116232464929, 0.6681470703573104, 6.298038582716417E-4, 6.196237090296449, 0.0017874881313756502, 7.060241030230432, 10.320961289063954, 6.360746828512997
0.0026448496993987966, 0.6698506706532734, 6.314113550916479E-4, 6.215713463136922, 0.0018004518077557388, 7.120930368278296, 10.355298006862407, 6.360783024361484
0.002651583166332664, 0.6715542709492364, 6.330188519116542E-4, 6.235239440479631, 0.0018134683446820593, 7.1843273312857985, 10.392318684317418, 6.360819220209971
0.002658316633266532, 0.6732578712451994, 6.346263487316605E-4, 6.2548298956501185, 0.0018265378597123183, 7.250660932694173, 10.43224536819289, 6.360855416058459
0.0026650501002003996, 0.674960306186971, 6.362338455516668E-4, 6.274584095017985, 0.0018397138255767248, 7.320169278104331, 10.475308677754253, 6.360977580139708
0.002671783567134267, 0.6766623526773453, 6.378413423716731E-4, 6.2944626759552875, 0.0018529614893139715, 7.39309977391698, 10.521747996781418, 6.3611284002985435
0.002678517034068135, 0.6783643991677197, 6.394488391916795E-4, 6.314454367571557, 0.0018662633610720888, 7.469709338644282, 10.571811667978366, 6.361279220457379
0.0026852505010020026, 0.6800664456580942, 6.410563360116858E-4, 6.334576351711121, 0.0018796196651292008, 7.550264617014015, 10.625757189893225, 6.361430040616216
0.002691983967935871, 0.6817684921484686, 6.426638328316922E-4, 6.354846397228471, 0.0018930306542440656, 7.6350421967376425, 10.683851416211345, 6.361580860775051
0.0026987174348697385, 0.683470538638843, 6.442713296516985E-4, 6.375282863321559, 0.0019064966106729225, 7.7243288281747065, 10.74637075768201, 6.361731680933887
0.002705450901803606, 0.6851725851292173, 6.458788264717048E-4, 6.39590470256428, 0.0019200178471899115, 7.818421646717326, 10.813601386468283, 6.361882501092723
0.0027121843687374736, 0.6868746316195916, 6.474863232917111E-4, 6.416731463588235, 0.0019335947081165691, 7.917628397986247, 10.885839443016964, 6.362033321251559
0.0027189178356713415, 0.688576678109966, 6.490938201117174E-4, 6.437783293436382, 0.001947227570353545, 8.02226766588891, 10.963391245512979, 6.3621841414103955
0.0027256513026052095, 0.6902787246003405, 6.507013169317238E-4, 6.459080939552678, 0.0019609168444206584, 8.132669103444305, 11.046573501798923, 6.362334961569231
0.002732384769539077, 0.6919807710907149, 6.5230881375173E-4, 6.4806457514050635, 0.0019746629754994888, 8.24917366656795, 11.135713523970738, 6.362485781728067
0.0027391182364729445, 0.6936828175810892, 6.539163105717363E-4, 6.502499681728409, 0.0019884664444813002, 8.372133850632215, 11.231149445449079, 6.362636601886903
0.0027458517034068125, 0.6953848640714636, 6.555238073917426E-4, 6.524665287391599, 0.0020023277690166957, 8.501913929976302, 11.3332304407004, 6.362787422045739
0.00275258517034068, 0.6970869105618379, 6.571313042117489E-4, 6.547165729836593, 0.002016247504570988, 8.638890200280152, 11.442316947533362, 6.362938242204574
0.0027593186372745476, 0.6987889570522122, 6.587388010317552E-4, 6.5700247751344705, 0.0020302262454757816, 8.783451223888944, 11.558780892029752, 6.363089062363411
0.0027660521042084155, 0.7004910035425868, 6.603462978517616E-4, 6.593266793581279, 0.002044264625989403, 8.935998078061537, 11.683005916109536, 6.3632398825222465
0.002772785571142284, 0.7021930500329612, 6.61953794671768E-4, 6.6169167588961955, 0.0020583633213508423, 9.096944606190458, 11.815387607757161, 6.363390702681083
0.0027795190380761514, 0.7038950965233356, 6.635612914917743E-4, 6.641000246927888, 0.0020725230488380514, 9.266717671923908, 11.956333733846316, 6.363541522839919
0.002786252505010019, 0.7055971430137099, 6.651687883117806E-4, 6.665543433927269, 0.0020867445688244474, 9.445757416344103, 12.106264475695689, 6.363692342998754
0.0027929859719438865, 0.7072991895040843, 6.667762851317869E-4, 6.6905730943342405, 0.0021010286858316185, 9.634517518120008, 12.26561266732004, 6.363843163157591
0.0027997194388777544, 0.7090012359944586, 6.683837819517932E-4, 6.716116598067515, 0.0021153762495820794, 9.833465456705921, 12.434824036382405, 6.363993983316426
0.002806452905811622, 0.710699800002659, 6.699912787717995E-4, 6.742344256658043, 0.002129883528867213, 10.043082778483997, 12.614357447797023, 6.364283298160106
0.0028131863727454895, 0.7123982125985908, 6.715987755918058E-4, 6.769149178985003, 0.002144461190829672, 10.263865366038303, 12.804685150122323, 6.364578634511822
0.0028199198396793575, 0.7140966251945229, 6.732062724118122E-4, 6.796554326430737, 0.0021591061042259274, 10.496323710487129, 13.006293024731402, 6.364873970863537
0.002826653306613225, 0.7157950377904547, 6.748137692318185E-4, 6.8245894137107825, 0.0021738193136602857, 10.740983186870645, 13.219680837679405, 6.365169307215253
0.0028333867735470934, 0.7174934503863868, 6.764212660518249E-4, 6.853284729704569, 0.0021886019141291596, 10.998384332616787, 13.445362494343556, 6.36546464356697
0.002840120240480961, 0.7191918629823186, 6.780287628718311E-4, 6.882671131528468, 0.0022034550520421137, 11.269083129138698, 13.683866296868402, 6.3657599799186855
0.0028468537074148284, 0.7208902755782506, 6.796362596918374E-4, 6.912780038036999, 0.0022183799262293913, 11.553651286607543, 13.935735204457776, 6.366055316270401
0.002853587174348696, 0.7225886881741824, 6.812437565118437E-4, 6.94364342271524, 0.0022333777889424478, 11.852676531821647, 14.201527096445401, 6.366350652622117
0.002860320641282564, 0.7242871007701144, 6.8285125333185E-4, 6.975293805963929, 0.002248449946843867, 12.166762899169084, 14.481815038095181, 6.366645988973833
0.002867054108216432, 0.7259855133660463, 6.844587501518564E-4, 7.0077642467513215, 0.002263597761984426, 12.496531024932324, 14.777187549453304, 6.366941325325549
0.0028737875751502994, 0.7276839259619783, 6.860662469718627E-4, 7.041088333612606, 0.0022788226527676037, 12.842618444604419, 15.088248876843327, 6.367236661677265
0.002880521042084167, 0.7293823385579101, 6.87673743791869E-4, 7.075300175035181, 0.00229412609489954, 13.205679893559635, 15.415619267395858, 6.367531998028981
0.002887254509018035, 0.731080751153842, 6.892812406118753E-4, 7.110434389099055, 0.0023095096223264416, 13.586387610876567, 15.75993524639542, 6.367827334380697
0.0028939879759519024, 0.7327791637497739, 6.908887374318816E-4, 7.146526092484919, 0.002324974828151763, 13.9854316464138, 16.12184989751765, 6.368122670732412
0.00290072144288577, 0.7344775763457058, 6.924962342518879E-4, 7.183610888770545, 0.002340523365538777, 14.403520171099974, 16.502033145961615, 6.368418007084129
0.002907454909819638, 0.7361759889416378, 6.941037310718943E-4, 7.2217248559795735, 0.002356156948593896, 14.841379790590652, 16.901172044587536, 6.368713343435845
0.0029141883767535063, 0.7378744015375698, 6.957112278919007E-4, 7.260904533417488, 0.002371877353229801, 15.299755862102481, 17.319971062892915, 6.3690086797875605
0.002920921843687374, 0.7395728141335017, 6.97318724711907E-4, 7.301186907752253, 0.002387686418008933, 15.779412814692234, 17.75915237908734, 6.369304016139276
0.0029276553106212413, 0.7412712267294336, 6.989262215319133E-4, 7.342609398315972, 0.0024035860449617974, 16.281134472689345, 18.21945617495285, 6.369599352490993
0.002934388777555109, 0.7429696393253655, 7.005337183519195E-4, 7.385209841643473, 0.0024195782003833544, 16.80572438255903, 18.701640933811685, 6.369894688842709
0.002941122244488977, 0.7446670327994191, 7.021412151719258E-4, 7.429046481015121, 0.002435678962524543, 17.354006143167492, 19.206483741508414, 6.370208563175737
0.0029478557114228443, 0.7463593306640819, 7.037487119919321E-4, 7.4742382971085135, 0.0024519470778025243, 17.926823739254843, 19.734780590261863, 6.370615127415327
0.002954589178356712, 0.7480516285287446, 7.053562088119384E-4, 7.520724488111455, 0.0024683148070711175, 18.52504187851582, 20.287346685769464, 6.371021691654917
0.00296132264529058, 0.7497439263934075, 7.069637056319448E-4, 7.568544388475857, 0.0024847843840363343, 19.149546331825384, 20.865016757079168, 6.371428255894507
0.0029680561122244478, 0.7514362242580701, 7.085712024519511E-4, 7.617737660121975, 0.002501358110248042, 19.801244277068275, 21.46864536971574, 6.371834820134097
0.0029747895791583153, 0.7531285221227328, 7.101786992719574E-4, 7.668344271862907, 0.0025180383557262265, 20.481064646383963, 22.099107241853687, 6.372241384373687
0.0029815230460921833, 0.7548208199873957, 7.117861960919638E-4, 7.72040447798463, 0.0025348275595517555, 21.189958476754576, 22.75729756345844, 6.372647948613277
0.002988256513026051, 0.7565131178520584, 7.133936929119701E-4, 7.773958795880844, 0.0025517282304218514, 21.92889926414536, 23.444132318628807, 6.3730545128528675
0.0029949899799599183, 0.7582054157167211, 7.150011897319764E-4, 7.829047982716247, 0.0025687429471709933, 22.698883321094833, 24.160548611000657, 6.373461077092458
0.0030017234468937867, 0.7598977135813839, 7.166086865519828E-4, 7.885713011178495, 0.0025858743592496736, 23.500930137798374, 24.907504992278156, 6.373867641332048
0.0030084569138276542, 0.7615900114460467, 7.182161833719891E-4, 7.943995044218582, 0.002603125187167654, 24.336082746792002, 25.68598179399512, 6.374274205571638
0.0030151903807615218, 0.7632823093107094, 7.198236801919954E-4, 8.003935408797133, 0.002620498222891565, 25.205408090918166, 26.496981462169693, 6.374680769811228
0.0030219238476953893, 0.764974607175372, 7.214311770120017E-4, 8.065575568641634, 0.0026379963302006204, 26.10999739516791, 27.341528895463163, 6.375087334050818
0.0030286573146292572, 0.7666669050400348, 7.230386738320079E-4, 8.128957095922715, 0.002655622444998673, 27.050966541867925, 28.22067178631315, 6.375493898290408
0.0030353907815631248, 0.7683592029046975, 7.246461706520142E-4, 8.194121641911806, 0.002673379575575452, 28.029456449418237, 29.135480965213933, 6.375900462529998
0.0030421242484969923, 0.7700515007693602, 7.262536674720205E-4, 8.261110906569002, 0.0026912708028237753, 29.046633454799554, 30.08705074838499, 6.376307026769588
0.0030488577154308603, 0.771743798634023, 7.278611642920269E-4, 8.329966606989046, 0.002709299280402394, 30.103689699528402, 31.076499288522502, 6.376713591009178
0.0030555911823647286, 0.7734360964986858, 7.294686611120333E-4, 8.400730444801866, 0.0027274682348471524, 31.201843519300027, 32.10496892883446, 6.377120155248768
0.003062324649298596, 0.7751283943633486, 7.310761579320396E-4, 8.473444072373013, 0.0027457809656308008, 32.342339837317134, 33.173626560348495, 6.377526719488358
0.0030690581162324637, 0.7768206922280112, 7.326836547520459E-4, 8.548149057893625, 0.002764240845160748, 33.52645056114836, 34.28366398240346, 6.377933283727948
0.0030757915831663312, 0.7785129900926739, 7.342911515720522E-4, 8.624886849289396, 0.0027828513187231063, 34.75547498335254, 35.4362982664686, 6.378339847967538
0.003082525050100199, 0.7802002238276672, 7.358986483920585E-4, 8.703808149422912, 0.002801696420881239, 36.030740185828925, 36.63277212331716, 6.378842885709689
0.0030892585170340667, 0.7818790173465447, 7.375061452120648E-4, 8.785027938035455, 0.002820834760894203, 37.35360144775032, 37.87435427338181, 6.379506712622774
0.0030959919839679347, 0.7835578108654224, 7.391136420320712E-4, 8.868405148934926, 0.002840136422689682, 38.725442657306, 39.16233982050079, 6.380170539535859
0.003102725450901802, 0.7852366043843, 7.407211388520775E-4, 8.953980364387917, 0.0028596051483675555, 40.14767672717801, 40.49805062901884, 6.380834366448944
0.00310945891783567, 0.7869153979031775, 7.423286356720838E-4, 9.0417938475548, 0.0028792447516757247, 41.62174601367866, 41.88283570411955, 6.38149819336203
0.0031161923847695377, 0.788594191422055, 7.4393613249209E-4, 9.131885498884458, 0.00289905911756147, 43.149122739838624, 43.31807157573794, 6.382162020275115
0.0031229258517034056, 0.7902729849409327, 7.455436293120965E-4, 9.224294811179789, 0.0029190522016471487, 44.73130942201897, 44.80516268553548, 6.3828258471882
0.003129659318637273, 0.7919517784598102, 7.471511261321027E-4, 9.319060823389464, 0.0029392280296279827, 46.36983930063008, 46.34554177761874, 6.383489674101285
0.003136392785571141, 0.7936305719786878, 7.48758622952109E-4, 9.416222072930395, 0.0029595906965999563, 48.06627677440306, 47.94067029237661, 6.384153501014371
0.003143126252505009, 0.7953093654975655, 7.503661197721154E-4, 9.515816546688256, 0.0029801443662950122, 49.82221783857371, 49.59203876381157, 6.384817327927456
0.0031498597194388766, 0.7969881590164429, 7.519736165921217E-4, 9.617881630569627, 0.003000893270247107, 51.63929052706855, 51.30116722047394, 6.385481154840541
0.003156593186372744, 0.7986669525353205, 7.53581113412128E-4, 9.72245405764943, 0.003021841706862649, 53.51915535825866, 53.069605589507475, 6.386144981753626
0.0031633266533066117, 0.8003457460541981, 7.551886102321343E-4, 9.82956985482133, 0.003042994040410585, 55.4635057849517, 54.89893410458044, 6.386808808666712
0.0031700601202404796, 0.8020245395730756, 7.567961070521406E-4, 9.93926428797704, 0.003064354699914479, 57.47406864782039, 56.79076371673634, 6.387472635579797
0.003176793587174347, 0.8037033330919531, 7.584036038721469E-4, 10.051571805696312, 0.0030859281779668513, 59.552604633345325, 58.746736509427805, 6.388136462492882
0.0031835270541082147, 0.8053821266108306, 7.600111006921532E-4, 10.166525981388077, 0.003107719029426831, 61.700908735062825, 60.768526116361905, 6.388800289405967
0.0031902605210420826, 0.8070609201297083, 7.616185975121596E-4, 10.284159453856319, 0.003129731870041619, 63.92081071921856, 62.85783814336211, 6.389464116319052
0.003196993987975951, 0.808739713648586, 7.63226094332166E-4, 10.404503866333016, 0.003151971374951046, 66.21417559411096, 65.01641059345062, 6.390127943232137
0.0032037274549098185, 0.8104185071674636, 7.648335911521723E-4, 10.52758980387398, 0.0031744422770986214, 68.58290408356801, 67.24601429568219, 6.390791770145222
0.003210460921843686, 0.812097300686341, 7.664410879721786E-4, 10.653446729144434, 0.0031971493655312266, 71.02893310434628, 69.54845333741447, 6.391455597058307
0.0032171943887775536, 0.8137760942052186, 7.680485847921849E-4, 10.782102916478834, 0.003220097483597917, 73.55423624750709, 71.92556550014969, 6.392119423971393
0.0032239278557114216, 0.8154449821062313, 7.696560816121911E-4, 10.913849016596487, 0.0032434944331348747, 76.16082426392248, 74.37922269906132, 6.393004531346637
0.003230661322645289, 0.8171067945659118, 7.712635784321974E-4, 11.048637085437804, 0.0032672896376864102, 78.85074555371654, 76.91133142600272, 6.3940476961948525
0.003237394789579157, 0.8187686070255925, 7.728710752522038E-4, 11.186303556653456, 0.00329134381337165, 81.62608665980974, 79.52383319619605, 6.395090861043068
0.0032441282565130246, 0.8204304194852732, 7.744785720722101E-4, 11.326871260225289, 0.003315662011870224, 84.48897276552455, 82.21870499852407, 6.396134025891283
0.0032508617234468925, 0.8220922319449537, 7.760860688922164E-4, 11.470361482775843, 0.003340249328398326, 87.441568196309, 84.99795974948171, 6.397177190739498
0.00325759519038076, 0.8237540444046344, 7.776935657122227E-4, 11.61679389118035, 0.0033651108991925582, 90.48607692548367, 87.86364675073914, 6.398220355587713
0.003264328657314628, 0.8254158568643151, 7.793010625322291E-4, 11.766186454397484, 0.003390251898858887, 93.62474308428939, 90.8178521505173, 6.3992635204359285
0.0032710621242484955, 0.8270776693239957, 7.809085593522354E-4, 11.918555363428368, 0.0034156775375819293, 96.85985147577932, 93.86269940837543, 6.400306685284144
0.0032777955911823635, 0.8287394817836763, 7.825160561722417E-4, 12.073914949379741, 0.003441393058214226, 100.19372809309944, 97.00034976390988, 6.401349850132359
0.0032845290581162315, 0.830401294243357, 7.841235529922481E-4, 12.23227759962947, 0.003467403733210195, 103.6287406419485, 100.23300270921463, 6.402393014980574
0.003291262525050099, 0.8320631067030376, 7.857310498122544E-4, 12.393653672031178, 0.0034937148614251345, 107.16729906703796, 103.56289646484366, 6.403436179828788
0.0032979959919839665, 0.8337249191627182, 7.873385466322607E-4, 12.558051407135281, 0.0035203317647685695, 110.81185608290657, 106.9923084596872, 6.404479344677004
0.003304729458917834, 0.8353867316223988, 7.88946043452267E-4, 12.725476838455506, 0.003547259784705048, 114.56490770889882, 110.52355581455018, 6.405522509525219
0.003311462925851702, 0.8370485440820794, 7.905535402722733E-4, 12.895933700638125, 0.003574504278603341, 118.42899380826921, 114.15899582937499, 6.406565674373434
0.0033181963927855695, 0.8387103565417601, 7.921610370922795E-4, 13.069423335666215, 0.0036020706159274885, 122.40669863189649, 117.90102647461522, 6.407608839221649
0.003324929859719437, 0.8403721690014406, 7.937685339122858E-4, 13.245944596868867, 0.0036299641742744693, 126.50065136574631, 121.75208688592278, 6.4086520040698645
0.003331663326653305, 0.8420339814611213, 7.953760307322922E-4, 13.425493750925853, 0.003658190335238287, 130.71352668298573, 125.71465786293624, 6.40969516891808
0.0033383967935871734, 0.8436957939208021, 7.969835275522986E-4, 13.608064377673145, 0.0036867544801122976, 135.04804530033783, 129.79126237193051, 6.410738333766295
0.003345130260521041, 0.8453576063804826, 7.985910243723049E-4, 13.793647267695633, 0.0037156619854225026, 139.50697453857737, 133.98446605204956, 6.41178149861451
0.0033518637274549084, 0.8470194188401633, 8.001985211923112E-4, 13.982230317840731, 0.003744918218280213, 144.0931288875601, 138.29687772566612, 6.412824663462725
0.003358597194388776, 0.8486812312998439, 8.018060180123175E-4, 14.173798424333654, 0.00377452853156357, 148.80937057552268, 142.73114991248005, 6.4138678283109405
0.003365330661322644, 0.8503145628943416, 8.034135148323238E-4, 14.369000150910324, 0.0038050339566403912, 153.658610142596, 147.28997934736907, 6.415443420771582
0.0033720641282565115, 0.8519403995243174, 8.050210116523301E-4, 14.567326423409213, 0.003836050457946716, 158.6438070190579, 151.97610750250493, 6.41715912576181
0.0033787975951903794, 0.8535662361542934, 8.066285084723365E-4, 14.768577436128908, 0.0038674429891780715, 163.7679701074794, 156.79232111287456, 6.418874830752038
0.003385531062124247, 0.8551920727842692, 8.082360052923428E-4, 14.972724973997174, 0.003899216817815021, 169.03415836973565, 161.74145270614966, 6.4205905357422655
0.003392264529058115, 0.8568179094142451, 8.098435021123491E-4, 15.179737252849918, 0.00393137717020331, 174.44548141821545, 166.82638113631677, 6.4223062407324925
0.0033989979959919824, 0.8584437460442209, 8.114509989323554E-4, 15.389578798619368, 0.003963929225580309, 180.00510011151457, 172.05003212126508, 6.42402194572272
0.00340573146292585, 0.8600695826741969, 8.130584957523617E-4, 15.602210324068437, 0.003996878109881918, 185.71622715447603, 177.41537878421914, 6.425737650712948
0.003412464929859718, 0.8616954193041728, 8.146659925723681E-4, 15.817588603047625, 0.004030228889355225, 191.58212770295046, 182.92544219944335, 6.427453355703176
0.003419198396793586, 0.8633212559341487, 8.162734893923743E-4, 16.035666342215336, 0.004063986563945909, 197.6061199728273, 188.58329194166367, 6.429169060693404
0.003425931863727454, 0.8649470925641246, 8.178809862123807E-4, 16.256392050233444, 0.004098156060463154, 203.7915758536373, 194.39204663962397, 6.430884765683632
0.0034326653306613213, 0.8665729291941004, 8.19488483032387E-4, 16.479709904420815, 0.004132742225532837, 210.14192152676907, 200.3548745336826, 6.432600470673859
0.003439398797595189, 0.8681987658240763, 8.210959798523933E-4, 16.705559614719277, 0.004167749818309474, 216.66063808797077, 206.47499403724186, 6.434316175664087
0.003446132264529057, 0.8698246024540522, 8.227034766723996E-4, 16.933876285085717, 0.004203183502961116, 223.35126217469858, 212.75567430252687, 6.436031880654315
0.0034528657314629244, 0.8714504390840281, 8.243109734924059E-4, 17.16459027218025, 0.004239047840916665, 230.21738659790267, 219.2002357902456, 6.4377475856445425
0.003459599198396792, 0.8730762757140039, 8.259184703124122E-4, 17.397627041365922, 0.004275347282866715, 237.26266097836256, 225.81205084334755, 6.4394632906347695
0.0034663326653306594, 0.8747021123439798, 8.275259671324185E-4, 17.63290701993901, 0.004312086160521922, 244.49079238755164, 232.59454426472632, 6.441178995624997
0.0034730661322645274, 0.8763279489739557, 8.291334639524249E-4, 17.870345447579894, 0.004349268678120133, 251.90554599343955, 239.55119389945554, 6.442894700615225
0.0034797995991983953, 0.8779537856039317, 8.307409607724312E-4, 18.1098522240718, 0.004386898903673497, 259.5107457105876, 246.68553122068326, 6.444610405605453
0.0034865330661322633, 0.8795796222339076, 8.323484575924376E-4, 18.351331754020066, 0.0044249807599495705, 267.31027485500306, 254.00114191986717, 6.446326110595681
0.003493266533066131, 0.8812054588638835, 8.339559544124439E-4, 18.59468278888835, 0.004463518015199397, 275.30807680369, 261.50166650110117, 6.448041815585908
0.0034999999999999983, 0.8828312954938593, 8.355634512324502E-4, 18.839798265897116, 0.004502514273602931, 283.5081556588906, 269.1908008796999, 6.449757520576136
