phi0, phi, rho, Z_fit_curve, F_ex_fit_per_V, mu_kT, PV_NkT, alpha
1.3999999999999996E-4, 0.0354930450865921, 3.342253804929801E-5, 1.1180415217426092, 3.76011922223505E-6, -10.532942611244824, -0.06136307183442839, 6.328749506172838
1.467334669338677E-4, 0.0372000655396227, 3.503003486930433E-5, 1.1242786464010193, 4.140340091579477E-6, -10.373875034248483, 0.09684037273604694, 6.328774710161061
1.5346693386773545E-4, 0.03890708599265329, 3.663753168931065E-5, 1.130567146390139, 4.539802482741384E-6, -10.222564308888451, 0.2405549673177232, 6.328799914149284
1.6020040080160316E-4, 0.040614106445683876, 3.824502850931696E-5, 1.1369070217114374, 4.958630570734358E-6, -10.078686074153762, 0.37127312394583006, 6.328825118137507
1.669338677354709E-4, 0.04232112689871447, 3.985252532932328E-5, 1.1432982723663834, 5.3969485305814335E-6, -9.941925305624109, 0.49027656484965126, 6.328850322125731
1.7366733466933862E-4, 0.04402814735174507, 4.14600221493296E-5, 1.1497408983564454, 5.854880537315079E-6, -9.811976136298927, 0.5986758946926267, 6.328875526113953
1.8040080160320636E-4, 0.045735167804775656, 4.3067518969335916E-5, 1.156234899683092, 6.332550765977224E-6, -9.68854167950053, 0.6974413420024851, 6.328900730102177
1.871342685370741E-4, 0.04744218825780625, 4.4675015789342234E-5, 1.1627802763477924, 6.830083391619224E-6, -9.571333853840308, 0.7874268936064994, 6.3289259340904
1.9386773547094184E-4, 0.04914920871083685, 4.628251260934855E-5, 1.1693770283520146, 7.347602589301889E-6, -9.460073210236843, 0.8693894279844671, 6.328951138078623
2.0060120240480956E-4, 0.050856229163867436, 4.7890009429354864E-5, 1.1760251556972283, 7.885232534095472E-6, -9.354488760974974, 0.9440040222164464, 6.328976342066846
2.073346693386773E-4, 0.052563249616898025, 4.949750624936118E-5, 1.1827246583849016, 8.443097401079676E-6, -9.254317810794692, 1.0118763020112929, 6.329001546055069
2.1406813627254502E-4, 0.05427027006992863, 5.11050030693675E-5, 1.1894755364165037, 9.02132136534364E-6, -9.159305789998877, 1.0735524855087248, 6.329026750043292
2.2080160320641276E-4, 0.05597729052295922, 5.271249988937382E-5, 1.1962777897935029, 9.620028601985942E-6, -9.069206089568775, 1.1295276128037186, 6.329051954031515
2.2753507014028047E-4, 0.057684310975989805, 5.431999670938013E-5, 1.2031314185173685, 1.0239343286114627E-5, -8.98377989827615, 1.1802523366785485, 6.3290771580197385
2.3426853707414822E-4, 0.059391331429020394, 5.592749352938645E-5, 1.2100364225895688, 1.0879389592847162E-5, -8.902796041781135, 1.2261385636903916, 6.329102362007961
2.4100200400801596E-4, 0.06109835188205099, 5.7534990349392766E-5, 1.2169928020115732, 1.154029169731047E-5, -8.826030823704642, 1.2675641701357483, 6.329127565996185
2.477354709418837E-4, 0.06280537233508159, 5.9142487169399084E-5, 1.22400055678485, 1.2222173774640915E-5, -8.753267868664334, 1.304876968594974, 6.3291527699844075
2.5446893787575144E-4, 0.06451239278811217, 6.07499839894054E-5, 1.2310596869108683, 1.2925159999984316E-5, -8.684297967263072, 1.3383980635680734, 6.329177973972631
2.612024048096192E-4, 0.06621941324114278, 6.235748080941172E-5, 1.2381701923910966, 1.3649374548495913E-5, -8.618918923018818, 1.3684247061499346, 6.329203177960854
2.679358717434869E-4, 0.06792643369417335, 6.396497762941803E-5, 1.2453320732270043, 1.4394941595340421E-5, -8.55693540122491, 1.3952327355901684, 6.329228381949077
2.7466933867735456E-4, 0.06963345414720394, 6.557247444942434E-5, 1.2525453294200597, 1.5161985315691972E-5, -8.498158779729675, 1.4190786783567617, 6.3292535859373
2.8140280561122236E-4, 0.07134045911899406, 6.717997126943068E-5, 1.2598098091854366, 1.595061968773521E-5, -8.442407001624305, 1.4402015618060557, 6.3292773008362335
2.8813627254509005E-4, 0.07304740526207026, 6.878746808943698E-5, 1.267125066451359, 1.67609374704261E-5, -8.38950442982801, 1.4588244888880932, 6.329295357195867
2.948697394789578E-4, 0.07475435140514648, 7.03949649094433E-5, 1.27449166420115, 1.7593099586883095E-5, -8.33928170355926, 1.4751560118363363, 6.3293134135555
3.0160320641282553E-4, 0.0764612975482227, 7.200246172944962E-5, 1.2819096024355634, 1.844723004406932E-5, -8.291575596682238, 1.4893913360143667, 6.329331469915132
3.083366733466933E-4, 0.07816824369129892, 7.360995854945593E-5, 1.2893788811553535, 1.9323452848952775E-5, -8.246228877917284, 1.501713379648345, 6.329349526274766
3.15070140280561E-4, 0.07987518983437514, 7.521745536946225E-5, 1.2968995003612738, 2.0221892008506286E-5, -8.20309017290442, 1.5122937107762602, 6.329367582634399
3.2180360721442876E-4, 0.08158213597745136, 7.682495218946857E-5, 1.3044714600540785, 2.114267152970753E-5, -8.162013828108767, 1.5212933791763978, 6.329385638994032
3.285370741482965E-4, 0.08328908212052757, 7.843244900947489E-5, 1.3120947602345212, 2.2085915419539043E-5, -8.122859776556957, 1.528863658126389, 6.329403695353665
3.3527054108216424E-4, 0.08499602826360379, 8.003994582948121E-5, 1.3197694009033558, 2.3051747684988175E-5, -8.085493405393306, 1.5351467084597348, 6.329421751713298
3.42004008016032E-4, 0.08670297440668001, 8.164744264948753E-5, 1.3274953820613364, 2.404029233304719E-5, -8.049785425244886, 1.5402761754245302, 6.329439808072931
3.487374749498997E-4, 0.08840992054975622, 8.325493946949384E-5, 1.3352727037092171, 2.5051673370713153E-5, -8.015611741384259, 1.5443777272280828, 6.329457864432564
3.554709418837674E-4, 0.09011686669283245, 8.486243628950016E-5, 1.343101365847751, 2.608601480498795E-5, -7.982853326678939, 1.5475695428063057, 6.329475920792198
3.6220440881763516E-4, 0.09182381283590865, 8.646993310950648E-5, 1.350981368477693, 2.7143440642878384E-5, -7.951396096316595, 1.5499627552368618, 6.329493977151831
3.689378757515029E-4, 0.09353075897898488, 8.80774299295128E-5, 1.3589127115997959, 2.8224074891396042E-5, -7.92113078429465, 1.5516618562796713, 6.329512033511464
3.756713426853706E-4, 0.09523770512206109, 8.96849267495191E-5, 1.3668953952148146, 2.9328041557557398E-5, -7.891952821663614, 1.5527650667428785, 6.329530089871096
3.8240480961923833E-4, 0.0969446512651373, 9.129242356952542E-5, 1.3749294193235024, 3.0455464648383784E-5, -7.86376221651277, 1.5533646767124552, 6.32954814623073
3.891382765531061E-4, 0.09865159740821353, 9.289992038953175E-5, 1.3830147839266136, 3.1606468170901334E-5, -7.836463435687351, 1.5535473591256588, 6.329566202590363
3.9587174348697376E-4, 0.10035854355128972, 9.450741720953804E-5, 1.391151489024902, 3.278117613214106E-5, -7.8099652882261195, 1.553394459696385, 6.329584258949996
4.026052104208415E-4, 0.10206548969436594, 9.611491402954436E-5, 1.399339534619121, 3.397971253913881E-5, -7.7841808105082135, 1.552982265799372, 6.3296023153096295
4.0933867735470924E-4, 0.10377243583744215, 9.772241084955068E-5, 1.407578920710025, 3.520220139893529E-5, -7.759027153098296, 1.5523822565783114, 6.329620371669262
4.16072144288577E-4, 0.10547938198051837, 9.9329907669557E-5, 1.4158696472983685, 3.644876671857606E-5, -7.73442546927895, 1.5516613362508984, 6.329638428028895
4.2280561122244484E-4, 0.10718622345931615, 1.0093740448956334E-4, 1.4242131277089705, 3.7719675162374457E-5, -7.710300805259221, 1.5508820523338283, 6.329665711484696
4.295390781563124E-4, 0.108892918408124, 1.0254490130956963E-4, 1.4326100038448428, 3.9015123376931194E-5, -7.686581992048245, 1.5501028002958719, 6.329705912875132
4.3627254509018016E-4, 0.11059961335693189, 1.0415239812957595E-4, 1.4410583285853589, 4.033504248325445E-5, -7.663201538983014, 1.5493780159618948, 6.329746114265567
4.430060120240479E-4, 0.11230630830573977, 1.0575989494958227E-4, 1.449558101934256, 4.167955701005978E-5, -7.640095528899068, 1.5487583568314678, 6.329786315656003
4.4973947895791564E-4, 0.11401300325454766, 1.0736739176958859E-4, 1.4581093238952718, 4.304879148608674E-5, -7.617203514933236, 1.548290873336979, 6.329826517046438
4.564729458917834E-4, 0.11571969820335554, 1.0897488858959491E-4, 1.466711994472144, 4.444287044009897E-5, -7.594468418947195, 1.5480191709468007, 6.3298667184368735
4.6320641282565113E-4, 0.11742639315216342, 1.1058238540960123E-4, 1.4753661136686105, 4.586191840088413E-5, -7.571836431560912, 1.5479835639145763, 6.32990691982731
4.6993987975951887E-4, 0.11913308810097131, 1.1218988222960754E-4, 1.4840716814884085, 4.730605989725393E-5, -7.549256913784908, 1.5482212213850979, 6.329947121217745
4.766733466933866E-4, 0.1208397830497792, 1.1379737904961386E-4, 1.492828697935276, 4.877541945804404E-5, -7.526682300240282, 1.5487663064880108, 6.32998732260818
4.8340681362725436E-4, 0.12254647799858709, 1.1540487586962018E-4, 1.501637163012951, 5.027012161211429E-5, -7.50406800395532, 1.549650108981502, 6.330027523998616
4.901402805611221E-4, 0.12425317294739496, 1.170123726896265E-4, 1.5104970767251706, 5.179029088834846E-5, -7.481372322727918, 1.55090117194696, 6.330067725389052
4.968737474949898E-4, 0.12595986789620284, 1.1861986950963282E-4, 1.5194084390756735, 5.333605181565441E-5, -7.4585563470424034, 1.5525454129829441, 6.330107926779487
5.036072144288576E-4, 0.12766656284501074, 1.2022736632963914E-4, 1.5283712500681972, 5.4907528922964015E-5, -7.43558386953009, 1.5546062402992378, 6.330148128169923
5.103406813627253E-4, 0.1293732577938186, 1.2183486314964545E-4, 1.5373855097064792, 5.6504846739233165E-5, -7.4124212959620905, 1.5571046640711295, 6.330188329560358
5.170741482965931E-4, 0.13107995274262652, 1.2344235996965177E-4, 1.546451217994258, 5.812812979344186E-5, -7.389037557763759, 1.560059403376908, 6.3302285309507935
5.238076152304608E-4, 0.1327866476914344, 1.250498567896581E-4, 1.5555683749352718, 5.97775026145941E-5, -7.3654040260394735, 1.563486989009737, 6.33026873234123
5.305410821643286E-4, 0.13449334264024226, 1.266573536096644E-4, 1.5647369805332578, 6.14530897317179E-5, -7.341494427096545, 1.5674018624267319, 6.330308933731665
5.372745490981962E-4, 0.13620003758905014, 1.282648504296707E-4, 1.5739570347919543, 6.31550156738653E-5, -7.317284759457678, 1.57181647107172, 6.3303491351221
5.440080160320638E-4, 0.137906732537858, 1.2987234724967702E-4, 1.5832285377150996, 6.488340497011247E-5, -7.292753212350506, 1.576741360286903, 6.330389336512535
5.507414829659317E-4, 0.13961342748666594, 1.3147984406968336E-4, 1.592551489306432, 6.663838214955964E-5, -7.267880085663236, 1.5821852620077483, 6.330429537902972
5.574749498997993E-4, 0.1413201224354738, 1.3308734088968965E-4, 1.6019258895696888, 6.842007174133082E-5, -7.242647711355559, 1.5881551804177367, 6.330469739293407
5.64208416833667E-4, 0.14302704729690868, 1.3469483770969597E-4, 1.611351252214401, 7.022853277325496E-5, -7.2170403763135, 1.5946564747239216, 6.330507562161365
5.709418837675348E-4, 0.14473411010591974, 1.363023345297023E-4, 1.6208277566571208, 7.206391188374059E-5, -7.191044246637297, 1.6016929391996813, 6.330543957915837
5.776753507014025E-4, 0.14644117291493083, 1.379098313497086E-4, 1.6303556911917823, 7.392637188010368E-5, -7.164647293351253, 1.6092668806284132, 6.330580353670308
5.844088176352703E-4, 0.14814823572394192, 1.3951732816971493E-4, 1.6399350558214498, 7.581603720181473E-5, -7.137839219524511, 1.6173791932705028, 6.330616749424779
5.91142284569138E-4, 0.149855298532953, 1.4112482498972124E-4, 1.6495658505491866, 7.773303228836374E-5, -7.110611388791634, 1.6260294314655912, 6.330653145179251
5.978757515030058E-4, 0.1515623613419641, 1.4273232180972756E-4, 1.6592480753780576, 7.96774815792606E-5, -7.082956755261947, 1.6352158799730967, 6.330689540933722
6.046092184368735E-4, 0.1532694241509752, 1.4433981862973388E-4, 1.668981730311126, 8.164950951403481E-5, -7.0548697948067725, 1.6449356221451297, 6.330725936688194
6.113426853707412E-4, 0.15497648695998628, 1.459473154497402E-4, 1.678766815351456, 8.364924053223558E-5, -7.026346437713146, 1.6551846060194337, 6.330762332442665
6.18076152304609E-4, 0.15668354976899737, 1.4755481226974652E-4, 1.6886033305021122, 8.567679907343189E-5, -6.997384002693299, 1.6659577084121033, 6.330798728197137
6.248096192384767E-4, 0.15839061257800843, 1.4916230908975284E-4, 1.698491275766158, 8.77323095772123E-5, -6.967981132238792, 1.6772487970845178, 6.3308351239516085
6.315430861723445E-4, 0.16009767538701952, 1.5076980590975915E-4, 1.7084306511466578, 8.981589648318522E-5, -6.938137729307917, 1.689050791053392, 6.33087151970608
6.382765531062122E-4, 0.1618047381960306, 1.5237730272976547E-4, 1.718421456646676, 9.19276842309787E-5, -6.907854895335933, 1.701355719107178, 6.330907915460552
6.4501002004008E-4, 0.1635118010050417, 1.539847995497718E-4, 1.7284636922692758, 9.40677972602404E-5, -6.877134869556378, 1.7141547765886493, 6.330944311215023
6.517434869739476E-4, 0.16521886381405276, 1.5559229636977808E-4, 1.7385573580175222, 9.623636001063786E-5, -6.845980969622996, 1.727438380498188, 6.330980706969495
6.584769539078154E-4, 0.16692592662306388, 1.5719979318978443E-4, 1.7487024538944795, 9.843349692185827E-5, -6.8143975335209195, 1.7411962229695277, 6.331017102723966
6.652104208416831E-4, 0.16863298943207494, 1.5880729000979072E-4, 1.7588989799032115, 1.0065933243360839E-4, -6.782389862756026, 1.7554173231660082, 6.331053498478438
6.719438877755509E-4, 0.17034005224108606, 1.6041478682979706E-4, 1.7691469360467824, 1.0291399098561495E-4, -6.7499641668117265, 1.7700900776418538, 6.3310898942329095
6.786773547094186E-4, 0.1720471150500971, 1.6202228364980335E-4, 1.7794463223282566, 1.051975970176241E-4, -6.7171275088615285, 1.7852023092114666, 6.331126289987381
6.854108216432863E-4, 0.17375417785910818, 1.6362978046980967E-4, 1.7897971387506986, 1.0751027496940185E-4, -6.683887752727182, 1.8007413143651407, 6.331162685741853
6.92144288577154E-4, 0.17546124066811927, 1.65237277289816E-4, 1.8001993853171725, 1.0985214928073402E-4, -6.650253511070563, 1.8166939092695864, 6.331199081496324
6.988777555110218E-4, 0.17716830347713036, 1.668447741098223E-4, 1.8106530620307428, 1.1222334439142598E-4, -6.616234094808638, 1.83304647438772, 6.331235477250796
7.056112224448896E-4, 0.17887550404551752, 1.6845227092982865E-4, 1.8211607272401262, 1.1462441570043774E-4, -6.58183946374036, 1.8497849977512237, 6.331281876139107
7.123446893787572E-4, 0.1805827321657798, 1.7005976774983494E-4, 1.8317203880579664, 1.1705516107472961E-4, -6.547080178374494, 1.866895116917211, 6.331330275654187
7.190781563126249E-4, 0.18228996028604214, 1.7166726456984126E-4, 1.8423315377100669, 1.1951562068400237E-4, -6.51196735294738, 1.8843621596384288, 6.331378675169267
7.258116232464926E-4, 0.18399718840630447, 1.7327476138984758E-4, 1.8529941762018465, 1.2200591925152224E-4, -6.476512609619194, 1.9021711832762016, 6.331427074684346
7.325450901803604E-4, 0.1857044165265668, 1.748822582098539E-4, 1.8637083035387254, 1.2452618150059043E-4, -6.440728033838318, 1.9203070129819118, 6.331475474199427
7.392785571142281E-4, 0.18741164464682913, 1.7648975502986022E-4, 1.8744739197261227, 1.2707653215454287E-4, -6.4046261308620664, 1.9387542786735925, 6.331523873714506
7.460120240480959E-4, 0.18911887276709147, 1.7809725184986654E-4, 1.885291024769459, 1.2965709593675052E-4, -6.368219783423351, 1.957497450831508, 6.331572273229586
7.527454909819636E-4, 0.1908261008873538, 1.7970474866987285E-4, 1.8961596186741536, 1.3226799757061895E-4, -6.331522210531549, 1.9765208751367978, 6.331620672744666
7.594789579158312E-4, 0.1925333290076161, 1.8131224548987915E-4, 1.9070797014456253, 1.3490936177958866E-4, -6.29454692739732, 1.9958088059749253, 6.3316690722597455
7.662124248496991E-4, 0.19424055712787847, 1.829197423098855E-4, 1.9180512730892962, 1.3758131328713542E-4, -6.257307706469567, 2.0153454388260927, 6.331717471774826
7.729458917835667E-4, 0.19594778524814077, 1.8452723912989178E-4, 1.9290743336105836, 1.4028397681676902E-4, -6.21981853957403, 2.035114941563103, 6.331765871289905
7.796793587174346E-4, 0.19765501336840313, 1.8613473594989813E-4, 1.9401488830149094, 1.4301747709203502E-4, -6.182093601142063, 2.0551014846767854, 6.331814270804985
7.864128256513023E-4, 0.19936224148866546, 1.8774223276990445E-4, 1.951274921307693, 1.457819388365132E-4, -6.144147212518924, 2.0752892704479624, 6.331862670320065
7.9314629258517E-4, 0.20106946960892774, 1.8934972958991074E-4, 1.962452448494354, 1.4857748677381835E-4, -6.105993807340024, 2.095662561085188, 6.331911069835145
7.998797595190378E-4, 0.2027766977291901, 1.9095722640991708E-4, 1.9736814645803133, 1.5140424562760046E-4, -6.067647897964904, 2.1162057058452026, 6.331959469350225
8.066132264529054E-4, 0.2044839258494524, 1.9256472322992337E-4, 1.9849619695709904, 1.5426234012154384E-4, -6.029124042956711, 2.1369031671550838, 6.332007868865304
8.133466933867733E-4, 0.20619115396971477, 1.9417222004992972E-4, 1.9962939634718064, 1.5715189497936824E-4, -5.9904368155974765, 2.157739545751258, 6.332056268380384
8.200801603206409E-4, 0.20789838208997707, 1.95779716869936E-4, 2.007677446288181, 1.6007303492482768E-4, -5.951600773426706, 2.178699604853727, 6.3321046678954644
8.268136272545087E-4, 0.2096056102102394, 1.9738721368994233E-4, 2.0191124180255344, 1.630258846817115E-4, -5.912630428793666, 2.1997682933897176, 6.332153067410544
8.335470941883765E-4, 0.21131283833050177, 1.9899471050994867E-4, 2.030598878689288, 1.6601056897384375E-4, -5.873540220410988, 2.2209307682839854, 6.332201466925624
8.402805611222442E-4, 0.21302000232843255, 2.0060220732995496E-4, 2.0421368212435373, 1.690272111125782E-4, -5.834344485899836, 2.242172415829431, 6.332249843328635
8.470140280561119E-4, 0.21472569151273793, 2.0220970414996128E-4, 2.0537260893712914, 1.7207590417794312E-4, -5.7950574353141295, 2.2634788721546446, 6.332297688154089
8.537474949899796E-4, 0.21643138069704335, 2.038172009699676E-4, 2.065366843728062, 1.7515680484929917E-4, -5.755693125634542, 2.284836042800847, 6.332345532979542
8.604809619238473E-4, 0.21813706988134876, 2.0542469778997392E-4, 2.0770590843191465, 1.7827003783749796E-4, -5.716265436218941, 2.306230121425176, 6.332393377804996
8.67214428857715E-4, 0.21984275906565418, 2.0703219460998024E-4, 2.0888028111498422, 1.8141572785342508E-4, -5.676788045200865, 2.3276476076410373, 6.332441222630449
8.739478957915828E-4, 0.2215484482499596, 2.0863969142998655E-4, 2.100598024225446, 1.845939996080003E-4, -5.637274406822634, 2.3490753240122797, 6.332489067455902
8.806813627254505E-4, 0.223254137434265, 2.1024718824999287E-4, 2.112444723551255, 1.8780497781217747E-4, -5.597737729693471, 2.3705004322125243, 6.3325369122813555
8.874148296593182E-4, 0.2249598266185704, 2.118546850699992E-4, 2.1243429091325665, 1.9104878717694443E-4, -5.558190955961277, 2.391910448363601, 6.332584757106809
8.94148296593186E-4, 0.2266655158028758, 2.134621818900055E-4, 2.1362925809746787, 1.9432555241332328E-4, -5.5186467413863065, 2.413293257566864, 6.3326326019322625
9.008817635270536E-4, 0.2283712049871812, 2.150696787100118E-4, 2.148293739082888, 1.976353982323697E-4, -5.479117436306853, 2.4346371276384797, 6.332680446757716
9.076152304609215E-4, 0.23007689417148663, 2.1667717553001815E-4, 2.160346383462492, 2.0097844934517407E-4, -5.439615067485073, 2.455930722062835, 6.332728291583169
9.143486973947892E-4, 0.23178258335579205, 2.1828467235002446E-4, 2.1724505141187884, 2.0435483046286052E-4, -5.4001513208219825, 2.4771631121759614, 6.332776136408622
9.21082164328657E-4, 0.23348827254009746, 2.1989216917003078E-4, 2.184606131057075, 2.077646662965874E-4, -5.3607375249310945, 2.4983237885908496, 6.332823981234076
9.278156312625247E-4, 0.23519396172440285, 2.214996659900371E-4, 2.1968132342826494, 2.112080815575468E-4, -5.321384635558631, 2.5194026718778835, 6.332871826059529
9.345490981963923E-4, 0.23689965090870824, 2.231071628100434E-4, 2.2090718238008082, 2.1468520095696515E-4, -5.282103220840569, 2.5403901225109027, 6.332919670884983
9.412825651302602E-4, 0.23860534009301368, 2.2471465963004974E-4, 2.2213818996168504, 2.181961492061031E-4, -5.2429034473843386, 2.5612769500921444, 6.332967515710435
9.480160320641278E-4, 0.24031102927731907, 2.2632215645005603E-4, 2.2337434617360734, 2.2174105101625504E-4, -5.203795067164895, 2.5820544218667645, 6.333015360535889
9.547494989979956E-4, 0.24201671846162448, 2.2792965327006235E-4, 2.246156510163775, 2.2532003109874976E-4, -5.164787405223274, 2.6027142705394812, 6.333063205361342
9.614829659318634E-4, 0.24372240764592992, 2.295371500900687E-4, 2.2586210449052526, 2.289332141649499E-4, -5.125889348157697, 2.6232487014038717, 6.333111050186796
9.68216432865731E-4, 0.2454280968302353, 2.3114464691007498E-4, 2.271137065965805, 2.3258072492625214E-4, -5.0871093333952535, 2.6436503987963254, 6.333158895012249
9.749498997995988E-4, 0.2471337860145407, 2.327521437300813E-4, 2.283704573350729, 2.3626268809408735E-4, -5.048455339233339, 2.6639125318861203, 6.333206739837702
9.816833667334664E-4, 0.24883970573532918, 2.3435964055008762E-4, 2.296323197890225, 2.3997914186017728E-4, -5.009934875639929, 2.6840287598124886, 6.3332535477745635
9.884168336673342E-4, 0.25054631706556685, 2.3596713737009394E-4, 2.308992188551481, 2.437300319353644E-4, -4.971554975801743, 2.703993236179567, 6.333297245045649
9.951503006012021E-4, 0.25225292839580454, 2.3757463419010028E-4, 2.3217126452516834, 2.475157389401291E-4, -4.933322188409112, 2.72380061292079, 6.333340942316734
0.0010018837675350696, 0.25395953972604224, 2.3918213101010657E-4, 2.3344845679952506, 2.513363874879249E-4, -4.895242570666154, 2.743446043543787, 6.333384639587818
0.0010086172344689374, 0.2556661510562799, 2.407896278301129E-4, 2.3473079567866035, 2.5519210219223493E-4, -4.857321682015659, 2.762925185766285, 6.333428336858903
0.0010153507014028051, 0.2573727623865176, 2.423971246501192E-4, 2.3601828116301604, 2.5908300766656976E-4, -4.819564578567457, 2.7822342035540233, 6.333472034129988
0.0010220841683366729, 0.25907937371675527, 2.4400462147012553E-4, 2.3731091325303413, 2.630092285244687E-4, -4.781975808219846, 2.801369768570946, 6.333515731401073
0.0010288176352705406, 0.2607859850469929, 2.4561211829013185E-4, 2.3860869194915653, 2.6697088937949957E-4, -4.744559406461347, 2.8203290610539193, 6.333559428672158
0.0010355511022044086, 0.26249259637723066, 2.472196151101382E-4, 2.3991161725182515, 2.709681148452583E-4, -4.707318892843599, 2.8391097701210324, 6.333603125943243
0.001042284569138276, 0.2641992077074683, 2.488271119301445E-4, 2.4121968916148204, 2.750010295353698E-4, -4.67025726811324, 2.8577100935247177, 6.333646823214328
0.001049018036072144, 0.265905819037706, 2.5043460875015083E-4, 2.425329076785691, 2.7906975806348694E-4, -4.633377011992489, 2.8761287368601716, 6.333690520485413
0.0010557515030060116, 0.26761243036794363, 2.520421055701571E-4, 2.438512728035283, 2.8317442504329117E-4, -4.596680081595944, 2.894364912240389, 6.333734217756498
0.0010624849699398793, 0.26931904169818127, 2.536496023901634E-4, 2.451747845368016, 2.873151550884924E-4, -4.560167910475186, 2.9124183364460285, 6.333777915027583
0.001069218436873747, 0.271025653028419, 2.5525709921016976E-4, 2.46503442878831, 2.914920728128289E-4, -4.523841408276148, 2.9302892285645625, 6.333821612298667
0.0010759519038076148, 0.27273226435865666, 2.5686459603017605E-4, 2.4783724783005843, 2.9570530283006745E-4, -4.487700961003038, 2.9479783071238774, 6.333865309569752
0.0010826853707414826, 0.27443887568889436, 2.584720928501824E-4, 2.4917619939092583, 2.999549697540033E-4, -4.451746431873164, 2.9654867867358865, 6.3339090068408375
0.0010894188376753505, 0.27614548701913205, 2.6007958967018874E-4, 2.5052029756187535, 3.0424119819846E-4, -4.415977162755475, 2.982816374255949, 6.333952704111923
0.001096152304609218, 0.2778520983493697, 2.6168708649019503E-4, 2.518695423433488, 3.0856411277728935E-4, -4.380391976178198, 2.99996926447261, 6.333996401383008
0.001102885771543086, 0.27955870967960744, 2.632945833102014E-4, 2.532239337357882, 3.129238381043719E-4, -4.344989177897633, 3.0169481353344243, 6.334040098654092
0.0011096192384769535, 0.2812653210098451, 2.6490208013020766E-4, 2.545834717396356, 3.1732049879361677E-4, -4.309766560015499, 3.033756142725593, 6.334083795925177
0.001116352705410821, 0.2829719323400827, 2.6650957695021396E-4, 2.55948156355333, 3.2175421945896104E-4, -4.274721404633343, 3.0503969148014116, 6.334127493196262
0.001123086172344689, 0.28467793761723403, 2.681170737702203E-4, 2.5731805572249336, 3.26225307407122E-4, -4.239850488034424, 3.0668745458919435, 6.334172862824407
0.0011298196392785565, 0.28638322664982857, 2.697245705902266E-4, 2.5869318353349753, 3.3073392746862197E-4, -4.205150085380747, 3.083193589985608, 6.334220208874532
0.0011365531062124245, 0.2880885156824232, 2.7133206741023294E-4, 2.6007345974471057, 3.352799910185323E-4, -4.170615975914677, 3.0993590538018894, 6.334267554924658
0.001143286573146292, 0.2897938047150178, 2.7293956423023923E-4, 2.614588843566512, 3.3986362275729266E-4, -4.136243448654466, 3.1153763894635684, 6.334314900974783
0.00115002004008016, 0.2914990937476124, 2.745470610502456E-4, 2.628494573698384, 3.4448494738537717E-4, -4.102027308571818, 3.131251486778742, 6.334362247024908
0.0011567535070140275, 0.293204382780207, 2.7615455787025186E-4, 2.642451787847912, 3.491440896032934E-4, -4.06796188324078, 3.1469906651429014, 6.3344095930750335
0.0011634869739478952, 0.2949096718128016, 2.7776205469025816E-4, 2.656460486020285, 3.5384117411158146E-4, -4.034041029947487, 3.162600665069943, 6.334456939125158
0.001170220440881763, 0.2966149608453962, 2.793695515102645E-4, 2.6705206682206923, 3.585763256108157E-4, -4.000258143249095, 3.1780886393635672, 6.334504285175283
0.001176953907815631, 0.29832024987799083, 2.8097704833027085E-4, 2.684632334454324, 3.633496688016035E-4, -3.9666061629698612, 3.193462143939236, 6.334551631225409
0.0011836873747494985, 0.30002553891058537, 2.8258454515027714E-4, 2.6987954847263684, 3.6816132838458525E-4, -3.9330775826269515, 3.208729128303602, 6.334598977275534
0.0011904208416833662, 0.30173082794317996, 2.8419204197028343E-4, 2.7130101190420164, 3.730114290604354E-4, -3.8996644582689988, 3.22389792570738, 6.33464632332566
0.0011971543086172337, 0.30343611697577455, 2.857995387902897E-4, 2.7272762374064565, 3.779000955298612E-4, -3.8663584177228785, 3.238977242974354, 6.334693669375785
0.001203887775551102, 0.3051414060083692, 2.874070356102961E-4, 2.7415938398248816, 3.8282745249360435E-4, -3.83315067023274, 3.2539761500226496, 6.33474101542591
0.0012106212424849694, 0.3068466950409638, 2.890145324303024E-4, 2.755962926302478, 3.877936246524382E-4, -3.800032016482297, 3.268904069084909, 6.334788361476035
0.0012173547094188372, 0.3085519840735584, 2.906220292503087E-4, 2.7703834968444365, 3.927987367071707E-4, -3.7669928589897355, 3.2837707636377096, 6.33483570752616
0.001224088176352705, 0.310257273106153, 2.9222952607031505E-4, 2.7848555514559474, 3.978429133586431E-4, -3.7340232128621205, 3.2985863270519875, 6.334883053576285
0.0012308216432865727, 0.31196256213874757, 2.9383702289032134E-4, 2.7993790901422013, 4.029262793077298E-4, -3.701112716901577, 3.31336117097091, 6.334930399626411
0.0012375551102204404, 0.3136678511713422, 2.954445197103277E-4, 2.813954112908388, 4.080489592553387E-4, -3.6682506450482126, 3.3281060134291014, 6.334977745676536
0.0012442885771543081, 0.31537314020393675, 2.97052016530334E-4, 2.8285806197596957, 4.132110779024107E-4, -3.6354259181523876, 3.3428318667200756, 6.335025091726661
0.0012510220440881759, 0.3170784292365314, 2.986595133503403E-4, 2.8432586107013176, 4.18412759949921E-4, -3.602627116062798, 3.3575500250228427, 6.335072437776787
0.0012577555110220434, 0.318783718269126, 3.002670101703466E-4, 2.857988085738441, 4.2365413009887696E-4, -3.5698424900198997, 3.37227205179875, 6.3351197838269115
0.0012644889779559112, 0.3204897040625924, 3.018745069903529E-4, 2.872775685187701, 4.289373175910636E-4, -3.5370599753451417, 3.3870097669653747, 6.335181600299363
0.0012712224448897791, 0.3221960382364949, 3.034820038103593E-4, 2.8876181776051784, 4.342614984637431E-4, -3.5042672044124212, 3.401775233860985, 6.335250651982977
0.0012779559118236469, 0.32390237241039727, 3.050895006303656E-4, 2.902512260586862, 4.396258063268559E-4, -3.4714515198924643, 3.4165807460066437, 6.335319703666591
0.0012846893787575144, 0.32560870658429963, 3.066969974503719E-4, 2.9174579341437985, 4.4503036639670867E-4, -3.4385999882589444, 3.4314388136770013, 6.3353887553502055
0.0012914228456913821, 0.32731504075820206, 3.083044942703782E-4, 2.932455198287028, 4.504753038896774E-4, -3.405699413544391, 3.4463621502897364, 6.335457807033819
0.0012981563126252499, 0.3290213749321045, 3.099119910903845E-4, 2.9475040530275964, 4.5596074402221064E-4, -3.3727363513355355, 3.4613636586228163, 6.335526858717434
0.0013048897795591176, 0.33072770910600685, 3.115194879103908E-4, 2.9626044983765443, 4.614868120108264E-4, -3.3396971229974035, 3.4764564168697474, 6.3355959104010475
0.0013116232464929854, 0.3324340432799093, 3.1312698473039716E-4, 2.977756534344916, 4.670536330721153E-4, -3.306567830114418, 3.4916536645421754, 6.335664962084662
0.0013183567134268533, 0.3341403774538117, 3.147344815504035E-4, 2.992960160943756, 4.726613324227381E-4, -3.273334369136405, 3.5069687882318927, 6.335734013768276
0.0013250901803607208, 0.33584671162771407, 3.163419783704098E-4, 3.008215378184108, 4.783100352794267E-4, -3.239982446221704, 3.5224153072378077, 6.3358030654518895
0.0013318236472945886, 0.3375530458016165, 3.179494751904161E-4, 3.0235221860770145, 4.839998668589844E-4, -3.2064975922626253, 3.5380068590722233, 6.335872117135504
0.0013385571142284563, 0.3392593799755189, 3.1955697201042243E-4, 3.03888058463352, 4.897309523782852E-4, -3.1728651780855315, 3.5537571848519893, 6.335941168819118
0.0013452905811623243, 0.34096571414942134, 3.211644688304288E-4, 3.0542905738646704, 4.955034170542746E-4, -3.139070429810972, 3.569680114588681, 6.336010220502732
0.0013520240480961918, 0.3426720483233237, 3.2277196565043507E-4, 3.0697521537815065, 5.013173861039685E-4, -3.1050984443656886, 3.585789552384421, 6.336079272186346
0.0013587575150300595, 0.3443783824972261, 3.2437946247044136E-4, 3.0852653243950767, 5.071729847444547E-4, -3.0709342051353734, 3.6020994615426427, 6.336148323869961
0.0013654909819639273, 0.34608471667112856, 3.259869592904477E-4, 3.1008300857164235, 5.130703381928912E-4, -3.03656259774415, 3.618623849607731, 6.3362173755535744
0.001372224448897795, 0.3477910508450309, 3.27594456110454E-4, 3.116446437756593, 5.190095716665079E-4, -3.0019684259523975, 3.6353767533393206, 6.336286427237189
0.0013789579158316626, 0.3494973850189333, 3.292019529304603E-4, 3.1321143805266285, 5.249908103826049E-4, -2.9671364276637964, 3.6523722236299756, 6.336355478920803
0.0013856913827655307, 0.3512037191928358, 3.308094497504667E-4, 3.1478339140375775, 5.310141795585547E-4, -2.9320512910240133, 3.66962431038228, 6.336424530604417
0.0013924248496993983, 0.35291005336673814, 3.32416946570473E-4, 3.1636050383004832, 5.37079804411799E-4, -2.896697670605595, 3.6871470473497214, 6.336493582288031
0.001399158316633266, 0.35461638754064057, 3.3402444339047927E-4, 3.179427753326392, 5.431878101598521E-4, -2.8610602036673343, 3.704954436950883, 6.336562633971645
0.0014058917835671335, 0.3563219918225878, 3.3563194021048556E-4, 3.1953271121158697, 5.493467306037794E-4, -2.8251235264766956, 3.7230604350683207, 6.336680766533064
0.0014126252505010013, 0.3580274918342558, 3.372394370304919E-4, 3.211281899464315, 5.555496571716589E-4, -2.7888722906782277, 3.7414789358474567, 6.336805910648456
0.0014193587174348692, 0.3597329918459238, 3.3884693385049825E-4, 3.2272885536601654, 5.617955267100602E-4, -2.7522911797114262, 3.760223756489503, 6.3369310547638475
0.0014260921843687368, 0.36143849185759175, 3.4045443067050454E-4, 3.2433470747397273, 5.680844657766357E-4, -2.715364925247961, 3.7793086220700367, 6.337056198879239
0.0014328256513026047, 0.3631439918692597, 3.420619274905109E-4, 3.259457462739305, 5.74416600929271E-4, -2.6780783236562504, 3.7987471503703216, 6.33718134299463
0.0014395591182364722, 0.3648494918809277, 3.436694243105172E-4, 3.2756197176952044, 5.807920587260857E-4, -2.6404162524656987, 3.818552836750863, 6.3373064871100215
0.00144629258517034, 0.3665549918925956, 3.4527692113052347E-4, 3.2918338396437345, 5.872109657254333E-4, -2.602363686832053, 3.8387390390623994, 6.337431631225413
0.0014530260521042077, 0.36826049190426363, 3.468844179505298E-4, 3.308099828621203, 5.93673448485901E-4, -2.563905715986021, 3.8593189626124254, 6.337556775340804
0.0014597595190380757, 0.3699659919159316, 3.4849191477053616E-4, 3.3244176846639193, 6.001796335663098E-4, -2.5250275596545775, 3.880305645194636, 6.3376819194561955
0.0014664929859719432, 0.3716714919275995, 3.5009941159054245E-4, 3.340787407808194, 6.067296475257142E-4, -2.485714584449881, 3.90171194218692, 6.337807063571587
0.001473226452905811, 0.3733769919392675, 3.5170690841054874E-4, 3.3572089980903383, 6.133236169234029E-4, -2.4459523202027023, 3.923550511738621, 6.337932207686978
0.0014799599198396787, 0.37508249195093546, 3.533144052305551E-4, 3.373682455546664, 6.199616683188985E-4, -2.405726476244437, 3.9458338000418682, 6.3380573518023695
0.0014866933867735467, 0.3767879919626035, 3.5492190205056143E-4, 3.3902077802134833, 6.266439282719567E-4, -2.365022957613591, 3.968574026709815, 6.338182495917761
0.0014934268537074142, 0.3784934919742714, 3.565293988705677E-4, 3.406784972127113, 6.333705233425679E-4, -2.323827881183825, 3.991783170263205, 6.338307640033153
0.001500160320641282, 0.38019899198593937, 3.58136895690574E-4, 3.423414031323866, 6.401415800909558E-4, -2.2821275916979586, 4.015472953740071, 6.338432784148544
0.0015068937875751497, 0.38190449199760734, 3.5974439251058036E-4, 3.440094957840059, 6.469572250775784E-4, -2.2399086776997827, 4.039654830434373, 6.338557928263936
0.0015136272545090174, 0.3836099920092753, 3.6135188933058665E-4, 3.4568277517120087, 6.538175848631266E-4, -2.1971579873520217, 4.064339969775369, 6.338683072379327
0.001520360721442885, 0.38531549202094323, 3.6295938615059294E-4, 3.473612412976034, 6.607227860085269E-4, -2.153862644126226, 4.089539243358739, 6.338808216494718
0.001527094188376753, 0.3870209920326113, 3.6456688297059934E-4, 3.490448941668454, 6.676729550749383E-4, -2.110010062359208, 4.1152632111352885, 6.33893336061011
0.0015338276553106206, 0.3887264920442792, 3.6617437979060563E-4, 3.507337337825586, 6.746682186237533E-4, -2.0655879626606577, 4.14152210777014, 6.339058504725501
0.0015405611222444884, 0.3904319667086557, 3.677818766106119E-4, 3.5242760282930714, 6.817081246255786E-4, -2.020584387161083, 4.16832582918237, 6.3391808384876756
0.001547294589178356, 0.39213716255282627, 3.693893734306182E-4, 3.5412491911095936, 6.887869475777838E-4, -1.9749877145921706, 4.195683919271553, 6.339272258364466
0.0015540280561122239, 0.3938423583969969, 3.7099687025062456E-4, 3.558274055166498, 6.959111220056256E-4, -1.9287866751849803, 4.223605556844255, 6.339363678241257
0.0015607615230460916, 0.3955475542411675, 3.726043670706309E-4, 3.5753506204831575, 7.030807736629764E-4, -1.881970365376585, 4.252099542749038, 6.339455098118047
0.0015674949899799591, 0.39725275008533806, 3.742118638906372E-4, 3.59247888707895, 7.102960283038346E-4, -1.8345282623147072, 4.281174287228243, 6.339546517994838
0.001574228456913827, 0.39895794592950873, 3.7581936071064354E-4, 3.6096588549732536, 7.17557011682323E-4, -1.7864502381474663, 4.310837797499562, 6.339637937871628
0.0015809619238476946, 0.40066314177367923, 3.7742685753064983E-4, 3.626890524185443, 7.248638495526891E-4, -1.7377265740873427, 4.341097665574717, 6.339729357748419
0.0015876953907815624, 0.4023683376178498, 3.790343543506561E-4, 3.644173894734898, 7.322166676693052E-4, -1.6883479742443124, 4.371961056321069, 6.339820777625209
0.00159442885771543, 0.4040735334620204, 3.8064185117066247E-4, 3.661508966640997, 7.396155917866686E-4, -1.63830557920375, 4.4034346957879835, 6.339912197502
0.001601162324649298, 0.405778729306191, 3.822493479906688E-4, 3.6788957399231172, 7.47060747659401E-4, -1.5875909793528764, 4.435524859793727, 6.34000361737879
0.0016078957915831656, 0.4074839251503616, 3.838568448106751E-4, 3.696334214600637, 7.545522610422483E-4, -1.5361962279350223, 4.468237362790471, 6.340095037255581
0.0016146292585170333, 0.40918912099453214, 3.854643416306814E-4, 3.7138243906929373, 7.620902576900824E-4, -1.4841138538253102, 4.501577547015469, 6.340186457132371
0.001621362725450901, 0.4108943168387028, 3.8707183845068774E-4, 3.7313662682193964, 7.696748633578992E-4, -1.4313368740123038, 4.5355502719389715, 6.340277877009162
0.0016280961923847688, 0.4125995126828733, 3.8867933527069403E-4, 3.7489598471993952, 7.773062038008195E-4, -1.3778588057830854, 4.570159904013031, 6.340369296885952
0.0016348296593186365, 0.41430470852704393, 3.902868320907004E-4, 3.766605127652314, 7.84984404774089E-4, -1.323673678585624, 4.605410306744384, 6.340460716762743
0.0016415631262525045, 0.41600990437121455, 3.918943289107067E-4, 3.784302109597532, 7.927095920330777E-4, -1.2687760455782897, 4.64130483108042, 6.340552136639533
0.001648296593186372, 0.4177151002153851, 3.93501825730713E-4, 3.8020507930544323, 8.004818913332803E-4, -1.213160994833922, 4.677846306139468, 6.340643556516324
0.0016550300601202398, 0.41942029605955566, 3.951093225507193E-4, 3.819851178042394, 8.083014284303171E-4, -1.1568241602028697, 4.715037030280705, 6.340734976393114
0.0016617635270541073, 0.4211254919037262, 3.967168193707256E-4, 3.8377032645808016, 8.161683290799333E-4, -1.0997617318175386, 4.752878762527707, 6.340826396269906
0.0016684969939879755, 0.4228306877478969, 3.98324316190732E-4, 3.8556070526890363, 8.240827190379974E-4, -1.041970466224462, 4.791372714360402, 6.340917816146696
0.001675230460921843, 0.4245358835920675, 3.999318130107383E-4, 3.8735625423864795, 8.320447240605037E-4, -0.9834476961474037, 4.830519541868751, 6.341009236023487
0.0016819639278557107, 0.4262414683018155, 4.015393098307446E-4, 3.891573353494241, 8.400559233962581E-4, -0.9241913398443232, 4.870319338304947, 6.341106575104941
0.0016886973947895785, 0.42794799739939443, 4.031468066507509E-4, 3.909644721868303, 8.481185710687683E-4, -0.8641999100746549, 4.910771627017574, 6.341218289397725
0.0016954308617234462, 0.42965452649697333, 4.047543034707572E-4, 3.927767892064165, 8.562292917289484E-4, -0.8034725226496193, 4.951875354789483, 6.341330003690508
0.001702164328657314, 0.4313610555945523, 4.0636180029076356E-4, 3.9459428641107808, 8.643882116202708E-4, -0.7420089045584846, 4.993628885590722, 6.341441717983291
0.0017088977955911817, 0.4330675846921312, 4.0796929711076985E-4, 3.964169638037105, 8.725954569863941E-4, -0.6798094016623236, 5.036029994748461, 6.341553432276074
0.0017156312625250495, 0.43477411378971015, 4.095767939307762E-4, 3.982448213872093, 8.80851154071164E-4, -0.6168749859332302, 5.079075863558793, 6.341665146568857
0.0017223647294589172, 0.43648064288728905, 4.111842907507825E-4, 4.000778591644699, 8.891554291186109E-4, -0.5532072622514171, 5.122763074322651, 6.34177686086164
0.0017290981963927847, 0.43818717198486795, 4.127917875707888E-4, 4.019160771383879, 8.975084083729533E-4, -0.48880847471925915, 5.167087605849987, 6.341888575154424
0.0017358316633266525, 0.43989370108244696, 4.143992843907951E-4, 4.037594753118591, 9.059102180785962E-4, -0.4236815125054349, 5.212044829412233, 6.342000289447206
0.0017425651302605204, 0.4416002301800259, 4.1600678121080147E-4, 4.056080536877792, 9.143609844801301E-4, -0.35782991519833496, 5.257629505167666, 6.34211200373999
0.001749298597194388, 0.4433067592776048, 4.1761427803080776E-4, 4.074618122690438, 9.228608338223323E-4, -0.2912578776513823, 5.303835779072927, 6.342223718032773
0.0017560320641282557, 0.4450132883751837, 4.1922177485081405E-4, 4.093207510585492, 9.314098923501666E-4, -0.22397025432386783, 5.350657180275543, 6.342335432325556
0.0017627655310621234, 0.4467198174727627, 4.208292716708204E-4, 4.11184870059191, 9.400082863087842E-4, -0.15597256309450253, 5.398086619009994, 6.34244714661834
0.0017694989979959912, 0.4484263465703416, 4.224367684908267E-4, 4.130541692738653, 9.486561419435209E-4, -0.08727098854075, 5.4461163850030685, 6.342558860911122
0.001776232464929859, 0.45013287566792054, 4.2404426531083303E-4, 4.149286487054685, 9.573535854999014E-4, -0.01787238467528003, 5.494738146393923, 6.342670575203906
0.0017829659318637269, 0.4518394047654995, 4.256517621308394E-4, 4.168083083568962, 9.661007432236342E-4, 0.0522157228787326, 5.543942949188129, 6.3427822894966885
0.0017896993987975944, 0.4535459338630784, 4.2725925895084567E-4, 4.18693148231045, 9.748977413606168E-4, 0.1229851352743861, 5.59372121724366, 6.342894003789472
0.0017964328657314621, 0.4552524629606573, 4.2886675577085196E-4, 4.20583168330811, 9.837447061569315E-4, 0.19442697941202072, 5.644062752810299, 6.343005718082256
0.0018031663326653297, 0.4569589920582362, 4.3047425259085825E-4, 4.224783686590907, 9.92641763858848E-4, 0.26653170749580746, 5.694956737621854, 6.343117432375038
0.0018098997995991976, 0.45866552115581516, 4.320817494108646E-4, 4.243787492187806, 0.0010015890407128224, 0.33928909718887357, 5.746391734553212, 6.343229146667822
0.0018166332665330654, 0.4603720502533941, 4.3368924623087094E-4, 4.26284310012777, 0.0010105866629654971, 0.4126882523918467, 5.798355689866927, 6.343340860960605
0.0018233667334669331, 0.46207675456687064, 4.3529674305087723E-4, 4.281960253166872, 0.001019638997841079, 0.4867176046277939, 5.850835936027471, 6.343467260426203
0.0018301002004008009, 0.46377963409624473, 4.369042398708836E-4, 4.301139060439233, 0.0010287462662392976, 0.5613649150741216, 5.903819195126961, 6.343608345064615
0.0018368336673346686, 0.46548251362561877, 4.3851173669088987E-4, 4.320369815629477, 0.0010379043855718068, 0.6366172772319422, 5.957291582906656, 6.343749429703028
0.0018435671342685361, 0.46718539315499286, 4.4011923351089616E-4, 4.339652518783826, 0.001047113482795203, 0.712461120255083, 6.011238613399847, 6.343890514341441
0.0018503006012024043, 0.468888272684367, 4.4172673033090256E-4, 4.358987169948504, 0.001056373684866382, 0.7888822129460549, 6.065645204198169, 6.344031598979853
0.0018570340681362718, 0.4705911522137411, 4.4333422715090885E-4, 4.378373769169732, 0.0010656851187425336, 0.8658656684280336, 6.120495682351112, 6.3441726836182655
0.0018637675350701396, 0.47229403174311513, 4.4494172397091514E-4, 4.397812316493736, 0.001075047911381149, 0.9433959495068088, 6.17577379091096, 6.344313768256678
0.001870501002004007, 0.4739969112724892, 4.4654922079092143E-4, 4.417302811966744, 0.0010844621897400154, 1.0214568747331498, 6.231462696130751, 6.34445485289509
0.001877234468937875, 0.4756997908018633, 4.481567176109278E-4, 4.436845255634983, 0.0010939280807772192, 1.1000316251773736, 6.287544995329836, 6.344595937533503
0.0018839679358717428, 0.4774026703312374, 4.497642144309341E-4, 4.456439647544684, 0.0011034457114511436, 1.1791027519236152, 6.344002725426662, 6.344737022171916
0.0018907014028056103, 0.4791055498606115, 4.513717112509404E-4, 4.476085987742074, 0.0011130152087204688, 1.2586521843050518, 6.400817372165122, 6.344878106810328
0.0018974348697394783, 0.4808084293899856, 4.5297920807094676E-4, 4.49578427627339, 0.0011226366995441754, 1.3386612388668349, 6.457969880015601, 6.345019191448741
0.0019041683366733458, 0.48251130891935967, 4.5458670489095305E-4, 4.515534513184862, 0.0011323103108815398, 1.4191106291035807, 6.5154406627974755, 6.345160276087154
0.0019109018036072135, 0.4842141884487337, 4.5619420171095934E-4, 4.535336698522726, 0.001142036169692137, 1.4999804759557585, 6.573209615007621, 6.345301360725566
0.0019176352705410813, 0.48591706797810785, 4.578016985309657E-4, 4.55519083233322, 0.0011518144029358406, 1.581250319077303, 6.63125612386334, 6.345442445363979
0.0019243687374749492, 0.48761994750748194, 4.5940919535097203E-4, 4.575096914662579, 0.0011616451375728205, 1.6628991288993913, 6.689559082082918, 6.345583530002391
0.0019311022044088168, 0.489322827036856, 4.610166921709783E-4, 4.5950549455570435, 0.0011715285005635461, 1.7449053194949067, 6.748096901411925, 6.345724614640804
0.0019378356713426845, 0.49102570656623007, 4.626241889909846E-4, 4.615064925062853, 0.001181464618868784, 1.8272467622477582, 6.806847526890986, 6.345865699279217
0.0019445691382765523, 0.49272858609560416, 4.6423168581099096E-4, 4.63512685322625, 0.0011914536194495987, 1.909900800349675, 6.865788451892975, 6.346006783917629
0.00195130260521042, 0.49443146562497825, 4.6583918263099725E-4, 4.655240730093476, 0.001201495629267353, 1.9928442641209634, 6.924896733917845, 6.3461478685560415
0.0019580360721442877, 0.49613434515435234, 4.674466794510036E-4, 4.675406555710779, 0.0012115907752837077, 2.0760534871910625, 6.984149011186936, 6.346288953194454
0.0019647695390781553, 0.49783623242262853, 4.690541762710099E-4, 4.695634303464572, 0.0012217438624974792, 2.159504323514133, 7.043521520004585, 6.346443975626149
0.0019715030060120232, 0.4995377111128057, 4.7066167309101623E-4, 4.715918190311662, 0.0012319523440887106, 2.243172165267422, 7.102990112937409, 6.346604737149195
0.0019782364729458908, 0.5012391898029828, 4.722691699110225E-4, 4.736254123911259, 0.0012422144345191708, 2.327031961618712, 7.1625302777923885, 6.346765498672241
0.0019849699398797587, 0.5029406684931599, 4.738766667310288E-4, 4.756642104323433, 0.0012525302612302082, 2.4110582383808294, 7.222117157415201, 6.346926260195287
0.0019917034068136267, 0.504642147183337, 4.754841635510352E-4, 4.777082131608257, 0.0012628999516635583, 2.4952251185685723, 7.281725570317888, 6.347087021718333
0.001998436873747494, 0.5063436258735141, 4.770916603710415E-4, 4.7975742058258, 0.001273323633261343, 2.5795063438696055, 7.34133003214976, 6.347247783241379
0.0020051703406813617, 0.5080451045636912, 4.786991571910478E-4, 4.8181183270361405, 0.0012838014334660718, 2.66387529702182, 7.400904777999875, 6.347408544764425
0.0020119038076152297, 0.5097465832538682, 4.803066540110541E-4, 4.838714495299352, 0.0012943334797206412, 2.7483050251438295, 7.460423785578835, 6.347569306287471
0.002018637274549097, 0.5114480619440454, 4.8191415083106043E-4, 4.8593627106755175, 0.0013049198994683365, 2.832768263988779, 7.519860799246844, 6.3477300678105175
0.002025370741482965, 0.5131495406342225, 4.835216476510667E-4, 4.8800629732247165, 0.0013155608201528284, 2.9172374631708093, 7.579189354936412, 6.347890829333563
0.0020321042084168327, 0.5148510193243996, 4.8512914447107307E-4, 4.900815283007033, 0.0013262563692181756, 3.0016848123421043, 7.638382805948173, 6.34805159085661
0.0020388376753507007, 0.5165524980145767, 4.867366412910794E-4, 4.92161964008255, 0.0013370066741088243, 3.0860822683484224, 7.697414349641148, 6.348212352379655
0.0020455711422845686, 0.5182539767047539, 4.883441381110858E-4, 4.942476044511357, 0.0013478118622696077, 3.170401583389796, 7.756257055051601, 6.348373113902702
0.002052304609218436, 0.5199554553949309, 4.89951634931092E-4, 4.963384496353543, 0.0013586720611457462, 3.2546143341526967, 7.814883891394878, 6.348533875425748
0.0020590380761523037, 0.521656934085108, 4.915591317510983E-4, 4.984344995669194, 0.0013695873981828476, 3.3386919519720655, 7.873267757515158, 6.348694636948793
0.0020657715430861716, 0.5233584127752853, 4.931666285711047E-4, 5.005357542518413, 0.0013805580008269098, 3.4226057540040995, 7.931381512260027, 6.34885539847184
0.0020725050100200396, 0.5250598914654623, 4.94774125391111E-4, 5.026422136961289, 0.0013915839965243121, 3.506326975438188, 7.989198005805324, 6.3490161599948856
0.002079238476953907, 0.5267613701556394, 4.963816222111173E-4, 5.047538779057919, 0.0014026655127218272, 3.58982680274437, 8.046690111928807, 6.349176921517932
0.0020859719438877746, 0.5284628488458165, 4.979891190311236E-4, 5.0687074688684035, 0.0014138026768666116, 3.673076407977441, 8.103830761248519, 6.349337683040978
0.002092705410821642, 0.5301643275359935, 4.995966158511299E-4, 5.089928206452845, 0.0014249956164062113, 3.75604698414807, 8.160592975437801, 6.349498444564024
0.0020994388777555105, 0.5318658062261707, 5.012041126711363E-4, 5.111200991871346, 0.0014362444587885592, 3.8387097816708637, 8.216949902422847, 6.34965920608707
0.002106172344689378, 0.533570823619859, 5.028116094911426E-4, 5.132548424082868, 0.0014475606944506806, 3.9210361458892646, 8.272874852564652, 6.349849397828578
0.0021129058116232456, 0.5352761627138662, 5.044191063111489E-4, 5.153950112400171, 0.0014589342743417044, 4.002997555715017, 8.328341335859173, 6.350042265044491
0.002119639278557113, 0.5369815018078736, 5.060266031311552E-4, 5.175404009146607, 0.0014703643003502389, 4.084565663363274, 8.38332310013526, 6.350235132260404
0.002126372745490981, 0.538686840901881, 5.076340999511615E-4, 5.196910114408745, 0.0014818509007127967, 4.165712335208109, 8.43779417027584, 6.3504279994763175
0.002133106212424849, 0.5403921799958885, 5.092415967711679E-4, 5.218468428273152, 0.0014933942036664456, 4.246409693789149, 8.491728888489702, 6.350620866692231
0.0021398396793587166, 0.5420975190898959, 5.108490935911742E-4, 5.2400789508263985, 0.001504994337448811, 4.326630160923483, 8.5451019555872, 6.3508137339081445
0.002146573146292584, 0.5438028581839033, 5.124565904111804E-4, 5.261741682155062, 0.0015166514302980792, 4.406346502011682, 8.597888473348265, 6.351006601124057
0.0021533066132264525, 0.5455081972779108, 5.140640872311868E-4, 5.283456622345723, 0.0015283656104529957, 4.485531871476949, 8.650063987918797, 6.351199468339971
0.00216004008016032, 0.5472135363719182, 5.156715840511931E-4, 5.305223771484965, 0.0015401370061528612, 4.564159859402061, 8.701604534300726, 6.351392335555884
0.0021667735470941875, 0.5489188754659255, 5.172790808711994E-4, 5.327043129659369, 0.0015519657456375372, 4.64220453933041, 8.752486681897766, 6.351585202771798
0.002173507014028055, 0.5506242145599329, 5.188865776912057E-4, 5.34891469695553, 0.0015638519571474423, 4.719640517286499, 8.802687581173137, 6.35177806998771
0.0021802404809619235, 0.5523295536539404, 5.204940745112121E-4, 5.370838473460044, 0.0015757957689235577, 4.796442981993384, 8.852185011396529, 6.351970937203624
0.0021869739478957905, 0.5540348927479477, 5.221015713312183E-4, 5.392814459259499, 0.0015877973092074163, 4.872587756309825, 8.900957429497746, 6.352163804419537
0.0021937074148296585, 0.5557402318419552, 5.237090681512247E-4, 5.4148426544405055, 0.0015998567062411161, 4.9480513499009255, 8.948984020041896, 6.352356671635451
0.002200440881763526, 0.5574455709359626, 5.25316564971231E-4, 5.43692305908966, 0.00161197408826731, 5.022811013148954, 8.996244746332474, 6.352549538851363
0.0022071743486973936, 0.55915091002997, 5.269240617912373E-4, 5.459055673293572, 0.001624149583529212, 5.096844792327545, 9.042720402662177, 6.352742406067277
0.002213907815631262, 0.5608562491239775, 5.285315586112437E-4, 5.481240497138854, 0.0016363833202705925, 5.170131586009049, 9.088392667678796, 6.35293527328319
0.0022206412825651295, 0.5625615882179849, 5.3013905543125E-4, 5.503477530712121, 0.0016486754267357826, 5.242651202791222, 9.133244158956476, 6.353128140499104
0.002227374749498997, 0.5642669273119922, 5.317465522512563E-4, 5.525766774099987, 0.00166102603116967, 5.3143844202714705, 9.177258488692077, 6.353321007715016
0.0022341082164328645, 0.5659722664059996, 5.333540490712626E-4, 5.548108227389076, 0.0016734352618177038, 5.38531304533662, 9.220420320597642, 6.35351387493093
0.0022408416833667325, 0.5676771734456346, 5.349615458912689E-4, 5.570501749864217, 0.0016859031716023444, 5.455419975760127, 9.262715427979876, 6.353706570012451
0.0022475751503006, 0.5693790561046629, 5.365690427112751E-4, 5.592946492916534, 0.001698429432707408, 5.524689263120415, 9.304130753014222, 6.3538980601532264
0.0022543086172344675, 0.5710809387636913, 5.381765395312814E-4, 5.615443439222908, 0.0017110146974151962, 5.593106177029378, 9.344654467207286, 6.354089550294002
0.002261042084168336, 0.5727828214227199, 5.397840363512879E-4, 5.637992588868737, 0.0017236590939394177, 5.6606572707320275, 9.384276033104543, 6.354281040434778
0.002267775551102204, 0.5744847040817482, 5.413915331712942E-4, 5.660593941939421, 0.0017363627504943281, 5.727330448037363, 9.422986267199716, 6.354472530575553
0.0022745090180360714, 0.5761865867407765, 5.429990299913005E-4, 5.683247498520371, 0.0017491257952947383, 5.793115031625989, 9.46077740409418, 6.354664020716328
0.002281242484969939, 0.5778884693998049, 5.446065268113068E-4, 5.705953258697, 0.0017619483565560101, 5.858001832710514, 9.497643161876987, 6.354855510857104
0.0022879759519038065, 0.5795903520588332, 5.462140236313131E-4, 5.7287112225547165, 0.0017748305624940537, 5.921983222110293, 9.53357880878857, 6.355047000997879
0.0022947094188376744, 0.5812922347178616, 5.478215204513194E-4, 5.751521390178942, 0.0017877725413253328, 5.985053202709332, 9.568581231137479, 6.355238491138654
0.002301442885771542, 0.5829941173768899, 5.494290172713257E-4, 5.7743837616550975, 0.001800774421266862, 6.047207483310077, 9.602649002474475, 6.35542998127943
0.00230817635270541, 0.5846960000359184, 5.510365140913321E-4, 5.797298337068608, 0.0018138363305362061, 6.108443553927023, 9.63578245407155, 6.355621471420205
0.0023149098196392774, 0.5863978826949467, 5.526440109113384E-4, 5.820265116504899, 0.0018269583973514803, 6.168760762492058, 9.667983746679807, 6.35581296156098
0.0023216432865731454, 0.5880997653539751, 5.542515077313447E-4, 5.843284100049402, 0.0018401407499313528, 6.228160393012713, 9.699256943593314, 6.356004451701756
0.002328376753507013, 0.5898016480130034, 5.55859004551351E-4, 5.866355287787554, 0.0018533835164950422, 6.286645745177147, 9.729608085031291, 6.356195941842532
0.002335110220440881, 0.5915035306720319, 5.574665013713574E-4, 5.889478679804793, 0.0018666868252623192, 6.344222215430858, 9.75904526384158, 6.356387431983307
0.0023418436873747484, 0.5932054133310602, 5.590739981913637E-4, 5.912654276186559, 0.001880050804453504, 6.400897379494168, 9.787578702504037, 6.356578922124083
0.002348577154308616, 0.5949072959900885, 5.606814950113699E-4, 5.935882077018297, 0.0018934755822894687, 6.45668107642477, 9.81522083154001, 6.356770412264858
0.0023553106212424843, 0.596609178649117, 5.622889918313763E-4, 5.959162082385456, 0.0019069612869916388, 6.5115854941098625, 9.841986369199773, 6.356961902405633
0.002362044088176352, 0.5983110613081454, 5.638964886513826E-4, 5.982494292373489, 0.001920508046781989, 6.565625256315726, 9.867892402564825, 6.357153392546409
0.0023687775551102194, 0.6000129439671738, 5.655039854713889E-4, 6.005878707067849, 0.0019341159898830446, 6.618817511225223, 9.892958469987786, 6.357344882687184
0.002375511022044087, 0.601714826626202, 5.671114822913952E-4, 6.029315326553994, 0.0019477852445178843, 6.671182021524406, 9.917206644933596, 6.357536372827959
0.002382244488977955, 0.6034170104980898, 5.687189791114015E-4, 6.052800020230439, 0.0019615135897100727, 6.722741256020858, 9.940661621202022, 6.357723118830252
0.0023889779559118224, 0.6051197967956966, 5.703264759314078E-4, 6.076328609832743, 0.0019752987507400143, 6.773520482794714, 9.963350799524463, 6.3579003765555795
0.00239571142284569, 0.6068225830933033, 5.719339727514141E-4, 6.099909332979266, 0.0019891455270871056, 6.823547863952849, 9.985304375621498, 6.358077634280907
0.0024024448897795583, 0.6085253693909102, 5.735414695714206E-4, 6.123542189743233, 0.002003054046624777, 6.872854551925268, 10.00655542963781, 6.358254892006234
0.0024091783567134263, 0.6102281556885168, 5.751489663914269E-4, 6.147227180197861, 0.0020170244372269266, 6.921474787350135, 10.027140017013568, 6.358432149731561
0.002415911823647294, 0.6119309419861236, 5.767564632114332E-4, 6.170964304416376, 0.0020310568267679296, 6.969445998565063, 10.047097260802897, 6.358609407456887
0.0024226452905811613, 0.6136337282837303, 5.783639600314395E-4, 6.194753562472007, 0.002045151343122634, 7.016808902689178, 10.06646944542739, 6.3587866651822145
0.002429378757515029, 0.615336514581337, 5.799714568514458E-4, 6.218594954437984, 0.0020593081141663575, 7.0636076083500186, 10.085302111909282, 6.358963922907542
0.002436112224448897, 0.6170393008789437, 5.81578953671452E-4, 6.242488480387541, 0.0020735272677748925, 7.1098897199981215, 10.103644154532306, 6.359141180632869
0.0024428456913827643, 0.6187420871765504, 5.831864504914583E-4, 6.266434140393914, 0.0020878089318245017, 7.155706443895957, 10.121547919013297, 6.359318438358196
0.0024495791583166323, 0.6204448734741572, 5.847939473114647E-4, 6.29043193453034, 0.002102153234191922, 7.201112695755032, 10.139069302162623, 6.359495696083523
0.0024563126252505, 0.6221476597717639, 5.86401444131471E-4, 6.314481862870059, 0.0021165603027543606, 7.246167210003062, 10.156267852995883, 6.35967295380885
0.0024630460921843678, 0.6238504460693706, 5.880089409514773E-4, 6.338583925486318, 0.0021310302653895006, 7.290932650773592, 10.173206875415818, 6.3598502115341775
0.0024697795591182353, 0.6255532323669774, 5.896164377714836E-4, 6.3627381224523605, 0.002145563249975495, 7.33547572451831, 10.189953532334998, 6.360027469259505
0.0024765130260521032, 0.6272560186645841, 5.9122393459149E-4, 6.38694445384144, 0.0021601593843909705, 7.379867294391808, 10.206578951413348, 6.360204726984832
0.0024832464929859708, 0.6289588049621908, 5.928314314114963E-4, 6.411202919726803, 0.002174818796515025, 7.424182496253795, 10.223158332226456, 6.360381984710158
0.002489979959919839, 0.6306615912597977, 5.944389282315027E-4, 6.4355135201817095, 0.0021895416142272335, 7.46850085647234, 10.239771055080173, 6.360559242435485
0.0024967134268537067, 0.6323643775574044, 5.96046425051509E-4, 6.459876255279413, 0.0022043279654076365, 7.512906411388132, 10.256500791291822, 6.3607365001608125
0.0025034468937875742, 0.634067163855011, 5.976539218715153E-4, 6.4842911250931765, 0.0022191779779367525, 7.557487828562627, 10.273435615098816, 6.36091375788614
0.0025101803607214417, 0.6357699501526177, 5.992614186915216E-4, 6.50875812969626, 0.00223409177969557, 7.602338529751024, 10.29066811710109, 6.361091015611467
0.0025169138276553093, 0.6374727364502245, 6.008689155115279E-4, 6.533277269161933, 0.0022490694985655537, 7.647556815660325, 10.30829551931588, 6.361268273336794
0.0025236472945891772, 0.6391781116118945, 6.024764123315342E-4, 6.557734964886981, 0.0022640428339551137, 7.693245992438882, 10.326419791783918, 6.361322535379398
0.0025303807615230448, 0.6408856773508489, 6.040839091515405E-4, 6.582147821581254, 0.0022790213966083495, 7.739514499999368, 10.345147770829533, 6.361272724152005
0.0025371142284569127, 0.6425932430898035, 6.056914059715469E-4, 6.606611685941653, 0.002294062900227981, 7.786476042096096, 10.364591278884161, 6.361222912924612
0.0025438476953907802, 0.644300808828758, 6.072989027915531E-4, 6.631126557973932, 0.0023091674672194016, 7.834249718244799, 10.384867245982022, 6.3611731016972195
0.0025505811623246486, 0.6460083745677124, 6.089063996115595E-4, 6.655692437683855, 0.0023243352199880463, 7.882960157413444, 10.406097832829165, 6.361123290469826
0.002557314629258516, 0.6477159403066669, 6.105138964315658E-4, 6.6803093250771814, 0.0023395662809393867, 7.932737653570246, 10.428410555548163, 6.3610734792424335
0.0025640480961923837, 0.6494235060456213, 6.121213932515721E-4, 6.704977220159668, 0.0023548607724789275, 7.9837183030879775, 10.451938412092597, 6.361023668015041
0.002570781563126251, 0.6511310717845757, 6.137288900715784E-4, 6.729696122937078, 0.0023702188170122156, 8.036044143943567, 10.476820010261598, 6.3609738567876475
0.002577515030060119, 0.6528386375235301, 6.153363868915847E-4, 6.754466033415172, 0.002385640536944833, 8.089863296829689, 10.503199697444009, 6.360924045560255
0.002584248496993987, 0.6545462032624847, 6.169438837115911E-4, 6.779286951599709, 0.0024011260546823975, 8.145330108119305, 10.531227692013978, 6.360874234332862
0.0025909819639278546, 0.6562537690014391, 6.185513805315974E-4, 6.804158877496446, 0.002416675492630564, 8.20260529469596, 10.56106021640547, 6.360824423105469
0.002597715430861722, 0.6579613347403935, 6.201588773516037E-4, 6.829081811111146, 0.002432288973195025, 8.261856090717536, 10.59285963192218, 6.360774611878076
0.00260444889779559, 0.6596689004793479, 6.2176637417161E-4, 6.854055752449567, 0.0024479666187815123, 8.323256396232907, 10.626794575203085, 6.360724800650684
0.0026111823647294577, 0.6613764662183024, 6.233738709916163E-4, 6.87908070151747, 0.0024637085517957903, 8.386986927778212, 10.663040096473537, 6.360674989423291
0.002617915831663325, 0.6630840319572568, 6.249813678116226E-4, 6.904156658320613, 0.0024795148946436625, 8.45323537083559, 10.701777799455307, 6.360625178195898
0.002624649298597193, 0.6647915976962113, 6.26588864631629E-4, 6.929283622864757, 0.0024953857697309722, 8.522196534272469, 10.74319598306119, 6.360575366968505
0.0026313827655310615, 0.6664991634351659, 6.281963614516354E-4, 6.95446159515566, 0.002511321299463594, 8.594072506725702, 10.787489784827505, 6.360525555741113
0.002638116232464929, 0.6682067291741203, 6.298038582716417E-4, 6.979690575199081, 0.0025273216062474436, 8.66907281492482, 10.834861326084896, 6.360475744513719
0.0026448496993987966, 0.6699142949130747, 6.314113550916479E-4, 7.0049705630007795, 0.0025433868124884714, 8.74741458399015, 10.885519858901036, 6.360425933286327
0.002651583166332664, 0.6716218606520291, 6.330188519116542E-4, 7.030301558566515, 0.002559517040592668, 8.829322699746703, 10.939681914829448, 6.360376122058934
0.002658316633266532, 0.6733294263909836, 6.346263487316605E-4, 7.055683561902047, 0.002575712412966057, 8.915029973012942, 10.997571455429387, 6.360326310831541
0.0026650501002003996, 0.6750292035371988, 6.362338455516668E-4, 7.081289909512945, 0.002592083334562551, 9.004777305833876, 11.059420024517307, 6.36045430521537
0.002671783567134267, 0.6767263844858341, 6.378413423716731E-4, 7.107006074381763, 0.002608557713631647, 9.098813859854282, 11.125466902351189, 6.360641568136274
0.002678517034068135, 0.6784235654344697, 6.394488391916795E-4, 7.13277442498546, 0.0026250991037734305, 9.197397226597687, 11.195959261507308, 6.3608288310571774
0.0026852505010020026, 0.680120746383105, 6.410563360116858E-4, 7.158594961405834, 0.0026417076331234613, 9.300793599866894, 11.27115232467159, 6.361016093978081
0.002691983967935871, 0.6818179273317406, 6.426638328316922E-4, 7.184467683724694, 0.002658383429817833, 9.40927795012791, 11.351309524184433, 6.361203356898985
0.0026987174348697385, 0.683515108280376, 6.442713296516985E-4, 7.210392592023846, 0.0026751266219931648, 9.52313420101015, 11.436702663504303, 6.361390619819888
0.002705450901803606, 0.6852122892290113, 6.458788264717048E-4, 7.236369686385105, 0.0026919373377866053, 9.64265540784578, 11.527612080484182, 6.361577882740792
0.0027121843687374736, 0.6869094701776468, 6.474863232917111E-4, 7.262398966890284, 0.0027088157053358295, 9.768143938301058, 11.624326812521922, 6.361765145661695
0.0027189178356713415, 0.6886066511262822, 6.490938201117174E-4, 7.288480433621199, 0.002725761852779041, 9.899911655075364, 11.727144763557535, 6.3619524085825985
0.0027256513026052095, 0.6903038320749177, 6.507013169317238E-4, 7.314614086659677, 0.0027427759082549763, 10.038280100758906, 11.836372873012913, 6.362139671503503
0.002732384769539077, 0.6920010130235531, 6.5230881375173E-4, 7.340799926087541, 0.0027598579999028915, 10.183580684766214, 11.952327286578065, 6.362326934424406
0.0027391182364729445, 0.6936981939721886, 6.539163105717363E-4, 7.367037951986616, 0.002777008255862576, 10.336154872358785, 12.075333528866654, 6.362514197345309
0.0027458517034068125, 0.6953953749208239, 6.555238073917426E-4, 7.393328164438736, 0.002794226804274349, 10.496354375916372, 12.205726678095552, 6.362701460266213
0.00275258517034068, 0.6970925558694593, 6.571313042117489E-4, 7.419670563525734, 0.0028115137732790535, 10.664541348232188, 12.343851542557942, 6.362888723187116
0.0027593186372745476, 0.6987897368180948, 6.587388010317552E-4, 7.446065149329449, 0.0028288692910180646, 10.841088578054382, 12.490062839116227, 6.36307598610802
0.0027660521042084155, 0.7004869177667302, 6.603462978517616E-4, 7.472511921931722, 0.002846293485633284, 11.026379687749033, 12.64472537358854, 6.363263249028924
0.002772785571142284, 0.7021840987153658, 6.61953794671768E-4, 7.499010881414395, 0.0028637864852671426, 11.220809333182283, 12.808214223118235, 6.363450511949827
0.0027795190380761514, 0.7038812796640012, 6.635612914917743E-4, 7.5255620278593165, 0.0028813484180625977, 11.424783405747805, 12.980914920467487, 6.363637774870731
0.002786252505010019, 0.7055784606126366, 6.651687883117806E-4, 7.552165361348335, 0.0028989794121631355, 11.638719236639593, 13.163223640305667, 6.363825037791634
0.0027929859719438865, 0.707275641561272, 6.667762851317869E-4, 7.5788208819633045, 0.0029166795957127735, 11.86304580332819, 13.355547387480959, 6.364012300712538
0.0027997194388777544, 0.7089728225099075, 6.683837819517932E-4, 7.6055285897860845, 0.002934449096856055, 12.098203938246506, 13.558304187260273, 6.364199563633441
0.002806452905811622, 0.7106713538310727, 6.699912787717995E-4, 7.632350959125365, 0.0029523299009251783, 12.344646539726245, 13.771923277580337, 6.364447605169188
0.0028131863727454895, 0.7123699438640871, 6.715987755918058E-4, 7.659228547216428, 0.0029702825156041244, 12.602838785184867, 13.996845303305268, 6.364698289253405
0.0028199198396793575, 0.7140685338971017, 6.732062724118122E-4, 7.686158644639011, 0.002988305259603998, 12.87325834656218, 14.233522512507957, 6.364948973337623
0.002826653306613225, 0.7157671239301161, 6.748137692318185E-4, 7.71314125154003, 0.003006398262667605, 13.156395608034178, 14.482418954773475, 6.36519965742184
0.0028333867735470934, 0.7174657139631306, 6.764212660518249E-4, 7.74017636806642, 0.00302456165453871, 13.452753885993628, 14.744010681529552, 6.365450341506058
0.002840120240480961, 0.7191643039961451, 6.780287628718311E-4, 7.767263994365111, 0.0030427955649620178, 13.762849651334568, 15.018785948434886, 6.365701025590275
0.0028468537074148284, 0.7208628940291595, 6.796362596918374E-4, 7.79440413058305, 0.00306110012368319, 14.087212754046426, 15.307245419836264, 6.365951709674493
0.002853587174348696, 0.7225614840621739, 6.812437565118437E-4, 7.821596776867187, 0.0030794754604488352, 14.426386650127276, 15.609902375295963, 6.36620239375871
0.002860320641282564, 0.7242600740951883, 6.8285125333185E-4, 7.8488419333644845, 0.0030979217050065154, 14.780928630752438, 15.927282918113377, 6.3664530778429285
0.002867054108216432, 0.7259586641282029, 6.844587501518564E-4, 7.876139600221908, 0.0031164389871047404, 15.151410053902218, 16.259926186077017, 6.366703761927146
0.0028737875751502994, 0.7276572541612173, 6.860662469718627E-4, 7.903489777586428, 0.003135027436492967, 15.538416578204982, 16.608384564159113, 6.366954446011364
0.002880521042084167, 0.7293558441942317, 6.87673743791869E-4, 7.930892465605032, 0.003153687182921609, 15.942548399269858, 16.9732238994649, 6.367205130095581
0.002887254509018035, 0.7310544342272461, 6.892812406118753E-4, 7.958347664424707, 0.0031724183561420254, 16.364420488265242, 17.355023718158172, 6.367455814179799
0.0028939879759519024, 0.7327530242602606, 6.908887374318816E-4, 7.985855374192452, 0.0031912210859065286, 16.804662832960275, 17.754377444602035, 6.367706498264017
0.00290072144288577, 0.734451614293275, 6.924962342518879E-4, 8.013415595055271, 0.003210095501968381, 17.263920681133072, 18.17189262261097, 6.367957182348234
0.002907454909819638, 0.7361502043262895, 6.941037310718943E-4, 8.041028327160179, 0.0032290417340817947, 17.742854786356187, 18.60819113881576, 6.368207866432452
0.0029141883767535063, 0.7378487943593041, 6.957112278919007E-4, 8.068693570654196, 0.0032480599120019334, 18.24214165623841, 19.0639094482239, 6.368458550516669
0.002920921843687374, 0.7395473843923185, 6.97318724711907E-4, 8.096411325684347, 0.0032671501654849087, 18.76247380306946, 19.539698801932822, 6.368709234600887
0.0029276553106212413, 0.7412459744253329, 6.989262215319133E-4, 8.12418159239767, 0.003286312624287785, 19.30455999690008, 20.03622547699915, 6.368959918685104
0.002934388777555109, 0.7429445644583473, 7.005337183519195E-4, 8.15200437094121, 0.0033055474181685803, 19.8691255210717, 20.554171008511634, 6.369210602769322
0.002941122244488977, 0.7446418463488352, 7.021412151719258E-4, 8.179913172833915, 0.0033248782066016454, 20.456912430175787, 21.094232423811306, 6.369492346503704
0.0029478557114228443, 0.7463325875266902, 7.037487119919321E-4, 8.208042606148656, 0.003344400011109583, 21.068679810550375, 21.657122478993976, 6.3699293884889086
0.002954589178356712, 0.7480233287045451, 7.053562088119384E-4, 8.236225516132592, 0.0033639958684604887, 21.70520404319485, 22.243569897552867, 6.370366430474114
0.00296132264529058, 0.7497140698824002, 7.069637056319448E-4, 8.264461903234668, 0.0033836659132803907, 22.36727906919338, 22.854319611274562, 6.370803472459318
0.0029680561122244478, 0.7514048110602551, 7.085712024519511E-4, 8.292751767903868, 0.0034034102801982348, 23.055716657630835, 23.490133003339043, 6.371240514444523
0.0029747895791583153, 0.7530955522381101, 7.101786992719574E-4, 8.32109511058922, 0.0034232291038458814, 23.771346676066905, 24.15178815372128, 6.371677556429728
0.0029815230460921833, 0.7547862934159651, 7.117861960919638E-4, 8.349491931739786, 0.0034431225188581082, 24.515017363453204, 24.840080086744685, 6.3721145984149326
0.002988256513026051, 0.7564770345938201, 7.133936929119701E-4, 8.377942231804676, 0.003463090659872608, 25.28759560567519, 25.55582102100901, 6.372551640400138
0.0029949899799599183, 0.7581677757716752, 7.150011897319764E-4, 8.406446011233035, 0.00348313366152999, 26.089967213566638, 26.299840621487178, 6.372988682385342
0.0030017234468937867, 0.7598585169495302, 7.166086865519828E-4, 8.435003270474052, 0.003503251658473784, 26.923037203516536, 27.072986253951562, 6.373425724370547
0.0030084569138276542, 0.7615492581273852, 7.182161833719891E-4, 8.463614009976958, 0.0035234447853504333, 27.78773008067233, 27.87612324172361, 6.373862766355752
0.0030151903807615218, 0.7632399993052401, 7.198236801919954E-4, 8.492278230191015, 0.0035437131768092994, 28.684990124618487, 28.71013512459519, 6.3742998083409566
0.0030219238476953893, 0.7649307404830951, 7.214311770120017E-4, 8.520995931565544, 0.0035640569675026647, 29.615781677774216, 29.575923920213892, 6.374736850326161
0.0030286573146292572, 0.76662148166095, 7.230386738320079E-4, 8.549767114549887, 0.0035844762920857294, 30.581089436356063, 30.47441038772902, 6.375173892311366
0.0030353907815631248, 0.768312222838805, 7.246461706520142E-4, 8.578591779593442, 0.0036049712852166105, 31.581918743835857, 31.406534293661828, 6.375610934296571
0.0030421242484969923, 0.7700029640166599, 7.262536674720205E-4, 8.607469927145635, 0.003625542081556345, 32.61929588717781, 32.37325468025779, 6.376047976281775
0.0030488577154308603, 0.771693705194515, 7.278611642920269E-4, 8.636401557655944, 0.003646188815768891, 33.694268395672864, 33.37555013615423, 6.3764850182669806
0.0030555911823647286, 0.77338444637237, 7.294686611120333E-4, 8.66538667157388, 0.0036669116225211233, 34.80790534236554, 34.414419069358, 6.376922060252185
0.003062324649298596, 0.775075187550225, 7.310761579320396E-4, 8.694425269348995, 0.003687710636482839, 35.96129764814659, 35.490879982586534, 6.377359102237389
0.0030690581162324637, 0.7767659287280799, 7.326836547520459E-4, 8.723517351430887, 0.003708585992326754, 37.15555838855912, 36.605971751032165, 6.377796144222595
0.0030757915831663312, 0.7784566699059349, 7.342911515720522E-4, 8.752662918269188, 0.0037295378247285058, 38.391823103241975, 37.76075390247971, 6.378233186207799
0.003082525050100199, 0.7801446126173927, 7.358986483920585E-4, 8.781955306528218, 0.0037506349543608556, 39.67125010811223, 38.956306899863115, 6.378752528719984
0.0030892585170340667, 0.7818278912181885, 7.375061452120648E-4, 8.811457547176369, 0.0037719244514131467, 40.99502081018022, 40.19373242615648, 6.379409038777136
0.0030959919839679347, 0.7835111698189844, 7.391136420320712E-4, 8.84101444729162, 0.003793292499108626, 42.36434002510375, 41.4741536717108, 6.3800655488342874
0.003102725450901802, 0.7851944484197801, 7.407211388520775E-4, 8.870626007894295, 0.0038147392382157424, 43.780436297517575, 42.79871562406295, 6.380722058891439
0.00310945891783567, 0.786877727020576, 7.423286356720838E-4, 8.900292230004862, 0.0038362648095096137, 45.24456222399165, 44.16858536008167, 6.381378568948591
0.0031161923847695377, 0.7885610056213718, 7.4393613249209E-4, 8.93001311464392, 0.0038578693537720176, 46.75799477886758, 45.584952340681646, 6.3820350790057425
0.0031229258517034056, 0.7902442842221676, 7.455436293120965E-4, 8.959788662832214, 0.0038795530117913977, 48.322035642677946, 47.04902870782084, 6.382691589062894
0.003129659318637273, 0.7919275628229635, 7.471511261321027E-4, 8.989618875590619, 0.003901315924362865, 49.93801153353541, 48.562049584165074, 6.383348099120046
0.003136392785571141, 0.7936108414237593, 7.48758622952109E-4, 9.019503753940153, 0.003923158232288197, 51.60727454115042, 50.12527337507385, 6.384004609177198
0.003143126252505009, 0.7952941200245551, 7.503661197721154E-4, 9.04944329890197, 0.003945080076375839, 53.331202463643315, 51.73998207307185, 6.384661119234349
0.0031498597194388766, 0.796977398625351, 7.519736165921217E-4, 9.079437511497357, 0.003967081597440906, 55.11119914729564, 53.40748156496004, 6.3853176292915
0.003156593186372744, 0.7986606772261468, 7.53581113412128E-4, 9.109486392747751, 0.003989162936305187, 56.94869482890917, 55.129101941209655, 6.385974139348653
0.0031633266533066117, 0.8003439558269425, 7.551886102321343E-4, 9.139589943674713, 0.004011324233797139, 58.84514648118219, 56.90619780808125, 6.386630649405804
0.0031700601202404796, 0.8020272344277383, 7.567961070521406E-4, 9.169748165299952, 0.004033565630751893, 60.80203816074495, 58.74014860206646, 6.387287159462955
0.003176793587174347, 0.8037105130285341, 7.584036038721469E-4, 9.19996105864531, 0.004055887268011257, 62.82088135924094, 60.63235890709263, 6.387943669520108
0.0031835270541082147, 0.8053937916293299, 7.600111006921532E-4, 9.230228624732767, 0.004078289286423708, 64.9032153569912, 62.584258773962, 6.388600179577259
0.0031902605210420826, 0.8070770702301258, 7.616185975121596E-4, 9.260550864584445, 0.0041007718268444085, 67.0506075798529, 64.59730404269678, 6.3892566896344105
0.003196993987975951, 0.8087603488309217, 7.63226094332166E-4, 9.2909277792226, 0.004123335030135188, 69.26465395862107, 66.6729766670881, 6.389913199691563
0.0032037274549098185, 0.8104436274317175, 7.648335911521723E-4, 9.32135936966962, 0.004145979037164561, 71.54697929161318, 68.81278504212867, 6.390569709748714
0.003210460921843686, 0.8121269060325133, 7.664410879721786E-4, 9.351845636948042, 0.004168703988807719, 73.89923760995103, 71.01826433380084, 6.391226219805866
0.0032171943887775536, 0.8138101846333091, 7.680485847921849E-4, 9.382386582080535, 0.004191510025946536, 76.32311254582369, 73.29097681153553, 6.391882729863017
0.0032239278557114216, 0.8154812527165388, 7.696560816121911E-4, 9.4132640469157, 0.0042146142099751815, 78.8203177037373, 75.63251218334037, 6.392775821354642
0.003230661322645289, 0.817143599001507, 7.712635784321974E-4, 9.444399310395134, 0.004237957325489433, 81.39259703454965, 78.04448793337134, 6.3938378995851775
0.003237394789579157, 0.8188059452864753, 7.728710752522038E-4, 9.475591534816589, 0.004261385270487812, 84.04172521255828, 80.52854966224922, 6.3948999778157125
0.0032441282565130246, 0.8204682915714435, 7.744785720722101E-4, 9.506840722885094, 0.004284898198176828, 86.7695080155811, 83.08637143001926, 6.395962056046248
0.0032508617234468925, 0.8221306378564117, 7.760860688922164E-4, 9.538146877306282, 0.004308496261780836, 89.57778270784274, 85.71965610161398, 6.397024134276783
0.00325759519038076, 0.8237929841413799, 7.776935657122227E-4, 9.569510000786348, 0.004332179614542042, 92.46841842601934, 88.43013569512142, 6.398086212507318
0.003264328657314628, 0.8254553304263482, 7.793010625322291E-4, 9.600930096032087, 0.004355948409720508, 95.44331656810411, 91.21957173256294, 6.399148290737852
0.0032710621242484955, 0.8271176767113164, 7.809085593522354E-4, 9.632407165750868, 0.004379802800594154, 98.50441118545234, 94.0897555934893, 6.400210368968387
0.0032777955911823635, 0.8287800229962847, 7.825160561722417E-4, 9.663941212650649, 0.0044037429404587694, 101.65366937763783, 97.04250887108066, 6.401272447198922
0.0032845290581162315, 0.830442369281253, 7.841235529922481E-4, 9.69553223943997, 0.0044277689826280105, 104.89309169050941, 100.07968373110448, 6.402334525429457
0.003291262525050099, 0.8321047155662212, 7.857310498122544E-4, 9.72718024882795, 0.004451881080433405, 108.2247125171849, 103.20316327345253, 6.403396603659992
0.0032979959919839665, 0.8337670618511894, 7.873385466322607E-4, 9.7588852435243, 0.004476079387224366, 111.65060050206779, 106.41486189640014, 6.404458681890527
0.003304729458917834, 0.8354294081361576, 7.88946043452267E-4, 9.790647226239308, 0.004500364056368188, 115.17285894803389, 109.71672566365903, 6.405520760121062
0.003311462925851702, 0.8370917544211258, 7.905535402722733E-4, 9.822466199683847, 0.00452473524125005, 118.79362622648827, 113.11073267397475, 6.406582838351597
0.0033181963927855695, 0.838754100706094, 7.921610370922795E-4, 9.85434216656937, 0.004549193095273027, 122.5150761907292, 116.59889343369413, 6.407644916582131
0.003324929859719437, 0.8404164469910622, 7.937685339122858E-4, 9.88627512960793, 0.004573737771858096, 126.33941859227983, 120.18325123194893, 6.4087069948126665
0.003331663326653305, 0.8420787932760305, 7.953760307322922E-4, 9.918265091512142, 0.004598369424444132, 130.26889950020458, 123.86588251846857, 6.4097690730432015
0.0033383967935871734, 0.8437411395609988, 7.969835275522986E-4, 9.950312054995218, 0.00462308820648792, 134.30580172381832, 127.64889728446182, 6.410831151273737
0.003345130260521041, 0.8454034858459671, 7.985910243723049E-4, 9.982416022770941, 0.004647894271464146, 138.45244523824874, 131.53443944598453, 6.411893229504272
0.0033518637274549084, 0.8470658321309353, 8.001985211923112E-4, 10.014576997553695, 0.004672787772865429, 142.7111876132981, 135.52468723026612, 6.412955307734807
0.003358597194388776, 0.8487281784159035, 8.018060180123175E-4, 10.046794982058433, 0.004697768864202301, 147.08442444529925, 139.62185356467072, 6.414017385965342
0.003365330661322644, 0.8503580751352023, 8.034135148323238E-4, 10.0796942614189, 0.004723339255935072, 151.57458979231856, 143.82818646866764, 6.415577935871738
0.0033720641282565115, 0.8519794324951145, 8.050210116523301E-4, 10.11281827540999, 0.004749134569445307, 156.1841566123571, 148.14596944842242, 6.417269662534942
0.0033787975951903794, 0.8536007898550269, 8.066285084723365E-4, 10.146003145266148, 0.004775023575647303, 160.9156372048031, 152.57752189431798, 6.418961389198145
0.003385531062124247, 0.8552221472149389, 8.082360052923428E-4, 10.179248877993075, 0.004801006450098065, 165.7715836550317, 157.12519948122574, 6.420653115861348
0.003392264529058115, 0.8568435045748511, 8.098435021123491E-4, 10.212555480598843, 0.00482708336840156, 170.7545882822919, 161.79139457174605, 6.422344842524551
0.0033989979959919824, 0.8584648619347633, 8.114509989323554E-4, 10.245922960093871, 0.004853254506208729, 175.86728409068564, 166.57853662215086, 6.424036569187754
0.00340573146292585, 0.8600862192946755, 8.130584957523617E-4, 10.279351323490943, 0.004879520039217506, 181.11234522340357, 171.48909259122286, 6.425728295850957
0.003412464929859718, 0.8617075766545877, 8.146659925723681E-4, 10.312840577805202, 0.004905880143172843, 186.49248742027956, 176.52556735209546, 6.42742002251416
0.003419198396793586, 0.8633289340145, 8.162734893923743E-4, 10.34639073005414, 0.004932334993866713, 192.01046847843833, 181.6905041067489, 6.4291117491773635
0.003425931863727454, 0.8649502913744123, 8.178809862123807E-4, 10.38000178725762, 0.004958884767138152, 197.66908871634155, 186.98648480361643, 6.430803475840566
0.0034326653306613213, 0.8665716487343245, 8.19488483032387E-4, 10.41367375643785, 0.004985529638873261, 203.47119144103388, 192.41613055795762, 6.43249520250377
0.003439398797595189, 0.8681930060942366, 8.210959798523933E-4, 10.44740664461941, 0.00501226978500523, 209.41966341856644, 197.98210207508407, 6.434186929166972
0.003446132264529057, 0.8698143634541488, 8.227034766723996E-4, 10.481200458829225, 0.005039105381514359, 215.51743534790603, 203.68710007669247, 6.435878655830176
0.0034528657314629244, 0.871435720814061, 8.243109734924059E-4, 10.515055206096587, 0.005066036604428071, 221.76748233799123, 209.5338657299633, 6.437570382493378
0.003459599198396792, 0.8730570781739732, 8.259184703124122E-4, 10.548970893453149, 0.005093063629820942, 228.17282438820186, 215.52518107971724, 6.439262109156582
0.0034663326653306594, 0.8746784355338852, 8.275259671324185E-4, 10.58294752793291, 0.005120186633814706, 234.73652687196022, 221.6638694833039, 6.440953835819784
0.0034730661322645274, 0.8762997928937976, 8.291334639524249E-4, 10.616985116572243, 0.0051474057925782885, 241.46170102394356, 227.95279604876276, 6.442645562482988
0.0034797995991983953, 0.8779211502537098, 8.307409607724312E-4, 10.651083666409862, 0.005174721282327806, 248.3515044304362, 234.39486807572078, 6.4443372891461905
0.0034865330661322633, 0.8795425076136221, 8.323484575924376E-4, 10.685243184486854, 0.005202133279326609, 255.40914152305263, 240.99303549929184, 6.446029015809394
0.003493266533066131, 0.8811638649735342, 8.339559544124439E-4, 10.719463677846655, 0.00522964195988528, 262.6378640758595, 247.75029133699633, 6.4477207424725975
0.0034999999999999983, 0.8827852223334464, 8.355634512324502E-4, 10.753745153535064, 0.005257247500361667, 270.0409717059334, 254.66967213874705, 6.4494124691358
