phi0, phi, rho, Z_fit_curve, F_ex_fit_per_V, mu_kT, PV_NkT, alpha
1.3999999999999996E-4, 0.035489942103252105, 3.342253804929801E-5, 1.0723087920907164, 2.948848136863545E-6, -13.591489142284805, -3.943925825677808, 6.328535205761317
1.467334669338677E-4, 0.03719714837439376, 3.503003486930433E-5, 1.0744696478180773, 3.2114992462646064E-6, -13.218417966309353, -3.398502152945452, 6.328567882472765
1.5346693386773545E-4, 0.03890435464553542, 3.663753168931065E-5, 1.0765475748354767, 3.4830586219367717E-6, -12.863521162279627, -2.9023446578903656, 6.328600559184212
1.6020040080160316E-4, 0.040611560916677066, 3.824502850931696E-5, 1.0785471496014303, 3.763302556575629E-6, -12.526148076509227, -2.450132014238907, 6.328633235895659
1.669338677354709E-4, 0.042318767187818726, 3.985252532932328E-5, 1.0804728805461785, 4.052017292263985E-6, -12.205664437416607, -2.037338778839402, 6.328665912607106
1.7366733466933862E-4, 0.04402597345896038, 4.14600221493296E-5, 1.08232920848944, 4.348998883415478E-6, -11.901452073836717, -1.6600833653756144, 6.328698589318554
1.8040080160320636E-4, 0.04573317973010203, 4.3067518969335916E-5, 1.0841205070581692, 4.6540530605240055E-6, -11.612908636324315, -1.315010014768121, 6.328731266030002
1.871342685370741E-4, 0.047440386001243694, 4.4675015789342234E-5, 1.0858510831043104, 4.966995094719049E-6, -11.339447321434163, -0.9991962000110797, 6.328763942741449
1.9386773547094184E-4, 0.049147592272385354, 4.628251260934855E-5, 1.0875251771225543, 5.287649663126805E-6, -11.080496598963089, -0.710079282280011, 6.328796619452897
2.0060120240480956E-4, 0.050854798543527, 4.7890009429354864E-5, 1.0891469636680935, 5.615850715037184E-6, -10.835499942139082, -0.44539789551677283, 6.3288292961643435
2.073346693386773E-4, 0.05256200481466866, 4.949750624936118E-5, 1.0907205517743783, 5.951441338876662E-6, -10.603915560742426, -0.20314471176429974, 6.328861972875791
2.1406813627254502E-4, 0.054269211085810315, 5.11050030693675E-5, 1.0922499853708725, 6.294273629986969E-6, -10.385216137144026, 0.01847191806346936, 6.328894649587239
2.2080160320641276E-4, 0.05597641735695197, 5.271249988937382E-5, 1.0937392437008067, 6.644208559209624E-6, -10.178888565245959, 0.22105934208637462, 6.328927326298686
2.2753507014028047E-4, 0.05768362362809362, 5.431999670938013E-5, 1.095192241738938, 7.001115842276366E-6, -9.984433692309373, 0.4060664497301966, 6.328960003010134
2.3426853707414822E-4, 0.059390829899235276, 5.592749352938645E-5, 1.0966128306093026, 7.364873810005334E-6, -9.801366063654775, 0.5748050916389336, 6.328992679721581
2.4100200400801596E-4, 0.06109803617037693, 5.7534990349392766E-5, 1.0980047980029726, 7.73536927930322E-6, -9.629213670219828, 0.7284679416689128, 6.3290253564330285
2.477354709418837E-4, 0.06280524244151858, 5.9142487169399084E-5, 1.099371868595811, 8.11249742497317E-6, -9.467517698959735, 0.8681434774447433, 6.329058033144476
2.5446893787575144E-4, 0.06451244871266024, 6.07499839894054E-5, 1.100717704466228, 8.496161652328567E-6, -9.315832286075267, 0.9948286127577175, 6.329090709855923
2.612024048096192E-4, 0.06621965498380189, 6.235748080941172E-5, 1.102045905512937, 8.886273470612726E-6, -9.17372427305353, 1.1094394051118697, 6.329123386567371
2.679358717434869E-4, 0.06792686125494354, 6.396497762941803E-5, 1.1033600098727077, 9.282752367224288E-6, -9.040772965506646, 1.2128201766208644, 6.329156063278818
2.7466933867735456E-4, 0.0696340675260852, 6.557247444942434E-5, 1.1046634943381262, 9.685525682748653E-6, -8.916569894793192, 1.3057513201339697, 6.329188739990266
2.8140280561122236E-4, 0.07134117808003533, 6.717997126943068E-5, 1.1059595702327212, 1.0094514745627428E-5, -8.800718582407795, 1.3889560104269818, 6.329219410013439
2.8813627254509005E-4, 0.0730479249086576, 6.878746808943698E-5, 1.1072509917967552, 1.0509619895400584E-5, -8.692834307123738, 1.4631059991978366, 6.329242454621173
2.948697394789578E-4, 0.07475467173727988, 7.03949649094433E-5, 1.1085418129523517, 1.0930840810705039E-5, -8.592543874873664, 1.5288266399563133, 6.3292654992289075
3.0160320641282553E-4, 0.07646141856590216, 7.200246172944962E-5, 1.1098352692916669, 1.1358134784536319E-5, -8.499485391353724, 1.586701262806987, 6.3292885438366415
3.083366733466933E-4, 0.07816816539452444, 7.360995854945593E-5, 1.1111345371514474, 1.1791466350313106E-5, -8.413308037335804, 1.6372749981630461, 6.329311588444376
3.15070140280561E-4, 0.07987491222314672, 7.521745536946225E-5, 1.112442734030789, 1.2230807161743652E-5, -8.333671846673381, 1.6810581314977153, 6.32933463305211
3.2180360721442876E-4, 0.081581659051769, 7.682495218946857E-5, 1.1137629190088896, 1.2676135873498086E-5, -8.260247486985776, 1.7185290574985623, 6.329357677659844
3.285370741482965E-4, 0.08328840588039128, 7.843244900947489E-5, 1.115098093162807, 1.3127438022686503E-5, -8.192716043005982, 1.7501368907825503, 6.329380722267578
3.3527054108216424E-4, 0.08499515270901356, 8.003994582948121E-5, 1.1164511999852127, 1.3584705911142953E-5, -8.130768802577247, 1.7763037811481563, 6.329403766875312
3.42004008016032E-4, 0.08670189953763584, 8.164744264948753E-5, 1.1178251258021488, 1.4047938488515312E-5, -8.074107045283291, 1.797426973786802, 6.329426811483046
3.487374749498997E-4, 0.08840864636625813, 8.325493946949384E-5, 1.1192227001907842, 1.4517141236160886E-5, -8.022441833697446, 1.8138806486335057, 6.32944985609078
3.554709418837674E-4, 0.0901153931948804, 8.486243628950016E-5, 1.1206466963971677, 1.4992326051847972E-5, -7.97549380723568, 1.8260175678593922, 6.329472900698514
3.6220440881763516E-4, 0.09182214002350268, 8.646993310950648E-5, 1.122099831753985, 1.547351113526323E-5, -7.932992978598621, 1.8341705561972135, 6.329495945306248
3.689378757515029E-4, 0.09352888685212496, 8.80774299295128E-5, 1.123584768098317, 1.5960720874324938E-5, -7.894678532787711, 1.8386538351878323, 6.329518989913982
3.756713426853706E-4, 0.09523563368074722, 8.96849267495191E-5, 1.1251041121893903, 1.645398573230196E-5, -7.860298628680419, 1.8397642294137881, 6.329542034521716
3.8240480961923833E-4, 0.09694238050936951, 9.129242356952542E-5, 1.1266604161263372, 1.6953342135738796E-5, -7.829610203149843, 1.8377822602426421, 6.32956507912945
3.891382765531061E-4, 0.0986491273379918, 9.289992038953175E-5, 1.1282561777659488, 1.745883236318625E-5, -7.802378777713585, 1.8329731404564344, 6.329588123737184
3.9587174348697376E-4, 0.10035587416661405, 9.450741720953804E-5, 1.1298938411404318, 1.7970504434738116E-5, -7.778378267696991, 1.8255876813246388, 6.329611168344918
4.026052104208415E-4, 0.10206262099523634, 9.611491402954436E-5, 1.1315757968751645, 1.848841200237363E-5, -7.757390793896043, 1.8158631221335886, 6.329634212952652
4.0933867735470924E-4, 0.10376936782385862, 9.772241084955068E-5, 1.1333043826064502, 1.9012614241105712E-5, -7.739206496724704, 1.8040238908695312, 6.329657257560386
4.16072144288577E-4, 0.1054761146524809, 9.9329907669557E-5, 1.1350818833992762, 1.9543175740935265E-5, -7.7236233528318445, 1.7902823036281597, 6.3296803021681205
4.2280561122244484E-4, 0.10718296392114686, 1.0093740448956334E-4, 1.136911594399838, 2.008027361883189E-5, -7.7104469941734175, 1.774839209359461, 6.329710281633224
4.295390781563124E-4, 0.10888995660587387, 1.0254490130956963E-4, 1.1387961792311847, 2.0624037568999447E-5, -7.699490529523677, 1.7578845857315761, 6.329749969898644
4.3627254509018016E-4, 0.11059694929060092, 1.0415239812957595E-4, 1.1407363043226573, 2.1174402815841983E-5, -7.690574368412093, 1.7395980911821252, 6.329789658164064
4.430060120240479E-4, 0.11230394197532796, 1.0575989494958227E-4, 1.142734048633942, 2.173145493707252E-5, -7.683526047469765, 1.7201495776132634, 6.3298293464294835
4.4973947895791564E-4, 0.114010934660055, 1.0736739176958859E-4, 1.1447914406421857, 2.2295284397266187E-5, -7.678180059171146, 1.6996995676528854, 6.329869034694903
4.564729458917834E-4, 0.11571792734478205, 1.0897488858959491E-4, 1.1469104587597518, 2.286598644464929E-5, -7.674377682955929, 1.678399699943647, 6.329908722960323
4.6320641282565113E-4, 0.11742492002950909, 1.1058238540960123E-4, 1.1490930317519739, 2.3443661008694516E-5, -7.671966818716052, 1.6563931455207748, 6.329948411225743
4.6993987975951887E-4, 0.11913191271423614, 1.1218988222960754E-4, 1.151341039154915, 2.4028412598521925E-5, -7.670801822633231, 1.6338149979893288, 6.329988099491163
4.766733466933866E-4, 0.12083890539896318, 1.1379737904961386E-4, 1.1536563116931196, 2.462035020210567E-5, -7.67074334535187, 1.6107926399076373, 6.330027787756583
4.8340681362725436E-4, 0.12254589808369024, 1.1540487586962018E-4, 1.1560406316973717, 2.5219587186286736E-5, -7.671658172472312, 1.5874460875166025, 6.330067476022003
4.901402805611221E-4, 0.12425289076841728, 1.170123726896265E-4, 1.1584957335224484, 2.5826241197591352E-5, -7.673419067349951, 1.5638883157204155, 6.330107164287423
4.968737474949898E-4, 0.12595988345314432, 1.1861986950963282E-4, 1.1610233039648774, 2.6440434063855467E-5, -7.675904616184728, 1.5402255650198793, 6.330146852552843
5.036072144288576E-4, 0.12766687613787137, 1.2022736632963914E-4, 1.1636249826806935, 2.7062291696654867E-5, -7.678999075386734, 1.5165576319179097, 6.3301865408182625
5.103406813627253E-4, 0.1293738688225984, 1.2183486314964545E-4, 1.1663023626031892, 2.7691943994541203E-5, -7.68259222120227, 1.4929781441591652, 6.330226229083682
5.170741482965931E-4, 0.13108086150732545, 1.2344235996965177E-4, 1.1690569903606762, 2.832952474708394E-5, -7.686579201586185, 1.4695748220234963, 6.330265917349102
5.238076152304608E-4, 0.1327878541920525, 1.250498567896581E-4, 1.1718903666942386, 2.8975171539718194E-5, -7.690860390304972, 1.4464297267706097, 6.330305605614522
5.305410821643286E-4, 0.13449484687677954, 1.266573536096644E-4, 1.1748039468754887, 2.9629025659398133E-5, -7.695341243256097, 1.4236194972217904, 6.330345293879942
5.372745490981962E-4, 0.13620183956150655, 1.282648504296707E-4, 1.177799141124321, 3.0291232001056555E-5, -7.699932156988393, 1.4012155753679216, 6.330384982145362
5.440080160320638E-4, 0.1379088322462336, 1.2987234724967702E-4, 1.18087731502667, 3.096193897487017E-5, -7.704548329408888, 1.379284421805613, 6.330424670410782
5.507414829659317E-4, 0.13961582493096067, 1.3147984406968336E-4, 1.1840397899522666, 3.164129841433082E-5, -7.709109622660841, 1.3578877217267769, 6.330464358676202
5.574749498997993E-4, 0.14132281761568768, 1.3308734088968965E-4, 1.1872878434723908, 3.232946548512222E-5, -7.713540428158149, 1.3370825821177883, 6.330504046941622
5.64208416833667E-4, 0.1430295562985011, 1.3469483770969597E-4, 1.1906221335024467, 3.3026520973511E-5, -7.717769533761583, 1.3169217207624688, 6.330540916606878
5.709418837675348E-4, 0.1447361425801663, 1.363023345297023E-4, 1.1940440638807888, 3.373265263967327E-5, -7.721729993081071, 1.2974536475898808, 6.330576095112036
5.776753507014025E-4, 0.1464427288618315, 1.379098313497086E-4, 1.197555124923683, 3.4448070468080847E-5, -7.7253589968902805, 1.2787228388563083, 6.330611273617195
5.844088176352703E-4, 0.1481493151434967, 1.3951732816971493E-4, 1.2011564231853895, 3.517294195172104E-5, -7.7285977466375995, 1.2607699046093332, 6.330646452122353
5.91142284569138E-4, 0.1498559014251619, 1.4112482498972124E-4, 1.2048490235104943, 3.590743747224085E-5, -7.731391330038874, 1.243631749840776, 6.330681630627511
5.978757515030058E-4, 0.15156248770682712, 1.4273232180972756E-4, 1.2086339494516694, 3.665173021365897E-5, -7.733688598737422, 1.2273417296999458, 6.330716809132669
6.046092184368735E-4, 0.15326907398849232, 1.4433981862973388E-4, 1.212512183687426, 3.7405996076884066E-5, -7.735442048015904, 1.2119297991072642, 6.330751987637828
6.113426853707412E-4, 0.15497566027015752, 1.459473154497402E-4, 1.2164846684398722, 3.817041359503817E-5, -7.73660769854511, 1.197422657079371, 6.330787166142986
6.18076152304609E-4, 0.15668224655182272, 1.4755481226974652E-4, 1.220552305892467, 3.8945163849586616E-5, -7.737144980155116, 1.1838438860503486, 6.330822344648144
6.248096192384767E-4, 0.15838883283348792, 1.4916230908975284E-4, 1.2247159586077747, 3.9730430387273286E-5, -7.737016617613797, 1.171214086450564, 6.330857523153303
6.315430861723445E-4, 0.16009541911515313, 1.5076980590975915E-4, 1.2289764499452238, 4.052639913786219E-5, -7.736188518397639, 1.1595510067838106, 6.330892701658461
6.382765531062122E-4, 0.16180200539681833, 1.5237730272976547E-4, 1.2333345644788627, 4.133325833268452E-5, -7.734629662439463, 1.1488696694243203, 6.330927880163619
6.4501002004008E-4, 0.16350859167848356, 1.539847995497718E-4, 1.23779104841511, 4.215119842399159E-5, -7.732311993839754, 1.1391824923356981, 6.330963058668777
6.517434869739476E-4, 0.16521517796014873, 1.5559229636977808E-4, 1.2423466100105167, 4.298041200511391E-5, -7.729210314524476, 1.1304994069023457, 6.330998237173936
6.584769539078154E-4, 0.16692176424181396, 1.5719979318978443E-4, 1.247001919989518, 4.382109373142581E-5, -7.725302179836213, 1.1228279720447856, 6.331033415679094
6.652104208416831E-4, 0.16862835052347913, 1.5880729000979072E-4, 1.2517576119621898, 4.4673440242116E-5, -7.720567796043025, 1.11617348478101, 6.331068594184252
6.719438877755509E-4, 0.17033493680514436, 1.6041478682979706E-4, 1.2566142828420044, 4.553765008276404E-5, -7.714989919749877, 1.1105390873821033, 6.331103772689411
6.786773547094186E-4, 0.17204152308680953, 1.6202228364980335E-4, 1.261572493263587, 4.6413923628722615E-5, -7.708553759198245, 1.1059258712605362, 6.331138951194569
6.854108216432863E-4, 0.17374810936847473, 1.6362978046980967E-4, 1.2666327680004692, 4.730246300930569E-5, -7.70124687743865, 1.1023329777190913, 6.331174129699727
6.92144288577154E-4, 0.17545469565013996, 1.65237277289816E-4, 1.271795596382848, 4.820347203278243E-5, -7.693059097361411, 1.0997576956797703, 6.331209308204886
6.988777555110218E-4, 0.17716128193180516, 1.668447741098223E-4, 1.277061432715336, 4.9117156112176975E-5, -7.683982408570442, 1.0981955565040722, 6.331244486710044
7.056112224448896E-4, 0.1788678002694827, 1.6845227092982865E-4, 1.2824293783435499, 5.004350011262501E-5, -7.674010876085139, 1.097640426008256, 6.33127451046125
7.123446893787572E-4, 0.18057430501836264, 1.7005976774983494E-4, 1.2879008457479577, 5.0982880726465235E-5, -7.663140550856245, 1.0980845937694421, 6.331303503261666
7.190781563126249E-4, 0.18228080976724262, 1.7166726456984126E-4, 1.2934764478134992, 5.193555116967711E-5, -7.651369382079466, 1.0995188598145504, 6.331332496062082
7.258116232464926E-4, 0.18398731451612257, 1.7327476138984758E-4, 1.2991565029191023, 5.290172240249225E-5, -7.638697131293103, 1.1019326187755354, 6.331361488862497
7.325450901803604E-4, 0.18569381926500256, 1.748822582098539E-4, 1.3049412965068938, 5.38816066309783E-5, -7.625125288243819, 1.1053139415913031, 6.331390481662913
7.392785571142281E-4, 0.1874003240138825, 1.7648975502986022E-4, 1.3108310814999509, 5.4875417237673704E-5, -7.610656988506653, 1.1096496548301336, 6.3314194744633285
7.460120240480959E-4, 0.1891068287627625, 1.7809725184986654E-4, 1.3168260787200623, 5.588336871302876E-5, -7.595296932843378, 1.1149254177034875, 6.331448467263744
7.527454909819636E-4, 0.19081333351164245, 1.7970474866987285E-4, 1.3229264773054783, 5.690567658765195E-5, -7.5790513082846775, 1.1211257968372121, 6.331477460064161
7.594789579158312E-4, 0.1925198382605224, 1.8131224548987915E-4, 1.3291324351286704, 5.794255736536255E-5, -7.561927710921861, 1.1282343388615774, 6.331506452864576
7.662124248496991E-4, 0.1942263430094024, 1.829197423098855E-4, 1.3354440792140865, 5.8994228457048985E-5, -7.543935070391727, 1.1362336408807396, 6.331535445664992
7.729458917835667E-4, 0.19593284775828235, 1.8452723912989178E-4, 1.3418615061559018, 6.006090811533282E-5, -7.525083576041334, 1.1451054188753338, 6.331564438465407
7.796793587174346E-4, 0.19763935250716233, 1.8613473594989813E-4, 1.3483847825357815, 6.114281537003896E-5, -7.505384604756332, 1.1548305740928158, 6.331593431265823
7.864128256513023E-4, 0.1993458572560423, 1.8774223276990445E-4, 1.3550139453406316, 6.224016996447152E-5, -7.484850650439132, 1.1653892574738212, 6.331622424066239
7.9314629258517E-4, 0.20105236200492224, 1.8934972958991074E-4, 1.361749002380357, 6.335319229249519E-5, -7.46349525512078, 1.1767609321637196, 6.331651416866655
7.998797595190378E-4, 0.20275886675380225, 1.9095722640991708E-4, 1.3685899327056152, 6.448210333642335E-5, -7.441332941693125, 1.1889244341528575, 6.3316804096670705
8.066132264529054E-4, 0.20446537150268218, 1.9256472322992337E-4, 1.375536687025573, 6.562712460571096E-5, -7.418379148244535, 1.2018580310902591, 6.331709402467486
8.133466933867733E-4, 0.2061718762515622, 1.9417222004992972E-4, 1.3825891881256627, 6.678847807645424E-5, -7.394650163986204, 1.2155394793100858, 6.331738395267902
8.200801603206409E-4, 0.20787838100044212, 1.95779716869936E-4, 1.389747331285337, 6.79663861316954E-5, -7.370163066752039, 1.2299460791121697, 6.331767388068317
8.268136272545087E-4, 0.2095848857493221, 1.9738721368994233E-4, 1.3970109846958239, 6.916107150253403E-5, -7.344935662059866, 1.2450547283311162, 6.331796380868734
8.335470941883765E-4, 0.2112913904982021, 1.9899471050994867E-4, 1.4043799898778837, 7.037275721004325E-5, -7.318986423715341, 1.2608419742341586, 6.331825373669149
8.402805611222442E-4, 0.2129979054874222, 2.0060220732995496E-4, 1.4118543606576703, 7.160170633918744E-5, -7.292334435948594, 1.2772840637767637, 6.331855018287604
8.470140280561119E-4, 0.21470465600446625, 2.0220970414996128E-4, 1.419438294582707, 7.284903464102172E-5, -7.2649993370626, 1.2943569922555413, 6.3318996547209645
8.537474949899796E-4, 0.21641140652151034, 2.038172009699676E-4, 1.4271270254834767, 7.411406455202533E-5, -7.237001264585112, 1.3120365503833096, 6.331944291154325
8.604809619238473E-4, 0.2181181570385544, 2.0542469778997392E-4, 1.4349202923790882, 7.539702005785826E-5, -7.208360801902832, 1.3302983698235835, 6.331988927587685
8.67214428857715E-4, 0.21982490755559847, 2.0703219460998024E-4, 1.4428178097069604, 7.669812515584365E-5, -7.179098926367665, 1.3491179672091131, 6.332033564021045
8.739478957915828E-4, 0.22153165807264252, 2.0863969142998655E-4, 1.450819267740577, 7.801760380171911E-5, -7.149236958857759, 1.3684707866755292, 6.332078200454405
8.806813627254505E-4, 0.22323840858968658, 2.1024718824999287E-4, 1.4589243330072441, 7.935567985719466E-5, -7.118796514779083, 1.3883322409369667, 6.332122836887765
8.874148296593182E-4, 0.22494515910673066, 2.118546850699992E-4, 1.467132648705845, 8.071257703831699E-5, -7.087799456492288, 1.4086777509305437, 6.3321674733211255
8.94148296593186E-4, 0.2266519096237747, 2.134621818900055E-4, 1.4754438351245942, 8.208851886463748E-5, -7.056267847150183, 1.4294827840560427, 6.332212109754486
9.008817635270536E-4, 0.22835866014081874, 2.150696787100118E-4, 1.4838574900587946, 8.348372860918914E-5, -7.02422390593172, 1.4507228910339172, 6.332256746187846
9.076152304609215E-4, 0.23006541065786285, 2.1667717553001815E-4, 1.4923731892285959, 8.48984292492663E-5, -6.99168996465571, 1.472373741409133, 6.332301382621206
9.143486973947892E-4, 0.2317721611749069, 2.1828467235002446E-4, 1.5009904866967407, 8.633284341801274E-5, -6.958688425760802, 1.4944111577222519, 6.332346019054566
9.21082164328657E-4, 0.23347891169195095, 2.1989216917003078E-4, 1.5097089152863332, 8.778719335681367E-5, -6.925241721636497, 1.5168111483717177, 6.332390655487926
9.278156312625247E-4, 0.23518566220899503, 2.214996659900371E-4, 1.5185279869985857, 8.926170086849518E-5, -6.891372275290108, 1.5395499391897134, 6.3324352919212865
9.345490981963923E-4, 0.23689241272603906, 2.231071628100434E-4, 1.5274471934305751, 9.075658727132819E-5, -6.857102462335062, 1.562604003753346, 6.332479928354647
9.412825651302602E-4, 0.23859916324308317, 2.2471465963004974E-4, 1.5364660061930033, 9.227207335383902E-5, -6.822454574284937, 1.585950092453656, 6.332524564788007
9.480160320641278E-4, 0.2403059137601272, 2.2632215645005603E-4, 1.5455838773279484, 9.380837933042576E-5, -6.787450783139353, 1.6095652603416852, 6.332569201221367
9.547494989979956E-4, 0.24201266427717125, 2.2792965327006235E-4, 1.5548002397266216, 9.536572479778018E-5, -6.752113107245442, 1.6334268937743737, 6.332613837654727
9.614829659318634E-4, 0.24371941479421536, 2.295371500900687E-4, 1.5641145075471248, 9.694432869211609E-5, -6.716463378421453, 1.657512735878228, 6.332658474088087
9.68216432865731E-4, 0.24542616531125938, 2.3114464691007498E-4, 1.5735260766322003, 9.854440924720207E-5, -6.680523210327174, 1.681800910851288, 6.3327031105214475
9.749498997995988E-4, 0.24713291582830343, 2.327521437300813E-4, 1.5830343249269951, 1.0016618395320254E-4, -6.644313968064877, 1.7062699471240477, 6.332747746954808
9.816833667334664E-4, 0.24883947538499795, 2.3435964055008762E-4, 1.5926404434438945, 1.0181029852267917E-4, -6.607856738997638, 1.7308987993964733, 6.332797525524293
9.884168336673342E-4, 0.25054546206064376, 2.3596713737009394E-4, 1.6023474996196734, 1.0347785641566344E-4, -6.5711723047693305, 1.7556668695709536, 6.33286273050215
9.951503006012021E-4, 0.25225144873628963, 2.3757463419010028E-4, 1.6121493663395166, 1.051678037374657E-4, -6.534281114512291, 1.780554026597751, 6.332927935480007
0.0010018837675350696, 0.2539574354119354, 2.3918213101010657E-4, 1.6220453541409559, 1.0688035509525286E-4, -6.49720325922511, 1.8055406252551491, 6.332993140457864
0.0010086172344689374, 0.2556634220875812, 2.407896278301129E-4, 1.632034757752702, 1.0861572415890712E-4, -6.459958447309245, 1.8306075238771908, 6.333058345435721
0.0010153507014028051, 0.257369408763227, 2.423971246501192E-4, 1.6421168565124002, 1.1037412362469965E-4, -6.422565981246395, 1.8557361010501068, 6.333123550413578
0.0010220841683366729, 0.2590753954388728, 2.4400462147012553E-4, 1.6522909147843854, 1.1215576517977192E-4, -6.385044735404467, 1.8809082712924277, 6.333188755391435
0.0010288176352705406, 0.2607813821145186, 2.4561211829013185E-4, 1.6625561823774364, 1.1396085946742167E-4, -6.3474131349551435, 1.9061064997376886, 6.333253960369293
0.0010355511022044086, 0.2624873687901645, 2.472196151101382E-4, 1.6729118949625368, 1.157896160531956E-4, -6.309689135887395, 1.9313138158373084, 6.333319165347151
0.001042284569138276, 0.2641933554658103, 2.488271119301445E-4, 1.6833572744906204, 1.1764224339178646E-4, -6.271890206106432, 1.9565138260956174, 6.333384370325008
0.001049018036072144, 0.2658993421414561, 2.5043460875015083E-4, 1.6938915296103394, 1.1951894879473893E-4, -6.234033307598078, 1.9816907258596606, 6.333449575302865
0.0010557515030060116, 0.2676053288171019, 2.520421055701571E-4, 1.7045138560858102, 1.2141993839895736E-4, -6.1961348796449185, 2.006829310177922, 6.333514780280722
0.0010624849699398793, 0.26931131549274767, 2.536496023901634E-4, 1.715223437214375, 1.23345417136023E-4, -6.158210823084568, 2.03191498373881, 6.333579985258579
0.001069218436873747, 0.27101730216839354, 2.5525709921016976E-4, 1.7260194442443555, 1.2529558870231477E-4, -6.120276485584192, 2.0569337699169767, 6.333645190236436
0.0010759519038076148, 0.27272328884403935, 2.5686459603017605E-4, 1.7369010367928044, 1.272706555299364E-4, -6.082346647928462, 2.0818723189298423, 6.333710395214293
0.0010826853707414826, 0.27442927551968516, 2.584720928501824E-4, 1.74786736326327, 1.292708187584507E-4, -6.044435511298028, 2.1067179151289106, 6.33377560019215
0.0010894188376753505, 0.276135262195331, 2.6007958967018874E-4, 1.7589175612635415, 1.3129627820741748E-4, -6.006556685526013, 2.13145848343908, 6.3338408051700075
0.001096152304609218, 0.2778412488709768, 2.6168708649019503E-4, 1.7700507580234155, 1.3334723234973922E-4, -5.968723178318507, 2.156082594959873, 6.3339060101478655
0.001102885771543086, 0.27954723554662264, 2.632945833102014E-4, 1.7812660708124395, 1.3542387828581118E-4, -5.930947385422112, 2.180579471746752, 6.333971215125723
0.0011096192384769535, 0.28125322222226845, 2.6490208013020766E-4, 1.7925626073576797, 1.3752641171847896E-4, -5.893241081725564, 2.204938990785224, 6.33403642010358
0.001116352705410821, 0.2829592088979142, 2.6650957695021396E-4, 1.8039394662614678, 1.3965502692879993E-4, -5.855615413280206, 2.229151687173457, 6.334101625081437
0.001123086172344689, 0.2846653044368598, 2.681170737702203E-4, 1.8153962802955623, 1.4181006230704402E-4, -5.818080890222765, 2.2532087565301424, 6.334168162456598
0.0011298196392785565, 0.2863715286324322, 2.697245705902266E-4, 1.8269322401637058, 1.4399174126552633E-4, -5.780647380587359, 2.277102056640305, 6.33423627448312
0.0011365531062124245, 0.28807775282800474, 2.7133206741023294E-4, 1.8385457818802986, 1.46200083792752E-4, -5.743324104990775, 2.3008241083556125, 6.3343043865096424
0.001143286573146292, 0.28978397702357717, 2.7293956423023923E-4, 1.8502359717271997, 1.484352783253525E-4, -5.70611963217672, 2.3243680957625803, 6.334372498536165
0.00115002004008016, 0.29149020121914965, 2.745470610502456E-4, 1.8620018689503184, 1.5069751176907784E-4, -5.669041875404735, 2.347727865633259, 6.334440610562687
0.0011567535070140275, 0.29319642541472213, 2.7615455787025186E-4, 1.873842526177361, 1.5298696947939317E-4, -5.632098089665173, 2.3708979261767884, 6.334508722589209
0.0011634869739478952, 0.29490264961029455, 2.7776205469025816E-4, 1.885756989835603, 1.5530383524288356E-4, -5.595294869711966, 2.3938734450990378, 6.334576834615731
0.001170220440881763, 0.29660887380586703, 2.793695515102645E-4, 1.8977443005696206, 1.5764829125946135E-4, -5.558638148891206, 2.4166502469927855, 6.334644946642253
0.001176953907815631, 0.29831509800143957, 2.8097704833027085E-4, 1.9098034936590693, 1.6002051812538301E-4, -5.522133198755403, 2.439224810067, 6.334713058668775
0.0011836873747494985, 0.300021322197012, 2.8258454515027714E-4, 1.921933599436425, 1.624206948170691E-4, -5.485784629447661, 2.461594262231671, 6.3347811706952974
0.0011904208416833662, 0.3017275463925844, 2.8419204197028343E-4, 1.9341336437047443, 1.6484899867573176E-4, -5.449596390837165, 2.483756376554916, 6.3348492827218195
0.0011971543086172337, 0.3034337705881569, 2.857995387902897E-4, 1.9464026481554224, 1.6730560539280644E-4, -5.413571774398526, 2.5057095661000672, 6.3349173947483415
0.001203887775551102, 0.30513999478372944, 2.874070356102961E-4, 1.9587396307859444, 1.6979068899619106E-4, -5.3777134158113595, 2.5274528781650014, 6.3349855067748635
0.0012106212424849694, 0.30684621897930187, 2.890145324303024E-4, 1.9711436063176428, 1.7230442183729076E-4, -5.3420232982719025, 2.5489859879315246, 6.335053618801386
0.0012173547094188372, 0.30855244317487435, 2.906220292503087E-4, 1.9836135866134557, 1.7484697457886687E-4, -5.306502756497835, 2.570309191542625, 6.335121730827908
0.001224088176352705, 0.31025866737044683, 2.9222952607031505E-4, 1.9961485810956785, 1.774185161836939E-4, -5.2711524814148945, 2.5914233986180193, 6.33518984285443
0.0012308216432865727, 0.31196489156601925, 2.9383702289032134E-4, 2.00874759716372, 1.8001921390402135E-4, -5.235972525505907, 2.6123301242268395, 6.3352579548809524
0.0012375551102204404, 0.3136711157615918, 2.954445197103277E-4, 2.021409640611862, 1.8264923327184187E-4, -5.200962308810077, 2.633031480328094, 6.3353260669074745
0.0012442885771543081, 0.3153773399571642, 2.97052016530334E-4, 2.034133716047007, 1.853087380899627E-4, -5.166120625559851, 2.6535301666911164, 6.3353941789339965
0.0012510220440881759, 0.3170835641527367, 2.986595133503403E-4, 2.0469188273064454, 1.879978904238885E-4, -5.131445651433975, 2.673829461315774, 6.3354622909605185
0.0012577555110220434, 0.3187897883483092, 3.002670101703466E-4, 2.059763977875601, 1.907168505945033E-4, -5.0969349514184055, 2.6939332103605893, 6.3355304029870405
0.0012644889779559112, 0.3204955503260507, 3.018745069903529E-4, 2.0726698248697035, 1.9346627634035568E-4, -5.062585488256605, 2.7138458175947995, 6.33560211793958
0.0012712224448897791, 0.3222010811948769, 3.034820038103593E-4, 2.0856345676479395, 1.962460882440503E-4, -5.028393631474692, 2.7335722333892205, 6.335675634355127
0.0012779559118236469, 0.323906612063703, 3.050895006303656E-4, 2.0986563887875374, 1.9905619455739905E-4, -4.994355166968444, 2.753117943256465, 6.335749150770674
0.0012846893787575144, 0.3256121429325291, 3.066969974503719E-4, 2.1117342945457973, 2.018967486942607E-4, -4.960465307133356, 2.7724889559590835, 6.335822667186221
0.0012914228456913821, 0.3273176738013552, 3.083044942703782E-4, 2.124867292916936, 2.047679022993998E-4, -4.926718701527361, 2.7916917911942294, 6.335896183601768
0.0012981563126252499, 0.32902320467018137, 3.099119910903845E-4, 2.1380543940498464, 2.076698052460086E-4, -4.893109448048508, 2.8107334668713966, 6.335969700017316
0.0013048897795591176, 0.33072873553900745, 3.115194879103908E-4, 2.1512946106658406, 2.1060260563403161E-4, -4.8596311046130065, 2.8296214859966264, 6.336043216432863
0.0013116232464929854, 0.33243426640783363, 3.1312698473039716E-4, 2.164586958476417, 2.1356644978929917E-4, -4.826276701319541, 2.848363823175534, 6.33611673284841
0.0013183567134268533, 0.33413979727665977, 3.147344815504035E-4, 2.1779304566010094, 2.1656148226346477E-4, -4.793038753085449, 2.8669689107499563, 6.336190249263957
0.0013250901803607208, 0.33584532814548584, 3.163419783704098E-4, 2.191324127984746, 2.1958784583474882E-4, -4.75990927273444, 2.885445624584201, 6.3362637656795044
0.0013318236472945886, 0.337550859014312, 3.179494751904161E-4, 2.204766999816207, 2.2264568150948816E-4, -4.726879784532399, 2.9038032695054734, 6.336337282095051
0.0013385571142284563, 0.3392563898831381, 3.1955697201042243E-4, 2.2182581039451725, 2.257351285244924E-4, -4.693941338143493, 2.9220515644242435, 6.336410798510598
0.0013452905811623243, 0.3409619207519643, 3.211644688304288E-4, 2.231796477300387, 2.2885632435020435E-4, -4.661084522999819, 2.9402006271393577, 6.336484314926145
0.0013520240480961918, 0.3426674516207904, 3.2277196565043507E-4, 2.24538116230731, 2.3200940469466692E-4, -4.628299483067151, 2.9582609588443955, 6.336557831341692
0.0013587575150300595, 0.34437298248961645, 3.2437946247044136E-4, 2.2590112073058686, 2.351945035082975E-4, -4.5955759319941185, 2.976243428345847, 6.33663134775724
0.0013654909819639273, 0.34607851335844264, 3.259869592904477E-4, 2.272685666968225, 2.3841175298946508E-4, -4.562903168621315, 2.9941592560169945, 6.336704864172787
0.001372224448897795, 0.3477840442272687, 3.27594456110454E-4, 2.2864036027165175, 2.4166128359087705E-4, -4.530270092849761, 3.012019997484115, 6.336778380588334
0.0013789579158316626, 0.3494895750960948, 3.292019529304603E-4, 2.3001640831406247, 2.44943224026768E-4, -4.4976652218431905, 3.0298375270699287, 6.336851897003881
0.0013856913827655307, 0.35119510596492104, 3.308094497504667E-4, 2.3139661844159223, 2.4825770128089717E-4, -4.465076706549003, 3.047624021009264, 6.336925413419428
0.0013924248496993983, 0.3529006368337471, 3.32416946570473E-4, 2.3278089907210306, 2.5160484061534935E-4, -4.432492348530675, 3.0653919404414194, 6.336998929834976
0.001399158316633266, 0.35460616770257325, 3.3402444339047927E-4, 2.341691594655582, 2.5498476558014527E-4, -4.399899617087684, 3.0831540142009644, 6.337072446250523
0.0014058917835671335, 0.35631360694507574, 3.3563194021048556E-4, 2.355625480251396, 2.584017540175123E-4, -4.367285666659131, 3.10092322141031, 6.337170217348274
0.0014126252505010013, 0.35802131881238924, 3.372394370304919E-4, 2.36959927237131, 2.6185244956422257E-4, -4.334637354477176, 3.1187127739074483, 6.337271453400626
0.0014193587174348692, 0.3597290306797027, 3.3884693385049825E-4, 2.3836103309746437, 2.6533638333743777E-4, -4.301941258484842, 3.136536098488832, 6.337372689452978
0.0014260921843687368, 0.36143674254701613, 3.4045443067050454E-4, 2.397657786533834, 2.688536728124927E-4, -4.269183695469071, 3.1544068190208554, 6.337473925505329
0.0014328256513026047, 0.36314445441432963, 3.420619274905109E-4, 2.4117407800311033, 2.724044338128573E-4, -4.2363507394229885, 3.1723387383973236, 6.337575161557681
0.0014395591182364722, 0.3648521662816431, 3.436694243105172E-4, 2.425858463376217, 2.759887805245804E-4, -4.203428240104034, 3.1903458203818094, 6.337676397610033
0.00144629258517034, 0.36655987814895646, 3.4527692113052347E-4, 2.440009999824227, 2.796068255115381E-4, -4.170401841781853, 3.208442171333734, 6.337777633662385
0.0014530260521042077, 0.36826759001626996, 3.468844179505298E-4, 2.4541945643932443, 2.8325867973149005E-4, -4.137257002159933, 3.2266420218355703, 6.337878869714737
0.0014597595190380757, 0.36997530188358346, 3.4849191477053616E-4, 2.468411344282182, 2.8694445255293775E-4, -4.103979011451981, 3.2449597082377837, 6.337980105767088
0.0014664929859719432, 0.37168301375089685, 3.5009941159054245E-4, 2.4826595392885196, 2.906642517727936E-4, -4.0705530116046065, 3.2634096541279938, 6.33808134181944
0.001473226452905811, 0.3733907256182103, 3.5170690841054874E-4, 2.4969383622260457, 2.9441818363485316E-4, -4.036964015644396, 3.282006351745242, 6.338182577871793
0.0014799599198396787, 0.3750984374855238, 3.533144052305551E-4, 2.511247039342634, 2.982063528490711E-4, -4.003196927137956, 3.3007643433489036, 6.338283813924145
0.0014866933867735467, 0.37680614935283724, 3.5492190205056143E-4, 2.525584810737978, 3.0202886261164816E-4, -3.9692365597546764, 3.319698202550118, 6.338385049976496
0.0014934268537074142, 0.3785138612201507, 3.565293988705677E-4, 2.5399509307813615, 3.0588581462591923E-4, -3.935067656905877, 3.338822515631503, 6.338486286028848
0.001500160320641282, 0.3802215730874641, 3.58136895690574E-4, 2.554344668529406, 3.097773091240506E-4, -3.9006749114590273, 3.3581518628540596, 6.3385875220812
0.0015068937875751497, 0.3819292849547776, 3.5974439251058036E-4, 2.568765308143826, 3.137034448895415E-4, -3.8660429854965366, 3.377700799780826, 6.338688758133552
0.0015136272545090174, 0.383636996822091, 3.6135188933058665E-4, 2.583212149309194, 3.1766431928053045E-4, -3.8311565301224104, 3.397483838611253, 6.338789994185904
0.001520360721442885, 0.38534470868940446, 3.6295938615059294E-4, 2.5976845076506874, 3.2166002825390955E-4, -3.796000205286706, 3.4175154295550842, 6.338891230238255
0.001527094188376753, 0.387052420556718, 3.6456688297059934E-4, 2.612181715151845, 3.2569066639024334E-4, -3.760558699618623, 3.4378099422539794, 6.338992466290607
0.0015338276553106206, 0.3887601324240314, 3.6617437979060563E-4, 2.6267031205723264, 3.2975632691949555E-4, -3.7248167502527143, 3.458381647263645, 6.339093702342959
0.0015405611222444884, 0.3904674914618995, 3.677818766106119E-4, 2.641246767231174, 3.338566153065632E-4, -3.6887591626389225, 3.4792446976042237, 6.339192575645119
0.001547294589178356, 0.39217096937586865, 3.693893734306182E-4, 2.6557987367219176, 3.37986702175244E-4, -3.6523708303083455, 3.5004131104065017, 6.339265458695169
0.0015540280561122239, 0.39387444728983784, 3.7099687025062456E-4, 2.6703729156186307, 3.421519802211479E-4, -3.6156367545965855, 3.521900748647474, 6.339338341745219
0.0015607615230460916, 0.3955779252038071, 3.726043670706309E-4, 2.6849687239515396, 3.463525368675844E-4, -3.5785420642919794, 3.5437213030109893, 6.33941122479527
0.0015674949899799591, 0.3972814031177762, 3.742118638906372E-4, 2.69958560061579, 3.505884583278975E-4, -3.5410720352095395, 3.5658882738651103, 6.339484107845321
0.001574228456913827, 0.3989848810317454, 3.7581936071064354E-4, 2.714223003789167, 3.5485982963602883E-4, -3.5032121096668383, 3.588414953383479, 6.339556990895371
0.0015809619238476946, 0.4006883589457146, 3.7742685753064983E-4, 2.7288804113498597, 3.5916673467788635E-4, -3.464947915845574, 3.6113144078214066, 6.339629873945421
0.0015876953907815624, 0.4023918368596837, 3.790343543506561E-4, 2.74355732129423, 3.6350925622351076E-4, -3.42626528703825, 3.6345994599480664, 6.339702756995472
0.00159442885771543, 0.4040953147736529, 3.8064185117066247E-4, 2.7582532521545486, 3.678874759600573E-4, -3.3871502807362335, 3.658282671675638, 6.339775640045522
0.001601162324649298, 0.40579879268762215, 3.822493479906688E-4, 2.7729677434167677, 3.723014745255784E-4, -3.3475891975831473, 3.6823763268582477, 6.339848523095572
0.0016078957915831656, 0.4075022706015913, 3.838568448106751E-4, 2.7877003559382696, 3.7675133154361134E-4, -3.307568600139268, 3.7068924143173643, 6.339921406145622
0.0016146292585170333, 0.4092057485155604, 3.854643416306814E-4, 2.802450672365624, 3.8123712565857635E-4, -3.2670753314696808, 3.731842611074914, 6.339994289195673
0.001621362725450901, 0.41090922642952965, 3.8707183845068774E-4, 2.8172182975523343, 3.857589345719765E-4, -3.226096533535613, 3.7572382658142462, 6.340067172245723
0.0016280961923847688, 0.4126127043434988, 3.8867933527069403E-4, 2.832002858976611, 3.9031683507940264E-4, -3.184619665360248, 3.7830903825981332, 6.340140055295773
0.0016348296593186365, 0.414316182257468, 3.902868320907004E-4, 2.846804007159106, 3.9491090310835193E-4, -3.142632520972092, 3.809409604834708, 6.3402129383458234
0.0016415631262525045, 0.4160196601714372, 3.918943289107067E-4, 2.86162141608069, 3.9954121375683873E-4, -3.1001232471021716, 3.8362061995177723, 6.340285821395875
0.001648296593186372, 0.41772313808540634, 3.93501825730713E-4, 2.876454783600192, 4.042078413328262E-4, -3.057080360616334, 3.8634900417553513, 6.340358704445925
0.0016550300601202398, 0.41942661599937553, 3.951093225507193E-4, 2.8913038318721647, 4.0891085939445215E-4, -3.013492765680727, 3.8912705995859933, 6.340431587495975
0.0016617635270541073, 0.42113009391334466, 3.967168193707256E-4, 2.9061683077646308, 4.136503407910667E-4, -2.9693497706284817, 3.9195569191187265, 6.340504470546025
0.0016684969939879755, 0.4228335718273139, 3.98324316190732E-4, 2.921047983276852, 4.184263577050764E-4, -2.9246411045290346, 3.948357609984844, 6.340577353596076
0.001675230460921843, 0.4245370497412831, 3.999318130107383E-4, 2.9359426559570636, 4.2323898169458786E-4, -2.879356933436334, 3.97768083113073, 6.340650236646126
0.0016819639278557107, 0.4262410289734999, 4.015393098307446E-4, 2.9508647890845383, 4.280933590990898E-4, -2.8334878762971507, 4.007534276964721, 6.3407437910182445
0.0016886973947895785, 0.42794622569288987, 4.031468066507509E-4, 2.965832515376164, 4.3299699197386335E-4, -2.787025020514585, 4.037925163863739, 6.340887547172529
0.0016954308617234462, 0.42965142241227977, 4.047543034707572E-4, 2.9808151389322175, 4.379377249999083E-4, -2.739959937148192, 4.068860217052845, 6.341031303326813
0.001702164328657314, 0.43135661913166967, 4.0636180029076356E-4, 2.9958125637100803, 4.429156293830013E-4, -2.6922846957317432, 4.100345657879034, 6.341175059481097
0.0017088977955911817, 0.4330618158510596, 4.0796929711076985E-4, 3.010824721304915, 4.479307759301766E-4, -2.6439918786992735, 4.132387191484032, 6.341318815635381
0.0017156312625250495, 0.43476701257044953, 4.095767939307762E-4, 3.0258515713673964, 4.5298323509721156E-4, -2.595074595395515, 4.164989994900297, 6.341462571789665
0.0017223647294589172, 0.4364722092898394, 4.111842907507825E-4, 3.0408931020214887, 4.5807307703691377E-4, -2.545526495675929, 4.198158705559622, 6.341606327943949
0.0017290981963927847, 0.4381774060092293, 4.127917875707888E-4, 3.0559493302821683, 4.6320037164822173E-4, -2.495341783047134, 4.231897410267161, 6.3417500840982335
0.0017358316633266525, 0.43988260272861923, 4.143992843907951E-4, 3.07102030247323, 4.683651886260945E-4, -2.4445152273779107, 4.2662096346026965, 6.341893840252517
0.0017425651302605204, 0.44158779944800913, 4.1600678121080147E-4, 3.0861060946449834, 4.735675975122285E-4, -2.3930421771212598, 4.301098332812286, 6.342037596406802
0.001749298597194388, 0.44329299616739903, 4.1761427803080776E-4, 3.1012068129920634, 4.7880766774656495E-4, -2.3409185710606635, 4.336565878172545, 6.342181352561085
0.0017560320641282557, 0.44499819288678893, 4.1922177485081405E-4, 3.116322594271135, 4.8408546871960814E-4, -2.2881409495616576, 4.372614053844833, 6.34232510871537
0.0017627655310621234, 0.44670338960617884, 4.208292716708204E-4, 3.131453606218691, 4.894010698255509E-4, -2.234706465297127, 4.4092440442493235, 6.3424688648696534
0.0017694989979959912, 0.44840858632556874, 4.224367684908267E-4, 3.146600047968793, 4.947545405162018E-4, -2.180612893460293, 4.446456426943308, 6.342612621023938
0.001776232464929859, 0.4501137830449587, 4.2404426531083303E-4, 3.161762150470821, 5.001459503557253E-4, -2.1258586414255602, 4.4842511650430055, 6.342756377178222
0.0017829659318637269, 0.4518189797643486, 4.256517621308394E-4, 3.1769401769072196, 5.055753690761778E-4, -2.0704427578456523, 4.52262760019508, 6.342900133332506
0.0017896993987975944, 0.4535241764837385, 4.2725925895084567E-4, 3.1921344231112885, 5.110428666338619E-4, -2.014364941186283, 4.561584446098432, 6.343043889486791
0.0017964328657314621, 0.4552293732031284, 4.2886675577085196E-4, 3.2073452179849014, 5.165485132664692E-4, -1.95762554766863, 4.601119782603635, 6.343187645641074
0.0018031663326653297, 0.45693456992251824, 4.3047425259085825E-4, 3.222572923916294, 5.220923795510517E-4, -1.9002255986069607, 4.641231050397976, 6.343331401795359
0.0018098997995991976, 0.4586397666419082, 4.320817494108646E-4, 3.2378179371977787, 5.27674536462778E-4, -1.84216678712817, 4.681915046290893, 6.3434751579496425
0.0018166332665330654, 0.46034496336129815, 4.3368924623087094E-4, 3.2530806884435384, 5.332950554345077E-4, -1.7834514842597111, 4.72316791911058, 6.343618914103927
0.0018233667334669331, 0.46204962454071846, 4.3529674305087723E-4, 3.2683593627144365, 5.38953015813077E-4, -1.724082744371311, 4.76498516622269, 6.343759233508168
0.0018301002004008009, 0.4637537501801694, 4.369042398708836E-4, 3.283654434955368, 5.4464846796196E-4, -1.6640643099540378, 4.807361630688669, 6.343896116162365
0.0018368336673346686, 0.4654578758196202, 4.3851173669088987E-4, 3.2989687130197147, 5.503824701291271E-4, -1.6034006157114242, 4.850291499083968, 6.344032998816562
0.0018435671342685361, 0.46716200145907105, 4.4011923351089616E-4, 3.314302768982171, 5.561550960236389E-4, -1.5420967919779431, 4.893768299962955, 6.344169881470759
0.0018503006012024043, 0.468866127098522, 4.4172673033090256E-4, 3.329657211328038, 5.619664201221605E-4, -1.4801586674079887, 4.937784903022042, 6.344306764124957
0.0018570340681362718, 0.4705702527379728, 4.4333422715090885E-4, 3.3450326853710273, 5.678165177333674E-4, -1.417592770961018, 4.98233351893436, 6.344443646779155
0.0018637675350701396, 0.47227437837742364, 4.4494172397091514E-4, 3.360429873670973, 5.737054650631518E-4, -1.354406333135532, 5.027405699902923, 6.344580529433352
0.001870501002004007, 0.47397850401687447, 4.4654922079092143E-4, 3.3758494964516412, 5.796333392806456E-4, -1.2906072864609999, 5.072992340920199, 6.344717412087549
0.001877234468937875, 0.47568262965632535, 4.481567176109278E-4, 3.391292312018434, 5.856002185850426E-4, -1.2262042652136216, 5.119083681766021, 6.344854294741746
0.0018839679358717428, 0.47738675529577623, 4.497642144309341E-4, 3.4067591171761613, 5.916061822732267E-4, -1.1612066043617002, 5.165669309737394, 6.344991177395944
0.0018907014028056103, 0.47909088093522706, 4.513717112509404E-4, 3.4222507476468262, 5.976513108082073E-4, -1.095624337694255, 5.212738163154322, 6.345128060050142
0.0018974348697394783, 0.480795006574678, 4.5297920807094676E-4, 3.4377680784873155, 6.037356858883611E-4, -1.0294681951653144, 5.260278535604406, 6.345264942704339
0.0019041683366733458, 0.4824991322141288, 4.5458670489095305E-4, 3.453312024507242, 6.098593905174778E-4, -0.9627495993872244, 5.308278080998307, 6.345401825358536
0.0019109018036072135, 0.48420325785357965, 4.5619420171095934E-4, 3.4688835406866296, 6.160225090756135E-4, -0.895480661293263, 5.356723819406299, 6.345538708012733
0.0019176352705410813, 0.48590738349303053, 4.578016985309657E-4, 3.4844836225936726, 6.222251273907498E-4, -0.8276741749381994, 5.405602143708597, 6.345675590666931
0.0019243687374749492, 0.4876115091324814, 4.5940919535097203E-4, 3.5001133068025503, 6.28467332811256E-4, -0.7593436114397668, 5.454898827056489, 6.3458124733211285
0.0019311022044088168, 0.48931563477193224, 4.610166921709783E-4, 3.5157736713111225, 6.347492142791602E-4, -0.6905031120156941, 5.504599031183047, 6.345949355975326
0.0019378356713426845, 0.49101976041138307, 4.626241889909846E-4, 3.531465835958712, 6.410708624042281E-4, -0.6211674801334386, 5.5546873155504475, 6.346086238629523
0.0019445691382765523, 0.49272388605083395, 4.6423168581099096E-4, 3.547190962843854, 6.474323695388415E-4, -0.5513521727395226, 5.605147647359485, 6.346223121283721
0.00195130260521042, 0.4944280116902848, 4.6583918263099725E-4, 3.5629502567420444, 6.538338298536867E-4, -0.4810732905472841, 5.6559634124452725, 6.346360003937918
0.0019580360721442877, 0.4961321373297357, 4.674466794510036E-4, 3.5787449655235166, 6.602753394142491E-4, -0.41034756739684997, 5.707117427038101, 6.346496886592115
0.0019647695390781553, 0.4978372756930857, 4.690541762710099E-4, 3.5945884491280635, 6.667626570652144E-4, -0.339192358645188, 5.758591950436844, 6.346650634025253
0.0019715030060120232, 0.4995428310603944, 4.7066167309101623E-4, 3.6104750448378455, 6.732926473899947E-4, -0.26762562857343986, 5.81036869859964, 6.346811325779131
0.0019782364729458908, 0.501248386427703, 4.722691699110225E-4, 3.626401180187279, 6.798630983213755E-4, -0.1956659368132005, 5.862428858651757, 6.346972017533009
0.0019849699398797587, 0.5029539417950115, 4.738766667310288E-4, 3.642368279619535, 6.86474114863884E-4, -0.12333242376597076, 5.914753104331938, 6.347132709286887
0.0019917034068136267, 0.5046594971623202, 4.754841635510352E-4, 3.658377812761275, 6.931258043115066E-4, -0.050644794995185455, 5.967321612399357, 6.347293401040766
0.001998436873747494, 0.5063650525296288, 4.770916603710415E-4, 3.6744312948404314, 6.998182763290182E-4, 0.022376695412753316, 6.020114080000132, 6.347454092794643
0.0020051703406813617, 0.5080706078969374, 4.786991571910478E-4, 3.6905302871039556, 7.065516430341188E-4, 0.09571126253623681, 6.07310974301198, 6.347614784548521
0.0020119038076152297, 0.5097761632642459, 4.803066540110541E-4, 3.7066763972355474, 7.133260190803756E-4, 0.1693376093738737, 6.126287395379319, 6.3477754763024
0.002018637274549097, 0.5114817186315546, 4.8191415083106043E-4, 3.7228712797734502, 7.201415217409605E-4, 0.24323394668424514, 6.179625409458535, 6.347936168056277
0.002025370741482965, 0.5131872739988631, 4.835216476510667E-4, 3.739116636528191, 7.269982709932136E-4, 0.31737801391034764, 6.2331017573713305, 6.3480968598101555
0.0020321042084168327, 0.5148928293661718, 4.8512914447107307E-4, 3.7554142170003253, 7.338963896039914E-4, 0.39174710123086887, 6.286694033402906, 6.348257551564033
0.0020388376753507007, 0.5165983847334804, 4.867366412910794E-4, 3.7717658187981993, 7.408360032158363E-4, 0.4663180727094851, 6.340379477416468, 6.348418243317911
0.0020455711422845686, 0.5183039401007891, 4.883441381110858E-4, 3.788173288055722, 7.478172404339465E-4, 0.5410673906261131, 6.394134999370545, 6.34857893507179
0.002052304609218436, 0.5200094954680976, 4.89951634931092E-4, 3.8046385198500854, 7.548402329139484E-4, 0.615971140926422, 6.447937204864079, 6.348739626825667
0.0020590380761523037, 0.5217150508354061, 4.915591317510983E-4, 3.821163458619557, 7.619051154504802E-4, 0.691005059836157, 6.501762421760048, 6.348900318579545
0.0020657715430861716, 0.5234206062027149, 4.931666285711047E-4, 3.83775009858123, 7.690120260665739E-4, 0.7661445617115844, 6.5555867279605415, 6.349061010333424
0.0020725050100200396, 0.5251261615700235, 4.94774125391111E-4, 3.8544004841487247, 7.761611061038602E-4, 0.8413647680273663, 6.609385980223372, 6.349221702087301
0.002079238476953907, 0.526831716937332, 4.963816222111173E-4, 3.871116710350055, 7.833525003135544E-4, 0.9166405376255579, 6.663135844150594, 6.3493823938411795
0.0020859719438877746, 0.5285372723046406, 4.979891190311236E-4, 3.887900923245242, 7.905863569482672E-4, 0.991946498158228, 6.716811825273524, 6.349543085595058
0.002092705410821642, 0.5302428276719492, 4.995966158511299E-4, 3.904755320344208, 7.97862827854617E-4, 1.0672570788172735, 6.770389301332091, 6.349703777348935
0.0020994388777555105, 0.5319483830392578, 5.012041126711363E-4, 3.921682151024438, 8.051820685666422E-4, 1.142546544271786, 6.82384355565885, 6.349864469102814
0.002106172344689378, 0.533650960477236, 5.028116094911426E-4, 3.938710491591454, 8.125577010012108E-4, 1.2177890299258296, 6.877149811786529, 6.350060026802575
0.0021129058116232456, 0.5353532671943659, 5.044191063111489E-4, 3.9558185379854915, 8.19977831499623E-4, 1.2929585784373439, 6.930283269216139, 6.3502587541337805
0.002119639278557113, 0.5370555739114958, 5.060266031311552E-4, 3.973006271585824, 8.274414121684794E-4, 1.3680291775497184, 6.983219140389613, 6.350457481464987
0.002126372745490981, 0.5387578806286257, 5.076340999511615E-4, 3.990276153449745, 8.349486151747556E-4, 1.4429747992473534, 7.035932688884133, 6.350656208796192
0.002133106212424849, 0.5404601873457557, 5.092415967711679E-4, 4.007630698590901, 8.42499616852234E-4, 1.5177694402448458, 7.08839926883273, 6.350854936127398
0.0021398396793587166, 0.5421624940628856, 5.108490935911742E-4, 4.025072476397064, 8.50094597799737E-4, 1.5923871638032547, 7.140594365559931, 6.351053663458603
0.002146573146292584, 0.5438648007800155, 5.124565904111804E-4, 4.042604111047908, 8.577337429802004E-4, 1.6668021429507118, 7.192493637511893, 6.351252390789808
0.0021533066132264525, 0.5455671074971455, 5.140640872311868E-4, 4.060228281932742, 8.654172418205268E-4, 1.7409887050376103, 7.2440729594116915, 6.351451118121014
0.00216004008016032, 0.5472694142142754, 5.156715840511931E-4, 4.077947724068254, 8.731452883122578E-4, 1.814921377731258, 7.295308466733441, 6.3516498454522194
0.0021667735470941875, 0.5489717209314053, 5.172790808711994E-4, 4.095765228516328, 8.809180811130489E-4, 1.8885749363664233, 7.3461766014167065, 6.3518485727834255
0.002173507014028055, 0.5506740276485352, 5.188865776912057E-4, 4.11368364280168, 8.887358236489527E-4, 1.9619244527665327, 7.3966541589381265, 6.352047300114631
0.0021802404809619235, 0.5523763343656652, 5.204940745112121E-4, 4.131705871329784, 8.965987242174965E-4, 2.034945345481004, 7.446718336672097, 6.352246027445837
0.0021869739478957905, 0.554078641082795, 5.221015713312183E-4, 4.149834875804444, 9.045069960915855E-4, 2.1076134314772776, 7.496346783587937, 6.352444754777042
0.0021937074148296585, 0.555780947799925, 5.237090681512247E-4, 4.168073675645697, 9.124608576242003E-4, 2.1799049793011305, 7.545517651289639, 6.352643482108247
0.002200440881763526, 0.5574832545170549, 5.25316564971231E-4, 4.186425348407491, 9.204605323538903E-4, 2.251796763722042, 7.5942096464134785, 6.352842209439453
0.0022071743486973936, 0.5591855612341848, 5.269240617912373E-4, 4.20489303019545, 9.285062491110967E-4, 2.323266121891729, 7.642402084417566, 6.353040936770658
0.002213907815631262, 0.560887867951315, 5.285315586112437E-4, 4.223479916084655, 9.36598242125262E-4, 2.394291010973446, 7.690074944700014, 6.3532396641018645
0.0022206412825651295, 0.5625901746684449, 5.3013905543125E-4, 4.242189260537366, 9.447367511327509E-4, 2.4648500673423137, 7.737208927168304, 6.35343839143307
0.002227374749498997, 0.5642924813855748, 5.317465522512563E-4, 4.261024377820837, 9.529220214855782E-4, 2.53492266731832, 7.783785510204304, 6.353637118764276
0.0022341082164328645, 0.5659947881027046, 5.333540490712626E-4, 4.279988642424971, 9.611543042609509E-4, 2.604488989432726, 7.829787010021225, 6.353835846095481
0.0022408416833667325, 0.5676968922816066, 5.349615458912689E-4, 4.2990806195065385, 9.69431251122967E-4, 2.6735300783078686, 7.875196641509495, 6.354028620347689
0.0022475751503006, 0.5693975786929126, 5.365690427112751E-4, 4.3182744512886675, 9.777373510164605E-4, 2.742027910085125, 7.91999858047753, 6.354179723046915
0.0022543086172344675, 0.5710982651042187, 5.381765395312814E-4, 4.337607680905407, 9.860909979971801E-4, 2.809965459473895, 7.964178027382993, 6.354330825746141
0.002261042084168336, 0.572798951515525, 5.397840363512879E-4, 4.357083927876253, 9.944924659835294E-4, 2.877326768424223, 8.007721272541716, 6.354481928445367
0.002267775551102204, 0.574499637926831, 5.413915331712942E-4, 4.376706874032132, 0.0010029420351785987, 2.9440970164233, 8.050615762813482, 6.354633031144592
0.0022745090180360714, 0.5762003243381371, 5.429990299913005E-4, 4.396480263933238, 0.001011439992184536, 3.010262592435123, 8.09285016978956, 6.354784133843819
0.002281242484969939, 0.5779010107494431, 5.446065268113068E-4, 4.416407905286752, 0.0010199866301177226, 3.0758111685068985, 8.134414459492367, 6.354935236543045
0.0022879759519038065, 0.5796016971607492, 5.462140236313131E-4, 4.436493669364637, 0.001028582248724748, 3.1407317750552703, 8.175299963609767, 6.355086339242271
0.0022947094188376744, 0.5813023835720552, 5.478215204513194E-4, 4.456741491421301, 0.0010372271544992072, 3.205014877845718, 8.215499452271462, 6.3552374419414965
0.002301442885771542, 0.5830030699833613, 5.494290172713257E-4, 4.477155371111486, 0.0010459216607992751, 3.268652456667978, 8.25500720836193, 6.355388544640722
0.00230817635270541, 0.5847037563946674, 5.510365140913321E-4, 4.497739372907898, 0.001054666087966121, 3.3316380857408188, 8.293819103408483, 6.355539647339948
0.0023149098196392774, 0.5864044428059735, 5.526440109113384E-4, 4.518497626519039, 0.001063460763443103, 3.3939670158630837, 8.331932675066838, 6.355690750039175
0.0023216432865731454, 0.5881051292172795, 5.542515077313447E-4, 4.539434327306925, 0.0010723060218957837, 3.4556362582921842, 8.369347206157713, 6.355841852738401
0.002328376753507013, 0.5898058156285856, 5.55859004551351E-4, 4.560553736704897, 0.0010812022053327333, 3.5166446704105265, 8.406063805348092, 6.355992955437626
0.002335110220440881, 0.5915065020398919, 5.574665013713574E-4, 4.581860182635289, 0.0010901496632271697, 3.5769930431796277, 8.442085489444946, 6.356144058136852
0.0023418436873747484, 0.5932071884511979, 5.590739981913637E-4, 4.603358059927242, 0.0010991487526393656, 3.6366841903400253, 8.477417267271079, 6.356295160836078
0.002348577154308616, 0.594907874862504, 5.606814950113699E-4, 4.625051830734456, 0.0011081998383398965, 3.695723039503879, 8.512066225276351, 6.356446263535305
0.0023553106212424843, 0.5966085612738101, 5.622889918313763E-4, 4.646946024952978, 0.0011173032929336704, 3.754116725005505, 8.546041614722016, 6.3565973662345305
0.002362044088176352, 0.5983092476851162, 5.638964886513826E-4, 4.669045240638834, 0.0011264594969847778, 3.811874682608417, 8.579354940568258, 6.356748468933756
0.0023687775551102194, 0.6000099340964222, 5.655039854713889E-4, 4.69135414442594, 0.0011356688391421376, 3.869008746109112, 8.612020052070099, 6.356899571632982
0.002375511022044087, 0.6017106205077283, 5.671114822913952E-4, 4.71387747194375, 0.001144931716265959, 3.9255332457511676, 8.644053235021028, 6.357050674332208
0.002382244488977955, 0.6034118693349344, 5.687189791114015E-4, 4.736646401071702, 0.001154263532287723, 3.981465108560378, 8.675473305738826, 6.357232071364957
0.0023889779559118224, 0.6051142429939408, 5.703264759314078E-4, 4.759692484235373, 0.0011636800429696025, 4.036823960584246, 8.70630170677034, 6.357474057064751
0.00239571142284569, 0.6068166166529472, 5.719339727514141E-4, 4.782968073306613, 0.0011731518465405563, 4.091632231023467, 8.736562604318308, 6.357716042764546
0.0024024448897795583, 0.6085189903119538, 5.735414695714206E-4, 4.806478184158223, 0.0011826793762390164, 4.145915258327537, 8.766282987445116, 6.35795802846434
0.0024091783567134263, 0.6102213639709602, 5.751489663914269E-4, 4.830227903747314, 0.0011922630741596062, 4.199701398192345, 8.795492768996487, 6.358200014164134
0.002415911823647294, 0.6119237376299665, 5.767564632114332E-4, 4.854222390533057, 0.0012019033913844403, 4.253022133559283, 8.824224888340172, 6.3584419998639286
0.0024226452905811613, 0.6136261112889728, 5.783639600314395E-4, 4.87846687489461, 0.0012116007881152113, 4.305912186567524, 8.852515415871306, 6.358683985563723
0.002429378757515029, 0.6153284849479792, 5.799714568514458E-4, 4.902966659548667, 0.001221355733806106, 4.358409632493058, 8.880403659314117, 6.358925971263517
0.002436112224448897, 0.6170308586069856, 5.81578953671452E-4, 4.9277271199673365, 0.0012311687072975022, 4.410556015725421, 8.90793227187417, 6.3591679569633115
0.0024428456913827643, 0.618733232265992, 5.831864504914583E-4, 4.95275370479586, 0.0012410401969504847, 4.462396467707376, 8.935147362151515, 6.359409942663106
0.0024495791583166323, 0.6204356059249985, 5.847939473114647E-4, 4.978051936270351, 0.001250970700782182, 4.513979826983245, 8.962098605983218, 6.3596519283629
0.0024563126252505, 0.6221379795840049, 5.86401444131471E-4, 5.003627410635588, 0.0012609607266018687, 4.565358761210181, 8.988839360032312, 6.359893914062694
0.0024630460921843678, 0.6238403532430112, 5.880089409514773E-4, 5.029485798562771, 0.0012710107921479136, 4.616589891321435, 9.015426777349386, 6.360135899762489
0.0024697795591182353, 0.6255427269020175, 5.896164377714836E-4, 5.055632845567214, 0.0012811214252255172, 4.667733917702564, 9.04192192472919, 6.360377885462284
0.0024765130260521032, 0.627245100561024, 5.9122393459149E-4, 5.082074372426192, 0.0012912931638452444, 4.718855748509634, 9.068389902028184, 6.360619871162077
0.0024832464929859708, 0.6289474742200304, 5.928314314114963E-4, 5.1088162755966025, 0.0013015265563623936, 4.770024630058938, 9.094899963321692, 6.360861856861872
0.002489979959919839, 0.6306498478790369, 5.944389282315027E-4, 5.135864527632826, 0.0013118221616171288, 4.821314279383466, 9.121525640054214, 6.361103842561667
0.0024967134268537067, 0.6323522215380433, 5.96046425051509E-4, 5.1632251776043425, 0.0013221805490754644, 4.87280301885423, 9.148344866011755, 6.36134582826146
0.0025034468937875742, 0.6340545951970497, 5.976539218715153E-4, 5.190904351513659, 0.0013326022989710116, 4.924573913062635, 9.175440104377024, 6.361587813961255
0.0025101803607214417, 0.635756968856056, 5.992614186915216E-4, 5.218908252713913, 0.0013430880024475744, 4.976714907790069, 9.202898476646254, 6.36182979966105
0.0025169138276553093, 0.6374593425150623, 6.008689155115279E-4, 5.247243162326718, 0.0013536382617025016, 5.0293189711766475, 9.230811893521915, 6.362071785360843
0.0025236472945891772, 0.639162841402882, 6.024764123315342E-4, 5.275766384219896, 0.0013641638877441844, 5.082484237114326, 9.259277187835124, 6.36215240025318
0.0025303807615230448, 0.64086729240739, 6.040839091515405E-4, 5.3045061435503555, 0.0013746779478162273, 5.136314150842968, 9.288396249440412, 6.3620964706161285
0.0025371142284569127, 0.642571743411898, 6.056914059715469E-4, 5.3335947407602795, 0.001385256650385565, 5.190917616751734, 9.318276162099243, 6.362040540979077
0.0025438476953907802, 0.6442761944164059, 6.072989027915531E-4, 5.3630387720930734, 0.0013959006360751737, 5.246409148464863, 9.349029342427633, 6.3619846113420255
0.0025505811623246486, 0.6459806454209139, 6.089063996115595E-4, 5.39284491364948, 0.0014066105572897278, 5.302909021158965, 9.380773680855073, 6.361928681704974
0.002557314629258516, 0.6476850964254219, 6.105138964315658E-4, 5.423019921805114, 0.0014173870783638345, 5.360543426147558, 9.413632684622009, 6.361872752067923
0.0025640480961923837, 0.6493895474299298, 6.121213932515721E-4, 5.453570633628388, 0.0014282308757110314, 5.41944462778903, 9.447735622878952, 6.36181682243087
0.002570781563126251, 0.6510939984344377, 6.137288900715784E-4, 5.484503967298114, 0.001439142637973628, 5.47975112266613, 9.483217673820103, 6.361760892793819
0.002577515030060119, 0.6527984494389457, 6.153363868915847E-4, 5.515826922521473, 0.0014501230661733205, 5.541607801071739, 9.520220073904353, 6.361704963156767
0.002584248496993987, 0.6545029004434537, 6.169438837115911E-4, 5.5475465809515185, 0.001461172873862653, 5.605166110910461, 9.558890269255308, 6.361649033519716
0.0025909819639278546, 0.6562073514479616, 6.185513805315974E-4, 5.579670106605132, 0.0014722927872772417, 5.670584223824589, 9.599382069045381, 6.361593103882664
0.002597715430861722, 0.6579118024524696, 6.201588773516037E-4, 5.6122047462807, 0.0014834835454888332, 5.7380272037787465, 9.641855801113513, 6.361537174245613
0.00260444889779559, 0.6596162534569775, 6.2176637417161E-4, 5.645157829975847, 0.0014947459005591494, 5.807667177983201, 9.686478469678002, 6.361481244608561
0.0026111823647294577, 0.6613207044614854, 6.233738709916163E-4, 5.678536771305204, 0.0015060806176945716, 5.879683510223458, 9.733423915218708, 6.36142531497151
0.002617915831663325, 0.6630251554659933, 6.249813678116226E-4, 5.712349067918236, 0.0015174884754015666, 5.9542629765961586, 9.782872976517213, 6.361369385334458
0.002624649298597193, 0.6647296064705014, 6.26588864631629E-4, 5.74660230191688, 0.0015289702656430182, 6.031599943636021, 9.83501365485707, 6.361313455697407
0.0026313827655310615, 0.6664340574750094, 6.281963614516354E-4, 5.781304140273388, 0.001540526793995238, 6.111896548966222, 9.890041280491282, 6.361257526060355
0.002638116232464929, 0.6681385084795173, 6.298038582716417E-4, 5.816462335248062, 0.0015521588798059083, 6.195362884283162, 9.948158681205943, 6.361201596423304
0.0026448496993987966, 0.6698429594840253, 6.314113550916479E-4, 5.8520847248069785, 0.0015638673563527312, 6.282217180896573, 10.00957635317535, 6.3611456667862525
0.002651583166332664, 0.6715474104885332, 6.330188519116542E-4, 5.8881792330398, 0.0015756530710029524, 6.372685997721642, 10.074512634043813, 6.361089737149201
0.002658316633266532, 0.6732518614930411, 6.346263487316605E-4, 5.924753870577462, 0.0015875168853736465, 6.467004411793602, 10.14319387825552, 6.3610338075121495
0.0026650501002003996, 0.6749558048138405, 6.362338455516668E-4, 5.961972697104727, 0.0015995589038561367, 6.565416211225778, 10.215854634577344, 6.361137826290446
0.002671783567134267, 0.6766595789067371, 6.378413423716731E-4, 5.999740848126976, 0.001611715039970183, 6.668174090799161, 10.292737826005881, 6.3612951612071935
0.002678517034068135, 0.6783633529996338, 6.394488391916795E-4, 6.038014741268178, 0.0016239532955154446, 6.775539849988273, 10.374094931845697, 6.36145249612394
0.0026852505010020026, 0.6800671270925304, 6.410563360116858E-4, 6.076802737552505, 0.0016362745958595718, 6.8877845936285755, 10.460186172171246, 6.3616098310406874
0.002691983967935871, 0.6817709011854272, 6.426638328316922E-4, 6.11611328663426, 0.0016486798814339771, 7.005188935097315, 10.551280694535539, 6.361767165957434
0.0026987174348697385, 0.6834746752783237, 6.442713296516985E-4, 6.155954927215589, 0.0016611701078989658, 7.128043202114471, 10.647656763045626, 6.3619245008741805
0.002705450901803606, 0.6851784493712203, 6.458788264717048E-4, 6.1963362874641845, 0.0016737462463096934, 7.256647645132396, 10.74960194974725, 6.362081835790928
0.0027121843687374736, 0.686882223464117, 6.474863232917111E-4, 6.2372660854311945, 0.001686409283282871, 7.391312648382694, 10.857413328417321, 6.362239170707674
0.0027189178356713415, 0.6885859975570136, 6.490938201117174E-4, 6.2787531294687895, 0.001699160221164387, 7.532358943435601, 10.971397670581013, 6.362396505624422
0.0027256513026052095, 0.6902897716499102, 6.507013169317238E-4, 6.320806318648032, 0.001712000078197596, 7.680117825559465, 11.0918716440651, 6.362553840541168
0.002732384769539077, 0.6919935457428068, 6.5230881375173E-4, 6.363434643176653, 0.0017249298886925423, 7.834931372654633, 11.219162013865871, 6.362711175457916
0.0027391182364729445, 0.6936973198357035, 6.539163105717363E-4, 6.406647184816713, 0.0017379507031959028, 7.997152666864582, 11.353605845387664, 6.362868510374662
0.0027458517034068125, 0.6954010939286001, 6.555238073917426E-4, 6.450453117302416, 0.0017510635886617632, 8.167146018894794, 11.49555071015186, 6.363025845291409
0.00275258517034068, 0.6971048680214966, 6.571313042117489E-4, 6.4948617067578525, 0.0017642696286232261, 8.34528719506506, 11.645354893928175, 6.363183180208156
0.0027593186372745476, 0.6988086421143932, 6.587388010317552E-4, 6.539882312114777, 0.0017775699233647645, 8.531963647016205, 11.803387607254427, 6.363340515124903
0.0027660521042084155, 0.70051241620729, 6.603462978517616E-4, 6.5855243855303485, 0.0017909655900954571, 8.727574744207377, 11.970029198469533, 6.36349785004165
0.002772785571142284, 0.7022161903001867, 6.61953794671768E-4, 6.6317974728048625, 0.0018044577631229578, 8.932532009164904, 12.145671369195512, 6.363655184958397
0.0027795190380761514, 0.7039199643930832, 6.635612914917743E-4, 6.678711213799538, 0.0018180475940283176, 9.147259355464582, 12.33071739229108, 6.363812519875144
0.002786252505010019, 0.7056237384859798, 6.651687883117806E-4, 6.726275342854244, 0.0018317362518415915, 9.372193328483613, 12.525582332264223, 6.363969854791891
0.0027929859719438865, 0.7073275125788765, 6.667762851317869E-4, 6.774499689205314, 0.0018455249232182626, 9.60778334903932, 12.730693268295784, 6.364127189708637
0.0027997194388777544, 0.7090312866717731, 6.683837819517932E-4, 6.823394177403237, 0.0018594148126164734, 9.854491959715599, 12.946489519653316, 6.3642845246253845
0.002806452905811622, 0.710726587643164, 6.699912787717995E-4, 6.873080166519152, 0.0018734817384924883, 10.112795074106643, 13.173422873739806, 6.364550173804401
0.0028131863727454895, 0.7124215202179677, 6.715987755918058E-4, 6.923461836219914, 0.001887656331373019, 10.38318222886647, 13.411957816625277, 6.364820532299167
0.0028199198396793575, 0.7141164527927715, 6.732062724118122E-4, 6.974544570740392, 0.0019019366254920868, 10.666156838585275, 13.662571766141937, 6.365090890793934
0.002826653306613225, 0.7158113853675752, 6.748137692318185E-4, 7.026338680178519, 0.0019163239011477252, 10.962236453629677, 13.925755307624353, 6.365361249288702
0.0028333867735470934, 0.717506317942379, 6.764212660518249E-4, 7.0788545720352545, 0.001930819457339564, 11.271953020729775, 14.202012432096975, 6.3656316077834685
0.002840120240480961, 0.7192012505171825, 6.780287628718311E-4, 7.132102751632267, 0.0019454246119508765, 11.595853146587263, 14.491860777182291, 6.365901966278235
0.0028468537074148284, 0.7208961830919862, 6.796362596918374E-4, 7.186093822529699, 0.001960140701931479, 11.934498364351303, 14.795831870575968, 6.366172324773002
0.002853587174348696, 0.7225911156667899, 6.812437565118437E-4, 7.240838486943872, 0.0019749690834813764, 12.28846540305354, 15.114471376169933, 6.366442683267769
0.002860320641282564, 0.7242860482415936, 6.8285125333185E-4, 7.296347546165222, 0.001989911132235225, 12.658346459864225, 15.448339342686173, 6.366713041762536
0.002867054108216432, 0.7259809808163974, 6.844587501518564E-4, 7.352631900975808, 0.002004968243447652, 13.044749475525574, 15.798010455182412, 6.366983400257303
0.0028737875751502994, 0.7276759133912011, 6.860662469718627E-4, 7.409702552067245, 0.002020141832179324, 13.448298412545274, 16.164074289000517, 6.36725375875207
0.002880521042084167, 0.7293708459660048, 6.87673743791869E-4, 7.467570600458373, 0.0020354333334838427, 13.869633536537721, 16.547135566559486, 6.367524117246837
0.002887254509018035, 0.7310657785408085, 6.892812406118753E-4, 7.526247247913076, 0.002050844202595452, 14.309411700471097, 16.947814416723567, 6.367794475741604
0.0028939879759519024, 0.7327607111156121, 6.908887374318816E-4, 7.585743797358006, 0.0020663759151175335, 14.76830663198124, 17.366746636928813, 6.368064834236371
0.00290072144288577, 0.7344556436904158, 6.924962342518879E-4, 7.646071653300304, 0.002082029967211933, 15.247009223714224, 17.804583958019983, 6.368335192731138
0.002907454909819638, 0.7361505762652196, 6.941037310718943E-4, 7.707242322245385, 0.002097807875789076, 15.746227826689045, 18.261994311776597, 6.3686055512259045
0.0029141883767535063, 0.7378455088400234, 6.957112278919007E-4, 7.769267413114761, 0.0021137111786988768, 16.26668854674521, 18.739662101207497, 6.368875909720671
0.002920921843687374, 0.7395404414148271, 6.97318724711907E-4, 7.832158637663632, 0.0021297414349224887, 16.809135544140936, 19.238288473675222, 6.369146268215439
0.0029276553106212413, 0.7412353739896308, 6.989262215319133E-4, 7.895927810898847, 0.0021459002247648275, 17.374331336079074, 19.75859159661517, 6.369416626710206
0.002934388777555109, 0.7429303065644345, 7.005337183519195E-4, 7.9605868514965294, 0.002162189150047922, 17.96305710251224, 20.301306936197275, 6.3696869852049725
0.002941122244488977, 0.744624860975939, 7.021412151719258E-4, 8.026171662335258, 0.0021786266015183676, 18.576112994933766, 20.867187538662535, 6.369979473308752
0.0029478557114228443, 0.7463175245709479, 7.037487119919321E-4, 8.092790291561315, 0.0021952818439718164, 19.214318448436412, 21.457004314572966, 6.370382609457593
0.002954589178356712, 0.7480101881659569, 7.053562088119384E-4, 8.16033585695142, 0.0022120731045975114, 19.87851249682073, 22.071546325795147, 6.370785745606434
0.00296132264529058, 0.7497028517609658, 7.069637056319448E-4, 8.22882069624697, 0.002229002076695335, 20.56955409095309, 22.711621075385768, 6.371188881755275
0.0029680561122244478, 0.7513955153559748, 7.085712024519511E-4, 8.298257252947458, 0.0022460704760624527, 21.288322420196213, 23.378054800209608, 6.371592017904117
0.0029747895791583153, 0.7530881789509837, 7.101786992719574E-4, 8.368658076728344, 0.002263280041191449, 22.035717237176982, 24.07169276657373, 6.371995154052958
0.0029815230460921833, 0.7547808425459928, 7.117861960919638E-4, 8.440035823858544, 0.0022806325334693792, 22.81265918567247, 24.793399568601913, 6.372398290201799
0.002988256513026051, 0.7564735061410016, 7.133936929119701E-4, 8.512403257618459, 0.002298129737377485, 23.620090131764705, 25.54405942957964, 6.37280142635064
0.0029949899799599183, 0.7581661697360106, 7.150011897319764E-4, 8.585773248717565, 0.002315773460691865, 24.45897349817078, 26.324576506091308, 6.373204562499481
0.0030017234468937867, 0.7598588333310196, 7.166086865519828E-4, 8.660158775712212, 0.0023335655346848096, 25.33029460195787, 27.135875195203653, 6.373607698648322
0.0030084569138276542, 0.7615514969260285, 7.182161833719891E-4, 8.735572925423405, 0.0023515078143270425, 26.235060995465997, 27.978900444534126, 6.374010834797164
0.0030151903807615218, 0.7632441605210374, 7.198236801919954E-4, 8.812028893354558, 0.002369602178490717, 27.17430281039857, 28.854618065085578, 6.374413970946005
0.0030219238476953893, 0.7649368241160464, 7.214311770120017E-4, 8.88953998410912, 0.0023878505301532585, 28.14907310542923, 29.764015047293068, 6.374817107094846
0.0030286573146292572, 0.7666294877110552, 7.230386738320079E-4, 8.968119611808618, 0.0024062547966019563, 29.160448217062196, 30.708099879944733, 6.375220243243687
0.0030353907815631248, 0.7683221513060642, 7.246461706520142E-4, 9.047781300510081, 0.0024248169296393965, 30.209528113671748, 31.687902871923264, 6.375623379392528
0.0030421242484969923, 0.770014814901073, 7.262536674720205E-4, 9.128538684624047, 0.002443538905789737, 31.29743675305239, 32.70447647710666, 6.376026515541369
0.0030488577154308603, 0.7717074784960821, 7.278611642920269E-4, 9.210405509332162, 0.002462422726505714, 32.42532244334814, 33.75889562228922, 6.376429651690211
0.0030555911823647286, 0.7734001420910911, 7.294686611120333E-4, 9.293395631005055, 0.0024814704183764667, 33.59435820724106, 34.85225803799406, 6.376832787839052
0.003062324649298596, 0.7750928056861001, 7.310761579320396E-4, 9.377523017619978, 0.002500684033336257, 34.80574214956464, 35.985684592345415, 6.377235923987893
0.0030690581162324637, 0.7767854692811089, 7.326836547520459E-4, 9.462801749178638, 0.002520065648873873, 36.0606978284507, 37.160319628117726, 6.377639060136734
0.0030757915831663312, 0.7784781328761179, 7.342911515720522E-4, 9.549246018124947, 0.002539617368242925, 37.360474629645935, 38.37733130256495, 6.378042196285575
0.003082525050100199, 0.7801661528067362, 7.358986483920585E-4, 9.636982250436631, 0.002559423830125236, 38.706348144525755, 39.63791193060866, 6.378544203138788
0.0030892585170340667, 0.7818464332967037, 7.375061452120648E-4, 9.726100578950863, 0.002579543570367729, 40.099620551462536, 40.94327833098514, 6.379210994499287
0.0030959919839679347, 0.7835267137866712, 7.391136420320712E-4, 9.816429108294429, 0.002599841885400727, 41.54162100059597, 42.294672175420445, 6.379877785859786
0.003102725450901802, 0.7852069942766385, 7.407211388520775E-4, 9.90798248552791, 0.0026203209909389756, 43.03370600211394, 43.693360340957454, 6.380544577220284
0.00310945891783567, 0.786887274766606, 7.423286356720838E-4, 10.000775472243063, 0.002640983129529824, 44.577259818133676, 45.14063526549302, 6.381211368580782
0.0031161923847695377, 0.7885675552565734, 7.4393613249209E-4, 10.094822944980265, 0.0026618305707683844, 46.1736948579734, 46.63781530632345, 6.381878159941281
0.0031229258517034056, 0.7902478357465409, 7.455436293120965E-4, 10.190139895646738, 0.0026828656115133256, 47.824452076980414, 48.18624510188042, 6.38254495130178
0.003129659318637273, 0.7919281162365084, 7.471511261321027E-4, 10.286741431933848, 0.002704090576103711, 49.53100137895353, 49.78729593666618, 6.3832117426622785
0.003136392785571141, 0.7936083967264758, 7.48758622952109E-4, 10.384642777735209, 0.002725507816576418, 51.294842022055256, 51.44236610928801, 6.383878534022777
0.003143126252505009, 0.7952886772164434, 7.503661197721154E-4, 10.483859273564207, 0.0027471197128845232, 53.117503028293584, 53.15288130369898, 6.384545325383276
0.0031498597194388766, 0.7969689577064107, 7.519736165921217E-4, 10.584406376971899, 0.0027689286731164, 55.00054359669161, 54.92029496370846, 6.385212116743775
0.003156593186372744, 0.7986492381963781, 7.53581113412128E-4, 10.686299662964672, 0.002790937133715655, 56.945553519918185, 56.74608867058486, 6.3858789081042735
0.0031633266533066117, 0.8003295186863456, 7.551886102321343E-4, 10.789554824422012, 0.0028131475597019083, 58.95415360464262, 58.63177252399102, 6.386545699464772
0.0031700601202404796, 0.802009799176313, 7.567961070521406E-4, 10.894187672514377, 0.002835562444892293, 61.02799609546085, 60.57888552606505, 6.38721249082527
0.003176793587174347, 0.8036900796662804, 7.584036038721469E-4, 11.000214137120864, 0.002858184312123823, 63.16876510251903, 62.588995968855414, 6.387879282185769
0.0031835270541082147, 0.8053703601562479, 7.600111006921532E-4, 11.10765026724684, 0.0028810157134765667, 65.37817703266667, 64.66370182484141, 6.388546073546268
0.0031902605210420826, 0.8070506406462153, 7.616185975121596E-4, 11.216512231441897, 0.002904059230497611, 67.65798102457767, 66.80463114104332, 6.389212864906766
0.003196993987975951, 0.8087309211361828, 7.63226094332166E-4, 11.326816318217595, 0.002927317474425815, 70.0099593871209, 69.01344243596975, 6.389879656267265
0.0032037274549098185, 0.8104112016261503, 7.648335911521723E-4, 11.43857893646502, 0.0029507930864173804, 72.43592804189488, 71.29182510034803, 6.390546447627764
0.003210460921843686, 0.8120914821161177, 7.664410879721786E-4, 11.55181661587278, 0.0029744887377722816, 74.93773696917397, 73.64149980082956, 6.3912132389882625
0.0032171943887775536, 0.8137717626060852, 7.680485847921849E-4, 11.666546007344635, 0.0029984071301613884, 77.51727065768324, 76.0642188871413, 6.391880030348761
0.0032239278557114216, 0.8154415312200289, 7.696560816121911E-4, 11.78305394787256, 0.003022758852605006, 80.1764485581679, 78.5617668026025, 6.392773517693821
0.003230661322645289, 0.8171037913510988, 7.712635784321974E-4, 11.901281899682914, 0.0030474897923512094, 82.91722554071332, 81.1359604980128, 6.39382893074214
0.003237394789579157, 0.8187660514821687, 7.728710752522038E-4, 12.021054433016161, 0.0030724549455892723, 85.74159235571265, 83.78864984872902, 6.3948843437904594
0.0032441282565130246, 0.8204283116132386, 7.744785720722101E-4, 12.142388689429339, 0.003097657149551016, 88.65157609885215, 86.52171807538228, 6.395939756838779
0.0032508617234468925, 0.8220905717443084, 7.760860688922164E-4, 12.265301933783775, 0.003123099272997979, 91.64924067974381, 89.33708216782384, 6.396995169887098
0.00325759519038076, 0.8237528318753783, 7.776935657122227E-4, 12.389811554662856, 0.003148784216453388, 94.73668729444042, 92.23669331251, 6.398050582935417
0.003264328657314628, 0.8254150920064482, 7.793010625322291E-4, 12.515935064790042, 0.003174714912435001, 97.91605490178675, 95.22253732331848, 6.399105995983736
0.0032710621242484955, 0.8270773521375182, 7.809085593522354E-4, 12.643690101446268, 0.0032008943256887704, 101.18952070360726, 98.29663507579065, 6.400161409032055
0.0032777955911823635, 0.828739612268588, 7.825160561722417E-4, 12.773094426887923, 0.003227325453423243, 104.55930062877188, 101.46104294480737, 6.401216822080373
0.0032845290581162315, 0.830401872399658, 7.841235529922481E-4, 12.904165928764556, 0.0032540113255448457, 108.0276498212126, 104.7178532457942, 6.4022722351286925
0.003291262525050099, 0.8320641325307279, 7.857310498122544E-4, 13.036922620536657, 0.003280955004893945, 111.59686313166205, 108.06919467923593, 6.403327648177012
0.0032979959919839665, 0.8337263926617977, 7.873385466322607E-4, 13.171382641893388, 0.0033081595874816724, 115.26927561355217, 111.51723277890417, 6.404383061225331
0.003304729458917834, 0.8353886527928676, 7.88946043452267E-4, 13.307564259170249, 0.003335628202727623, 119.04726302268462, 115.06417036343719, 6.40543847427365
0.003311462925851702, 0.8370509129239374, 7.905535402722733E-4, 13.445485865767083, 0.0033633640136983313, 122.9332423207489, 118.71224799131129, 6.406493887321969
0.0033181963927855695, 0.8387131730550073, 7.921610370922795E-4, 13.585165982565428, 0.0033913702173465413, 126.92967218311111, 122.46374441969171, 6.407549300370288
0.003324929859719437, 0.8403754331860771, 7.937685339122858E-4, 13.72662325834672, 0.003419650044751279, 131.03905351029044, 126.3209770664903, 6.408604713418606
0.003331663326653305, 0.8420376933171471, 7.953760307322922E-4, 13.869876470209775, 0.003448206761358777, 135.26392994347404, 130.28630247604102, 6.4096601264669255
0.0033383967935871734, 0.843699953448217, 7.969835275522986E-4, 14.014944523988532, 0.0034770436672241396, 139.6068883842682, 134.36211678857683, 6.410715539515245
0.003345130260521041, 0.8453622135792869, 7.985910243723049E-4, 14.161846454670084, 0.0035061640972538395, 144.07055951803812, 138.5508562128336, 6.411770952563564
0.0033518637274549084, 0.8470244737103567, 8.001985211923112E-4, 14.31060142681197, 0.0035355714214491026, 148.6576183418159, 142.85499750281204, 6.412826365611883
0.003358597194388776, 0.8486867338414266, 8.018060180123175E-4, 14.4612287349604, 0.003565269045149904, 153.3707846957051, 147.27705843754296, 6.413881778660202
0.003365330661322644, 0.8503172144170014, 8.034135148323238E-4, 14.614393630268154, 0.003595779274777628, 158.21282379878542, 151.8195983049377, 6.415452886967351
0.0033720641282565115, 0.8519393319516564, 8.050210116523301E-4, 14.769643351669743, 0.003626728476594312, 163.1865467888644, 156.48521838903756, 6.41715970455314
0.0033787975951903794, 0.8535614494863116, 8.066285084723365E-4, 14.926828049443543, 0.003657984247008802, 168.29481126642398, 161.27656246098087, 6.418866522138929
0.003385531062124247, 0.8551835670209667, 8.082360052923428E-4, 15.085967546717967, 0.0036895501579290203, 173.54052184256335, 166.1963172735375, 6.420573339724718
0.003392264529058115, 0.8568056845556217, 8.098435021123491E-4, 15.247081798700933, 0.0037214298178644897, 178.92663069120482, 171.2472130594322, 6.422280157310507
0.0033989979959919824, 0.8584278020902768, 8.114509989323554E-4, 15.41019089309691, 0.0037536268721752725, 184.45613810543688, 176.43202403336718, 6.423986974896295
0.00340573146292585, 0.8600499196249318, 8.130584957523617E-4, 15.575315050525106, 0.0037861450033217746, 190.13209305770908, 181.75356889740254, 6.425693792482084
0.003412464929859718, 0.8616720371595871, 8.146659925723681E-4, 15.742474624937117, 0.003818987931115285, 195.9575937647356, 187.21471135064138, 6.427400610067873
0.003419198396793586, 0.8632941546942421, 8.162734893923743E-4, 15.911690104034534, 0.0038521594129693887, 201.935788255953, 192.81836060193575, 6.429107427653662
0.003425931863727454, 0.8649162722288972, 8.178809862123807E-4, 16.08298210968691, 0.003885663244152137, 208.06987494683582, 198.5674718870526, 6.430814245239451
0.0034326653306613213, 0.8665383897635524, 8.19488483032387E-4, 16.25637139834943, 0.003919503258039053, 214.36310321588795, 204.46504698901248, 6.43252106282524
0.003439398797595189, 0.8681605072982074, 8.210959798523933E-4, 16.431878861480612, 0.003953683326366923, 220.81877398604607, 210.5141347623398, 6.434227880411028
0.003446132264529057, 0.8697826248328625, 8.227034766723996E-4, 16.60952552596015, 0.003988207359488408, 227.4402403104145, 216.71783166126204, 6.435934697996817
0.0034528657314629244, 0.8714047423675175, 8.243109734924059E-4, 16.789332554506743, 0.0040230793066274445, 234.23090796223264, 223.07928227158916, 6.437641515582606
0.003459599198396792, 0.8730268599021727, 8.259184703124122E-4, 16.971321246095414, 0.00405830315613551, 241.194236028972, 229.60167984628941, 6.439348333168395
0.0034663326653306594, 0.8746489774368277, 8.275259671324185E-4, 17.155513036375993, 0.004093882935748538, 248.3337375107841, 236.28826684490673, 6.441055150754184
0.0034730661322645274, 0.8762710949714828, 8.291334639524249E-4, 17.34192949809028, 0.004129822712844865, 255.65297992345884, 243.14233547705993, 6.442761968339973
0.0034797995991983953, 0.8778932125061379, 8.307409607724312E-4, 17.53059234148992, 0.004166126594703817, 263.1555859053718, 250.16722824940638, 6.4444687859257614
0.0034865330661322633, 0.8795153300407931, 8.323484575924376E-4, 17.721523414754415, 0.004202798728765108, 270.84523382897237, 257.3663385166753, 6.44617560351155
0.003493266533066131, 0.8811374475754482, 8.339559544124439E-4, 17.91474470440849, 0.004239843302889183, 278.7256584165201, 264.7431110364833, 6.447882421097339
0.0034999999999999983, 0.8827595651101032, 8.355634512324502E-4, 18.110278335740247, 0.0042772645456181785, 286.8006513603161, 272.30104252814033, 6.449589238683128
