Starting dry volume fraction: 0.001
Maximum dry volume fraction: 0.0046
DryVolFrac increment: 5.641025641E-5
Number of particles: 108
Initial configuration: FCC
Dry microgel radius [nm]: 50.0
Box length [units of dry radius]: 46.09007290166262
Number of monomers: 2916666.666666667
Flory interaction parameter (chi): 0.0
Young's calibration factor: 1.0
x-link fraction: 6.0E-5
DryVolFrac increment: 5.641025641E-5
MC steps: 100000
Equilibration steps: 10000.0
Snapshot interval: 100
Displacement tolerance: 0.1
Particle radius change tolerance: 0.0
Particle radius bin width: 0.001
g(r) bin width: 0.005
phi0, phi, mu/kT, (PV/NkT)_from_dF_FR+dF_pair, (PV/NkT)_from_dF_total, (PV/NkT)_virial_measured, (PV/NkT)_virial+dF_total, (PV/NkT)_einstein, (PV/NkT)_pair_contribution, (PV/NkT)_FR_contribution, <F_total>/V, <F_pair>/V, EntropySolid, <F_reference>/V, <F_FR>/V, <alpha>, zeta, u_Hertz_nn, SpringConstant, LindemannParameter, kT/E
0.0018564, 0.4197644954477373, -3.9707328566203115, 3.5985115773583196, 4.690601916099332, 4.414709980808754, 9.105311896908088, 1.0920903387409948, 3.5985115773583196, 0.0, -0.003838576276249022, 2.69079651015272E-4, 1.5040116181637486, -0.004107655927264294, 0.0, 6.103, 0.4221354157039728, 0.0, 0.00673700606774671, 1.01352767286255, 0.0028571428571428567
0.0019128, 0.4323434813648353, -4.11479701503532, 3.2637173767359346, 4.443253010377859, 4.623074316213522, 9.06632732659138, 1.1795356336419105, 3.2637173767359346, 0.0, -0.0039080528835377295, 3.7424212030645046E-4, 1.504098147095931, -0.00428229500384418, 0.0, 6.103, 0.43496273496563914, 0.0, 0.00625897211117588, 1.062064744143873, 0.0028571428571428567
0.0019692, 0.444896940625094, -3.372000701768145, 4.879566071225256, 5.028855345251917, 4.900290316362463, 9.929145661614381, 0.14928927402668368, 4.879566071225256, 0.0, -0.003949403862900659, 3.7905759414054853E-4, 1.5041614995696224, -0.004328461457041207, 0.0, 6.103, 0.4477900542273055, 0.0, 0.007018256480266987, 1.012733898739854, 0.0028571428571428567
0.0020256, 0.4575141916682139, -1.313169764198833, 2.060109809392478, 6.956037007746677, 5.154244640930419, 12.110281648677097, 4.895927198354207, 2.060109809392478, 0.0, -0.003998874058579673, 5.273847718547162E-4, 1.5042318445261131, -0.004526258830434389, 0.0, 6.103, 0.46061737348897186, 0.0, 0.006332158607401529, 1.0762736217049225, 0.0028571428571428567
0.0020821, 0.4699432629207343, -0.21803353973198794, -0.1734037800653145, 7.798760689008633, 5.385568656565397, 13.18432934557403, 7.97216446907393, -0.1734037800653145, 0.0, -0.003984772663669755, 4.63917742501597E-4, 1.50423765837113, -0.004448690406171352, 0.0, 6.103, 0.4734446927506382, 0.0, 0.008340474599300396, 0.9464104329659533, 0.0028571428571428567
0.0021385, 0.48246425774666996, -2.0055267993955015, 6.229844141708294, 5.838917835600323, 5.758868505196888, 11.59778634079721, -0.39092630610796925, 6.229844141708294, 0.0, -0.004004746555067182, 5.478527292910826E-4, 1.5042881685580365, -0.004552599284358265, 0.0, 6.103, 0.4862720120123046, 0.0, 0.008523802779540658, 0.9445570895385024, 0.0028571428571428567
0.0021949, 0.4949120143921517, 2.4449456346068246, 6.560780243599792, 10.152749481466374, 6.080087984591374, 16.23283746605775, 3.591969237866605, 6.560780243599792, 0.0, -0.004038789348898704, 6.60615326703088E-4, 1.5043521697752023, -0.004699404675601792, 0.0, 6.103, 0.4990993312739709, 0.0, 0.0082350223144531, 0.9693525479972902, 0.0028571428571428567
0.0022513, 0.5073422834101848, 1.9242683413317625, 3.705456140874109, 9.253071550517939, 6.431646643083878, 15.684718193601817, 5.547615409643832, 3.705456140874109, 0.0, -0.003938894600964022, 7.585170790991427E-4, 1.5042840616842552, -0.004697411680063164, 0.0, 6.103, 0.5119266505356372, 0.0, 0.009601791672181075, 0.9053397534155309, 0.0028571428571428567
0.0023077, 0.5197993904816661, -1.3655211359820696, 6.613887073956856, 5.871381403900908, 6.668345066376339, 12.539726470277246, -0.7425056700559528, 6.613887073956856, 0.0, -0.003986961271946015, 7.984300071017621E-4, 1.504355926839596, -0.004785391279047777, 0.0, 6.103, 0.5247539697973036, 0.0, 0.009955245132956838, 0.8964878653889075, 0.0028571428571428567
0.0023641, 0.5322019326026495, 4.7144540913733435, 5.761001619956746, 11.758675509648379, 7.080002797486658, 18.838678307135037, 5.997673889691619, 5.761001619956746, 0.0, -0.003975673429049517, 9.75689296994641E-4, 1.50438570306968, -0.004951362726044158, 0.0, 6.103, 0.53758128905897, 0.0, 0.00938895548269994, 0.9305889511970242, 0.0028571428571428567
0.0024205, 0.5444925617634494, 3.160840704772974, 2.7918263238241514, 9.840688486421312, 7.459800645631348, 17.30048913205266, 7.048862162597152, 2.7918263238241514, 0.0, -0.00385998257350289, 0.0010001585051292066, 1.5043061823321786, -0.004860141078632097, 0.0, 6.103, 0.5504086083206363, 0.0, 0.011979412996331098, 0.8303524168218569, 0.0028571428571428567
0.0024769, 0.5568448697322321, 4.4145706741001165, 7.883747673424251, 10.993965246192309, 7.770593686690983, 18.76455893288329, 3.110217572768058, 7.883747673424251, 0.0, -0.0038905396190899414, 0.0010975016629996442, 1.504370345447605, -0.0049880412820895855, 0.0, 6.103, 0.5632359275823027, 0.0, 0.01177988011741815, 0.8438103180389094, 0.0028571428571428567
0.0025333, 0.5690100341536105, 5.730814440279095, 10.964346621384642, 11.916578808919988, 8.283949229911956, 20.200528038831944, 0.9522321875353433, 10.964346621384642, 0.0, -0.003741080909064552, 0.0012624884063772398, 1.5042746622333216, -0.005003569315441792, 0.0, 6.103, 0.576063246843969, 0.0, 0.01313615380578146, 0.8050838113937183, 0.0028571428571428567
0.0025897, 0.5812203021249129, 4.279070715878586, 8.105572271248379, 10.32217895476026, 8.705887619987873, 19.02806657474813, 2.2166066835118787, 8.105572271248379, 0.0, -0.0037361863589792407, 0.0014490386059350453, 1.5043152037596925, -0.005185224964914286, 0.0, 6.103, 0.5888905661056354, 0.0, 0.012167677900777637, 0.8426738112559992, 0.0028571428571428567
0.0026462, 0.5934598787066049, 7.967955932369708, 7.076003127202843, 13.707545161749524, 9.337240210829183, 23.04478537257871, 6.631542034546669, 7.076003127202843, 0.0, -0.003625828788772916, 0.0015439296226807118, 1.5042742058672047, -0.005169758411453628, 0.0, 6.103, 0.6017178853673016, 0.0, 0.013949316768788408, 0.792695371312795, 0.0028571428571428567
0.0027026, 0.6056094045057667, 18.602442182203568, -2.631011539951491, 24.0606483114712, 9.731657749997279, 33.79230606146848, 26.691659851422703, -2.631011539951491, 0.0, -0.0035215781235536725, 0.0017054495184889126, 1.50421606928486, -0.005227027642042585, 0.0, 6.103, 0.614545204628968, 0.0, 0.014739210863542865, 0.7766034444149026, 0.0028571428571428567
0.002759, 0.6174962556079727, 24.011690782918315, -7.473753120009847, 28.75588095829582, 10.105160041968489, 38.86104100026431, 36.229634078305665, -7.473753120009847, 0.0, -0.0031247922211495366, 0.0015442614216534447, 1.5038639772703288, -0.004669053642802981, 0.0, 6.103, 0.6273725238906344, 0.0, 0.029133313749090523, 0.5562013503750958, 0.0028571428571428567
0.0028154, 0.629529033887699, 32.179935973395416, -23.40699020105895, 36.45719905700511, 10.402107159300797, 46.85930621630591, 59.864189258064066, -23.40699020105895, 0.0, -0.0028748493223096725, 0.0015673003354093147, 1.5036549590270378, -0.004442149657718987, 0.0, 6.103, 0.6401998431523007, 0.0, 0.04022526079373955, 0.4765490088507222, 0.0028571428571428567
0.0028718, 0.6438096978180586, 24.93436510036822, 3.2301172616380693, 28.227964605619484, 10.116217328026599, 38.344181933646084, 24.99784734398142, 3.2301172616380693, 0.0, -0.0022580606109379006, 9.766257800610627E-4, 1.503009621126054, -0.0032346863909989633, 0.0, 6.103, 0.6530271624139671, 0.0, 0.14357194565550108, 0.25391836097962567, 0.0028571428571428567
0.0029282, 0.6557833967183632, 8.057033992130313, -19.47736246689431, 11.208805271807053, 11.07982692096904, 22.28863219277609, 30.686167738701368, -19.47736246689431, 0.0, -0.0022032692908604467, 0.001692667475514778, 1.5030659644618969, -0.0038959367663752246, 0.0, 6.103, 0.6658544816756334, 0.0, 0.080751043838088, 0.3407774537624408, 0.0028571428571428567
0.0029846, 0.6688201618860743, 9.459536013495086, -49.519971189267196, 12.324073771423828, 10.507160353319007, 22.831234124742835, 61.844044960691015, -49.519971189267196, 0.0, -0.002041053154760785, 5.172407954823351E-4, 1.502836922985997, -0.00255829395024312, 0.0, 6.103, 0.6786818009372998, 0.0, 0.306549861818924, 0.1760178272916171, 0.0028571428571428567
0.003041, 0.6811297517390844, 7.942842033014306, -7.154480050059102, 10.626740192203634, 10.697820713615156, 21.324560905818792, 17.781220242262723, -7.154480050059102, 0.0, -0.0019484869666317741, 3.784529152059556E-4, 1.5027629374647775, -0.0023269398818377297, 0.0, 6.103, 0.6915091201989662, 0.0, 0.39722964821144946, 0.15559547400388796, 0.0028571428571428567
0.0030974, 0.6932543801689476, 8.841221903273064, -0.37981856129631003, 11.312113377426773, 11.059313472320301, 22.371426849747074, 11.691931938723085, -0.37981856129631003, 0.0, -0.0018271213349267518, 3.3858306075543437E-4, 1.5026777078647393, -0.0021657043956821863, 0.0, 6.103, 0.7043364394606325, 0.0, 0.4783778897923898, 0.1426569671742806, 0.0028571428571428567
0.0031538, 0.705225211832691, 9.285951934661968, 0.577807746690086, 11.557569376170788, 11.69680729984976, 23.25437667602055, 10.979761629480706, 0.577807746690086, 0.0, -0.0017103582611303846, 3.805554105411384E-4, 1.502635121061917, -0.002090913671671523, 0.0, 6.103, 0.7171637587222989, 0.0, 0.5297362211947381, 0.13638337307318366, 0.0028571428571428567
0.0032103, 0.7170550193747955, 10.31725221721246, 2.174837230886316, 12.374963891057405, 12.235400704035825, 24.61036459509323, 10.200126660171081, 2.174837230886316, 0.0, -0.0015770143092530085, 3.6775904887281313E-4, 1.5025635193991227, -0.0019447733581258217, 0.0, 6.103, 0.7299910779839652, 0.0, 0.6222966557739831, 0.12657820545161277, 0.0028571428571428567
0.0032667, 0.7290326564735318, 11.064068920195522, 3.8175759620047, 12.900905933931698, 13.036772090044362, 25.937678023976062, 9.083329971927002, 3.8175759620047, 0.0, -0.0014324742829093864, 4.5205672769462255E-4, 1.502512271599796, -0.001884531010604009, 0.0, 6.103, 0.7428183972456315, 9.405041017178888E-6, 0.6750416767281325, 0.12224020627484335, 0.0028571428571428567
0.0033231, 0.7406256703802745, 12.103686013859447, 1.9036748494341442, 13.71590513667325, 13.739480573951319, 27.45538571062457, 11.81223028723911, 1.9036748494341442, 0.0, -0.0012790156345936893, 4.8619394364518684E-4, 1.5024375546168058, -0.001765209578238876, 0.0, 6.103, 0.7556457165072978, 0.0012491169918131808, 0.7677611701294169, 0.11527757185009573, 0.0028571428571428567
0.0033795, 0.752124870554932, 13.388323846566763, 3.647254551924633, 14.759771624177962, 14.53362494217553, 29.293396566353493, 11.112517072253322, 3.647254551924633, 0.0, -0.0011064746514321349, 5.198367258254182E-4, 1.502356961707231, -0.001626311377257553, 0.0, 6.103, 0.7684730357689642, 0.005731075357272145, 0.8837837103420043, 0.10804923556277515, 0.0028571428571428567
0.0034359, 0.7635538992164675, 14.44987484971297, 5.7318803351914065, 15.569538830249773, 15.496141130880106, 31.06567996112988, 9.837658495058365, 5.7318803351914065, 0.0, -9.184156789205871E-4, 6.017829671436022E-4, 1.502286559380766, -0.0015201986460641893, 0.0, 6.103, 0.7813003550306306, 0.014416524964137938, 0.9857746392585814, 0.10287322079268792, 0.0028571428571428567
0.0034923, 0.7747371146957592, 15.66919884323959, 6.597753092313616, 16.529531939793053, 16.54761011625196, 33.07714205604501, 9.931778847479437, 6.597753092313616, 0.0, -7.172829729215677E-4, 6.939787323844861E-4, 1.5022128734227933, -0.0014112617053060538, 0.0, 6.103, 0.7941276742922969, 0.027879961625579576, 1.0981614787933154, 0.09799761161431564, 0.0028571428571428567
0.0035487, 0.7857850387984858, 17.128957529752714, 8.384681290562455, 17.71487153612445, 17.654404320893406, 35.369275857017854, 9.33019024556199, 8.384681290562455, 0.0, -4.96382833505501E-4, 8.019055614432043E-4, 1.5021290944309622, -0.0012982883949487053, 0.0, 6.103, 0.8069549935539633, 0.04648921987616288, 1.2230824225389658, 0.09335560385601449, 0.0028571428571428567
0.0036051, 0.7963931499680141, 18.79001849434394, 8.86975543820234, 19.087386592635895, 19.007954520169445, 38.09534111280534, 10.217631154433557, 8.86975543820234, 0.0, -2.55933113391601E-4, 9.453051199831212E-4, 1.502071264927363, -0.0012012382333747222, 0.0, 6.103, 0.8197823128156296, 0.07047844342284158, 1.3408297839880636, 0.0896322931394285, 0.0028571428571428567
0.0036615, 0.8068187602491101, 20.334292582055333, 12.36136198118277, 20.323189060395148, 20.34728705701842, 40.67047611741357, 7.961827079212377, 12.36136198118277, 0.0, 9.705898273624364E-6, 0.001070385592735392, 1.501981099457695, -0.0010606796944617677, 0.0, 6.103, 0.832609632077296, 0.09998806113801384, 1.5156765512121897, 0.08474141172703696, 0.0028571428571428567
0.0037179, 0.8169497741028617, 22.157555477134537, 14.863348630939427, 21.82885938926561, 22.010280475944963, 43.83913986521057, 6.965510758326183, 14.863348630939427, 0.0, 2.9174896300315E-4, 0.0013112260423450745, 1.5019424272962048, -0.0010194770793419245, 0.0, 6.103, 0.8454369513389624, 0.13508988676466255, 1.583109918732713, 0.08334061301392894, 0.0028571428571428567
0.0037744, 0.826747040017159, 24.45313997925082, 14.957278720576713, 23.78005012196648, 23.644410897883844, 47.42446101985033, 8.822771401389762, 14.957278720576713, 0.0, 6.064955796741036E-4, 0.0015105026664632031, 1.5018697679528048, -9.040070867890995E-4, 0.0, 6.103, 0.8582642706006287, 0.1758041806667015, 1.7455671887693387, 0.07976711346471477, 0.0028571428571428567
0.0038308, 0.8361156530899309, 26.492685383464455, 18.768302349866467, 25.453496972156067, 25.418967606478464, 50.872464578634535, 6.685194622289601, 18.768302349866467, 0.0, 9.503677186920635E-4, 0.0017592349877171083, 1.5017992808703804, -8.088672690250449E-4, 0.0, 6.103, 0.8710915898622951, 0.22211186012442638, 1.8906691386424537, 0.07702505013376006, 0.0028571428571428567
0.0038872, 0.8452206235468851, 28.758110166184654, 21.872947082743963, 27.3356389084059, 27.379949052425893, 54.7155879608318, 5.462691825661937, 21.872947082743963, 0.0, 0.0013200472747496987, 0.002067817969681626, 1.5017595193608504, -7.477706949319271E-4, 0.0, 6.103, 0.8839189091239614, 0.27396355368151726, 1.9932732401135071, 0.0753828478472509, 0.0028571428571428567
0.0039436, 0.8540530018653829, 31.202229411084964, 23.531273004371766, 29.370041937870194, 29.3983692985779, 58.768411236448095, 5.838768933498419, 23.531273004371766, 0.0, 0.001724936168784317, 0.002408374876234451, 1.501713244057276, -6.834387074501339E-4, 0.0, 6.103, 0.8967462283856277, 0.3312864891903617, 2.103125856615105, 0.07374100268233064, 0.0028571428571428567
0.004, 0.862332918182196, 33.83675488420002, 26.789320759550666, 31.57434172979127, 31.503276327910868, 63.07761805770214, 4.785020970240615, 26.789320759550666, 0.0, 0.002160445421036285, 0.002770507431577856, 1.501665685332918, -6.100620105415714E-4, 0.0, 6.103, 0.909573547647294, 0.39398983409119875, 2.229841252261765, 0.07195496806107872, 0.0028571428571428567
0.0040564, 0.8704051982491564, 36.61483819547597, 30.167353064490587, 33.892511047115484, 33.72249119158521, 67.6150022387007, 3.725157982624899, 30.167353064490587, 0.0, 0.002636292396135589, 0.0032080586401553863, 1.5016346570586248, -5.717662440197975E-4, 0.0, 6.103, 0.9224008669089604, 0.46196889533735697, 2.30350386984663, 0.07112635910126269, 0.0028571428571428567
0.0041128, 0.8781081514986934, 39.17689252047725, 32.75626181585789, 35.97214351706354, 35.986755924694776, 71.95889944175832, 3.2158817012056597, 32.75626181585789, 0.0, 0.003146626303839791, 0.0036722577062531197, 1.5016019840527437, -5.256314024133287E-4, 0.0, 6.103, 0.9352281861706268, 0.535108458637488, 2.390283468135625, 0.070145472056306, 0.0028571428571428567
0.0041692, 0.885370046980661, 41.86854180355735, 35.04685779265061, 38.159744251525275, 38.323640798427505, 76.48338504995277, 3.1128864588746685, 35.04685779265061, 0.0, 0.003691479428373138, 0.004191048209524474, 1.5015924408481238, -4.995687811513365E-4, 0.0, 6.103, 0.9480555054322931, 0.6132854654755049, 2.4444515392559008, 0.06967960647710914, 0.0028571428571428567
0.0042256, 0.8922663642297209, 45.02989462101154, 36.66102547526907, 40.7928598874989, 40.67580877912142, 81.46866866662032, 4.131834412229828, 36.66102547526907, 0.0, 0.004274309984895341, 0.0047296176392600895, 1.5015632944915889, -4.5530765436474827E-4, 0.0, 6.103, 0.9608828246939595, 0.6963711726056268, 2.528861254461675, 0.06881442087941457, 0.0028571428571428567
0.0042821, 0.898920266896375, 47.88029879911232, 39.68111547568754, 43.08280168358826, 43.05883362912674, 86.141635312715, 3.4016862079006933, 39.68111547568754, 0.0, 0.004904310712586894, 0.005304749295630458, 1.5015267596825415, -4.0043858304356344E-4, 0.0, 6.103, 0.9737101439556258, 0.7842329019093682, 2.6321591533659365, 0.06774942950656931, 0.0028571428571428567
0.0043385, 0.9051467998206337, 50.73193496084512, 43.956806055448254, 45.359969010498695, 45.48582065065759, 90.84578966115629, 1.4031629550504523, 43.956806055448254, 0.0, 0.005563913808528746, 0.005938151218635826, 1.5015193678244436, -3.7423741010708016E-4, 0.0, 6.103, 0.9865374632172922, 0.8767354625727455, 2.6863210830013378, 0.06735616995532667, 0.0028571428571428567
0.0043949, 0.9110820522564217, 53.95391571707837, 46.45835055816477, 47.97723816678746, 47.91871338018154, 95.895951546969, 1.5188876086227017, 46.45835055816477, 0.0, 0.00627072025778046, 0.006643098113348568, 1.5015117672833833, -3.7237785556810786E-4, 0.0, 6.103, 0.9993647824789585, 0.9737423088349495, 2.697716075977477, 0.06750382425479445, 0.0028571428571428567
0.0044513, 0.9167456423455361, 56.946440933908484, 49.00623388030528, 50.343135242932874, 50.37804196198031, 100.72117720491318, 1.3369013626275847, 49.00623388030528, 0.0, 0.007017103904536014, 0.007359991018766095, 1.501505984357018, -3.428871142300815E-4, 0.0, 6.103, 1.0121921017406248, 1.0751164827810762, 2.7566788183906157, 0.067062496059996, 0.0028571428571428567
0.0045077, 0.9219645826047917, 60.183252455990576, 52.68288200806027, 52.930881169138196, 52.825995659035875, 105.75687682817407, 0.2479991610779082, 52.68288200806027, 0.0, 0.007804510768963396, 0.008149571326171402, 1.5015050739453983, -3.4506055720800565E-4, 0.0, 6.103, 1.0250194210022912, 1.1807213813215218, 2.760208551392736, 0.0673015241884507, 0.0028571428571428567
0.0015263, 0.3457732169256438, -7.370218360859523, 0.11703726606724796, 2.153556514998889, 3.293775152303319, 5.447331667302208, 2.036519248931638, 0.11703726606724796, 0.0, -0.003470283126562475, 5.888618723478354E-5, 1.5035639112390977, -0.0035291693137972585, 0.0, 6.103, 0.3470741168654454, 0.0, 0.005095239943001226, 1.091801213251758, 0.0028571428571428567
0.0015526, 0.35169446554717726, -3.3156246579122213, 1.1470091352133345, 6.1451041226294025, 3.369263028454515, 9.514367151083917, 4.9980949874160405, 1.1470091352133345, 0.0, -0.0035067467087921437, 8.263468258719266E-5, 1.503605630495768, -0.0035893813913793365, 0.0, 6.103, 0.35305815336230223, 0.0, 0.005100579887981654, 1.097465277169944, 0.0028571428571428567
0.0015789, 0.35761274166646095, -1.2805887170285433, 0.02102984061252844, 8.036247818259186, 3.3792520073099306, 11.415499825569118, 8.015217977646662, 0.02102984061252844, 0.0, -0.003511943499220651, 7.609937662179002E-5, 1.5036125233992053, -0.003588042875842441, 0.0, 6.103, 0.35904218985915903, 0.0, 0.005698715533024421, 1.0441073567804526, 0.0028571428571428567
0.0016053, 0.3635315577888835, -9.004154465846288, 3.7195105529540062, 0.1883730011726166, 3.5427803639275193, 3.731153365100136, -3.5311375517813848, 3.7195105529540062, 0.0, -0.0035228371317674806, 8.54355655599417E-5, 1.503633113540684, -0.0036082726973274224, 0.0, 6.103, 0.3650262263560158, 0.0, 0.006108119545366218, 1.0140812257875176, 0.0028571428571428567
0.0016316, 0.3693788809554901, -9.118062323414442, 2.9553864778892516, 0.18868769350550488, 3.567428068150929, 3.756115761656434, -2.7666987843837556, 2.9553864778892516, 0.0, -0.003625079474857633, 1.2563568667658416E-4, 1.5037376789273225, -0.0037507151615342174, 0.0, 6.103, 0.3710102628528726, 0.0, 0.005289002614980865, 1.095704807700441, 0.0028571428571428567
0.0016579, 0.3753111673672504, -3.2826852116294583, 4.59125277238514, 5.907478282576903, 3.6784767418248467, 9.58595502440175, 1.316225510191767, 4.59125277238514, 0.0, -0.0036374043441349713, 1.2662235859080124E-4, 1.5037574279227133, -0.0037640267027257727, 0.0, 6.103, 0.3769942993497294, 0.0, 0.005730188203031509, 1.0583085423784968, 0.0028571428571428567
0.0016842, 0.3811994603369546, -3.2173485240133926, 3.575854660953215, 5.901149467764701, 3.7870284748604326, 9.688177942625133, 2.3252948068114936, 3.575854660953215, 0.0, -0.00366632596785545, 1.8734391042906357E-4, 1.5037932267980765, -0.003853669878284514, 0.0, 6.103, 0.3829783358465862, 0.0, 0.005450003979652753, 1.0908829230017243, 0.0028571428571428567
0.0017105, 0.38713568788500285, -5.523253982451096, 1.0039737331566632, 3.4831305896180433, 3.8722762321200253, 7.355406821738068, 2.4791568564613833, 1.0039737331566632, 0.0, -0.003677829890543481, 1.7740698302697066E-4, 1.50381107142361, -0.003855236873570452, 0.0, 6.103, 0.38896237234344294, 0.0, 0.006002393368352661, 1.0448616443149255, 0.0028571428571428567
0.0017368, 0.3931197128114679, -6.248642745449939, 0.9408609778880803, 2.760908458179899, 4.01364540843166, 6.7745538666115594, 1.820047480291838, 0.9408609778880803, 0.0, -0.003735724902576715, 2.0541738017216561E-4, 1.5038777870360338, -0.003941142282748881, 0.0, 6.103, 0.39494640884029975, 0.0, 0.005748305451858079, 1.0731521204714756, 0.0028571428571428567
0.0017632, 0.3989458528875723, 0.18300335720325225, 1.46406968900404, 9.107067277741324, 4.065859547107548, 13.172926824848872, 7.64299758873729, 1.46406968900404, 0.0, -0.0037563432363656737, 1.954535422833073E-4, 1.503902627253922, -0.003951796778648981, 0.0, 6.103, 0.40093044533715655, 0.0, 0.006216701866548055, 1.0371179293661337, 0.0028571428571428567
0.0017895, 0.40479887876528337, -3.6902256222517966, 4.9889537258859535, 5.0489563296205615, 4.11236196867765, 9.161318298298212, 0.060002603734598065, 4.9889537258859535, 0.0, -0.0037334254902953545, 2.2964765069079975E-4, 1.5038841993704597, -0.003963073140986154, 0.0, 6.103, 0.4069144818340133, 0.0, 0.006701216655917582, 1.0038666723558554, 0.0028571428571428567
0.0018158, 0.4106339988467193, -6.392677224923057, 0.965453739714107, 2.379681237711219, 4.312856747456971, 6.69253798516819, 1.4142274979971228, 0.965453739714107, 0.0, -0.00380271041916753, 2.64893409651495E-4, 1.5039665591889584, -0.004067603828819025, 0.0, 6.103, 0.4128985183308701, 0.0, 0.006236409324409379, 1.0456803630134688, 0.0028571428571428567
0.0018421, 0.416567922508892, -6.787525045148114, 0.2513176638443599, 1.8846139145333354, 4.360557934736773, 6.2451718492701085, 1.6332962506889757, 0.2513176638443599, 0.0, -0.003813748609752858, 2.494565154017677E-4, 1.5039822408447074, -0.004063205125154626, 0.0, 6.103, 0.4188825548277269, 0.0, 0.006870567227943446, 1.001043488133421, 0.0028571428571428567
0.0018684, 0.4224503738020253, -3.7845057139358285, 6.373085492398797, 4.931941948212163, 4.447459899650761, 9.379401847862924, -1.4411435441866334, 6.373085492398797, 0.0, -0.0038879947477578557, 2.75178510910704E-4, 1.5040635818107777, -0.00416317325866856, 0.0, 6.103, 0.4248665913245837, 0.0, 0.006448940917068473, 1.0381461048012954, 0.0028571428571428567
0.0018947, 0.4283319254603981, -0.2628375822793689, 7.550178679678437, 8.273533787257527, 4.526709636524103, 12.80024342378163, 0.7233551075791025, 7.550178679678437, 0.0, -0.003861300409077707, 3.3728497475474467E-4, 1.5040441871790398, -0.004198585383832451, 0.0, 6.103, 0.43085062782144046, 0.0, 0.006675053065872411, 1.0251797813799803, 0.0028571428571428567
0.0019211, 0.43421509082916876, -7.89377975188404, -1.4890397544077045, 0.5910621546764303, 4.711418975198768, 5.302481129875199, 2.0801019090841133, -1.4890397544077045, 0.0, -0.003891297266213979, 3.7941450571747306E-4, 1.5040863558566737, -0.004270711771931452, 0.0, 6.103, 0.43683466431829726, 0.0, 0.00654057321813386, 1.040438168188526, 0.0028571428571428567
0.0019474, 0.44003548881272464, -4.093873588015227, 6.7466091558377626, 4.425130440505898, 4.752383932434873, 9.17751437294077, -2.3214787153319087, 6.7466091558377626, 0.0, -0.003960484677526273, 3.289703108231167E-4, 1.5041603192665391, -0.00428945498834939, 0.0, 6.103, 0.44281870081515406, 0.0, 0.006927425829629986, 1.015565313591023, 0.0028571428571428567
0.0019737, 0.44586390617402083, 0.2994326929169253, 9.596025580311982, 8.667182110995313, 4.8265135708132725, 13.493695681808585, -0.9288434693166653, 9.596025580311982, 0.0, -0.003942736230779881, 4.730758212069275E-4, 1.504149297360817, -0.004415812051986809, 0.0, 6.103, 0.4488027373120108, 0.0, 0.006282290141837842, 1.0712183109844458, 0.0028571428571428567
0.0010172, 0.23088481165517577, -9.85204764697975, -2.1216941045908335, 0.6318599292671353, 2.121545093769808, 2.7534050230369433, 2.7535540338579496, -2.1216941045908335, 0.0, -0.0025460011320771773, -9.674421434437406E-5, 1.5025759309477211, -0.0024492569177328033, 0.0, 6.103, 0.23131396254873457, 0.0, 0.0039023245964550763, 1.0897429570085337, 0.0028571428571428567
0.0010345, 0.23477157961405568, -8.232396288716245, 0.6501434996026133, 2.2277499420863194, 2.1628031685057074, 4.390553110592027, 1.5776064424837144, 0.6501434996026133, 0.0, -0.002583285483251135, -1.1114087276646845E-4, 1.5026150842121464, -0.0024721446104846666, 0.0, 6.103, 0.2352345381850767, 0.0, 0.004105038320033543, 1.0684648471691882, 0.0028571428571428567
0.0010517, 0.2386896348609964, -4.328291816370783, 0.062127828305730486, 6.0817957176633906, 2.236315284873225, 8.318111002536615, 6.019667889357674, 0.062127828305730486, 0.0, -0.0026137714715330925, -9.509682984393902E-5, 1.5026479602434721, -0.0025186746416891535, 0.0, 6.103, 0.23915511382141885, 0.0, 0.0040464260890728425, 1.0821211903680739, 0.0028571428571428567
0.001069, 0.2425759225307958, -6.686390184938624, 0.7125066508725152, 3.5759542905633936, 2.305166014326451, 5.881120304889844, 2.8634476396908495, 0.7125066508725152, 0.0, -0.0026189166403738505, -1.1374735587349847E-4, 1.5026559057171736, -0.002505169284500352, 0.0, 6.103, 0.24307568945776098, 0.0, 0.004674935112780262, 1.0122268788684468, 0.0028571428571428567
0.0010862, 0.2464803472811558, -10.76490570013628, 5.034816751183616, -0.4730307803569314, 2.2328591546250802, 1.7598283742681489, -5.507847531540546, 5.034816751183616, 0.0, -0.00266881485339617, -9.290063617421415E-5, 1.5027039389768213, -0.002575914217221956, 0.0, 6.103, 0.2469962650941031, 0.0, 0.004320573856824399, 1.0585496406309964, 0.0028571428571428567
0.0011034, 0.250369229438829, -11.85216634488398, 1.0948249901724696, -1.5741168311124254, 2.311467909188156, 0.7373510780757304, -2.6689418212848532, 1.0948249901724696, 0.0, -0.002707534982825258, -7.52492044791716E-5, 1.502745520401284, -0.002632285778346086, 0.0, 6.103, 0.25091684073044523, 0.0, 0.004152614010397386, 1.085427877403122, 0.0028571428571428567
0.0011207, 0.2542701207133963, -6.938013882620454, 1.2009261223728316, 3.401870004084336, 2.389229272104396, 5.791099276188732, 2.200943881711497, 1.2009261223728316, 0.0, -0.0027663836909874438, -8.623940783123188E-5, 1.5028076195072613, -0.0026801442831562118, 0.0, 6.103, 0.25483741636678736, 0.0, 0.0040825318183425035, 1.1003768011384363, 0.0028571428571428567
0.0011379, 0.2581942004964951, -5.729663474649201, 1.7928155235595982, 4.447172838180158, 2.3747840922102936, 6.821956930390452, 2.654357314620547, 1.7928155235595982, 0.0, -0.0027646497692720073, -6.801651806525786E-5, 1.5028060769634648, -0.0026966332512067493, 0.0, 6.103, 0.25875799200312954, 0.0, 0.004340165595258148, 1.0726628945990366, 0.0028571428571428567
0.0011552, 0.26207974814076695, -11.746843564332277, 0.6441847752744306, -1.544578197387957, 2.409287547855823, 0.8647093504678658, -2.188762972662421, 0.6441847752744306, 0.0, -0.00281355115293013, -7.354178413126717E-5, 1.5028564478530582, -0.002740009368798863, 0.0, 6.103, 0.26267856763947167, 0.0, 0.0043131771332822885, 1.081420794926899, 0.0028571428571428567
0.0011724, 0.2659831938563342, -6.480295862062995, 3.881361446207498, 3.7427171346333106, 2.4480825835510953, 6.190799718184406, -0.13864431157418602, 3.881361446207498, 0.0, -0.0028613515737006268, -6.490876806997955E-5, 1.5029063893282577, -0.0027964428056306474, 0.0, 6.103, 0.2665991432758138, 0.0, 0.004154648313237209, 1.1073143633154237, 0.0028571428571428567
0.0011897, 0.2698530075866038, -5.67528663226214, 3.4888816699696594, 4.4190955606294615, 2.480325914296379, 6.899421474925841, 0.9302138906598179, 3.4888816699696594, 0.0, -0.002866897934953819, -4.349890726516738E-5, 1.5029131086004077, -0.0028233990276886516, 0.0, 6.103, 0.2705197189121559, 0.0, 0.004296087057970201, 1.0942458867275968, 0.0028571428571428567
0.0012069, 0.2737315031721918, -9.778635556878875, -1.858057458272519, 0.3144424008357536, 2.5492656261460036, 2.863708026981757, 2.1724998591082576, -1.858057458272519, 0.0, -0.0029080713971990652, -3.7448600946498575E-5, 1.50295702808837, -0.0028706227962525667, 0.0, 6.103, 0.27444029454849805, 0.0, 0.004232912147327035, 1.10768127756007, 0.0028571428571428567
0.0012241, 0.27766517060167184, -8.295408592777983, -0.7200067493770683, 1.7900793286767862, 2.4965315427093104, 4.286610871386097, 2.510086078053847, -0.7200067493770683, 0.0, -0.0029473971514472836, -5.9864679138412474E-5, 1.5029957441887931, -0.002887532472308871, 0.0, 6.103, 0.2783608701848402, 0.0, 0.004474037401515548, 1.0825253462069742, 0.0028571428571428567
0.0012414, 0.2815365180855453, -7.39496668963468, 1.0494245980285173, 2.648176007943625, 2.605030297533687, 5.253206305477312, 1.5987514099151383, 1.0494245980285173, 0.0, -0.0029763604635342994, -4.506213510286802E-5, 1.503028842617861, -0.0029312983284314315, 0.0, 6.103, 0.2822814458211823, 0.0, 0.004442305757650606, 1.0914613746322341, 0.0028571428571428567
0.0012586, 0.28544448030134295, -8.40159392171731, 1.361050124429219, 1.6101810892778077, 2.597204408666997, 4.207385497944805, 0.24913096484861177, 1.361050124429219, 0.0, -0.003008273642962718, -5.247738206993111E-5, 1.5030615175854392, -0.0029557962608927867, 0.0, 6.103, 0.2862020214575245, 0.0, 0.004606182253069225, 1.0768093646435972, 0.0028571428571428567
0.0012759, 0.2893818632826923, -10.850745120317951, 3.467445505650174, -0.8519686058703284, 2.6373079731367026, 1.7853393672663742, -4.319414111520497, 3.467445505650174, 0.0, -0.0030455236636618196, -3.529549978268331E-5, 1.5031008336001088, -0.003010228163879136, 0.0, 6.103, 0.2901225970938666, 0.0, 0.00446609776028739, 1.0985375080376087, 0.0028571428571428567
0.0012931, 0.29320535342094173, -8.971856284382435, -0.9895869852119561, 1.0622912628609484, 2.645044409112428, 3.707335671973376, 2.051878248072889, -0.9895869852119561, 0.0, -0.0030975986285882865, -2.4886775249149424E-5, 1.5031537634837946, -0.003072711853339137, 0.0, 6.103, 0.29404317273020875, 0.0, 0.004258437891674606, 1.1300483486408568, 0.0028571428571428567
0.0013103, 0.29713230955303754, -5.019038889387131, 5.112354296527404, 4.952713408480242, 2.660001279291694, 7.612714687771936, -0.1596408880472078, 5.112354296527404, 0.0, -0.0031193813503691123, -4.41055778284817E-5, 1.5031769929007885, -0.0030752757725406306, 0.0, 6.103, 0.2979637483665509, 0.0, 0.004624796708131466, 1.0891640623863592, 0.0028571428571428567
0.0013276, 0.30100609260815286, -10.478712287660661, 5.75607566924187, -0.5748273029570383, 2.796915446818071, 2.2220881438610327, -6.330902972198917, 5.75607566924187, 0.0, -0.0031389161207676197, 1.6038230466316314E-5, 1.5032020852610675, -0.003154954351233936, 0.0, 6.103, 0.301884324002893, 0.0, 0.004254996889587875, 1.1404661008948132, 0.0028571428571428567
0.0013448, 0.3048735775097823, -6.107103778628087, 0.18909117929388544, 3.8776474933363576, 2.8581764970464913, 6.735823990382849, 3.6885563140424944, 0.18909117929388544, 0.0, -0.0032056437050821617, 3.695890735489352E-6, 1.5032725010301018, -0.003209339595817651, 0.0, 6.103, 0.30580489963923513, 0.0, 0.004136722509439547, 1.1616405634188398, 0.0028571428571428567
0.0013621, 0.30878959827714614, 2.75790801394973, -3.9373878165618863, 12.56567195546298, 2.874532780030104, 15.440204735493083, 16.503059772024894, -3.9373878165618863, 0.0, -0.003189190728749917, 1.7689624268486696E-5, 1.5032577448045736, -0.0032068803530184036, 0.0, 6.103, 0.30972547527557726, 0.0, 0.004526995856183743, 1.1151648651622241, 0.0028571428571428567
0.0013793, 0.3126687473449068, -4.083395901429064, -0.7695810816863209, 5.582788888392144, 2.964892936504235, 8.54768182489638, 6.352369970078493, -0.7695810816863209, 0.0, -0.0031829401864785028, -2.8269446564912104E-5, 1.5032553190262499, -0.0031546707399135905, 0.0, 6.103, 0.31364605091191944, 0.0, 0.005471886760060231, 1.0185832754994393, 0.0028571428571428567
0.0013966, 0.31653454685627835, -6.522241493398328, 7.258847138346029, 3.1441800273741296, 2.9100013353137797, 6.05418136268791, -4.114667110971896, 7.258847138346029, 0.0, -0.003222805865420639, 1.0647579487584345E-5, 1.5032938945723366, -0.003233453444908223, 0.0, 6.103, 0.31756662654826157, 0.0, 0.005053738889025606, 1.064282781142781, 0.0028571428571428567
0.0014138, 0.3204353205239572, -8.075894943503465, 1.6612344477876262, 1.5136083025036375, 3.012581454387831, 4.526189756891468, -0.14762614528402213, 1.6612344477876262, 0.0, -0.0032366322713246742, 3.174939128022863E-5, 1.503312551117398, -0.0032683816626049027, 0.0, 6.103, 0.3214872021846037, 0.0, 0.005103885852031434, 1.063381834253213, 0.0028571428571428567
0.001431, 0.3242985596833571, -8.265918133889175, 2.194591336566369, 1.3621774452628779, 3.048982378242653, 4.411159823505531, -0.8324138913035201, 2.194591336566369, 0.0, -0.003289287861978762, 2.5097489746444276E-5, 1.503367330039506, -0.0033143853517252062, 0.0, 6.103, 0.3254077778209458, 0.0, 0.0050420990308702954, 1.0742089696816643, 0.0028571428571428567
0.0014483, 0.3282384310820361, -13.009019584700832, 5.371223707896194, -3.451030269934197, 3.129473588728482, -0.3215566812057151, -8.822253977830403, 5.371223707896194, 0.0, -0.0033046785677130408, 5.042036003174983E-5, 1.5033872251666083, -0.0033550989277447906, 0.0, 6.103, 0.32932835345728795, 0.0, 0.005034063152153428, 1.079366317891067, 0.0028571428571428567
0.0014655, 0.33211809563009975, -11.176537809648902, -3.2252015521646196, -1.4688910774261983, 3.064276540315039, 1.5953854628888406, 1.756310474738408, -3.2252015521646196, 0.0, -0.0033963800915465035, 7.051470572703465E-5, 1.5034763825825435, -0.0034668947972735383, 0.0, 6.103, 0.3332489290936301, 0.0, 0.004383978722505077, 1.1612004239226767, 0.0028571428571428567
0.0014828, 0.3359315945638164, 1.612201239540825, -0.39342366489311004, 11.207831216978635, 3.133491694404967, 14.341322911383601, 11.601254881871766, -0.39342366489311004, 0.0, -0.003396685528352188, 2.552917943250152E-5, 1.503481017587265, -0.0034222147077846896, 0.0, 6.103, 0.3371695047299722, 0.0, 0.005156979565178376, 1.0748228099036232, 0.0028571428571428567
