Starting dry volume fraction: 0.0014
Maximum dry volume fraction: 0.0044
DryVolFrac increment: 4.48979591836E-5
Number of particles: 108
Initial configuration: FCC
Dry microgel radius [nm]: 50.0
Box length [units of dry radius]: 49.881824504789556
Number of monomers: 2916666.666666667
Flory interaction parameter (chi): 0.0
Young's calibration factor: 1.0
x-link fraction: 5.0E-5
DryVolFrac increment: 4.48979591836E-5
MC steps: 100000
Equilibration steps: 10000.0
Snapshot interval: 100
Displacement tolerance: 0.1
Particle radius change tolerance: 0.0
Particle radius bin width: 0.001
g(r) bin width: 0.005
phi0, phi, mu/kT, (PV/NkT)_from_dF_FR+dF_pair, (PV/NkT)_from_dF_total, (PV/NkT)_virial_measured, (PV/NkT)_virial+dF_total, (PV/NkT)_einstein, (PV/NkT)_pair_contribution, (PV/NkT)_FR_contribution, <F_total>/V, <F_pair>/V, EntropySolid, <F_reference>/V, <F_FR>/V, <alpha>, zeta, u_Hertz_nn, SpringConstant, LindemannParameter, kT/E
0.0014449, 0.36446588405448865, -5.284858992202232, 0.5124697436922195, 4.042308171961691, 3.4602328540868346, 7.502541026048526, 3.5298384282694646, 0.5124697436922195, 0.0, -0.003217350151617822, 6.99128942249097E-5, 1.5033204706876222, -0.0032872630458427314, 0.0, 6.327999999999999, 0.36626650004219535, 0.0, 0.0056593397374534215, 1.0172021514101937, 0.0034285714285714284
0.0014898, 0.3756670233540106, -5.368390244942493, 3.391517110304699, 3.8927218268032227, 3.6180097104235562, 7.510731537226778, 0.5012047164985199, 3.391517110304699, 0.0, -0.0032938309844838753, 9.891230869549147E-5, 1.5034076274488695, -0.0033927432931793668, 0.0, 6.327999999999999, 0.377647662472867, 0.0, 0.005622685809393964, 1.0309749481536135, 0.0034285714285714284
0.0015347, 0.3868561081721832, -3.843040983528979, 2.478789554066933, 5.252495616212762, 3.7715517441934217, 9.024047360406184, 2.773706062145837, 2.478789554066933, 0.0, -0.0033324333877386703, 1.4857935045255188E-4, 1.5034572602343932, -0.003481012738191222, 0.0, 6.327999999999999, 0.3890288249035387, 0.0, 0.005767829263258408, 1.0280450570371356, 0.0034285714285714284
0.0015796, 0.39799106928600453, -4.697249141166081, 1.4457126497487327, 4.255858889389465, 3.9700595922094353, 8.2259184815989, 2.8101462396407295, 1.4457126497487327, 0.0, -0.0033762150088841544, 1.6074407987385419E-4, 1.5035139353294236, -0.0035369590887580084, 0.0, 6.327999999999999, 0.40040998733421035, 0.0, 0.006258906495438269, 0.9964224157378377, 0.0034285714285714284
0.0016245, 0.4091287605712368, -4.927902135921949, 3.354561246423747, 3.92451304651193, 4.146096617736973, 8.070609664248902, 0.5699518000881729, 3.354561246423747, 0.0, -0.003433129240194728, 1.8870928283632948E-4, 1.5035840084288299, -0.0036218385230310573, 0.0, 6.327999999999999, 0.411791149764882, 0.0, 0.006430114566084045, 0.9922948429357474, 0.0034285714285714284
0.0016694, 0.4203195903215259, -5.608134316687094, 5.279033920577319, 3.1284589713701183, 4.199626906663395, 7.328085878033514, -2.1505749492072104, 5.279033920577319, 0.0, -0.00348185541489283, 2.4308763459228824E-4, 1.503640143756422, -0.0037249430494851184, 0.0, 6.327999999999999, 0.4231723121955537, 0.0, 0.006396502721546094, 1.0039811075374974, 0.0034285714285714284
0.0017143, 0.4315545652568879, -2.9300297631192636, 3.8333993604655086, 5.752446897775724, 4.520890905798539, 10.273337803574263, 1.9190475373102207, 3.8333993604655086, 0.0, -0.0035533519170712386, 3.149525883673207E-4, 1.5037333815905756, -0.0038683045054385594, 0.0, 6.327999999999999, 0.43455347462622534, 0.0, 0.005957138214928636, 1.0495907409806686, 0.0034285714285714284
0.0017592, 0.44257269034026214, -1.4483760386698625, 3.4068313011335754, 6.991826535817819, 4.645524580418339, 11.637351116236157, 3.5849952346842513, 3.4068313011335754, 0.0, -0.003544667038430787, 3.417624861586869E-4, 1.5037354663026778, -0.0038864295245894737, 0.0, 6.327999999999999, 0.44593463705689695, 0.0, 0.006805392899124894, 0.9905009291759648, 0.0034285714285714284
0.0018041, 0.4536230393378621, -4.106287503466891, 3.4318845230531565, 4.216120800666216, 4.830767793151977, 9.046888593818192, 0.7842362776130621, 3.4318845230531565, 0.0, -0.003584401038697047, 4.054304530170913E-4, 1.5037906289306098, -0.003989831491714138, 0.0, 6.327999999999999, 0.4573157994875686, 0.0, 0.006759690752714913, 1.0022277146946175, 0.0034285714285714284
0.001849, 0.4647781068217615, -1.026984506595292, 2.0905291076595183, 7.2027409562757425, 5.092068818847502, 12.294809775123245, 5.112211848616232, 2.0905291076595183, 0.0, -0.003632694330184915, 4.355122650618565E-4, 1.5038610724696337, -0.004068206595246772, 0.0, 6.327999999999999, 0.4686969619182403, 0.0, 0.006977661921925526, 0.9945657622909221, 0.0034285714285714284
0.0018939, 0.4758974557708553, -0.16116420415705696, -0.4110095350896303, 7.815340385438038, 5.224403646627239, 13.039744032065277, 8.226349920527664, -0.4110095350896303, 0.0, -0.003606416707281555, 4.7139624214170855E-4, 1.5038451832928823, -0.004077812949423263, 0.0, 6.327999999999999, 0.48007812434891195, 0.0, 0.007966853607544302, 0.9382494259757038, 0.0034285714285714284
0.0019388, 0.4866831396376827, -2.2303678310840422, 5.695874007063113, 5.625655847173313, 5.568601950648887, 11.1942577978222, -0.07021815988981683, 5.695874007063113, 0.0, -0.0036361492388847266, 4.490520568237398E-4, 1.5039035009236374, -0.0040852012957084665, 0.0, 6.327999999999999, 0.4914592867795836, 0.0, 0.009069763467488372, 0.886248721474212, 0.0034285714285714284
0.0019837, 0.4977362757270833, -3.768067945573807, 8.36538846754897, 3.948323457422323, 5.801575076187762, 9.749898533610084, -4.417065010126655, 8.36538846754897, 0.0, -0.0036542295405573777, 6.142980125208748E-4, 1.5039435582840865, -0.004268527553078253, 0.0, 6.327999999999999, 0.5028404492102552, 0.0, 0.007994373452338718, 0.9512082449033916, 0.0034285714285714284
0.0020286, 0.5087103993210242, -0.6007488315019166, 1.9468187685301752, 7.074319059795808, 6.075191055731921, 13.149510115527729, 5.127500291265638, 1.9468187685301752, 0.0, -0.0037169260515444247, 6.561902614640959E-4, 1.5040299349817465, -0.004373116313008521, 0.0, 6.327999999999999, 0.5142216116409268, 0.0, 0.0079051636693006, 0.9637234549876631, 0.0034285714285714284
0.0020735, 0.5198203157150978, 1.7996211980307069, 6.142858219694151, 9.20785485186798, 6.321412494906814, 15.529267346774795, 3.064996632173844, 6.142858219694151, 0.0, -0.0036671079112552216, 6.850790002619023E-4, 1.5040033257445498, -0.004352186911517124, 0.0, 6.327999999999999, 0.5256027740715985, 0.0, 0.009275752967765267, 0.8961947239175035, 0.0034285714285714284
0.0021184, 0.5307636987732899, 0.5527939738845031, 3.711307205517736, 7.826237279507854, 6.6441319622644635, 14.470369241772318, 4.114930073990119, 3.711307205517736, 0.0, -0.0036783472184470796, 8.175446952797865E-4, 1.504046649738438, -0.004495891913726866, 0.0, 6.327999999999999, 0.5369839365022702, 0.0, 0.00868375706298898, 0.9328769284760421, 0.0034285714285714284
0.0021633, 0.5415547522008443, 1.4763099145979497, 1.0878513806812256, 8.554085817850895, 7.015666606285142, 15.569752424136038, 7.466234437169664, 1.0878513806812256, 0.0, -0.003655257558259244, 7.992940955765924E-4, 1.504058220010517, -0.004454551653835836, 0.0, 6.327999999999999, 0.5483650989329418, 0.0, 0.010374430365836474, 0.8594729752761212, 0.0034285714285714284
0.0022082, 0.552325864405851, 3.5175409976138714, 12.177826644171603, 10.435171787812694, 7.249637640454886, 17.68480942826758, -1.7426548563588935, 12.177826644171603, 0.0, -0.003646699272836329, 8.740434244760573E-4, 1.5040734780378073, -0.004520742697312386, 0.0, 6.327999999999999, 0.5597462613636135, 0.0, 0.01072672588289707, 0.8510489942106991, 0.0034285714285714284
0.0022531, 0.5630817512050074, 3.3330334522961733, 10.615234261430059, 9.988532232688911, 7.6340603887243255, 17.622592621413236, -0.6267020287411562, 10.615234261430059, 0.0, -0.00357985134099057, 0.0010958959127968075, 1.5040463472921113, -0.0046757472537873775, 0.0, 6.327999999999999, 0.5711274237942852, 0.0, 0.009911459680140369, 0.8913192420710306, 0.0034285714285714284
0.002298, 0.5738255003746319, 8.510773463702597, 0.21785634098705864, 15.027845438031678, 8.102164851024622, 23.1300102890563, 14.809989097044607, 0.21785634098705864, 0.0, -0.003575248380056943, 0.0011452812973619098, 1.5040904760424725, -0.004720529677418853, 0.0, 6.327999999999999, 0.5825085862249568, 0.0, 0.010516309299841658, 0.8710174489001259, 0.0034285714285714284
0.0023429, 0.5848928701507121, 8.452954774427731, 5.417994878541373, 14.527167859054316, 8.356211576502671, 22.88337943555699, 9.109172980512964, 5.417994878541373, 0.0, -0.003397404218593486, 0.001145319585205233, 1.5039397279578097, -0.004542723803798719, 0.0, 6.327999999999999, 0.5938897486556285, 0.0, 0.01455129514006125, 0.745261818278183, 0.0034285714285714284
0.0023878, 0.5953605791516793, 8.202564902126303, 8.2896019876503, 14.156661511545414, 8.77795226586256, 22.934613777407975, 5.867059523895113, 8.2896019876503, 0.0, -0.0033940407282583842, 0.001305325184088247, 1.503986022150591, -0.004699365912346631, 0.0, 6.327999999999999, 0.6052709110863002, 0.0, 0.013402194269921385, 0.7814833567186066, 0.0034285714285714284
0.0024327, 0.6060749788509624, 12.115346540847643, 4.539169498156792, 17.662564464889883, 9.127886230314632, 26.790450695204512, 13.123394966733073, 4.539169498156792, 0.0, -0.003221564223668136, 0.0013721145634505486, 1.5038535775136384, -0.004593678787118685, 0.0, 6.327999999999999, 0.6166520735169718, 0.0, 0.016779240070310664, 0.7027782977107568, 0.0034285714285714284
0.0024776, 0.6164748091599651, 5.390195505020255, 8.911829420940448, 10.689386431893237, 9.665928894115934, 20.35531532600917, 1.7775570109527767, 8.911829420940448, 0.0, -0.0031343216648091867, 0.0014532807763418434, 1.5038249092679044, -0.00458760244115103, 0.0, 6.327999999999999, 0.6280332359476435, 0.0, 0.018604354349139592, 0.6714979039099159, 0.0034285714285714284
0.0025224, 0.6270061020378542, 7.698516061658435, 13.598503556137665, 12.856376226090399, 10.001562909301029, 22.857939135391426, -0.7421273300472437, 13.598503556137665, 0.0, -0.0031060135439040897, 0.001615831651060758, 1.5038360211811783, -0.004721845194964848, 0.0, 6.327999999999999, 0.6394143983783152, 0.0, 0.017569709820811245, 0.6951357051747135, 0.0034285714285714284
0.0025673, 0.6383355873053632, 9.524646704233426, -0.2743846144441128, 14.369227847724156, 10.591965778406843, 24.961193626131, 14.643612462168289, -0.2743846144441128, 0.0, -0.0029692870638804176, 0.0018023160831304637, 1.503772880511515, -0.004771603147010881, 0.0, 6.327999999999999, 0.6507955608089868, 0.0, 0.01824170050048857, 0.6862356674664264, 0.0034285714285714284
0.0026122, 0.6481055365518618, 37.17625897047387, -18.739770515948702, 41.82940796129589, 11.028591080064299, 52.85799904136019, 60.56917847724459, -18.739770515948702, 0.0, -0.0029018318217083894, 0.001672987696586058, 1.5037592833097633, -0.004574819518294447, 0.0, 6.327999999999999, 0.6621767232396585, 0.0, 0.024679465001564427, 0.5934004253029221, 0.0034285714285714284
0.0026571, 0.659233327107515, 42.327852330847676, -52.01384540974113, 45.75237436142532, 10.622535098702254, 56.37490946012757, 97.76621977116645, -52.01384540974113, 0.0, -0.0021723322983025137, 0.0014580968938514498, 1.5029826230411139, -0.0036304291921539634, 0.0, 6.327999999999999, 0.6735578856703301, 0.0, 0.07304365633432879, 0.3468897571413838, 0.0034285714285714284
0.002702, 0.6724615516530968, 11.917612846439628, -43.037904419888115, 15.009459678536803, 10.39020416938271, 25.399663847919513, 58.047364098424914, -43.037904419888115, 0.0, -0.001994441337406605, 6.072318400113802E-4, 1.5027789721218754, -0.002601673177417985, 0.0, 6.327999999999999, 0.6849390481010018, 0.0, 0.22771318176109628, 0.19756695653478548, 0.0034285714285714284
0.0027469, 0.6833657114399337, 7.7541918185830445, -10.486395425675141, 10.677187894786094, 10.630250345661649, 21.307438240447745, 21.163583320461225, -10.486395425675141, 0.0, -0.001916852090898486, 5.556647935420087E-4, 1.5027271718391029, -0.0024725168844404945, 0.0, 6.327999999999999, 0.6963202105316735, 0.0, 0.2717464436174505, 0.18184951727325138, 0.0034285714285714284
0.0027918, 0.6942757469059971, 8.228079130343703, -7.548009033107336, 10.971076766074257, 10.63952377634282, 21.610600542417075, 18.51908579918159, -7.548009033107336, 0.0, -0.0018282132043410098, 4.0059729817997365E-4, 1.5026361454581387, -0.0022288105025209835, 0.0, 6.327999999999999, 0.7077013729623451, 0.0, 0.36198892498603236, 0.15841396267035376, 0.0034285714285714284
0.0028367, 0.7047598970341468, 8.729013536332335, -1.5618222025097748, 11.299025936932749, 11.085394392155969, 22.38442032908872, 12.86084813944252, -1.5618222025097748, 0.0, -0.0017404651424514264, 4.0674134976732466E-4, 1.502600613743838, -0.002147206492218751, 0.0, 6.327999999999999, 0.7190825353930167, 0.0, 0.40675534793195633, 0.1502394660330518, 0.0034285714285714284
0.0028816, 0.7154299475824497, 8.89883531290227, 2.1706187404502946, 11.284348181231712, 11.468889254085761, 22.753237435317473, 9.113729440781418, 2.1706187404502946, 0.0, -0.001641087626641027, 3.799914746052592E-4, 1.5025419709313879, -0.0020210791012462864, 0.0, 6.327999999999999, 0.7304636978236884, 0.0, 0.47567037654451266, 0.13965963840029189, 0.0034285714285714284
0.0029265, 0.7258499143218027, 9.453676104714878, 2.2556129422035864, 11.671785228192748, 12.173780763040437, 23.845565991233187, 9.416172285989164, 2.2556129422035864, 0.0, -0.001549699061971328, 4.65114424161032E-4, 1.5025327788912806, -0.00201481348613236, 0.0, 6.327999999999999, 0.74184486025436, 1.5519417359328217E-6, 0.49323819713510847, 0.13785856920111517, 0.0034285714285714284
0.0029714, 0.736086157655031, 10.838847499900462, -1.7952662477687469, 12.866582679484337, 12.596721980604158, 25.463304660088497, 14.661848927253075, -1.7952662477687469, 0.0, -0.0014384273151269973, 4.4261678563612696E-4, 1.502468768264731, -0.0018810441007631243, 0.0, 6.327999999999999, 0.7532260226850317, 6.692843650144391E-4, 0.5765769822090048, 0.12815558628352075, 0.0034285714285714284
0.0030163, 0.746314058018204, 11.520624902840632, 3.2967297632275807, 13.350028957693192, 13.103637014314868, 26.45366597200806, 10.053299194465616, 3.2967297632275807, 0.0, -0.0013173445591882923, 4.4000473097133535E-4, 1.5024006245492267, -0.0017573492901596277, 0.0, 6.327999999999999, 0.7646071851157034, 0.003301915823341504, 0.6645846614036554, 0.11996707082906842, 0.0034285714285714284
0.0030612, 0.7562421816755178, 12.283637225821245, 6.543708299195303, 13.913953842987633, 13.879747751448603, 27.793701594436236, 7.370245543792334, 6.543708299195303, 0.0, -0.0011914574162448536, 5.263883520811476E-4, 1.5023701133076952, -0.001717845768326001, 0.0, 6.327999999999999, 0.775988347546375, 0.008542404071262664, 0.7059385705659983, 0.11697490411873894, 0.0034285714285714284
0.0031061, 0.766242376258053, 13.134572351416221, 5.521952152373719, 14.55597784099336, 14.640484858607515, 29.196462699600875, 9.034025688619634, 5.521952152373719, 0.0, -0.001054017815270261, 5.957242160673395E-4, 1.502324383070052, -0.0016497420313376005, 0.0, 6.327999999999999, 0.7873695099770467, 0.016783849516400266, 0.7682388899273335, 0.1126771379361961, 0.0034285714285714284
0.003151, 0.7757388048011573, 14.195386728085905, 6.722177336302626, 15.404942260655682, 15.415162173293774, 30.820104433949457, 8.682764924353057, 6.722177336302626, 0.0, -9.098890089018082E-4, 6.619855128231829E-4, 1.5022778054688426, -0.0015718745217249911, 0.0, 6.327999999999999, 0.7987506724077184, 0.028288405113624657, 0.8413398539181489, 0.10818717193256465, 0.0034285714285714284
0.0031959, 0.7855806333982344, 15.453670806729672, 7.405661610306198, 16.43629030807139, 16.304224207217054, 32.74051451528844, 9.030628697765192, 7.405661610306198, 0.0, -7.497085217731808E-4, 7.586937240987666E-4, 1.5022291362420357, -0.0015084022458719474, 0.0, 6.327999999999999, 0.81013183483839, 0.04323338323288033, 0.9074511125114373, 0.10466417013399332, 0.0034285714285714284
0.0032408, 0.7951519349953209, 16.53872116813168, 8.427201787482614, 17.28657521523001, 17.2286347094675, 34.51520992469751, 8.859373427747395, 8.427201787482614, 0.0, -5.786056324631821E-4, 8.420592004017952E-4, 1.5021765095426138, -0.0014206648328649774, 0.0, 6.327999999999999, 0.8215129972690617, 0.0617361223524533, 0.9975383594113827, 0.10029157015444941, 0.0034285714285714284
0.0032857, 0.8043004237505303, 17.658643107333244, 10.604290726865262, 18.162418515844962, 18.288829567142287, 36.45124808298725, 7.558127788979699, 10.604290726865262, 0.0, -3.951647076154678E-4, 9.626809191823398E-4, 1.5021400950877466, -0.0013578456267978076, 0.0, 6.327999999999999, 0.8328941596997333, 0.08386949675924343, 1.0706034119338994, 0.09725383017137461, 0.0034285714285714284
0.0033306, 0.813103581057864, 19.229605187148135, 10.416064995339646, 19.481205634494977, 19.365148492955914, 38.846354127450894, 9.065140639155333, 10.416064995339646, 0.0, -2.0005383172374235E-4, 0.0010956947557717108, 1.502091834177555, -0.001295748587495453, 0.0, 6.327999999999999, 0.844275322130405, 0.10967244393968947, 1.1461304536058847, 0.09442103554429407, 0.0034285714285714284
0.0033755, 0.8220373518306341, 20.572176000079793, 10.851002321661518, 20.551000534221235, 20.492401753821223, 41.04340228804246, 9.699998212559716, 10.851002321661518, 0.0, 1.706411579171824E-5, 0.0012155129403576981, 1.5020325011465285, -0.00119844882456598, 0.0, 6.327999999999999, 0.8556564845610767, 0.1391575141772396, 1.2612974982367358, 0.09040979164532952, 0.0034285714285714284
0.0034204, 0.8303979113003097, 21.768378864761274, 14.850603645391656, 21.473293056925453, 21.71408175902491, 43.18737481595036, 6.622689411533795, 14.850603645391656, 0.0, 2.409559459032181E-4, 0.0013606451136843598, 1.5019860704545764, -0.0011196891677811417, 0.0, 6.327999999999999, 0.8670376469917483, 0.17231649535650972, 1.3635580272573287, 0.08733740014075891, 0.0034285714285714284
0.0034653, 0.8386263931978208, 23.649006426091148, 16.972682792640907, 23.06429918782323, 23.049136042776095, 46.11343523059932, 6.0916163951823235, 16.972682792640907, 0.0, 4.8371712918274506E-4, 0.001569589241044416, 1.5019563539595646, -0.0010858721118616708, 0.0, 6.327999999999999, 0.87841880942242, 0.2091247213676364, 1.4183259576348783, 0.08600762134008672, 0.0034285714285714284
0.0035102, 0.84668157675028, 25.42018506628328, 18.13625392313231, 24.527673382166896, 24.456700377269684, 48.98437375943658, 6.391419459034586, 18.13625392313231, 0.0, 7.479243417126144E-4, 0.0017651643611481956, 1.5019193823541501, -0.0010172400194355812, 0.0, 6.327999999999999, 0.8897999718530917, 0.24954444128227468, 1.5155894460301174, 0.08355987146569434, 0.0034285714285714284
0.0035551, 0.8541671603730661, 27.297630358163048, 21.83924556606143, 26.085620580037517, 25.904752705592333, 51.99037328562985, 4.246375013976093, 21.83924556606143, 0.0, 0.0010286546293905153, 0.002003535046030929, 1.501885539354931, -9.748804166404136E-4, 0.0, 6.327999999999999, 0.9011811342837633, 0.2935274961605337, 1.5834807243556575, 0.08209601187886369, 0.0034285714285714284
0.0034449, 0.8348932016523853, 22.91442785986451, 15.298094903493098, 22.45866913270276, 22.45401783613129, 44.91268696883405, 7.16057422920966, 15.298094903493098, 0.0, 3.748199915301572E-4, 0.0014779104984738577, 1.5019690866511823, -0.0011030905069437005, 0.0, 6.327999999999999, 0.8732455537729434, 0.19194346532112602, 1.391237339362134, 0.08667009421299658, 0.0034285714285714284
0.0034898, 0.842972502978137, 24.438480933991457, 16.999443115088454, 23.685905694827532, 23.83259379256328, 47.51849948739081, 6.686462579739076, 16.999443115088454, 0.0, 6.269910569637648E-4, 0.0016808947649540383, 1.501941424073891, -0.0010539037079902735, 0.0, 6.327999999999999, 0.8846267162036151, 0.23072699693726983, 1.464408826005926, 0.08484246313638356, 0.0034285714285714284
0.0035347, 0.850861745492582, 26.352863561930313, 20.44625072939891, 25.287843993487467, 25.226075641343247, 50.513919634830714, 4.84159326408855, 20.44625072939891, 0.0, 8.987125074311722E-4, 0.00188558199286901, 1.501897297806672, -9.868694854378377E-4, 0.0, 6.327999999999999, 0.8960078786342868, 0.27309689613017823, 1.5614867120943052, 0.0825136660891904, 0.0034285714285714284
0.0035796, 0.8583347599562462, 28.21281887552986, 22.442937457824133, 26.818047121998784, 26.777124576628186, 53.59517169862697, 4.375109664174656, 22.442937457824133, 0.0, 0.0011919225692760957, 0.0021671066788855023, 1.5018857158600762, -9.751841096094068E-4, 0.0, 6.327999999999999, 0.9073890410649584, 0.31900026251654073, 1.5914275922621683, 0.08207838861722425, 0.0034285714285714284
0.0036245, 0.8655846148244261, 29.95234220384747, 21.991229161423757, 28.214742021941795, 28.323235975221106, 56.5379779971629, 6.223512860518043, 21.991229161423757, 0.0, 0.0015035162471269087, 0.0024210586466792564, 1.5018569300472906, -9.175423995523477E-4, 0.0, 6.327999999999999, 0.9187702034956301, 0.3683769385980578, 1.6801641453826088, 0.08021412761963506, 0.0034285714285714284
0.0036694, 0.8724741050821686, 31.988452879053014, 25.795368506762156, 29.89483068068768, 29.886060675418875, 59.78089135610655, 4.099462173925515, 25.795368506762156, 0.0, 0.0018340168122319288, 0.0026985181605454485, 1.501823826025922, -8.645013483135198E-4, 0.0, 6.327999999999999, 0.9301513659263018, 0.4211610760279868, 1.7652437187845331, 0.07857902313504768, 0.0034285714285714284
0.0037143, 0.8791389922425686, 33.89539492337532, 28.071377540909285, 31.426455445495755, 31.53550719663753, 62.96196264213329, 3.355077904586466, 28.071377540909285, 0.0, 0.0021892589945527014, 0.0030400761798636297, 1.5018140296171107, -8.508171853109284E-4, 0.0, 6.327999999999999, 0.9415325283569734, 0.47728242180368474, 1.7979093217128919, 0.07817819475459303, 0.0034285714285714284
0.0037592, 0.8855466976266148, 36.03939821482415, 28.869963887929572, 33.186124550715945, 33.20283068354353, 66.38895523425947, 4.316160662786393, 28.869963887929572, 0.0, 0.0025606390508165966, 0.0033737861417749066, 1.5017912035006518, -8.131470909583103E-4, 0.0, 6.327999999999999, 0.9529136907876451, 0.5366673799543777, 1.8635922359253887, 0.07709629295086906, 0.0034285714285714284
0.0038041, 0.8917632779773793, 38.459897016264584, 32.13753404828622, 35.19852181712783, 34.90306002184789, 70.10158183897573, 3.0609877688416223, 32.13753404828622, 0.0, 0.002961842652813618, 0.003739557163244641, 1.5017710871759895, -7.77714510431023E-4, 0.0, 6.327999999999999, 0.9642948532183168, 0.5992398913649069, 1.9268405141736475, 0.07612105845796058, 0.0034285714285714284
0.003849, 0.8975511248789352, 40.33030938290641, 34.880589538995, 36.646340370180695, 36.645888189972524, 73.29222856015322, 1.7657508311857062, 34.880589538995, 0.0, 0.003385111417309711, 0.004150997580081857, 1.5017659670608388, -7.658861627721456E-4, 0.0, 6.327999999999999, 0.9756760156489884, 0.6649221649652609, 1.9565687809635277, 0.07583657954297324, 0.0034285714285714284
0.0038939, 0.9032145959530444, 42.43208818199244, 35.548954630534595, 38.31587382977207, 38.387224341920046, 76.70309817169212, 2.7669191992374915, 35.548954630534595, 0.0, 0.003826411416590142, 0.004584141149493736, 1.5017570748679412, -7.577297329035937E-4, 0.0, 6.327999999999999, 0.9870571780796601, 0.7336352865269212, 1.9807808586552316, 0.07566359556979059, 0.0034285714285714284
0.0039388, 0.9084626448632984, 44.681309777520745, 39.23359733888577, 40.11396395471974, 40.151704405198636, 80.26566835991838, 0.8803666158339603, 39.23359733888577, 0.0, 0.004294736426026119, 0.005018781449738703, 1.5017515581809282, -7.240450237125832E-4, 0.0, 6.327999999999999, 0.9984383405103316, 0.8052997260270526, 2.04168824270235, 0.07481180322563571, 0.0034285714285714284
0.0039837, 0.9136117137848243, 46.888127571729235, 40.71246962744265, 41.85753606853001, 41.91458516138987, 83.77212122991989, 1.1450664410873506, 40.71246962744265, 0.0, 0.004784253430433954, 0.005539617297204627, 1.5017632162090453, -7.553638667706738E-4, 0.0, 6.327999999999999, 1.0098195029410033, 0.8798357604911257, 2.008496773359268, 0.07571293857873682, 0.0034285714285714284
0.0040286, 0.9184294215564645, 49.286736050067766, 41.98367977287889, 43.77606986407006, 43.696568670003956, 87.47263853407401, 1.7923900911911863, 41.98367977287889, 0.0, 0.005299886426379638, 0.006016411080422616, 1.5017481937930164, -7.165246540429775E-4, 0.0, 6.327999999999999, 1.021200665371675, 0.9571638260759533, 2.0760091122634394, 0.07475039447361187, 0.0034285714285714284
0.0040735, 0.9230555818483381, 51.59497527637739, 45.39423386368776, 45.588797420442916, 45.47319569238774, 91.06199311283066, 0.1945635567551593, 45.39423386368776, 0.0, 0.0058408228718637165, 0.006573734087761971, 1.5017536609636897, -7.329112158982543E-4, 0.0, 6.327999999999999, 1.0325818278023466, 1.03720481067857, 2.063833690534224, 0.07524804664328454, 0.0034285714285714284
0.0041184, 0.9273971191553061, 53.80840256221634, 45.5120199477134, 47.2929248797003, 47.253349211321385, 94.54627409102169, 1.780904931986899, 45.5120199477134, 0.0, 0.006405938045479896, 0.007134448161809912, 1.5017584355635394, -7.28510116330016E-4, 0.0, 6.327999999999999, 1.0439629902330183, 1.1198802963877867, 2.081393941677729, 0.075204237343697, 0.0034285714285714284
0.0041633, 0.9315371482364304, 56.05442090433696, 47.181385378470836, 49.01721467238602, 49.03338197975954, 98.05059665214556, 1.8358292939151606, 47.181385378470836, 0.0, 0.006994324166443976, 0.007704942037697853, 1.501761534076246, -7.106178712538766E-4, 0.0, 6.327999999999999, 1.05534415266369, 1.2051127595159576, 2.117975621142011, 0.07482188487245588, 0.0034285714285714284
0.0042082, 0.935337054150091, 58.30252168800461, 51.05997653427362, 50.72995695322997, 50.81443982554474, 101.54439677877471, -0.3300195810436023, 51.05997653427362, 0.0, 0.007607587676415087, 0.008312069811709481, 1.5017649928739647, -7.044821352943943E-4, 0.0, 6.327999999999999, 1.0667253150943616, 1.2928257346709273, 2.1374994014510182, 0.07474617153999027, 0.0034285714285714284
0.0042531, 0.9389772798112279, 60.64029317908996, 54.23035172108184, 52.52070984538115, 52.57053903237261, 105.09124887775376, -1.709641875700653, 54.23035172108184, 0.0, 0.008244166775442568, 0.008976891937761952, 1.501777877257182, -7.327251623193829E-4, 0.0, 6.327999999999999, 1.0781064775250333, 1.3829439482866892, 2.1081996219044896, 0.07553051393548536, 0.0034285714285714284
0.004298, 0.9424353268599553, 63.133111724344424, 55.084435811318905, 54.45181951969952, 54.330129589336885, 108.7819491090364, -0.6326162916194461, 55.084435811318905, 0.0, 0.008907545552044793, 0.009664147820992904, 1.5017979751678847, -7.566022689481103E-4, 0.0, 6.327999999999999, 1.089487639955705, 1.4753934261769974, 2.0858634205833977, 0.07620010832785575, 0.0034285714285714284
0.0043429, 0.9457003759820496, 65.37291596293001, 55.86904253257054, 56.11583486174712, 56.08175559475603, 112.19759045650315, 0.24679232917658636, 55.86904253257054, 0.0, 0.0095975636918574, 0.010359657828688269, 1.5018091025140035, -7.620941368308698E-4, 0.0, 6.327999999999999, 1.1008688023863766, 1.5701015789706054, 2.088995837297284, 0.07640717703581174, 0.0034285714285714284
