Starting dry volume fraction: 0.0014
Maximum dry volume fraction: 0.0036
DryVolFrac increment: 4.48979591836E-5
Number of particles: 108
Initial configuration: FCC
Dry microgel radius [nm]: 50.0
Box length [units of dry radius]: 49.881824504789556
Number of monomers: 2916666.666666667
Flory interaction parameter (chi): 0.0
Young's calibration factor: 1.0
x-link fraction: 3.0E-5
DryVolFrac increment: 4.48979591836E-5
MC steps: 100000
Equilibration steps: 10000.0
Snapshot interval: 100
Displacement tolerance: 0.1
Particle radius change tolerance: 0.0
Particle radius bin width: 0.001
g(r) bin width: 0.005
phi0, phi, mu/kT, (PV/NkT)_from_dF_FR+dF_pair, (PV/NkT)_from_dF_total, (PV/NkT)_virial_measured, (PV/NkT)_virial+dF_total, (PV/NkT)_einstein, (PV/NkT)_pair_contribution, (PV/NkT)_FR_contribution, <F_total>/V, <F_pair>/V, EntropySolid, <F_reference>/V, <F_FR>/V, <alpha>, zeta, u_Hertz_nn, SpringConstant, LindemannParameter, kT/E
0.0014449, 0.4891924446469157, -3.8334675800794384, 4.066190757101443, 4.379669770233684, 4.938937116662772, 9.318606886896456, 0.31347901313224763, 4.066190757101443, 0.0, -0.002833072275236378, 3.440010879125422E-4, 1.5030484437789384, -0.00317707336314892, 0.0, 7.005, 0.49673055325882687, 0.0, 0.007016461489074934, 0.9135473877618486, 0.0057142857142857125
0.0014898, 0.5038173690292198, -2.4673618919555547, 2.8942050312799017, 5.733799599447333, 5.2337898456480945, 10.967589445095427, 2.8395945681674415, 2.8942050312799017, 0.0, -0.0029168462296825263, 4.1611250584095084E-4, 1.503158368619773, -0.003332958735523477, 0.0, 7.005, 0.5121656834448112, 0.0, 0.006296028754760193, 0.9742864645936643, 0.0057142857142857125
0.0015347, 0.5183830779230089, 0.3486264642006765, 3.014951585854777, 8.225574824929554, 5.454068506206211, 13.679643331135765, 5.2106232390747875, 3.014951585854777, 0.0, -0.0028859655967446293, 4.3112548341416913E-4, 1.503147845774321, -0.0033170910801587983, 0.0, 7.005, 0.5276008136307955, 0.0, 0.007794006185621472, 0.8843780892853256, 0.0057142857142857125
0.0015796, 0.5328453617509997, -2.0229653577141047, 4.566225317790701, 5.692161676264996, 5.777059703386499, 11.469221379651493, 1.1259363584742954, 4.566225317790701, 0.0, -0.002909372655693493, 5.059700423939338E-4, 1.5032015196873771, -0.0034153426980874264, 0.0, 7.005, 0.5430359438167798, 0.0, 0.007775812019867249, 0.893963617408878, 0.0057142857142857125
0.0016245, 0.5472191393916298, -1.9551530786322482, 5.7072122485509, 5.598208281930436, 6.032343582286103, 11.630551864216539, -0.10900396662047615, 5.7072122485509, 0.0, -0.0029293323024615686, 5.577757072980275E-4, 1.5032463587710225, -0.003487108009759596, 0.0, 7.005, 0.5584710740027641, 0.0, 0.008123499423253695, 0.8828329068140075, 0.0057142857142857125
0.0016694, 0.561523716407326, 1.7166274343604422, 5.188325014259482, 9.121927018419107, 6.381065146374914, 15.502992164794023, 3.93360200415963, 5.188325014259482, 0.0, -0.002951285656264309, 6.591484953727723E-4, 1.5032992970262344, -0.0036104341516370814, 0.0, 7.005, 0.5739062041887484, 0.0, 0.007760838122416552, 0.9114703015097754, 0.0057142857142857125
0.0017143, 0.576002861475541, 5.480403701971562, 4.12636606339443, 12.548194220896063, 6.882392494061661, 19.430586714957723, 8.421828157501633, 4.12636606339443, 0.0, -0.0028925326229773613, 7.044542699899067E-4, 1.5032931429067635, -0.0035969868929672678, 0.0, 7.005, 0.5893413343747327, 0.0, 0.00930628597259681, 0.8397511983169783, 0.0057142857142857125
0.0017592, 0.5900905301110753, 2.7173305407168016, 2.0269067408412638, 9.464891209944156, 7.1496651073042345, 16.61455631724839, 7.437984469102878, 2.0269067408412638, 0.0, -0.002833801165663846, 7.845062007306768E-4, 1.5032617513608009, -0.0036183073663945227, 0.0, 7.005, 0.604776464560717, 0.0, 0.010457401508145678, 0.799041981439387, 0.0057142857142857125
0.0018041, 0.6037597452717273, -1.7933206216730588, 8.111962486616646, 4.787427672564031, 7.554294007208135, 12.341721679772167, -3.3245348140526136, 8.111962486616646, 0.0, -0.0028342806744476668, 7.879498679483399E-4, 1.5033048959422, -0.0036222305423960067, 0.0, 7.005, 0.6202115947467013, 0.0, 0.012004747581087884, 0.7520614120171524, 0.0057142857142857125
0.001849, 0.6180503997930415, 4.493515403426119, 8.66601622708713, 11.000472803236118, 8.047162006425872, 19.04763480966199, 2.3344565761489946, 8.66601622708713, 0.0, -0.0028722449320682754, 9.976231580754173E-4, 1.5033979463642702, -0.0038698680901436927, 0.0, 7.005, 0.6356467249326856, 0.0, 0.009441033687186101, 0.8550247628002973, 0.0057142857142857125
0.0018939, 0.6316613631446807, 7.503098163297298, 2.1792235943390654, 13.558773609800992, 8.410344704448455, 21.96911831424945, 11.379550015461938, 2.1792235943390654, 0.0, -0.002737952302144193, 0.001022174649752424, 1.503304236076715, -0.003760126951896617, 0.0, 7.005, 0.6510818551186699, 0.0, 0.01278274491225937, 0.7407124846064175, 0.0057142857142857125
0.0019388, 0.6450410402396791, 5.78710360757826, 7.093753836227558, 11.64517422341353, 8.9117286291134, 20.55690285252693, 4.551420387185974, 7.093753836227558, 0.0, -0.002711399543009959, 0.0010928047796614625, 1.503340786622133, -0.003804204322671421, 0.0, 7.005, 0.6665169853046542, 0.0, 0.013646245350601825, 0.7225152441144105, 0.0057142857142857125
0.0019837, 0.6592864908898536, 6.284052598228091, 12.560172563708589, 11.80363516574104, 9.387275432954517, 21.19091059869556, -0.7565373979675655, 12.560172563708589, 0.0, -0.0026138930254263402, 0.0012248589601799738, 1.5033001882933807, -0.003838751985606314, 0.0, 7.005, 0.6819521154906384, 0.0, 0.014723004201657477, 0.7009218589492118, 0.0057142857142857125
0.0020286, 0.6721463777074431, 12.267203932696653, 5.254165478326775, 17.58779625736675, 9.94104536733887, 27.52884162470562, 12.333630779039966, 5.254165478326775, 0.0, -0.0025766870731706018, 0.0014175059563123202, 1.503332528682651, -0.003994193029482922, 0.0, 7.005, 0.6973872456766227, 0.0, 0.01338341297365916, 0.7406694336423256, 0.0057142857142857125
0.0020735, 0.6858525245699719, 12.008654579914852, 8.032433186305523, 16.757943243876273, 10.41826712950515, 27.176210373381423, 8.725510057570757, 8.032433186305523, 0.0, -0.0023509185652407895, 0.0014002402800761297, 1.503168333773775, -0.0037511588453169194, 0.0, 7.005, 0.712822375862607, 0.0, 0.020997998174179522, 0.5956457165184977, 0.0057142857142857125
0.0021184, 0.69889930794939, 21.831453297633423, 5.8832600381227795, 26.417472535790118, 11.01304758721536, 37.43052012300548, 20.534212497667347, 5.8832600381227795, 0.0, -0.002319255186243974, 0.0016503391313188007, 1.5032197340907523, -0.003969594317562775, 0.0, 7.005, 0.7282575060485913, 0.0, 0.01749171555038356, 0.6572975021003086, 0.0057142857142857125
0.0021633, 0.7139462096525898, 33.47887467841831, -43.67930984821126, 37.124811789258096, 11.333345011871533, 48.45815680112963, 80.80412163746935, -43.67930984821126, 0.0, -0.001882913412843428, 0.0015963174531226805, 1.5028244750913553, -0.0034792308659661085, 0.0, 7.005, 0.7436926362345756, 1.2750946541636034E-5, 0.03697114611842833, 0.4552845349859165, 0.0057142857142857125
0.0022082, 0.72947475144126, 17.32006683987994, -36.55897983591361, 20.358160632262543, 11.08847119582114, 31.44663182808368, 56.91714046817615, -36.55897983591361, 0.0, -0.001601561973961867, 7.802394206719754E-4, 1.5024992917695223, -0.0023818013946338423, 0.0, 7.005, 0.7591277664205599, 0.0010690848582334018, 0.16451548634296606, 0.2173125266207946, 0.0057142857142857125
0.0022531, 0.7442317885078252, 8.675273323359777, -0.634396732259368, 11.485608827468823, 11.53598675765447, 23.021595585123293, 12.120005559728192, -0.634396732259368, 0.0, -0.0015116197380513246, 8.443241965587034E-4, 1.5024683100422729, -0.002355943934610028, 0.0, 7.005, 0.7745628966065442, 0.004697315383269709, 0.1805147562885933, 0.20885541365963842, 0.0057142857142857125
0.002298, 0.7571189714077433, 9.830576497337159, -6.0715803574645335, 12.410954345588193, 12.19566135444055, 24.60661570002874, 18.48253470305272, -6.0715803574645335, 0.0, -0.0014155884357628374, 8.002903353533193E-4, 1.502454209596759, -0.0022158787711161567, 0.0, 7.005, 0.7899980267925285, 0.011589343019523454, 0.22702858474323906, 0.1874641641176536, 0.0057142857142857125
0.0023429, 0.7708615881359772, 10.195118505793118, -6.8672676807722475, 12.520959124829789, 12.577391640648786, 25.098350765478575, 19.388226805602038, -6.8672676807722475, 0.0, -0.0013008797387912235, 7.454389823745339E-4, 1.5023844381246851, -0.0020463187211657574, 0.0, 7.005, 0.8054331569785128, 0.022134000240204614, 0.29325260539369086, 0.16601172292777078, 0.0057142857142857125
0.0023878, 0.7837269571201161, 10.859423789161575, -2.4465035764002248, 12.959355620679787, 13.071277003693888, 26.030632624373673, 15.405859197080018, -2.4465035764002248, 0.0, -0.0011970336778654282, 6.816462013134869E-4, 1.5023310491273352, -0.001878679879178915, 0.0, 7.005, 0.820868287164497, 0.03655822055528872, 0.37431470026928887, 0.14787312335769748, 0.0057142857142857125
0.0024327, 0.7959484596129818, 12.022210969932457, 5.502742493090896, 13.861347198062939, 13.7526089415143, 27.61395613957724, 8.358604704972041, 5.502742493090896, 0.0, -0.0010680841380537763, 7.186273626718472E-4, 1.5022840043455794, -0.0017867115007256234, 0.0, 7.005, 0.8363034173504813, 0.054985902029179703, 0.43375144113019937, 0.13822417937202047, 0.0057142857142857125
0.0024776, 0.8076437380975662, 12.856718984669703, 6.345043238794218, 14.444810385163818, 14.622199759512, 29.06701014467582, 8.099767146369597, 6.345043238794218, 0.0, -9.393111799432953E-4, 8.261360863540716E-4, 1.502281098526777, -0.0017654472662973668, 0.0, 7.005, 0.8517385475364656, 0.07747042363167106, 0.46130767145579404, 0.1348517616477447, 0.0057142857142857125
0.0025224, 0.8189821688036967, 14.278885839754528, 9.599080554705536, 15.594868646070598, 15.400928816687232, 30.995797462757828, 5.995788091365061, 9.599080554705536, 0.0, -7.924721279086407E-4, 8.845896301767563E-4, 1.5022385672676764, -0.001677061758085397, 0.0, 7.005, 0.8671736777224499, 0.10401504604735962, 0.5276675896535912, 0.12684451166593597, 0.0057142857142857125
0.0025673, 0.8305979450944196, 15.355410227791738, 12.159518160886877, 16.38853581066239, 16.458396334142687, 32.84693214480508, 4.229017649775511, 12.159518160886877, 0.0, -6.332118995887779E-4, 0.0010634037073567922, 1.5022440997529343, -0.00169661560694557, 0.0, 7.005, 0.8826088079084342, 0.13458668543555977, 0.5336078222530393, 0.12688049194350928, 0.0057142857142857125
0.0026122, 0.8409519991959471, 16.692274169087618, 9.461401392300413, 17.435177839856728, 17.423900815528683, 34.85907865538541, 7.973776447556315, 9.461401392300413, 0.0, -4.632951828006987E-4, 0.0011824493796893335, 1.502218987900404, -0.0016457445624900322, 0.0, 7.005, 0.8980439380944185, 0.16912565953065534, 0.5819927017726092, 0.12219599003204133, 0.0057142857142857125
0.0026571, 0.8510741237491618, 18.15139890178583, 12.240296139433728, 18.58550943927592, 18.448827345247544, 37.03433678452346, 6.3452132998421895, 12.240296139433728, 0.0, -2.75376339589241E-4, 0.0013068763248049516, 1.5021903527108469, -0.0015822526643941926, 0.0, 7.005, 0.9134790682804028, 0.20755280707062088, 0.6414347654061665, 0.11705945051532975, 0.0057142857142857125
0.002702, 0.8610621663842184, 19.459199383346675, 14.193739432223776, 19.57419571786827, 19.581971242580565, 39.156166960448836, 5.380456285644498, 14.193739432223776, 0.0, -7.418007931024768E-5, 0.0014890118035399893, 1.5021852643621936, -0.001563191882850237, 0.0, 7.005, 0.9289141984663871, 0.24977480645540945, 0.672751005171288, 0.11494265325109548, 0.0057142857142857125
0.0027469, 0.8703586564146493, 20.972097004821734, 15.021094958195999, 20.755906177886796, 20.728543268349192, 41.484449446235985, 5.734811219690799, 15.021094958195999, 0.0, 1.417743396979242E-4, 0.0016606340808454961, 1.5021663527642262, -0.001518859741147572, 0.0, 7.005, 0.9443493286523714, 0.29568821355276137, 0.7230034657538104, 0.11148691486159476, 0.0057142857142857125
0.0027918, 0.8793838524411552, 22.583965863372942, 17.993563606928802, 22.020722353647216, 21.90746344522268, 43.9281857988699, 4.027158746718413, 17.993563606928802, 0.0, 3.754028834464195E-4, 0.0018653071816727735, 1.5021477809053863, -0.001489904298226354, 0.0, 7.005, 0.9597844588383557, 0.34518256267020175, 0.7632684713201482, 0.10909439495977084, 0.0057142857142857125
0.0028367, 0.8875459957137612, 24.268914227578403, 18.752679040695075, 23.344678723231613, 23.177755592116387, 46.522434315348, 4.591999682536528, 18.752679040695075, 0.0, 6.259112517728713E-4, 0.0021063608983478447, 1.5021540848481507, -0.0014804496465749735, 0.0, 7.005, 0.97521958902434, 0.3981427673312234, 0.7889573093401178, 0.10787577162200356, 0.0057142857142857125
0.0028816, 0.8954636691313212, 25.53558795749853, 22.026712412941748, 24.233640827670335, 24.43970550096732, 48.673346328637656, 2.206928414728586, 22.026712412941748, 0.0, 8.956603645563718E-4, 0.0023339882179240655, 1.5021377329831156, -0.0014383278533676937, 0.0, 7.005, 0.9906547192103243, 0.4544509887268557, 0.8411200567650208, 0.10502555169644628, 0.0057142857142857125
0.0029265, 0.9027571650309718, 27.164841756141126, 23.647405762129484, 25.48544620441788, 25.77530501015677, 51.260751214574654, 1.838040442288396, 23.647405762129484, 0.0, 0.0011733226664266462, 0.002651282369792237, 1.5021720248552606, -0.0014779597033655906, 0.0, 7.005, 1.0060898493963086, 0.5139880939317237, 0.8272040676399623, 0.10645248082491902, 0.0057142857142857125
0.0029714, 0.9096576541594091, 29.36920551142641, 22.273450444556268, 27.285687390144297, 27.07283744906549, 54.358524839209785, 5.012236945588029, 22.273450444556268, 0.0, 0.0014779984129038534, 0.002922272665585975, 1.5021588321817507, -0.0014442742526821215, 0.0, 7.005, 1.021524979582293, 0.576634794503419, 0.8725484348814678, 0.10417689766225036, 0.0057142857142857125
0.0030163, 0.9159679246488172, 30.885130928672474, 26.77221581650535, 28.381410858528383, 28.41262372165225, 56.794034580180636, 1.6091950420230288, 26.77221581650535, 0.0, 0.001802916093569425, 0.003217073139539894, 1.5021519716596705, -0.0014141570459704688, 0.0, 7.005, 1.0369601097682772, 0.6422725338685807, 0.9158571607105496, 0.10219351546154183, 0.0057142857142857125
0.0030612, 0.9219113379633866, 32.632916909607644, 30.73746232585684, 29.70455147930939, 29.7659548244837, 59.47050630379309, -1.0329108465474393, 30.73746232585684, 0.0, 0.002140089030968786, 0.003591966051312963, 1.502183121679593, -0.0014518770203441767, 0.0, 7.005, 1.0523952399542615, 0.7107841758609685, 0.9018238254815567, 0.10349403062175833, 0.0057142857142857125
0.0031061, 0.9275967553758386, 34.512409084944096, 31.488290720544846, 31.137674125880544, 31.107832427254785, 62.24550655313533, -0.3506165946643155, 31.488290720544846, 0.0, 0.002502474343001538, 0.00398136249426683, 1.502201786389958, -0.001478888151265292, 0.0, 7.005, 1.0678303701402458, 0.782054534977101, 0.8970760875703266, 0.10427238595075872, 0.0057142857142857125
0.003151, 0.9325144133402986, 36.30259895797639, 32.46992640975878, 32.474170107468666, 32.44772005241377, 64.92189015988244, 0.004243697709892067, 32.46992640975878, 0.0, 0.002879938323326719, 0.004382085245822924, 1.5022224883749358, -0.0015021469224962049, 0.0, 7.005, 1.0832655003262301, 0.8559707800908641, 0.8954871313377324, 0.10486530505459735, 0.0057142857142857125
0.0031959, 0.9374770008213646, 38.20724006137608, 33.3905975216914, 33.90732884691592, 33.79454318668684, 67.70187203360275, 0.5167313252245221, 33.3905975216914, 0.0, 0.003280700287290358, 0.0048023047612930836, 1.5022376334210068, -0.0015216044740027257, 0.0, 7.005, 1.0987006305122144, 0.93242273667718, 0.8969463511944843, 0.10527528342300396, 0.0057142857142857125
0.0032408, 0.9419926950295259, 39.86684570877318, 35.070859689364966, 35.08585533856952, 35.13355946524588, 70.2194148038154, 0.014995649204547608, 35.070859689364966, 0.0, 0.003698994433051913, 0.0052328167007625204, 1.5022557746593952, -0.0015338222677106074, 0.0, 7.005, 1.1141357606981988, 1.011303107458748, 0.9040408404855733, 0.10535016205017841, 0.0057142857142857125
0.0032857, 0.9458636192089726, 41.59772474009944, 39.47457512320057, 36.32579792455312, 36.47000987505617, 72.79580779960929, -3.1487771986474513, 39.47457512320057, 0.0, 0.00413533368925261, 0.0056991155523431975, 1.5022923284572183, -0.0015637818630905873, 0.0, 7.005, 1.129570890884183, 1.0925076274060417, 0.8972341456422334, 0.10623512404353302, 0.0057142857142857125
0.0033306, 0.94926858017863, 43.73776294198768, 37.99329354867736, 37.964164537302224, 37.75604468929592, 75.72020922659814, -0.029129011375097564, 37.99329354867736, 0.0, 0.004590733028781777, 0.006234793147408576, 1.5023239299059574, -0.0016440601186267995, 0.0, 7.005, 1.1450060210701674, 1.1759351659019228, 0.8535278748644243, 0.10941501664382235, 0.0057142857142857125
0.0033755, 0.9527297821518572, 45.58076769590895, 36.4398062189078, 39.28556591690298, 39.10544532188318, 78.39101123878616, 2.845759697995188, 36.4398062189078, 0.0, 0.005072948704255004, 0.0066816801619409205, 1.5023226017175892, -0.001608731457685916, 0.0, 7.005, 1.1604411512561517, 1.261487786420735, 0.8954274638914311, 0.10730229979541556, 0.0057142857142857125
0.0034204, 0.9554650668907553, 46.80760424389454, 43.17888537537814, 39.98894888884355, 40.40318655604679, 80.39213544489034, -3.189936486534588, 43.17888537537814, 0.0, 0.005567856898690385, 0.007193707665962863, 1.5023462902970366, -0.0016258507672724778, 0.0, 7.005, 1.175876281442136, 1.3490707721152977, 0.8985161617885151, 0.10759054941912517, 0.0057142857142857125
0.0034653, 0.958017032155094, 48.93845831566829, 42.57983858072408, 41.59346518892739, 41.639019001573125, 83.23248419050051, -0.9863733917967336, 42.57983858072408, 0.0, 0.006076372510213627, 0.0077961706959482945, 1.5023931303708833, -0.0017197981857346675, 0.0, 7.005, 1.1913114116281203, 1.4385926241401645, 0.8469207385694066, 0.1113021564235524, 0.0057142857142857125
0.0035102, 0.9602222088590975, 50.949636627684, 43.712058584485895, 43.05349794108303, 42.97028416611184, 86.02378210719488, -0.658560643402851, 43.712058584485895, 0.0, 0.006616960241920359, 0.008308520942202137, 1.5024074646702885, -0.0016915607002817791, 0.0, 7.005, 1.2067465418141046, 1.5299650382806693, 0.8819129940823359, 0.10954074206992481, 0.0057142857142857125
0.0035551, 0.962004939665174, 52.73095708563093, 49.37447395711932, 44.28458375565224, 44.18697775787696, 88.4715615135292, -5.089890201467061, 49.37447395711932, 0.0, 0.007168589877946734, 0.008945778240576591, 1.502447122712233, -0.001777188362629857, 0.0, 7.005, 1.2221816720000889, 1.6231028644396015, 0.8382189087018004, 0.11283653048739105, 0.0057142857142857125
